Date,Time,Open,High,Low,Close,Volume,OpenInt
2014-02-10,16:00:00,14.061,14.061,14.012,14.012,1068,0
2014-02-10,17:00:00,14.012,14.022,14.012,14.022,8763,0
2014-02-10,18:00:00,14.012,14.022,14.012,14.022,1223,0
2014-02-10,19:00:00,14.022,14.022,14.012,14.022,1529,0
2014-02-10,20:00:00,14.022,14.051,14.022,14.042,3483,0
2014-02-10,21:00:00,14.051,14.051,14.022,14.022,1734,0
2014-02-10,22:00:00,14.022,14.051,14.022,14.032,2132,0
2014-02-11,16:00:00,14.032,14.032,14.032,14.032,453,0
2014-02-11,17:00:00,14.042,14.042,14.032,14.032,4690,0
2014-02-11,18:00:00,14.032,14.051,14.032,14.032,4378,0
2014-02-11,19:00:00,14.032,14.032,14.032,14.032,714,0
2014-02-11,20:00:00,14.032,14.051,14.032,14.051,879,0
2014-02-11,21:00:00,14.032,14.032,14.032,14.032,855,0
2014-02-11,22:00:00,14.032,14.042,14.032,14.042,1020,0
2014-02-12,16:00:00,14.101,14.111,14.101,14.111,1314,0
2014-02-12,17:00:00,14.071,14.071,14.061,14.061,5714,0
2014-02-12,18:00:00,14.061,14.061,14.052,14.061,4150,0
2014-02-12,19:00:00,14.061,14.061,14.052,14.052,4037,0
2014-02-12,20:00:00,14.042,14.042,14.042,14.042,2791,0
2014-02-12,21:00:00,14.042,14.052,14.042,14.052,910,0
2014-02-12,22:00:00,14.042,14.042,14.012,14.012,4411,0
2014-02-13,16:00:00,14.012,14.012,14.012,14.012,490,0
2014-02-13,18:00:00,14.032,14.032,14.012,14.012,910,0
2014-02-13,19:00:00,14.022,14.022,14.012,14.022,1079,0
2014-02-13,20:00:00,14.022,14.052,14.022,14.032,1416,0
2014-02-13,21:00:00,14.022,14.022,14.022,14.022,708,0
2014-02-13,22:00:00,14.022,14.042,14.022,14.042,8596,0
2014-02-14,16:00:00,14.012,14.012,14.002,14.002,506,0
2014-02-14,17:00:00,14.002,14.022,13.992,14.022,1517,0
2014-02-14,18:00:00,14.012,14.012,14.002,14.012,606,0
2014-02-14,19:00:00,14.012,14.022,14.012,14.022,304,0
2014-02-14,20:00:00,14.042,14.042,14.012,14.012,506,0
2014-02-14,21:00:00,14.012,14.012,14.012,14.012,506,0
2014-02-14,22:00:00,14.002,14.052,14.002,14.022,6625,0
2014-02-18,16:00:00,14.002,14.002,13.992,14.002,3499,0
2014-02-18,17:00:00,14.002,14.002,13.992,13.992,708,0
2014-02-18,18:00:00,13.972,14.002,13.972,14.002,809,0
2014-02-18,19:00:00,14.002,14.052,14.002,14.052,2932,0
2014-02-18,20:00:00,14.052,14.052,14.002,14.002,1012,0
2014-02-18,21:00:00,14.002,14.002,14.002,14.002,506,0
2014-02-18,22:00:00,14.002,14.032,14.002,14.002,2972,0
2014-02-19,16:00:00,13.992,13.992,13.992,13.992,202,0
2014-02-19,17:00:00,14.002,14.052,13.992,14.052,1208,0
2014-02-19,18:00:00,14.061,14.061,14.061,14.061,2832,0
2014-02-19,22:00:00,14.061,14.071,14.022,14.061,12188,0
2014-02-20,16:00:00,14.022,14.042,14.022,14.042,606,0
2014-02-20,17:00:00,14.042,14.091,14.032,14.032,1314,0
2014-02-20,18:00:00,14.081,14.091,14.081,14.081,2326,0
2014-02-20,20:00:00,14.081,14.091,14.071,14.091,4632,0
2014-02-20,21:00:00,14.091,14.091,14.091,14.091,1562,0
2014-02-20,22:00:00,14.101,14.121,14.091,14.091,1625,0
2014-02-21,16:00:00,14.15,14.15,14.15,14.15,1636,0
2014-02-21,17:00:00,14.15,14.15,14.121,14.141,1565,0
2014-02-21,18:00:00,14.15,14.18,14.141,14.17,8660,0
2014-02-21,19:00:00,14.15,14.15,14.15,14.15,3650,0
2014-02-21,20:00:00,14.15,14.16,14.15,14.16,10872,0
2014-02-21,21:00:00,14.16,14.16,14.16,14.16,3034,0
2014-02-21,22:00:00,14.16,14.16,14.16,14.16,193,0
2014-02-24,16:00:00,14.15,14.15,14.141,14.141,202,0
2014-02-24,17:00:00,14.141,14.17,14.141,14.15,1378,0
2014-02-24,18:00:00,14.15,14.15,14.141,14.15,1720,0
2014-02-24,19:00:00,14.16,14.18,14.16,14.18,1416,0
2014-02-24,20:00:00,14.23,14.259,14.23,14.259,1712,0
2014-02-24,22:00:00,14.239,14.249,14.239,14.249,1214,0
2014-02-25,17:00:00,14.16,14.17,14.16,14.17,1214,0
2014-02-25,18:00:00,14.17,14.2,14.17,14.17,3330,0
2014-02-25,19:00:00,14.19,14.21,14.17,14.17,2130,0
2014-02-25,20:00:00,14.19,14.239,14.19,14.239,1852,0
2014-02-25,21:00:00,14.239,14.259,14.239,14.239,2427,0
2014-02-25,22:00:00,14.239,14.259,14.239,14.239,3610,0
2014-02-26,16:00:00,14.19,14.22,14.18,14.18,3640,0
2014-02-26,17:00:00,14.19,14.21,14.16,14.18,4248,0
2014-02-26,18:00:00,14.17,14.2,14.17,14.18,3084,0
2014-02-26,19:00:00,14.19,14.19,14.18,14.18,404,0
2014-02-26,20:00:00,14.18,14.18,14.17,14.17,606,0
2014-02-26,21:00:00,14.18,14.18,14.18,14.18,1163,0
2014-02-26,22:00:00,14.19,14.249,14.18,14.249,5096,0
2014-02-27,16:00:00,14.18,14.19,14.18,14.18,2166,0
2014-02-27,17:00:00,14.18,14.21,14.18,14.19,4450,0
2014-02-27,18:00:00,14.19,14.19,14.18,14.18,1117,0
2014-02-27,19:00:00,14.18,14.2,14.18,14.2,708,0
2014-02-27,20:00:00,14.19,14.19,14.19,14.19,304,0
2014-02-27,21:00:00,14.19,14.279,14.19,14.249,3192,0
2014-02-27,22:00:00,14.269,14.299,14.249,14.289,9744,0
2014-02-28,16:00:00,14.239,14.239,14.23,14.23,404,0
2014-02-28,17:00:00,14.23,14.23,14.23,14.23,6472,0
2014-02-28,18:00:00,14.23,14.23,14.121,14.121,40701,0
2014-02-28,19:00:00,14.2,14.2,14.15,14.15,202,0
2014-02-28,20:00:00,14.15,14.15,14.121,14.121,10183,0
2014-02-28,21:00:00,14.121,14.15,14.121,14.131,910,0
2014-02-28,22:00:00,14.131,14.18,14.131,14.16,2630,0
2014-03-03,16:00:00,14.19,14.2,14.16,14.16,3540,0
2014-03-03,17:00:00,14.18,14.19,14.15,14.17,6697,0
2014-03-03,18:00:00,14.18,14.18,14.17,14.17,1112,0
2014-03-03,19:00:00,14.18,14.239,14.18,14.23,7159,0
2014-03-03,20:00:00,14.19,14.23,14.19,14.23,1283,0
2014-03-03,21:00:00,14.22,14.22,14.19,14.21,612,0
2014-03-03,22:00:00,14.19,14.22,14.19,14.19,5966,0
2014-03-04,16:00:00,14.269,14.269,14.21,14.21,910,0
2014-03-04,17:00:00,14.259,14.269,14.21,14.21,2018,0
2014-03-04,18:00:00,14.21,14.22,14.19,14.22,4446,0
2014-03-04,19:00:00,14.21,14.279,14.21,14.21,7311,0
2014-03-04,20:00:00,14.21,14.249,14.21,14.21,1112,0
2014-03-04,21:00:00,14.21,14.269,14.2,14.2,7483,0
2014-03-04,22:00:00,14.21,14.22,14.21,14.21,2427,0
2014-03-05,16:00:00,14.21,14.249,14.21,14.249,2174,0
2014-03-05,17:00:00,14.239,14.249,14.22,14.22,1922,0
2014-03-05,18:00:00,14.22,14.23,14.2,14.21,6776,0
2014-03-05,19:00:00,14.21,14.21,14.21,14.21,708,0
2014-03-05,20:00:00,14.22,14.22,14.21,14.22,1264,0
2014-03-05,21:00:00,14.22,14.259,14.22,14.259,2224,0
2014-03-05,22:00:00,14.23,14.239,14.22,14.22,1920,0
2014-03-06,16:00:00,14.19,14.19,14.19,14.19,404,0
2014-03-06,17:00:00,14.17,14.17,14.17,14.17,404,0
2014-03-06,18:00:00,14.17,14.18,14.17,14.18,219,0
2014-03-06,19:00:00,14.17,14.18,14.141,14.16,3742,0
2014-03-06,20:00:00,14.141,14.17,14.141,14.17,1898,0
2014-03-06,21:00:00,14.16,14.2,14.141,14.141,4057,0
2014-03-06,22:00:00,14.141,14.141,14.061,14.061,2035,0
2014-03-07,16:00:00,14.042,14.042,14.022,14.022,1869,0
2014-03-07,17:00:00,13.982,13.992,13.953,13.953,3222,0
2014-03-07,18:00:00,13.953,13.972,13.953,13.972,1820,0
2014-03-07,19:00:00,14.022,14.022,13.953,13.963,2528,0
2014-03-07,20:00:00,13.982,14.002,13.953,13.992,1804,0
2014-03-07,21:00:00,13.953,13.972,13.893,13.923,9196,0
2014-03-07,22:00:00,13.913,13.923,13.883,13.893,21161,0
2014-03-10,15:00:00,13.893,13.923,13.893,13.923,506,0
2014-03-10,16:00:00,13.943,13.943,13.943,13.943,506,0
2014-03-10,17:00:00,14.002,14.032,14.002,14.032,3843,0
2014-03-10,18:00:00,14.032,14.032,13.972,14.032,5135,0
2014-03-10,19:00:00,14.032,14.052,14.032,14.032,4652,0
2014-03-10,20:00:00,14.032,14.032,13.972,14.032,7382,0
2014-03-10,21:00:00,14.002,14.002,13.972,13.972,2781,0
2014-03-11,15:00:00,13.953,13.953,13.953,13.953,285,0
2014-03-11,16:00:00,14.012,14.012,13.963,13.972,4625,0
2014-03-11,17:00:00,14.012,14.012,14.012,14.012,203,0
2014-03-11,18:00:00,14.012,14.012,13.953,13.953,4222,0
2014-03-11,19:00:00,14.002,14.002,14.002,14.002,102,0
2014-03-11,20:00:00,14.012,14.012,14.012,14.012,203,0
2014-03-12,15:00:00,14.002,14.121,14.002,14.121,4927,0
2014-03-12,16:00:00,14.121,14.121,14.121,14.121,1271,0
2014-03-12,17:00:00,14.121,14.121,14.121,14.121,402,0
2014-03-12,18:00:00,14.121,14.161,14.121,14.151,1307,0
2014-03-12,19:00:00,14.111,14.161,14.111,14.161,1106,0
2014-03-12,20:00:00,14.171,14.171,14.171,14.171,2295,0
2014-03-12,21:00:00,14.161,14.161,14.161,14.161,3871,0
2014-03-13,15:00:00,14.111,14.121,14.092,14.111,2055,0
2014-03-13,16:00:00,14.151,14.181,14.131,14.181,1911,0
2014-03-13,17:00:00,14.181,14.201,14.181,14.201,402,0
2014-03-13,18:00:00,14.201,14.231,14.191,14.231,3763,0
2014-03-13,19:00:00,14.211,14.221,14.211,14.221,697,0
2014-03-13,20:00:00,14.231,14.231,14.111,14.141,4844,0
2014-03-13,21:00:00,14.201,14.241,14.191,14.211,999,0
2014-03-14,15:00:00,14.241,14.241,14.161,14.171,2691,0
2014-03-14,16:00:00,14.201,14.201,14.171,14.171,864,0
2014-03-14,17:00:00,14.171,14.181,14.161,14.171,3913,0
2014-03-14,18:00:00,14.171,14.211,14.171,14.181,905,0
2014-03-14,19:00:00,14.171,14.171,14.161,14.161,654,0
2014-03-14,20:00:00,14.161,14.171,14.161,14.161,1810,0
2014-03-14,21:00:00,14.161,14.161,14.141,14.161,1594,0
2014-03-17,15:00:00,14.151,14.161,14.111,14.151,2589,0
2014-03-17,16:00:00,14.141,14.211,14.141,14.211,10827,0
2014-03-17,17:00:00,14.221,14.261,14.171,14.171,28153,0
2014-03-17,18:00:00,14.231,14.261,14.221,14.261,3548,0
2014-03-17,20:00:00,14.241,14.241,14.191,14.231,12621,0
2014-03-17,21:00:00,14.181,14.181,14.171,14.171,1709,0
2014-03-18,15:00:00,14.171,14.171,14.171,14.171,3721,0
2014-03-18,16:00:00,14.171,14.171,14.161,14.161,905,0
2014-03-18,17:00:00,14.161,14.191,14.141,14.171,19900,0
2014-03-18,18:00:00,14.151,14.201,14.141,14.141,17579,0
2014-03-18,20:00:00,14.181,14.181,14.181,14.181,1408,0
2014-03-18,21:00:00,14.171,14.171,14.171,14.171,704,0
2014-03-19,15:00:00,14.101,14.101,14.101,14.101,603,0
2014-03-19,16:00:00,14.101,14.111,14.101,14.111,603,0
2014-03-19,17:00:00,14.151,14.171,14.121,14.171,6938,0
2014-03-19,18:00:00,14.201,14.201,14.141,14.141,10092,0
2014-03-19,19:00:00,14.151,14.151,14.151,14.151,161,0
2014-03-19,20:00:00,14.171,14.191,14.131,14.161,10280,0
2014-03-19,21:00:00,14.161,14.161,14.002,14.062,6556,0
2014-03-20,15:00:00,13.962,14.012,13.893,14.012,3451,0
2014-03-20,16:00:00,14.012,14.012,13.922,13.932,1207,0
2014-03-20,17:00:00,13.932,13.932,13.932,13.932,302,0
2014-03-20,18:00:00,13.942,13.942,13.942,13.942,302,0
2014-03-20,19:00:00,13.962,14.062,13.952,13.972,40935,0
2014-03-20,20:00:00,13.952,13.962,13.932,13.932,1408,0
2014-03-20,21:00:00,13.932,13.932,13.922,13.922,905,0
2014-03-21,15:00:00,13.982,13.982,13.932,13.962,804,0
2014-03-21,16:00:00,13.962,13.962,13.952,13.952,1368,0
2014-03-21,17:00:00,13.972,13.992,13.972,13.992,2894,0
2014-03-21,18:00:00,13.992,14.002,13.972,13.992,11712,0
2014-03-21,19:00:00,13.982,13.992,13.982,13.982,1061,0
2014-03-21,20:00:00,13.982,13.992,13.982,13.992,1658,0
2014-03-21,21:00:00,13.992,14.002,13.992,13.992,3823,0
2014-03-24,15:00:00,13.903,13.962,13.903,13.962,503,0
2014-03-24,16:00:00,13.962,14.032,13.962,14.032,1006,0
2014-03-24,17:00:00,14.022,14.022,13.972,13.982,804,0
2014-03-24,18:00:00,14.012,14.012,14.012,14.012,101,0
2014-03-24,19:00:00,14.042,14.042,14.042,14.042,503,0
2014-03-24,20:00:00,14.052,14.052,14.052,14.052,503,0
2014-03-24,21:00:00,14.062,14.101,14.062,14.101,4525,0
2014-03-25,15:00:00,14.062,14.101,14.022,14.052,1915,0
2014-03-25,16:00:00,14.082,14.082,14.022,14.052,2203,0
2014-03-25,17:00:00,14.062,14.111,14.052,14.092,20107,0
2014-03-25,18:00:00,14.042,14.052,14.042,14.052,3594,0
2014-03-25,19:00:00,14.092,14.131,14.072,14.072,9834,0
2014-03-25,20:00:00,14.092,14.111,14.092,14.111,1414,0
2014-03-25,21:00:00,14.111,14.111,14.082,14.082,5685,0
2014-03-26,15:00:00,14.032,14.141,14.032,14.052,1010,0
2014-03-26,16:00:00,14.042,14.092,14.042,14.092,404,0
2014-03-26,17:00:00,14.082,14.131,14.082,14.131,1834,0
2014-03-26,19:00:00,14.101,14.131,14.101,14.121,1511,0
2014-03-26,20:00:00,14.131,14.131,14.131,14.131,101,0
2014-03-26,21:00:00,14.141,14.141,14.131,14.131,202,0
2014-03-27,16:00:00,14.131,14.131,14.131,14.131,303,0
2014-03-27,17:00:00,14.141,14.191,14.141,14.191,1696,0
2014-03-27,18:00:00,14.191,14.191,14.141,14.141,3707,0
2014-03-27,20:00:00,14.161,14.181,14.161,14.181,752,0
2014-03-27,21:00:00,14.161,14.161,14.151,14.151,1010,0
2014-03-28,16:00:00,14.151,14.151,14.141,14.141,906,0
2014-03-28,17:00:00,14.141,14.151,14.141,14.141,1614,0
2014-03-28,18:00:00,14.141,14.161,14.141,14.141,1512,0
2014-03-28,19:00:00,14.141,14.141,14.131,14.131,1111,0
2014-03-28,20:00:00,14.131,14.131,14.082,14.092,2020,0
2014-03-28,21:00:00,14.092,14.131,14.082,14.131,2727,0
2014-03-31,16:00:00,14.082,14.101,14.082,14.101,404,0
2014-03-31,17:00:00,14.082,14.141,14.062,14.121,11915,0
2014-03-31,18:00:00,14.101,14.101,14.101,14.101,1692,0
2014-03-31,19:00:00,14.101,14.121,14.101,14.101,3480,0
2014-03-31,20:00:00,14.101,14.111,14.101,14.111,1180,0
2014-03-31,21:00:00,14.101,14.161,14.101,14.121,3335,0
2014-03-31,22:00:00,14.121,14.161,14.121,14.161,1817,0
2014-04-01,16:00:00,14.181,14.181,14.181,14.181,4444,0
2014-04-01,17:00:00,14.191,14.191,14.161,14.161,3501,0
2014-04-01,18:00:00,14.101,14.151,14.062,14.111,34627,0
2014-04-01,19:00:00,14.082,14.082,14.062,14.062,1911,0
2014-04-01,20:00:00,14.062,14.111,14.052,14.052,2978,0
2014-04-01,21:00:00,14.101,14.101,14.072,14.072,1713,0
2014-04-01,22:00:00,14.072,14.092,14.072,14.072,3447,0
2014-04-02,16:00:00,14.092,14.092,14.042,14.042,1045,0
2014-04-02,17:00:00,14.092,14.092,14.032,14.042,5118,0
2014-04-02,18:00:00,14.042,14.042,13.992,14.002,5674,0
2014-04-02,19:00:00,14.002,14.022,14.002,14.012,1316,0
2014-04-02,20:00:00,14.012,14.022,14.012,14.012,4832,0
2014-04-02,21:00:00,14.022,14.101,14.022,14.042,17398,0
2014-04-02,22:00:00,14.022,14.042,13.982,14.012,6686,0
2014-04-03,16:00:00,14.052,14.052,14.052,14.052,404,0
2014-04-03,17:00:00,14.062,14.111,14.012,14.022,20286,0
2014-04-03,18:00:00,14.012,14.111,14.012,14.111,2821,0
2014-04-03,19:00:00,14.032,14.032,14.012,14.012,202,0
2014-04-03,20:00:00,14.022,14.072,14.002,14.032,18403,0
2014-04-03,21:00:00,14.032,14.032,14.002,14.002,3527,0
2014-04-03,22:00:00,14.002,14.052,13.992,14.022,6350,0
2014-04-04,17:00:00,14.082,14.082,14.062,14.082,1728,0
2014-04-04,18:00:00,14.121,14.151,14.072,14.101,7423,0
2014-04-04,19:00:00,14.101,14.151,14.101,14.151,2617,0
2014-04-04,20:00:00,14.101,14.111,14.101,14.101,505,0
2014-04-04,21:00:00,14.101,14.111,14.082,14.111,1612,0
2014-04-04,22:00:00,14.111,14.211,14.101,14.101,38282,0
2014-04-07,16:00:00,14.181,14.181,14.111,14.111,974,0
2014-04-07,17:00:00,14.111,14.121,14.082,14.092,5071,0
2014-04-07,18:00:00,14.092,14.251,14.092,14.121,38423,0
2014-04-07,19:00:00,14.121,14.121,14.092,14.101,1010,0
2014-04-07,20:00:00,14.101,14.101,14.101,14.101,1839,0
2014-04-07,21:00:00,14.101,14.181,14.101,14.181,2417,0
2014-04-07,22:00:00,14.101,14.131,14.101,14.101,2711,0
2014-04-08,16:00:00,14.121,14.221,14.121,14.181,16239,0
2014-04-08,17:00:00,14.181,14.181,14.092,14.141,31751,0
2014-04-08,18:00:00,14.111,14.111,14.092,14.092,808,0
2014-04-08,19:00:00,14.111,14.131,14.111,14.131,808,0
2014-04-08,20:00:00,14.111,14.111,14.111,14.111,3808,0
2014-04-08,21:00:00,14.101,14.121,14.101,14.121,1006,0
2014-04-08,22:00:00,14.101,14.101,14.101,14.101,3218,0
2014-04-09,16:00:00,14.111,14.111,14.111,14.111,793,0
2014-04-09,17:00:00,14.151,14.161,14.131,14.161,4229,0
2014-04-09,18:00:00,14.151,14.201,14.151,14.191,2877,0
2014-04-09,19:00:00,14.141,14.151,14.101,14.101,2306,0
2014-04-09,20:00:00,14.131,14.131,14.131,14.131,101,0
2014-04-09,21:00:00,14.131,14.201,14.121,14.201,1613,0
2014-04-09,22:00:00,14.181,14.201,14.181,14.191,4675,0
2014-04-10,16:00:00,14.161,14.241,14.161,14.241,2718,0
2014-04-10,17:00:00,14.241,14.271,14.221,14.271,6672,0
2014-04-10,18:00:00,14.261,14.271,14.221,14.271,7614,0
2014-04-10,19:00:00,14.271,14.31,14.261,14.3,2076,0
2014-04-10,20:00:00,14.3,14.33,14.28,14.31,3839,0
2014-04-10,21:00:00,14.31,14.33,14.251,14.33,3264,0
2014-04-10,22:00:00,14.33,14.37,14.33,14.37,9590,0
2014-04-11,16:00:00,14.27,14.4,14.27,14.4,1605,0
2014-04-11,17:00:00,14.38,14.38,14.3,14.35,600,0
2014-04-11,18:00:00,14.34,14.41,14.34,14.41,3367,0
2014-04-11,20:00:00,14.34,14.41,14.33,14.41,2500,0
2014-04-11,21:00:00,14.39,14.4,14.34,14.39,2055,0
2014-04-11,22:00:00,14.37,14.4,14.37,14.4,9787,0
2014-04-14,16:00:00,14.35,14.35,14.35,14.35,500,0
2014-04-14,17:00:00,14.42,14.42,14.38,14.38,3146,0
2014-04-14,18:00:00,14.37,14.42,14.34,14.42,2000,0
2014-04-14,19:00:00,14.4,14.42,14.39,14.41,700,0
2014-04-14,20:00:00,14.39,14.41,14.29,14.41,1800,0
2014-04-14,21:00:00,14.35,14.4,14.35,14.35,800,0
2014-04-14,22:00:00,14.34,14.35,14.34,14.35,3500,0
2014-04-15,16:00:00,14.4,14.44,14.4,14.41,2100,0
2014-04-15,17:00:00,14.4,14.43,14.35,14.42,4645,0
2014-04-15,18:00:00,14.42,14.43,14.35,14.39,31662,0
2014-04-15,19:00:00,14.39,14.42,14.33,14.34,11687,0
2014-04-15,20:00:00,14.36,14.38,14.35,14.36,1300,0
2014-04-15,21:00:00,14.35,14.42,14.31,14.35,3633,0
2014-04-15,22:00:00,14.36,14.47,14.35,14.45,3300,0
2014-04-16,16:00:00,14.47,14.47,14.43,14.43,1000,0
2014-04-16,17:00:00,14.43,14.45,14.43,14.44,2000,0
2014-04-16,18:00:00,14.44,14.45,14.43,14.44,2200,0
2014-04-16,19:00:00,14.43,14.48,14.43,14.46,2548,0
2014-04-16,20:00:00,14.47,14.49,14.45,14.49,2200,0
2014-04-16,21:00:00,14.49,14.49,14.46,14.49,1900,0
2014-04-16,22:00:00,14.49,14.5,14.46,14.49,4400,0
2014-04-17,16:00:00,14.54,14.55,14.49,14.53,7450,0
2014-04-17,17:00:00,14.54,14.54,14.42,14.48,1300,0
2014-04-17,18:00:00,14.45,14.48,14.44,14.45,2600,0
2014-04-17,19:00:00,14.45,14.6,14.45,14.53,21587,0
2014-04-17,20:00:00,14.53,14.58,14.52,14.52,2708,0
2014-04-17,21:00:00,14.53,14.55,14.51,14.53,2320,0
2014-04-17,22:00:00,14.54,14.58,14.54,14.56,2500,0
2014-04-21,16:00:00,14.59,14.61,14.58,14.59,2060,0
2014-04-21,17:00:00,14.59,14.59,14.59,14.59,1400,0
2014-04-21,20:00:00,14.57,14.57,14.56,14.56,1595,0
2014-04-21,21:00:00,14.55,14.55,14.55,14.55,100,0
2014-04-21,22:00:00,14.56,14.56,14.55,14.55,1201,0
2014-04-22,16:00:00,14.53,14.55,14.52,14.55,3400,0
2014-04-22,17:00:00,14.54,14.6,14.54,14.6,1000,0
2014-04-22,18:00:00,14.6,14.64,14.6,14.64,1000,0
2014-04-22,20:00:00,14.58,14.63,14.58,14.58,4400,0
2014-04-22,21:00:00,14.63,14.63,14.61,14.63,4288,0
2014-04-22,22:00:00,14.58,14.6,14.5,14.5,4436,0
2014-04-23,16:00:00,14.53,14.56,14.53,14.56,2856,0
2014-04-23,17:00:00,14.62,14.66,14.58,14.66,3096,0
2014-04-23,18:00:00,14.66,14.7,14.62,14.62,2446,0
2014-04-23,19:00:00,14.68,14.68,14.64,14.67,2240,0
2014-04-23,22:00:00,14.64,14.7,14.64,14.69,2100,0
2014-04-24,16:00:00,14.66,14.66,14.66,14.66,807,0
2014-04-24,17:00:00,14.66,14.66,14.66,14.66,177,0
2014-04-24,18:00:00,14.67,14.67,14.67,14.67,200,0
2014-04-24,19:00:00,14.68,14.75,14.68,14.75,5920,0
2014-04-24,20:00:00,14.69,14.69,14.69,14.69,1991,0
2014-04-24,22:00:00,14.67,14.67,14.67,14.67,1020,0
2014-04-25,17:00:00,14.76,14.76,14.7,14.7,2900,0
2014-04-25,18:00:00,14.77,14.77,14.77,14.77,2000,0
2014-04-25,19:00:00,14.75,14.86,14.72,14.75,28806,0
2014-04-25,20:00:00,14.75,14.75,14.75,14.75,500,0
2014-04-25,21:00:00,14.75,14.76,14.75,14.75,740,0
2014-04-25,22:00:00,14.75,14.75,14.75,14.75,400,0
2014-04-28,16:00:00,14.82,14.88,14.78,14.78,14402,0
2014-04-28,17:00:00,14.81,14.81,14.81,14.81,100,0
2014-04-28,18:00:00,14.83,14.84,14.83,14.84,300,0
2014-04-28,19:00:00,14.84,14.89,14.81,14.81,21748,0
2014-04-28,20:00:00,14.82,14.82,14.81,14.81,5600,0
2014-04-28,21:00:00,14.89,14.9,14.89,14.9,1874,0
2014-04-28,22:00:00,14.86,14.86,14.83,14.83,4753,0
2014-04-29,16:00:00,14.83,14.83,14.81,14.82,400,0
2014-04-29,17:00:00,14.8,14.81,14.8,14.8,800,0
2014-04-29,18:00:00,14.8,14.8,14.79,14.79,800,0
2014-04-29,19:00:00,14.74,14.81,14.7,14.75,17907,0
2014-04-29,20:00:00,14.75,14.75,14.75,14.75,1200,0
2014-04-29,21:00:00,14.75,14.77,14.75,14.75,1045,0
2014-04-29,22:00:00,14.7,14.7,14.69,14.7,1498,0
2014-04-30,16:00:00,14.75,14.82,14.73,14.75,25243,0
2014-04-30,17:00:00,14.78,14.78,14.75,14.76,7810,0
2014-04-30,19:00:00,14.75,14.75,14.75,14.75,300,0
2014-04-30,20:00:00,14.72,14.72,14.72,14.72,400,0
2014-04-30,21:00:00,14.73,14.73,14.73,14.73,476,0
2014-04-30,22:00:00,14.75,14.75,14.75,14.75,100,0
2014-05-01,16:00:00,14.74,14.8,14.74,14.79,1402,0
2014-05-01,17:00:00,14.77,14.83,14.77,14.83,5183,0
2014-05-01,18:00:00,14.79,14.79,14.79,14.79,157,0
2014-05-01,20:00:00,14.8,14.86,14.79,14.79,19350,0
2014-05-01,21:00:00,14.82,14.82,14.82,14.82,1778,0
2014-05-01,22:00:00,14.77,14.77,14.74,14.75,3685,0
2014-05-02,16:00:00,14.72,14.78,14.67,14.71,34279,0
2014-05-02,17:00:00,14.8,14.8,14.78,14.8,3560,0
2014-05-02,19:00:00,14.77,14.78,14.76,14.76,4330,0
2014-05-02,20:00:00,14.76,14.76,14.75,14.76,4245,0
2014-05-02,21:00:00,14.75,14.75,14.75,14.75,410,0
2014-05-05,17:00:00,14.75,14.75,14.73,14.73,900,0
2014-05-05,18:00:00,14.77,14.84,14.72,14.72,18535,0
2014-05-05,19:00:00,14.72,14.72,14.72,14.72,100,0
2014-05-05,20:00:00,14.72,14.73,14.7,14.7,6790,0
2014-05-05,22:00:00,14.7,14.73,14.7,14.73,3500,0
2014-05-06,16:00:00,14.75,14.75,14.75,14.75,694,0
2014-05-06,17:00:00,14.75,14.75,14.66,14.66,19300,0
2014-05-06,18:00:00,14.7,14.7,14.69,14.69,450,0
2014-05-06,19:00:00,14.71,14.72,14.7,14.72,1457,0
2014-05-06,20:00:00,14.72,14.72,14.72,14.72,2000,0
2014-05-06,21:00:00,14.72,14.72,14.72,14.72,4764,0
2014-05-06,22:00:00,14.72,14.72,14.72,14.72,12898,0
2014-05-07,16:00:00,14.76,14.83,14.73,14.78,36135,0
2014-05-07,17:00:00,14.8,14.8,14.77,14.78,1700,0
2014-05-07,20:00:00,14.8,14.8,14.8,14.8,1000,0
2014-05-07,21:00:00,14.8,14.8,14.8,14.8,500,0
