Date,Time,Open,High,Low,Close,Volume,OpenInt
2014-02-10,16:00:00,32,32.44,31.9,32.36,382682,0
2014-02-10,17:00:00,32.36,32.72,32.22,32.72,470885,0
2014-02-10,18:00:00,32.71,32.83,32.53,32.76,501320,0
2014-02-10,19:00:00,32.76,32.82,32.7,32.79,339983,0
2014-02-10,20:00:00,32.78,32.85,32.72,32.76,396375,0
2014-02-10,21:00:00,32.77,32.88,32.7,32.81,572641,0
2014-02-10,22:00:00,32.82,33.05,32.81,32.99,1506378,0
2014-02-11,16:00:00,32.94,32.96,32.67,32.89,218467,0
2014-02-11,17:00:00,32.9,33.07,32.75,32.76,416395,0
2014-02-11,18:00:00,32.76,32.91,32.72,32.88,304971,0
2014-02-11,19:00:00,32.89,32.91,32.58,32.74,318391,0
2014-02-11,20:00:00,32.75,32.86,32.71,32.78,326233,0
2014-02-11,21:00:00,32.79,32.83,32.63,32.65,389533,0
2014-02-11,22:00:00,32.65,32.8,32.57,32.57,1654938,0
2014-02-12,16:00:00,32.72,33.14,32.68,33.07,393969,0
2014-02-12,17:00:00,33.13,33.34,33.07,33.28,595213,0
2014-02-12,18:00:00,33.26,33.45,33.22,33.23,247415,0
2014-02-12,19:00:00,33.22,33.39,33.19,33.37,175503,0
2014-02-12,20:00:00,33.37,33.45,33.31,33.41,245274,0
2014-02-12,21:00:00,33.42,33.62,33.32,33.55,370545,0
2014-02-12,22:00:00,33.56,33.84,33.54,33.83,1231142,0
2014-02-13,16:00:00,33.38,33.61,33.35,33.6,215630,0
2014-02-13,17:00:00,33.61,34.12,33.61,34.04,304221,0
2014-02-13,18:00:00,34.04,34.16,33.83,33.91,408882,0
2014-02-13,19:00:00,33.9,33.91,33.75,33.83,219496,0
2014-02-13,20:00:00,33.82,33.98,33.8,33.9,190049,0
2014-02-13,21:00:00,33.9,34,33.66,33.78,365378,0
2014-02-13,22:00:00,33.77,33.77,33.55,33.63,770662,0
2014-02-14,16:00:00,33.71,33.81,33.62,33.81,98370,0
2014-02-14,17:00:00,33.86,34.12,33.72,34.03,277994,0
2014-02-14,18:00:00,34.03,34.04,33.9,33.9,226538,0
2014-02-14,19:00:00,33.9,34.08,33.82,34.06,272746,0
2014-02-14,20:00:00,34.07,34.07,33.95,33.98,360344,0
2014-02-14,21:00:00,33.98,34.31,33.98,34.22,241913,0
2014-02-14,22:00:00,34.22,34.25,34.09,34.18,459645,0
2014-02-18,16:00:00,34.1,34.22,33.53,33.55,272324,0
2014-02-18,17:00:00,33.53,33.72,33.28,33.67,549682,0
2014-02-18,18:00:00,33.67,33.95,33.66,33.78,276984,0
2014-02-18,19:00:00,33.77,33.89,33.42,33.49,473712,0
2014-02-18,20:00:00,33.48,33.8,33.45,33.62,224418,0
2014-02-18,21:00:00,33.62,33.66,33.42,33.64,325504,0
2014-02-18,22:00:00,33.64,33.65,33.37,33.46,1962896,0
2014-02-19,16:00:00,33.44,33.72,33.41,33.51,117863,0
2014-02-19,17:00:00,33.5,33.68,33.4,33.48,375435,0
2014-02-19,18:00:00,33.47,33.52,33.22,33.22,255560,0
2014-02-19,19:00:00,33.21,33.45,33.16,33.44,300890,0
2014-02-19,20:00:00,33.44,33.58,33.36,33.51,194985,0
2014-02-19,21:00:00,33.5,33.59,33.3,33.36,320310,0
2014-02-19,22:00:00,33.37,33.38,33.14,33.18,750549,0
2014-02-20,16:00:00,33.28,33.5,33.14,33.3,118194,0
2014-02-20,17:00:00,33.26,33.49,33.17,33.43,215993,0
2014-02-20,18:00:00,33.45,33.6,33.41,33.5,221921,0
2014-02-20,19:00:00,33.51,33.52,33.35,33.39,234242,0
2014-02-20,20:00:00,33.4,33.42,33.09,33.09,173216,0
2014-02-20,21:00:00,33.1,33.34,33.03,33.27,395822,0
2014-02-20,22:00:00,33.27,33.32,33.18,33.23,887178,0
2014-02-21,16:00:00,33.29,33.44,33.06,33.12,142427,0
2014-02-21,17:00:00,33.12,33.31,33.05,33.09,242083,0
2014-02-21,18:00:00,33.08,33.08,32.84,33.01,172632,0
2014-02-21,19:00:00,33.02,33.26,33.02,33.21,247359,0
2014-02-21,20:00:00,33.2,33.28,33.15,33.22,140301,0
2014-02-21,21:00:00,33.22,33.28,33.15,33.24,210327,0
2014-02-21,22:00:00,33.25,33.28,33.2,33.22,943889,0
2014-02-24,16:00:00,33.17,33.5,33.13,33.43,138792,0
2014-02-24,17:00:00,33.46,33.55,33.41,33.44,139597,0
2014-02-24,18:00:00,33.44,33.54,33.41,33.5,110346,0
2014-02-24,19:00:00,33.51,33.58,33.45,33.47,106973,0
2014-02-24,20:00:00,33.46,33.52,33.43,33.44,216482,0
2014-02-24,21:00:00,33.45,33.55,33.45,33.46,153994,0
2014-02-24,22:00:00,33.45,33.49,33.4,33.42,566470,0
2014-02-25,16:00:00,33.46,33.55,33.15,33.52,126943,0
2014-02-25,17:00:00,33.5,33.68,33.44,33.56,303741,0
2014-02-25,18:00:00,33.56,33.82,33.41,33.49,319883,0
2014-02-25,19:00:00,33.49,33.51,33.36,33.44,236048,0
2014-02-25,20:00:00,33.44,33.7,33.4,33.65,173837,0
2014-02-25,21:00:00,33.65,33.69,33.45,33.49,214963,0
2014-02-25,22:00:00,33.48,33.55,33.34,33.54,561549,0
2014-02-26,16:00:00,33.67,33.84,33.42,33.54,50065,0
2014-02-26,17:00:00,33.55,33.83,33.5,33.77,126793,0
2014-02-26,18:00:00,33.78,33.95,33.75,33.81,244437,0
2014-02-26,19:00:00,33.82,34.05,33.78,33.96,249975,0
2014-02-26,20:00:00,33.96,33.97,33.79,33.86,387239,0
2014-02-26,21:00:00,33.86,33.89,33.57,33.74,503866,0
2014-02-26,22:00:00,33.75,33.88,33.72,33.83,492330,0
2014-02-27,16:00:00,33.73,34.05,33.68,33.88,84980,0
2014-02-27,17:00:00,33.89,33.91,33.75,33.82,371279,0
2014-02-27,18:00:00,33.8,33.99,33.73,33.92,231874,0
2014-02-27,19:00:00,33.93,33.95,33.76,33.89,260787,0
2014-02-27,20:00:00,33.89,34,33.85,33.95,453473,0
2014-02-27,21:00:00,33.95,34.14,33.89,34.14,242864,0
2014-02-27,22:00:00,34.14,34.2,33.97,34.07,749183,0
2014-02-28,16:00:00,34.12,34.33,33.9,34.11,129956,0
2014-02-28,17:00:00,34.11,34.39,34.04,34.16,187863,0
2014-02-28,18:00:00,34.16,34.26,34.11,34.24,120672,0
2014-02-28,19:00:00,34.24,34.25,34.17,34.21,159367,0
2014-02-28,20:00:00,34.21,34.25,34.11,34.16,193309,0
2014-02-28,21:00:00,34.15,34.16,34.09,34.16,327957,0
2014-02-28,22:00:00,34.14,34.15,33.89,34.05,427766,0
2014-03-03,16:00:00,33.84,34.23,33.55,33.85,156142,0
2014-03-03,17:00:00,33.9,33.94,33.61,33.9,386666,0
2014-03-03,18:00:00,33.89,33.9,33.32,33.34,508315,0
2014-03-03,19:00:00,33.34,33.52,33.31,33.49,305016,0
2014-03-03,20:00:00,33.48,33.64,33.4,33.45,286973,0
2014-03-03,21:00:00,33.46,33.56,33.4,33.48,396082,0
2014-03-03,22:00:00,33.48,33.48,33.06,33.36,1052133,0
2014-03-04,16:00:00,33.68,33.9,33.16,33.44,371483,0
2014-03-04,17:00:00,33.44,33.55,33.35,33.37,434167,0
2014-03-04,18:00:00,33.37,33.6,33.04,33.52,1371339,0
2014-03-04,19:00:00,33.51,33.51,33.34,33.37,429647,0
2014-03-04,20:00:00,33.38,33.56,33.31,33.31,444402,0
2014-03-04,21:00:00,33.32,33.56,33.2,33.53,408212,0
2014-03-04,22:00:00,33.52,33.57,33.4,33.46,1178981,0
2014-03-05,16:00:00,33.57,34.3,33.53,34.14,237439,0
2014-03-05,17:00:00,34.13,34.6,34.05,34.36,413380,0
2014-03-05,18:00:00,34.37,34.39,34.09,34.26,263579,0
2014-03-05,19:00:00,34.25,34.39,34.18,34.24,178639,0
2014-03-05,20:00:00,34.24,34.31,34.1,34.14,149888,0
2014-03-05,21:00:00,34.14,34.35,34.14,34.35,194122,0
2014-03-05,22:00:00,34.34,34.41,34.2,34.36,627600,0
2014-03-06,16:00:00,34.42,35.22,34.42,35.12,238587,0
2014-03-06,17:00:00,35.14,35.35,35.02,35.3,561892,0
2014-03-06,18:00:00,35.31,35.66,35.3,35.55,652946,0
2014-03-06,19:00:00,35.55,35.55,35.16,35.2,319659,0
2014-03-06,20:00:00,35.2,35.41,35.1,35.1,333433,0
2014-03-06,21:00:00,35.09,35.12,34.93,35.06,393634,0
2014-03-06,22:00:00,35.07,35.15,35,35.06,663933,0
2014-03-07,16:00:00,35.21,35.22,34.55,34.57,236771,0
2014-03-07,17:00:00,34.58,34.79,34.55,34.56,346168,0
2014-03-07,18:00:00,34.56,34.56,34.34,34.53,348486,0
2014-03-07,19:00:00,34.54,34.77,34.44,34.61,254772,0
2014-03-07,20:00:00,34.61,34.61,34.45,34.54,212456,0
2014-03-07,21:00:00,34.53,34.66,34.44,34.62,301478,0
2014-03-07,22:00:00,34.62,34.67,34.56,34.66,567038,0
2014-03-10,15:00:00,34.5,34.63,34.37,34.57,164266,0
2014-03-10,16:00:00,34.58,34.58,34.14,34.15,203391,0
2014-03-10,17:00:00,34.14,34.4,34.09,34.27,137704,0
2014-03-10,18:00:00,34.27,34.37,34.22,34.36,138888,0
2014-03-10,19:00:00,34.36,34.43,34.31,34.39,125105,0
2014-03-10,20:00:00,34.38,34.4,34.28,34.34,96096,0
2014-03-10,21:00:00,34.34,34.35,34.23,34.29,441021,0
2014-03-11,15:00:00,34.29,34.39,33.94,33.97,115816,0
2014-03-11,16:00:00,33.98,34.36,33.94,34.36,115945,0
2014-03-11,17:00:00,34.36,34.36,34.08,34.12,87482,0
2014-03-11,18:00:00,34.11,34.11,33.95,34.03,118015,0
2014-03-11,19:00:00,34.02,34.08,33.92,34.03,91397,0
2014-03-11,20:00:00,34.03,34.05,33.58,33.64,483816,0
2014-03-11,21:00:00,33.64,33.67,33.41,33.64,840576,0
2014-03-12,15:00:00,33.55,33.6,33.05,33.29,176694,0
2014-03-12,16:00:00,33.29,33.63,33.24,33.52,307954,0
2014-03-12,17:00:00,33.5,33.67,33.43,33.6,149458,0
2014-03-12,18:00:00,33.59,33.8,33.54,33.8,119662,0
2014-03-12,19:00:00,33.79,33.9,33.68,33.87,106812,0
2014-03-12,20:00:00,33.87,33.88,33.72,33.75,158940,0
2014-03-12,21:00:00,33.74,33.78,33.62,33.71,3171659,0
2014-03-13,15:00:00,33.77,33.77,33.05,33.11,250378,0
2014-03-13,16:00:00,33.11,33.44,33.1,33.13,453500,0
2014-03-13,17:00:00,33.13,33.24,33.05,33.06,358243,0
2014-03-13,18:00:00,33.06,33.09,32.8,32.91,413116,0
2014-03-13,19:00:00,32.91,32.92,32.63,32.76,465914,0
2014-03-13,20:00:00,32.77,32.84,32.51,32.52,476890,0
2014-03-13,21:00:00,32.52,32.59,32.27,32.41,1371039,0
2014-03-14,15:00:00,32.32,32.67,32.02,32.02,193346,0
2014-03-14,16:00:00,32.02,32.52,31.98,32.39,690869,0
2014-03-14,17:00:00,32.41,33.06,32.26,32.97,454735,0
2014-03-14,18:00:00,32.98,32.98,32.53,32.68,123037,0
2014-03-14,19:00:00,32.69,32.84,32.61,32.69,127221,0
2014-03-14,20:00:00,32.69,32.95,32.68,32.74,208787,0
2014-03-14,21:00:00,32.74,32.87,32.69,32.72,578301,0
2014-03-17,15:00:00,32.93,33.55,32.92,33.22,236505,0
2014-03-17,16:00:00,33.21,33.38,33.12,33.21,406376,0
2014-03-17,17:00:00,33.21,33.45,33.19,33.24,418051,0
2014-03-17,18:00:00,33.23,33.35,33.19,33.21,248379,0
2014-03-17,19:00:00,33.19,33.23,33.12,33.18,265550,0
2014-03-17,20:00:00,33.2,33.4,33.18,33.31,1031360,0
2014-03-17,21:00:00,33.31,33.34,33.25,33.3,976084,0
2014-03-18,15:00:00,33.45,33.77,33.28,33.61,78093,0
2014-03-18,16:00:00,33.62,34.05,33.55,33.9,533250,0
2014-03-18,17:00:00,33.9,34.06,33.89,34.06,269763,0
2014-03-18,18:00:00,34.06,34.24,34.03,34.08,161574,0
2014-03-18,19:00:00,34.08,34.3,34.02,34.25,231039,0
2014-03-18,20:00:00,34.24,34.39,34.22,34.3,204547,0
2014-03-18,21:00:00,34.31,34.48,34.31,34.47,855281,0
2014-03-19,15:00:00,34.5,35.03,34.42,34.87,249728,0
2014-03-19,16:00:00,34.87,35.4,34.82,35.23,723584,0
2014-03-19,17:00:00,35.23,35.37,35.19,35.21,338050,0
2014-03-19,18:00:00,35.21,35.36,35.2,35.25,428703,0
2014-03-19,19:00:00,35.25,35.26,35.19,35.24,213533,0
2014-03-19,20:00:00,35.24,35.39,35.11,35.27,340779,0
2014-03-19,21:00:00,35.26,35.56,34.93,35.55,1392910,0
2014-03-20,15:00:00,35.56,36,35.06,35.39,182859,0
2014-03-20,16:00:00,35.44,35.88,35.41,35.69,350221,0
2014-03-20,17:00:00,35.69,35.7,35.26,35.26,267281,0
2014-03-20,18:00:00,35.26,35.52,35.14,35.51,266437,0
2014-03-20,19:00:00,35.5,35.64,35.24,35.34,246157,0
2014-03-20,20:00:00,35.35,35.37,35.13,35.22,221262,0
2014-03-20,21:00:00,35.22,35.29,35,35.1,556911,0
2014-03-21,15:00:00,35.12,35.16,34.67,34.74,116781,0
2014-03-21,16:00:00,34.73,35.17,34.72,35.05,318991,0
2014-03-21,17:00:00,35.05,35.19,34.97,34.98,227433,0
2014-03-21,18:00:00,34.97,35.04,34.81,34.83,245980,0
2014-03-21,19:00:00,34.82,34.88,34.58,34.59,264405,0
2014-03-21,20:00:00,34.61,34.99,34.6,34.97,437138,0
2014-03-21,21:00:00,34.96,35.06,34.72,34.98,2314472,0
2014-03-24,15:00:00,35.02,35.47,34.89,35,210328,0
2014-03-24,16:00:00,35,35.04,34.68,34.8,352586,0
2014-03-24,17:00:00,34.79,34.9,34.56,34.73,273317,0
2014-03-24,18:00:00,34.73,34.89,34.62,34.67,147563,0
2014-03-24,19:00:00,34.65,35.11,34.65,35.05,330191,0
2014-03-24,20:00:00,35.07,35.19,34.97,35.09,149131,0
2014-03-24,21:00:00,35.1,35.22,35.05,35.13,543955,0
2014-03-25,15:00:00,35.31,35.49,35.11,35.24,56498,0
2014-03-25,16:00:00,35.24,35.78,35.2,35.65,640101,0
2014-03-25,17:00:00,35.65,35.95,35.61,35.85,319285,0
2014-03-25,18:00:00,35.83,35.98,35.77,35.94,287523,0
2014-03-25,19:00:00,35.95,35.98,35.81,35.97,177030,0
2014-03-25,20:00:00,35.96,36.05,35.75,35.89,460636,0
2014-03-25,21:00:00,35.88,36.18,35.85,36.12,870876,0
2014-03-26,15:00:00,36.41,36.68,36.31,36.54,388889,0
2014-03-26,16:00:00,36.54,37.34,36.5,37.03,924359,0
2014-03-26,17:00:00,37.03,37.09,36.78,36.81,720753,0
2014-03-26,18:00:00,36.8,36.95,36.46,36.95,313755,0
2014-03-26,19:00:00,36.95,37,36.38,36.72,361511,0
2014-03-26,20:00:00,36.71,36.87,36.45,36.63,503817,0
2014-03-26,21:00:00,36.64,36.67,36.26,36.26,872469,0
2014-03-27,15:00:00,36.27,36.62,36.19,36.5,233864,0
2014-03-27,16:00:00,36.5,36.92,36.49,36.5,536970,0
2014-03-27,17:00:00,36.53,36.62,36.11,36.24,261207,0
2014-03-27,18:00:00,36.23,36.23,35.94,35.94,233801,0
2014-03-27,19:00:00,35.93,36.18,35.93,36.06,202473,0
2014-03-27,20:00:00,36.07,36.26,35.84,35.89,332187,0
2014-03-27,21:00:00,35.9,35.92,35.74,35.88,612262,0
2014-03-28,15:00:00,35.94,36.19,35.88,36.13,200756,0
2014-03-28,16:00:00,36.13,36.47,36.13,36.33,201870,0
2014-03-28,17:00:00,36.33,36.36,36.05,36.06,174617,0
2014-03-28,18:00:00,36.06,36.07,35.78,35.89,151488,0
2014-03-28,19:00:00,35.91,35.93,35.74,35.8,177937,0
2014-03-28,20:00:00,35.8,35.82,35.59,35.71,243273,0
2014-03-28,21:00:00,35.71,35.81,35.6,35.7,520389,0
2014-03-31,16:00:00,35.87,36.18,35.87,36.12,232253,0
2014-03-31,17:00:00,36.15,36.56,36.07,36.54,462779,0
2014-03-31,18:00:00,36.5,36.57,36.24,36.36,238977,0
2014-03-31,19:00:00,36.38,36.58,36.38,36.55,391877,0
2014-03-31,20:00:00,36.54,36.54,36.43,36.49,422291,0
2014-03-31,21:00:00,36.51,36.71,36.46,36.62,202193,0
2014-03-31,22:00:00,36.62,36.67,36.52,36.55,1291094,0
2014-04-01,16:00:00,36.62,36.97,36.61,36.66,281185,0
2014-04-01,17:00:00,36.68,36.73,36.45,36.5,201339,0
2014-04-01,18:00:00,36.49,36.7,36.44,36.47,234788,0
2014-04-01,19:00:00,36.47,36.73,36.45,36.58,217445,0
2014-04-01,20:00:00,36.58,36.58,36.42,36.53,125749,0
2014-04-01,21:00:00,36.54,36.62,36.48,36.62,159220,0
2014-04-01,22:00:00,36.62,36.68,36.56,36.65,638390,0
2014-04-02,16:00:00,36.81,36.88,36.59,36.62,163054,0
2014-04-02,17:00:00,36.63,36.71,36.44,36.63,127186,0
2014-04-02,18:00:00,36.64,36.83,36.61,36.74,342969,0
2014-04-02,19:00:00,36.74,36.93,36.69,36.74,163260,0
2014-04-02,20:00:00,36.73,36.86,36.58,36.85,100324,0
2014-04-02,21:00:00,36.84,36.92,36.79,36.9,113235,0
2014-04-02,22:00:00,36.91,36.99,36.84,36.88,443230,0
2014-04-03,16:00:00,36.86,37.18,36.79,37.11,232877,0
2014-04-03,17:00:00,37.09,37.1,36.48,36.54,283109,0
2014-04-03,18:00:00,36.53,36.62,36.37,36.37,154392,0
2014-04-03,19:00:00,36.37,36.52,36.2,36.25,135165,0
2014-04-03,20:00:00,36.24,36.35,36.2,36.29,202384,0
2014-04-03,21:00:00,36.28,36.75,36.26,36.75,385407,0
2014-04-03,22:00:00,36.74,36.93,36.7,36.86,862018,0
2014-04-04,16:00:00,37.01,37.1,36.31,36.42,183704,0
2014-04-04,17:00:00,36.42,36.72,36.42,36.5,132489,0
2014-04-04,18:00:00,36.48,36.48,35.86,35.97,153945,0
2014-04-04,19:00:00,35.96,35.99,35.61,35.68,146762,0
2014-04-04,20:00:00,35.67,35.92,35.57,35.65,279758,0
2014-04-04,21:00:00,35.65,35.68,35.52,35.67,170838,0
2014-04-04,22:00:00,35.66,35.75,35.48,35.52,608749,0
2014-04-07,16:00:00,35.41,35.5,34.93,35.14,158110,0
2014-04-07,17:00:00,35.14,35.3,34.92,34.93,219593,0
2014-04-07,18:00:00,34.93,34.97,34.57,34.66,313396,0
2014-04-07,19:00:00,34.67,34.85,34.55,34.73,470344,0
2014-04-07,20:00:00,34.74,34.75,34.35,34.36,238086,0
2014-04-07,21:00:00,34.36,34.7,34.27,34.65,427143,0
2014-04-07,22:00:00,34.63,34.8,34.46,34.48,1089226,0
2014-04-08,16:00:00,34.47,34.66,34.28,34.33,72706,0
2014-04-08,17:00:00,34.31,34.69,34.2,34.61,212931,0
2014-04-08,18:00:00,34.6,35.1,34.59,35,711201,0
2014-04-08,19:00:00,35,35.17,34.98,35.04,229599,0
2014-04-08,20:00:00,35.03,35.1,34.93,35.07,179079,0
2014-04-08,21:00:00,35.07,35.07,34.78,35.06,181435,0
2014-04-08,22:00:00,35.05,35.26,34.98,35.17,546126,0
2014-04-09,16:00:00,35.44,35.56,35.26,35.33,72535,0
2014-04-09,17:00:00,35.34,35.39,35.12,35.16,131798,0
2014-04-09,18:00:00,35.16,35.43,35.11,35.36,92622,0
2014-04-09,19:00:00,35.36,35.43,35.21,35.41,343633,0
2014-04-09,20:00:00,35.42,35.43,35.17,35.29,161817,0
2014-04-09,21:00:00,35.29,35.55,35.27,35.33,190846,0
2014-04-09,22:00:00,35.32,35.46,35.31,35.45,508070,0
2014-04-10,16:00:00,35.56,35.58,35.33,35.42,33907,0
2014-04-10,17:00:00,35.45,35.49,34.82,34.84,173250,0
2014-04-10,18:00:00,34.83,34.83,34.62,34.67,150999,0
2014-04-10,19:00:00,34.65,34.69,34.4,34.42,186485,0
2014-04-10,20:00:00,34.42,34.47,34.17,34.38,283134,0
2014-04-10,21:00:00,34.38,34.44,34.13,34.28,192777,0
2014-04-10,22:00:00,34.28,34.29,33.94,33.94,813682,0
2014-04-11,16:00:00,33.64,34.28,33.47,34.28,177401,0
2014-04-11,17:00:00,34.25,34.29,33.67,33.93,373878,0
2014-04-11,18:00:00,33.94,34.11,33.72,33.79,147150,0
2014-04-11,19:00:00,33.81,33.89,33.61,33.69,145594,0
2014-04-11,20:00:00,33.69,33.71,33.49,33.52,179825,0
2014-04-11,21:00:00,33.52,33.57,33.19,33.3,237251,0
2014-04-11,22:00:00,33.3,33.39,33.18,33.32,833643,0
2014-04-14,16:00:00,33.68,33.88,33.45,33.49,152372,0
2014-04-14,17:00:00,33.51,34.03,33.47,33.99,149747,0
2014-04-14,18:00:00,33.97,34.01,33.75,33.77,240941,0
2014-04-14,19:00:00,33.78,33.93,33.76,33.9,222805,0
2014-04-14,20:00:00,33.9,34.05,33.85,33.96,165887,0
2014-04-14,21:00:00,33.96,34.01,33.81,33.86,309674,0
2014-04-14,22:00:00,33.86,33.92,33.68,33.79,779041,0
2014-04-15,16:00:00,33.96,34.28,33.81,34.21,96209,0
2014-04-15,17:00:00,34.2,34.27,33.37,33.44,241951,0
2014-04-15,18:00:00,33.43,33.69,33.29,33.37,121826,0
2014-04-15,19:00:00,33.36,33.36,33.12,33.12,142107,0
2014-04-15,20:00:00,33.12,33.59,33.06,33.58,219295,0
2014-04-15,21:00:00,33.58,33.97,33.58,33.96,238217,0
2014-04-15,22:00:00,33.96,34.07,33.8,33.89,463720,0
2014-04-16,16:00:00,34.2,34.31,33.92,34.06,64247,0
2014-04-16,17:00:00,34.03,34.13,33.87,33.97,171139,0
2014-04-16,18:00:00,33.94,34.32,33.88,34.32,227649,0
2014-04-16,19:00:00,34.32,34.46,34.1,34.1,169511,0
2014-04-16,20:00:00,34.11,34.23,34.07,34.19,107541,0
2014-04-16,21:00:00,34.19,34.27,34.09,34.26,124924,0
2014-04-16,22:00:00,34.27,34.34,34.15,34.26,375639,0
2014-04-17,16:00:00,34.2,34.4,33.79,33.93,132868,0
2014-04-17,17:00:00,33.96,34.2,33.88,34.17,140676,0
2014-04-17,18:00:00,34.18,34.38,33.87,33.94,141146,0
2014-04-17,19:00:00,33.94,34.06,33.87,33.99,125721,0
2014-04-17,20:00:00,33.99,34.09,33.94,33.99,132094,0
2014-04-17,21:00:00,33.98,34.03,33.94,33.94,180426,0
2014-04-17,22:00:00,33.94,34.04,33.92,33.92,577811,0
2014-04-21,16:00:00,34,34.16,33.82,34.07,78219,0
2014-04-21,17:00:00,34.07,34.21,33.82,33.91,108886,0
2014-04-21,18:00:00,33.95,34.01,33.84,33.96,147554,0
2014-04-21,19:00:00,33.98,34.02,33.89,33.93,118756,0
2014-04-21,20:00:00,33.92,33.95,33.8,33.8,135987,0
2014-04-21,21:00:00,33.8,33.91,33.79,33.87,199353,0
2014-04-21,22:00:00,33.87,33.88,33.71,33.81,2695896,0
2014-04-22,16:00:00,33.92,34.18,33.83,34.16,77840,0
2014-04-22,17:00:00,34.18,34.65,34.13,34.65,189583,0
2014-04-22,18:00:00,34.64,34.82,34.62,34.78,193294,0
2014-04-22,19:00:00,34.78,34.88,34.68,34.77,228232,0
2014-04-22,20:00:00,34.78,34.81,34.63,34.76,192809,0
2014-04-22,21:00:00,34.76,34.88,34.72,34.73,166082,0
2014-04-22,22:00:00,34.72,34.78,34.59,34.68,468578,0
2014-04-23,16:00:00,34.65,34.67,34.33,34.41,101593,0
2014-04-23,17:00:00,34.4,34.49,34.17,34.42,138470,0
2014-04-23,18:00:00,34.43,34.47,34.06,34.3,234173,0
2014-04-23,19:00:00,34.3,34.34,34.19,34.27,102142,0
2014-04-23,20:00:00,34.28,34.32,34.06,34.1,104981,0
2014-04-23,21:00:00,34.11,34.14,33.98,34.03,156139,0
2014-04-23,22:00:00,34.02,34.26,34,34.06,545430,0
2014-04-24,16:00:00,34.42,34.64,33.68,33.86,126707,0
2014-04-24,17:00:00,33.87,34.22,33.59,34.18,258042,0
2014-04-24,18:00:00,34.18,34.54,34.17,34.35,230983,0
2014-04-24,19:00:00,34.36,34.42,34.2,34.36,159592,0
2014-04-24,20:00:00,34.37,34.38,34.05,34.05,146945,0
2014-04-24,21:00:00,34.05,34.2,34.05,34.2,161211,0
2014-04-24,22:00:00,34.2,34.3,34.15,34.19,376916,0
2014-04-25,16:00:00,33.96,34.05,33.77,33.94,147905,0
2014-04-25,17:00:00,33.91,34.14,33.6,33.66,604986,0
2014-04-25,18:00:00,33.65,33.91,33.35,33.76,321459,0
2014-04-25,19:00:00,33.75,33.87,33.57,33.57,227095,0
2014-04-25,20:00:00,33.59,33.65,33.44,33.58,273310,0
2014-04-25,21:00:00,33.58,33.65,33.36,33.58,247174,0
2014-04-25,22:00:00,33.57,33.79,33.55,33.75,434969,0
2014-04-28,16:00:00,33.99,33.99,33.41,33.5,214952,0
2014-04-28,17:00:00,33.53,33.76,33.46,33.6,333906,0
2014-04-28,18:00:00,33.6,33.67,33.06,33.07,276833,0
2014-04-28,19:00:00,33.06,33.2,32.89,33.17,456506,0
2014-04-28,20:00:00,33.16,33.16,32.56,32.76,509490,0
2014-04-28,21:00:00,32.77,32.95,32.65,32.86,246704,0
2014-04-28,22:00:00,32.87,33.21,32.87,33.1,648928,0
2014-04-29,16:00:00,33.35,33.39,32.83,33.01,190939,0
2014-04-29,17:00:00,33.01,33.15,32.88,33.02,440105,0
2014-04-29,18:00:00,33,33.12,32.96,33,313276,0
2014-04-29,19:00:00,33.01,33.09,32.74,32.77,432872,0
2014-04-29,20:00:00,32.77,32.81,32.45,32.78,499359,0
2014-04-29,21:00:00,32.78,32.78,32.63,32.67,840988,0
2014-04-29,22:00:00,32.68,32.81,32.52,32.57,2354870,0
2014-04-30,16:00:00,29.3,31.25,28.64,30.35,2186599,0
2014-04-30,17:00:00,30.34,30.96,30,30.96,2079532,0
2014-04-30,18:00:00,30.93,31.11,30.51,30.6,966676,0
2014-04-30,19:00:00,30.59,30.83,30.54,30.79,658900,0
2014-04-30,20:00:00,30.8,30.8,30.4,30.64,1285641,0
2014-04-30,21:00:00,30.65,30.81,30.5,30.55,870409,0
2014-04-30,22:00:00,30.54,30.7,30.32,30.51,3276164,0
2014-05-01,16:00:00,30.51,30.68,30.12,30.39,304420,0
2014-05-01,17:00:00,30.41,30.75,30.38,30.64,824572,0
2014-05-01,18:00:00,30.63,31.02,30.63,30.88,539477,0
2014-05-01,19:00:00,30.87,31.01,30.7,30.71,230034,0
2014-05-01,20:00:00,30.71,30.86,30.71,30.73,403835,0
2014-05-01,21:00:00,30.73,30.81,30.46,30.54,359601,0
2014-05-01,22:00:00,30.53,30.53,30.38,30.5,840237,0
2014-05-02,16:00:00,30.47,30.61,30.13,30.28,308868,0
2014-05-02,17:00:00,30.3,30.54,30.24,30.54,476460,0
2014-05-02,18:00:00,30.52,30.64,30.38,30.58,464576,0
2014-05-02,19:00:00,30.58,30.59,30.32,30.32,267812,0
2014-05-02,20:00:00,30.34,30.4,30.2,30.3,887113,0
2014-05-02,21:00:00,30.3,30.4,30.23,30.36,346556,0
2014-05-02,22:00:00,30.38,30.41,30.24,30.25,961995,0
2014-05-05,16:00:00,30.1,30.31,29.88,30.21,417302,0
2014-05-05,17:00:00,30.22,30.26,30,30.24,402486,0
2014-05-05,18:00:00,30.24,30.25,30.02,30.05,218711,0
2014-05-05,19:00:00,30.05,30.1,29.99,30.09,341793,0
2014-05-05,20:00:00,30.1,30.15,30.02,30.03,369788,0
2014-05-05,21:00:00,30.03,30.28,30.03,30.16,361534,0
2014-05-05,22:00:00,30.16,30.25,30.15,30.21,969060,0
2014-05-06,16:00:00,30.19,30.21,29.87,30.02,91843,0
2014-05-06,17:00:00,30.01,30.17,29.8,29.81,187375,0
2014-05-06,18:00:00,29.82,29.87,29.7,29.76,214354,0
2014-05-06,19:00:00,29.77,29.78,29.55,29.62,560062,0
2014-05-06,20:00:00,29.62,29.82,29.61,29.63,465550,0
2014-05-06,21:00:00,29.63,29.82,29.6,29.69,520267,0
2014-05-06,22:00:00,29.68,29.72,29.54,29.56,2259546,0
2014-05-07,16:00:00,29.88,30.1,29.53,29.57,266497,0
2014-05-07,17:00:00,29.57,29.78,29.25,29.41,377717,0
2014-05-07,18:00:00,29.4,29.71,29.38,29.68,329366,0
2014-05-07,19:00:00,29.68,29.87,29.58,29.73,496576,0
2014-05-07,20:00:00,29.72,29.86,29.58,29.76,308811,0
2014-05-07,21:00:00,29.74,30.15,29.68,30.1,453917,0
2014-05-07,22:00:00,30.1,30.11,29.94,30.07,634928,0
