Date,Time,Open,High,Low,Close,Volume,OpenInt
2014-02-10,16:00:00,13.911,13.951,13.872,13.941,14385,0
2014-02-10,17:00:00,13.941,13.941,13.892,13.931,34139,0
2014-02-10,18:00:00,13.911,13.941,13.911,13.941,13143,0
2014-02-10,19:00:00,13.941,13.98,13.941,13.951,21312,0
2014-02-10,20:00:00,13.97,13.98,13.96,13.97,4494,0
2014-02-10,21:00:00,13.97,13.97,13.951,13.951,9276,0
2014-02-10,22:00:00,13.96,13.96,13.921,13.921,28163,0
2014-02-11,16:00:00,13.951,13.951,13.941,13.941,511,0
2014-02-11,17:00:00,13.921,13.921,13.911,13.921,6300,0
2014-02-11,18:00:00,13.921,13.931,13.911,13.911,4052,0
2014-02-11,19:00:00,13.921,13.921,13.911,13.911,8132,0
2014-02-11,20:00:00,13.921,13.921,13.911,13.911,1442,0
2014-02-11,21:00:00,13.911,13.911,13.911,13.911,1752,0
2014-02-11,22:00:00,13.911,13.921,13.911,13.911,4174,0
2014-02-12,16:00:00,13.931,13.931,13.931,13.931,2124,0
2014-02-12,17:00:00,13.931,13.931,13.901,13.901,5891,0
2014-02-12,18:00:00,13.901,13.911,13.901,13.911,17208,0
2014-02-12,19:00:00,13.911,13.911,13.901,13.901,8157,0
2014-02-12,20:00:00,13.882,13.891,13.882,13.891,2754,0
2014-02-12,21:00:00,13.891,13.891,13.832,13.832,45340,0
2014-02-12,22:00:00,13.832,13.842,13.802,13.802,42565,0
2014-02-13,16:00:00,13.832,13.832,13.802,13.802,11027,0
2014-02-13,17:00:00,13.812,13.852,13.812,13.842,18172,0
2014-02-13,18:00:00,13.842,13.842,13.842,13.842,2630,0
2014-02-13,19:00:00,13.852,13.862,13.842,13.842,10414,0
2014-02-13,20:00:00,13.842,13.862,13.842,13.862,5152,0
2014-02-13,21:00:00,13.862,13.862,13.852,13.852,6500,0
2014-02-13,22:00:00,13.852,13.891,13.852,13.891,16377,0
2014-02-14,16:00:00,13.862,13.862,13.862,13.862,202,0
2014-02-14,17:00:00,13.891,13.891,13.862,13.862,10145,0
2014-02-14,18:00:00,13.852,13.891,13.852,13.862,10249,0
2014-02-14,19:00:00,13.872,13.872,13.872,13.872,304,0
2014-02-14,20:00:00,13.872,13.891,13.872,13.882,1029,0
2014-02-14,21:00:00,13.862,13.882,13.842,13.882,5759,0
2014-02-14,22:00:00,13.862,13.901,13.862,13.901,12908,0
2014-02-18,16:00:00,13.911,13.921,13.901,13.921,13878,0
2014-02-18,17:00:00,13.911,13.921,13.911,13.921,11195,0
2014-02-18,18:00:00,13.921,13.931,13.911,13.911,32061,0
2014-02-18,19:00:00,13.911,13.911,13.872,13.872,30624,0
2014-02-18,20:00:00,13.872,13.872,13.862,13.872,8913,0
2014-02-18,21:00:00,13.872,13.872,13.862,13.862,16090,0
2014-02-18,22:00:00,13.872,13.882,13.852,13.862,19386,0
2014-02-19,16:00:00,13.901,13.951,13.901,13.951,10822,0
2014-02-19,17:00:00,13.941,13.951,13.931,13.941,4450,0
2014-02-19,18:00:00,13.941,13.941,13.931,13.941,6759,0
2014-02-19,19:00:00,13.931,13.941,13.911,13.941,17752,0
2014-02-19,20:00:00,13.941,13.951,13.941,13.951,1466,0
2014-02-19,21:00:00,13.961,13.961,13.941,13.941,10342,0
2014-02-19,22:00:00,13.931,13.931,13.911,13.931,12466,0
2014-02-20,16:00:00,13.951,13.951,13.951,13.951,708,0
2014-02-20,17:00:00,13.941,13.971,13.931,13.941,7408,0
2014-02-20,18:00:00,13.961,13.961,13.911,13.941,7130,0
2014-02-20,19:00:00,13.941,13.941,13.911,13.911,1214,0
2014-02-20,20:00:00,13.911,13.951,13.911,13.931,4310,0
2014-02-20,21:00:00,13.921,13.941,13.891,13.901,19435,0
2014-02-20,22:00:00,13.891,13.941,13.882,13.941,12020,0
2014-02-21,16:00:00,13.98,13.99,13.98,13.99,14378,0
2014-02-21,17:00:00,13.971,13.99,13.971,13.98,6574,0
2014-02-21,18:00:00,13.971,13.98,13.971,13.98,3438,0
2014-02-21,19:00:00,13.98,13.98,13.961,13.971,2326,0
2014-02-21,20:00:00,13.971,13.98,13.951,13.971,7284,0
2014-02-21,21:00:00,13.971,13.971,13.941,13.961,1720,0
2014-02-21,22:00:00,13.971,13.98,13.961,13.98,13972,0
2014-02-24,16:00:00,13.98,13.98,13.98,13.98,7973,0
2014-02-24,17:00:00,13.99,13.99,13.951,13.951,5995,0
2014-02-24,18:00:00,13.961,13.961,13.951,13.961,3236,0
2014-02-24,19:00:00,13.961,13.971,13.931,13.941,11118,0
2014-02-24,20:00:00,13.921,13.961,13.921,13.961,10482,0
2014-02-24,21:00:00,13.921,13.931,13.921,13.931,7559,0
2014-02-24,22:00:00,13.931,13.951,13.931,13.951,11033,0
2014-02-25,16:00:00,13.941,13.941,13.911,13.921,16391,0
2014-02-25,17:00:00,13.921,13.921,13.911,13.911,7680,0
2014-02-25,18:00:00,13.911,13.921,13.901,13.911,9934,0
2014-02-25,19:00:00,13.911,13.921,13.901,13.901,4516,0
2014-02-25,20:00:00,13.911,13.921,13.911,13.911,4198,0
2014-02-25,21:00:00,13.911,13.941,13.911,13.921,16969,0
2014-02-25,22:00:00,13.931,13.961,13.931,13.961,3532,0
2014-02-26,16:00:00,13.941,13.99,13.941,13.961,9925,0
2014-02-26,17:00:00,13.961,13.971,13.941,13.941,5530,0
2014-02-26,18:00:00,13.941,13.961,13.941,13.941,9194,0
2014-02-26,19:00:00,13.961,13.961,13.941,13.941,2933,0
2014-02-26,20:00:00,13.941,13.951,13.931,13.931,18582,0
2014-02-26,21:00:00,13.931,13.931,13.921,13.931,6983,0
2014-02-26,22:00:00,13.941,13.961,13.941,13.941,17168,0
2014-02-27,16:00:00,13.941,13.951,13.921,13.921,6068,0
2014-02-27,17:00:00,13.921,13.941,13.911,13.941,19736,0
2014-02-27,18:00:00,13.921,13.941,13.911,13.911,9103,0
2014-02-27,19:00:00,13.911,13.941,13.911,13.921,10640,0
2014-02-27,20:00:00,13.911,13.921,13.911,13.911,3257,0
2014-02-27,21:00:00,13.911,13.941,13.911,13.941,17649,0
2014-02-27,22:00:00,13.931,13.941,13.931,13.931,4961,0
2014-02-28,16:00:00,13.931,13.941,13.921,13.941,18042,0
2014-02-28,17:00:00,13.931,13.931,13.911,13.921,5929,0
2014-02-28,18:00:00,13.911,13.921,13.911,13.911,3350,0
2014-02-28,19:00:00,13.911,13.971,13.911,13.951,7693,0
2014-02-28,20:00:00,13.951,13.951,13.951,13.951,1112,0
2014-02-28,21:00:00,13.961,13.98,13.951,13.971,13838,0
2014-02-28,22:00:00,13.951,14.01,13.941,14.01,5892,0
2014-03-03,16:00:00,14.03,14.03,13.98,14.02,58581,0
2014-03-03,17:00:00,14.02,14.02,14,14,2765,0
2014-03-03,18:00:00,14,14,13.971,13.971,9558,0
2014-03-03,19:00:00,13.971,14.01,13.971,14,6473,0
2014-03-03,20:00:00,14.01,14.01,13.99,13.99,9103,0
2014-03-03,21:00:00,13.99,14,13.98,13.98,8020,0
2014-03-03,22:00:00,13.98,14.04,13.971,14.01,25244,0
2014-03-04,16:00:00,14.01,14.04,14.01,14.04,2182,0
2014-03-04,17:00:00,14.04,14.05,14.02,14.03,8035,0
2014-03-04,18:00:00,14.03,14.04,14.02,14.02,13528,0
2014-03-04,19:00:00,14.04,14.05,14.02,14.02,23914,0
2014-03-04,20:00:00,14.02,14.03,14.02,14.02,5560,0
2014-03-04,21:00:00,14.03,14.04,14.03,14.03,6274,0
2014-03-04,22:00:00,14.04,14.05,14.04,14.04,4983,0
2014-03-05,17:00:00,14.02,14.05,14.02,14.04,5390,0
2014-03-05,18:00:00,14.04,14.05,14.04,14.05,12496,0
2014-03-05,19:00:00,14.05,14.05,14.04,14.04,5810,0
2014-03-05,20:00:00,14.04,14.05,14.04,14.04,2326,0
2014-03-05,21:00:00,14.04,14.05,14.04,14.04,4075,0
2014-03-05,22:00:00,14.04,14.06,14.04,14.06,14335,0
2014-03-06,16:00:00,14.04,14.06,14.03,14.03,7080,0
2014-03-06,17:00:00,14.03,14.03,14.01,14.02,10896,0
2014-03-06,18:00:00,14.01,14.01,13.98,13.99,7690,0
2014-03-06,19:00:00,13.98,14.01,13.961,13.971,9633,0
2014-03-06,20:00:00,13.971,13.99,13.951,13.971,4146,0
2014-03-06,21:00:00,13.961,13.971,13.941,13.961,18837,0
2014-03-06,22:00:00,13.951,13.98,13.941,13.941,24782,0
2014-03-07,16:00:00,13.911,13.911,13.842,13.842,27057,0
2014-03-07,17:00:00,13.852,13.862,13.822,13.832,26668,0
2014-03-07,18:00:00,13.832,13.842,13.822,13.832,18711,0
2014-03-07,19:00:00,13.832,13.832,13.812,13.832,15585,0
2014-03-07,20:00:00,13.812,13.812,13.812,13.812,2033,0
2014-03-07,21:00:00,13.812,13.832,13.812,13.822,4349,0
2014-03-07,22:00:00,13.812,13.832,13.793,13.812,24676,0
2014-03-10,15:00:00,13.832,13.862,13.832,13.842,5042,0
2014-03-10,16:00:00,13.872,13.901,13.872,13.901,2044,0
2014-03-10,17:00:00,13.891,13.891,13.872,13.891,12259,0
2014-03-10,18:00:00,13.891,13.911,13.891,13.911,3084,0
2014-03-10,19:00:00,13.911,13.921,13.891,13.921,7474,0
2014-03-10,20:00:00,13.921,13.931,13.891,13.891,3667,0
2014-03-10,21:00:00,13.911,13.921,13.812,13.832,44002,0
2014-03-11,15:00:00,13.842,13.862,13.842,13.862,1013,0
2014-03-11,16:00:00,13.842,13.862,13.832,13.842,2598,0
2014-03-11,17:00:00,13.842,13.842,13.842,13.842,375,0
2014-03-11,18:00:00,13.842,13.842,13.842,13.842,3407,0
2014-03-11,19:00:00,13.842,13.852,13.842,13.852,4763,0
2014-03-11,20:00:00,13.842,13.862,13.842,13.862,10802,0
2014-03-11,21:00:00,13.842,13.891,13.842,13.891,11895,0
2014-03-12,15:00:00,13.921,13.931,13.891,13.931,3477,0
2014-03-12,16:00:00,13.931,13.961,13.931,13.961,3028,0
2014-03-12,17:00:00,13.961,13.971,13.961,13.961,1408,0
2014-03-12,18:00:00,13.971,13.981,13.961,13.981,3305,0
2014-03-12,19:00:00,13.981,13.981,13.981,13.981,7434,0
2014-03-12,20:00:00,13.971,13.991,13.961,13.971,5441,0
2014-03-12,21:00:00,13.991,14.011,13.971,13.981,15624,0
2014-03-13,15:00:00,14.001,14.011,13.991,14.011,2625,0
2014-03-13,16:00:00,14.011,14.031,14.011,14.021,5618,0
2014-03-13,17:00:00,14.031,14.031,14.011,14.031,5772,0
2014-03-13,18:00:00,14.031,14.061,14.021,14.061,22011,0
2014-03-13,19:00:00,14.07,14.09,14.07,14.09,20051,0
2014-03-13,20:00:00,14.09,14.11,14.041,14.051,40164,0
2014-03-13,21:00:00,14.061,14.08,14.041,14.08,5825,0
2014-03-14,15:00:00,14.09,14.09,14.09,14.09,402,0
2014-03-14,16:00:00,14.08,14.08,14.07,14.07,1024,0
2014-03-14,17:00:00,14.061,14.07,14.041,14.07,5774,0
2014-03-14,18:00:00,14.07,14.07,14.07,14.07,4576,0
2014-03-14,19:00:00,14.07,14.07,14.061,14.061,3929,0
2014-03-14,21:00:00,14.061,14.08,14.041,14.08,10514,0
2014-03-17,15:00:00,14.09,14.09,14.09,14.09,1066,0
2014-03-17,16:00:00,14.1,14.1,14.09,14.09,2635,0
2014-03-17,17:00:00,14.09,14.09,14.07,14.07,5380,0
2014-03-17,19:00:00,14.09,14.09,14.07,14.07,5091,0
2014-03-17,20:00:00,14.09,14.1,14.061,14.1,11795,0
2014-03-17,21:00:00,14.09,14.09,14.07,14.07,1957,0
2014-03-18,15:00:00,14.1,14.1,14.061,14.061,6235,0
2014-03-18,16:00:00,14.07,14.07,14.031,14.041,3675,0
2014-03-18,17:00:00,14.041,14.051,14.021,14.051,8548,0
2014-03-18,18:00:00,14.041,14.051,14.031,14.031,2715,0
2014-03-18,19:00:00,14.041,14.041,14.041,14.041,1810,0
2014-03-18,20:00:00,14.041,14.051,14.021,14.041,4485,0
2014-03-18,21:00:00,14.051,14.051,14.031,14.031,2602,0
2014-03-19,15:00:00,14.061,14.061,14.031,14.061,2834,0
2014-03-19,16:00:00,14.061,14.061,14.061,14.061,776,0
2014-03-19,17:00:00,14.061,14.061,14.061,14.061,505,0
2014-03-19,18:00:00,14.041,14.061,14.041,14.061,3922,0
2014-03-19,19:00:00,14.07,14.07,14.051,14.061,6637,0
2014-03-19,20:00:00,14.041,14.041,13.961,13.961,15387,0
2014-03-19,21:00:00,13.971,13.971,13.931,13.961,4993,0
2014-03-20,15:00:00,13.921,13.931,13.822,13.832,19264,0
2014-03-20,16:00:00,13.852,13.891,13.842,13.862,5141,0
2014-03-20,17:00:00,13.862,13.891,13.862,13.891,3839,0
2014-03-20,18:00:00,13.891,13.891,13.882,13.882,5491,0
2014-03-20,19:00:00,13.882,13.882,13.842,13.862,8866,0
2014-03-20,20:00:00,13.862,13.872,13.852,13.852,5095,0
2014-03-20,21:00:00,13.852,13.862,13.852,13.862,4690,0
2014-03-21,15:00:00,13.882,13.921,13.872,13.921,5095,0
2014-03-21,16:00:00,13.931,13.941,13.891,13.891,14934,0
2014-03-21,17:00:00,13.921,13.931,13.901,13.931,6290,0
2014-03-21,18:00:00,13.931,13.931,13.921,13.931,3628,0
2014-03-21,19:00:00,13.931,13.931,13.891,13.891,7906,0
2014-03-21,20:00:00,13.911,13.911,13.901,13.911,603,0
2014-03-21,21:00:00,13.911,13.921,13.891,13.921,2019,0
2014-03-24,15:00:00,13.951,13.971,13.951,13.971,3620,0
2014-03-24,16:00:00,13.971,13.981,13.971,13.981,3071,0
2014-03-24,17:00:00,13.981,13.981,13.961,13.981,6455,0
2014-03-24,18:00:00,13.981,13.991,13.971,13.981,9460,0
2014-03-24,19:00:00,13.991,13.991,13.971,13.991,4828,0
2014-03-24,20:00:00,13.991,14.061,13.981,14.031,28976,0
2014-03-24,21:00:00,14.041,14.08,14.041,14.061,10565,0
2014-03-25,15:00:00,14.031,14.061,14.031,14.041,6238,0
2014-03-25,16:00:00,14.031,14.041,14.001,14.011,8022,0
2014-03-25,17:00:00,14.001,14.011,14.001,14.011,6763,0
2014-03-25,18:00:00,14.001,14.07,14.001,14.051,17699,0
2014-03-25,19:00:00,14.031,14.07,14.031,14.051,4591,0
2014-03-25,20:00:00,14.07,14.07,14.051,14.061,9917,0
2014-03-25,21:00:00,14.061,14.07,14.021,14.021,11929,0
2014-03-26,16:00:00,14.041,14.041,14.021,14.031,7614,0
2014-03-26,17:00:00,14.031,14.031,14.031,14.031,2125,0
2014-03-26,18:00:00,14.031,14.041,14.031,14.041,4546,0
2014-03-26,19:00:00,14.041,14.07,14.021,14.07,6280,0
2014-03-26,20:00:00,14.031,14.07,14.021,14.031,29566,0
2014-03-26,21:00:00,14.031,14.08,14.031,14.08,26979,0
2014-03-27,15:00:00,14.07,14.1,14.061,14.09,11572,0
2014-03-27,16:00:00,14.09,14.15,14.07,14.13,35719,0
2014-03-27,17:00:00,14.13,14.14,14.13,14.13,4940,0
2014-03-27,18:00:00,14.13,14.15,14.13,14.15,5431,0
2014-03-27,19:00:00,14.14,14.14,14.12,14.13,14610,0
2014-03-27,20:00:00,14.12,14.12,14.12,14.12,1122,0
2014-03-27,21:00:00,14.12,14.12,14.1,14.1,6690,0
2014-03-28,15:00:00,14.13,14.13,14.1,14.1,707,0
2014-03-28,16:00:00,14.08,14.09,14.08,14.09,1961,0
2014-03-28,17:00:00,14.09,14.09,14.09,14.09,1006,0
2014-03-28,18:00:00,14.08,14.1,14.08,14.08,1577,0
2014-03-28,19:00:00,14.09,14.09,14.09,14.09,549,0
2014-03-28,21:00:00,14.08,14.1,14.07,14.08,9110,0
2014-03-31,16:00:00,14.041,14.061,14.021,14.041,5235,0
2014-03-31,17:00:00,14.041,14.051,14.031,14.051,2686,0
2014-03-31,18:00:00,14.041,14.09,14.041,14.041,7559,0
2014-03-31,19:00:00,14.041,14.061,14.041,14.041,3061,0
2014-03-31,20:00:00,14.061,14.061,14.041,14.041,1610,0
2014-03-31,21:00:00,14.041,14.061,14.041,14.041,9490,0
2014-03-31,22:00:00,14.041,14.061,14.041,14.041,6121,0
2014-04-01,16:00:00,14.1,14.11,14.031,14.031,27802,0
2014-04-01,17:00:00,14.031,14.061,14.021,14.021,10800,0
2014-04-01,18:00:00,14.07,14.07,14.031,14.051,16683,0
2014-04-01,19:00:00,14.041,14.061,14.031,14.031,3920,0
2014-04-01,20:00:00,14.051,14.061,14.021,14.031,3317,0
2014-04-01,21:00:00,14.041,14.051,14.021,14.041,3207,0
2014-04-01,22:00:00,14.051,14.051,14.031,14.051,1659,0
2014-04-02,16:00:00,14.061,14.07,14.011,14.031,3654,0
2014-04-02,17:00:00,14.031,14.051,14.001,14.021,15847,0
2014-04-02,18:00:00,14.001,14.021,14.001,14.011,3983,0
2014-04-02,19:00:00,14.021,14.031,14.011,14.011,5910,0
2014-04-02,20:00:00,14.011,14.031,14.011,14.021,2821,0
2014-04-02,21:00:00,14.011,14.031,14.011,14.021,2013,0
2014-04-02,22:00:00,14.031,14.041,14.011,14.021,17057,0
2014-04-03,16:00:00,14.051,14.051,14.051,14.051,302,0
2014-04-03,17:00:00,14.061,14.07,14.051,14.061,11351,0
2014-04-03,18:00:00,14.07,14.08,14.061,14.07,5924,0
2014-04-03,19:00:00,14.07,14.08,14.07,14.07,3320,0
2014-04-03,20:00:00,14.08,14.09,14.07,14.07,5029,0
2014-04-03,21:00:00,14.07,14.08,14.07,14.07,5310,0
2014-04-03,22:00:00,14.08,14.12,14.08,14.1,29956,0
2014-04-04,16:00:00,14.1,14.12,14.1,14.12,4123,0
2014-04-04,17:00:00,14.11,14.12,14.11,14.12,1007,0
2014-04-04,18:00:00,14.11,14.17,14.11,14.17,46555,0
2014-04-04,19:00:00,14.15,14.15,14.15,14.15,402,0
2014-04-04,20:00:00,14.13,14.15,14.13,14.15,3177,0
2014-04-04,21:00:00,14.13,14.15,14.13,14.15,4647,0
2014-04-04,22:00:00,14.15,14.17,14.15,14.15,5895,0
2014-04-07,16:00:00,14.15,14.16,14.15,14.15,805,0
2014-04-07,17:00:00,14.15,14.15,14.15,14.15,4643,0
2014-04-07,18:00:00,14.15,14.16,14.15,14.16,10530,0
2014-04-07,19:00:00,14.15,14.16,14.15,14.16,10163,0
2014-04-07,20:00:00,14.16,14.16,14.16,14.16,1678,0
2014-04-07,21:00:00,14.17,14.18,14.17,14.18,25231,0
2014-04-07,22:00:00,14.18,14.2,14.16,14.19,14921,0
2014-04-08,16:00:00,14.17,14.2,14.17,14.2,16081,0
2014-04-08,17:00:00,14.2,14.21,14.2,14.21,5734,0
2014-04-08,18:00:00,14.2,14.239,14.2,14.22,10937,0
2014-04-08,19:00:00,14.21,14.21,14.2,14.2,1824,0
2014-04-08,20:00:00,14.19,14.2,14.19,14.19,32294,0
2014-04-08,21:00:00,14.21,14.21,14.21,14.21,905,0
2014-04-08,22:00:00,14.2,14.259,14.2,14.259,5773,0
2014-04-09,16:00:00,14.249,14.259,14.23,14.249,21624,0
2014-04-09,17:00:00,14.249,14.249,14.239,14.239,12622,0
2014-04-09,18:00:00,14.239,14.259,14.23,14.259,15307,0
2014-04-09,19:00:00,14.23,14.23,14.21,14.22,5255,0
2014-04-09,20:00:00,14.22,14.22,14.22,14.22,3831,0
2014-04-09,21:00:00,14.22,14.22,14.18,14.18,10927,0
2014-04-09,22:00:00,14.18,14.18,14.16,14.16,16774,0
2014-04-10,16:00:00,14.17,14.22,14.17,14.22,17884,0
2014-04-10,17:00:00,14.22,14.23,14.22,14.23,3049,0
2014-04-10,18:00:00,14.21,14.22,14.2,14.2,4353,0
2014-04-10,19:00:00,14.2,14.2,14.18,14.18,8352,0
2014-04-10,20:00:00,14.19,14.19,14.18,14.18,1464,0
2014-04-10,21:00:00,14.18,14.19,14.14,14.17,12653,0
2014-04-10,22:00:00,14.16,14.18,14.15,14.15,5861,0
2014-04-11,16:00:00,14.23,14.23,14.2,14.2,5700,0
2014-04-11,17:00:00,14.21,14.21,14.17,14.17,17600,0
2014-04-11,18:00:00,14.17,14.17,14.17,14.17,1500,0
2014-04-11,19:00:00,14.18,14.24,14.17,14.24,17505,0
2014-04-11,20:00:00,14.19,14.2,14.18,14.2,4150,0
2014-04-11,21:00:00,14.2,14.21,14.2,14.2,3000,0
2014-04-11,22:00:00,14.2,14.21,14.19,14.19,10425,0
2014-04-14,16:00:00,14.23,14.23,14.17,14.18,3200,0
2014-04-14,17:00:00,14.18,14.19,14.15,14.15,15619,0
2014-04-14,18:00:00,14.16,14.17,14.14,14.14,27267,0
2014-04-14,19:00:00,14.16,14.16,14.14,14.14,3480,0
2014-04-14,20:00:00,14.15,14.16,14.13,14.13,14048,0
2014-04-14,21:00:00,14.12,14.13,14.12,14.12,4725,0
2014-04-14,22:00:00,14.12,14.13,14.08,14.08,13850,0
2014-04-15,16:00:00,14.13,14.15,14.13,14.15,2150,0
2014-04-15,17:00:00,14.15,14.16,14.15,14.16,1592,0
2014-04-15,18:00:00,14.16,14.18,14.16,14.17,9065,0
2014-04-15,19:00:00,14.18,14.18,14.18,14.18,400,0
2014-04-15,20:00:00,14.18,14.2,14.18,14.19,6746,0
2014-04-15,21:00:00,14.19,14.2,14.19,14.2,300,0
2014-04-15,22:00:00,14.2,14.24,14.18,14.24,28815,0
2014-04-16,16:00:00,14.28,14.33,14.27,14.29,10967,0
2014-04-16,17:00:00,14.29,14.3,14.26,14.3,14455,0
2014-04-16,18:00:00,14.29,14.31,14.27,14.3,4000,0
2014-04-16,19:00:00,14.3,14.32,14.28,14.31,12594,0
2014-04-16,20:00:00,14.31,14.33,14.31,14.32,5983,0
2014-04-16,21:00:00,14.32,14.33,14.3,14.32,8119,0
2014-04-16,22:00:00,14.3,14.32,14.28,14.32,10156,0
2014-04-17,16:00:00,14.29,14.3,14.28,14.3,7520,0
2014-04-17,17:00:00,14.3,14.31,14.26,14.28,14656,0
2014-04-17,18:00:00,14.28,14.29,14.27,14.29,16807,0
2014-04-17,19:00:00,14.29,14.29,14.27,14.28,4718,0
2014-04-17,20:00:00,14.29,14.29,14.27,14.27,6717,0
2014-04-17,21:00:00,14.28,14.28,14.28,14.28,2688,0
2014-04-17,22:00:00,14.29,14.31,14.29,14.31,4064,0
2014-04-21,16:00:00,14.33,14.34,14.33,14.33,1900,0
2014-04-21,17:00:00,14.33,14.34,14.33,14.34,1700,0
2014-04-21,18:00:00,14.35,14.36,14.34,14.36,700,0
2014-04-21,19:00:00,14.36,14.37,14.34,14.37,6224,0
2014-04-21,20:00:00,14.37,14.4,14.35,14.38,17797,0
2014-04-21,21:00:00,14.4,14.4,14.36,14.38,7949,0
2014-04-21,22:00:00,14.35,14.41,14.35,14.4,6487,0
2014-04-22,16:00:00,14.41,14.42,14.4,14.4,4311,0
2014-04-22,17:00:00,14.42,14.44,14.4,14.41,7310,0
2014-04-22,18:00:00,14.41,14.44,14.41,14.44,10316,0
2014-04-22,19:00:00,14.45,14.46,14.45,14.46,5672,0
2014-04-22,20:00:00,14.46,14.47,14.43,14.43,19733,0
2014-04-22,21:00:00,14.45,14.47,14.45,14.46,4438,0
2014-04-22,22:00:00,14.46,14.47,14.45,14.46,5879,0
2014-04-23,16:00:00,14.46,14.47,14.46,14.47,4700,0
2014-04-23,17:00:00,14.47,14.48,14.46,14.46,9510,0
2014-04-23,18:00:00,14.46,14.47,14.46,14.47,8102,0
2014-04-23,19:00:00,14.47,14.47,14.46,14.46,6470,0
2014-04-23,20:00:00,14.47,14.47,14.46,14.46,8731,0
2014-04-23,21:00:00,14.47,14.48,14.47,14.48,4240,0
2014-04-23,22:00:00,14.48,14.48,14.46,14.47,10560,0
2014-04-24,16:00:00,14.47,14.48,14.47,14.48,5332,0
2014-04-24,17:00:00,14.48,14.49,14.48,14.49,6430,0
2014-04-24,18:00:00,14.5,14.5,14.49,14.49,12891,0
2014-04-24,19:00:00,14.5,14.5,14.49,14.49,8967,0
2014-04-24,20:00:00,14.5,14.5,14.49,14.49,5865,0
2014-04-24,21:00:00,14.49,14.5,14.48,14.48,4350,0
2014-04-24,22:00:00,14.48,14.5,14.48,14.48,5269,0
2014-04-25,16:00:00,14.52,14.52,14.51,14.52,4355,0
2014-04-25,17:00:00,14.54,14.54,14.53,14.54,6412,0
2014-04-25,18:00:00,14.55,14.55,14.55,14.55,400,0
2014-04-25,19:00:00,14.54,14.55,14.54,14.55,3599,0
2014-04-25,21:00:00,14.56,14.56,14.55,14.55,9443,0
2014-04-25,22:00:00,14.55,14.55,14.52,14.55,4676,0
2014-04-28,16:00:00,14.53,14.59,14.53,14.57,15855,0
2014-04-28,17:00:00,14.57,14.58,14.55,14.56,13981,0
2014-04-28,18:00:00,14.57,14.57,14.54,14.54,11100,0
2014-04-28,19:00:00,14.55,14.55,14.54,14.55,10300,0
2014-04-28,20:00:00,14.55,14.55,14.53,14.54,4948,0
2014-04-28,21:00:00,14.55,14.56,14.54,14.56,3756,0
2014-04-28,22:00:00,14.55,14.56,14.52,14.53,12112,0
2014-04-29,16:00:00,14.51,14.54,14.5,14.52,5400,0
2014-04-29,17:00:00,14.53,14.53,14.52,14.53,4908,0
2014-04-29,18:00:00,14.52,14.52,14.46,14.49,15979,0
2014-04-29,19:00:00,14.49,14.52,14.49,14.52,1600,0
2014-04-29,20:00:00,14.5,14.52,14.5,14.52,4018,0
2014-04-29,21:00:00,14.5,14.52,14.5,14.5,3791,0
2014-04-29,22:00:00,14.48,14.51,14.48,14.49,4026,0
2014-04-30,16:00:00,14.46,14.53,14.46,14.53,2469,0
2014-04-30,17:00:00,14.53,14.57,14.52,14.56,16469,0
2014-04-30,18:00:00,14.56,14.57,14.55,14.57,8617,0
2014-04-30,19:00:00,14.56,14.58,14.56,14.58,7221,0
2014-04-30,20:00:00,14.58,14.58,14.56,14.58,5266,0
2014-04-30,21:00:00,14.58,14.58,14.55,14.58,10149,0
2014-04-30,22:00:00,14.57,14.58,14.55,14.56,5901,0
2014-05-01,16:00:00,14.6,14.67,14.6,14.67,5862,0
2014-05-01,17:00:00,14.67,14.71,14.66,14.71,20186,0
2014-05-01,18:00:00,14.7,14.71,14.7,14.71,6659,0
2014-05-01,19:00:00,14.71,14.71,14.68,14.68,11388,0
2014-05-01,20:00:00,14.68,14.69,14.68,14.69,12866,0
2014-05-01,21:00:00,14.7,14.7,14.67,14.67,6005,0
2014-05-01,22:00:00,14.67,14.69,14.67,14.69,5369,0
2014-05-02,16:00:00,14.64,14.64,14.6,14.63,18626,0
2014-05-02,17:00:00,14.63,14.66,14.62,14.66,4939,0
2014-05-02,18:00:00,14.65,14.69,14.65,14.69,8212,0
2014-05-02,19:00:00,14.69,14.69,14.69,14.69,3700,0
2014-05-02,20:00:00,14.7,14.71,14.7,14.7,3800,0
2014-05-02,21:00:00,14.69,14.69,14.68,14.68,1150,0
2014-05-02,22:00:00,14.69,14.7,14.67,14.7,6275,0
2014-05-05,16:00:00,14.69,14.71,14.68,14.68,3784,0
2014-05-05,17:00:00,14.66,14.68,14.65,14.66,9568,0
2014-05-05,18:00:00,14.66,14.68,14.65,14.65,5946,0
2014-05-05,19:00:00,14.65,14.68,14.63,14.65,3128,0
2014-05-05,20:00:00,14.63,14.67,14.63,14.67,4100,0
2014-05-05,21:00:00,14.64,14.66,14.63,14.66,13145,0
2014-05-05,22:00:00,14.64,14.68,14.63,14.67,9099,0
2014-05-06,16:00:00,14.62,14.69,14.62,14.68,6500,0
2014-05-06,17:00:00,14.68,14.69,14.68,14.68,7862,0
2014-05-06,18:00:00,14.69,14.7,14.69,14.7,3663,0
2014-05-06,19:00:00,14.7,14.71,14.69,14.71,5616,0
2014-05-06,20:00:00,14.7,14.7,14.7,14.7,100,0
2014-05-06,21:00:00,14.69,14.71,14.69,14.71,6593,0
2014-05-06,22:00:00,14.7,14.73,14.69,14.7,6060,0
2014-05-07,16:00:00,14.73,14.74,14.73,14.74,5040,0
2014-05-07,17:00:00,14.74,14.76,14.71,14.76,20688,0
2014-05-07,18:00:00,14.75,14.76,14.72,14.76,5615,0
2014-05-07,19:00:00,14.74,14.77,14.74,14.77,2100,0
2014-05-07,20:00:00,14.76,14.76,14.76,14.76,1000,0
2014-05-07,21:00:00,14.76,14.77,14.75,14.75,1500,0
2014-05-07,22:00:00,14.75,14.78,14.74,14.77,9294,0
