Date,Time,Open,High,Low,Close,Volume,OpenInt
2014-02-10,16:00:00,12.76,12.76,12.76,12.76,102,0
2014-02-10,17:00:00,12.77,12.789,12.75,12.789,9958,0
2014-02-10,18:00:00,12.799,12.819,12.789,12.799,24017,0
2014-02-10,19:00:00,12.78,12.809,12.76,12.76,8728,0
2014-02-10,20:00:00,12.76,12.76,12.73,12.74,4466,0
2014-02-10,21:00:00,12.73,12.74,12.72,12.74,12017,0
2014-02-10,22:00:00,12.72,12.74,12.72,12.72,9235,0
2014-02-11,16:00:00,12.72,12.74,12.681,12.681,6696,0
2014-02-11,17:00:00,12.701,12.72,12.671,12.691,5576,0
2014-02-11,18:00:00,12.681,12.691,12.681,12.681,10629,0
2014-02-11,19:00:00,12.691,12.691,12.681,12.681,1526,0
2014-02-11,20:00:00,12.681,12.691,12.681,12.691,841,0
2014-02-11,21:00:00,12.681,12.681,12.622,12.661,11336,0
2014-02-11,22:00:00,12.661,12.671,12.651,12.671,8389,0
2014-02-12,16:00:00,12.711,12.711,12.681,12.681,2780,0
2014-02-12,17:00:00,12.681,12.681,12.651,12.671,22502,0
2014-02-12,18:00:00,12.681,12.701,12.612,12.632,45350,0
2014-02-12,19:00:00,12.622,12.632,12.612,12.632,15233,0
2014-02-12,20:00:00,12.642,12.642,12.622,12.642,6795,0
2014-02-12,21:00:00,12.642,12.661,12.622,12.642,11436,0
2014-02-12,22:00:00,12.632,12.632,12.612,12.612,18591,0
2014-02-13,16:00:00,12.592,12.651,12.592,12.651,9272,0
2014-02-13,17:00:00,12.642,12.661,12.642,12.661,3628,0
2014-02-13,18:00:00,12.661,12.661,12.642,12.642,1186,0
2014-02-13,19:00:00,12.642,12.661,12.642,12.661,8218,0
2014-02-13,20:00:00,12.661,12.661,12.642,12.642,7003,0
2014-02-13,21:00:00,12.651,12.661,12.642,12.661,7255,0
2014-02-13,22:00:00,12.642,12.661,12.642,12.661,3099,0
2014-02-14,16:00:00,12.632,12.661,12.612,12.612,5068,0
2014-02-14,17:00:00,12.622,12.642,12.622,12.642,20517,0
2014-02-14,18:00:00,12.632,12.72,12.632,12.72,32815,0
2014-02-14,19:00:00,12.72,12.73,12.691,12.691,4134,0
2014-02-14,20:00:00,12.701,12.711,12.691,12.691,7557,0
2014-02-14,21:00:00,12.691,12.711,12.651,12.651,17447,0
2014-02-14,22:00:00,12.691,12.711,12.661,12.701,10000,0
2014-02-18,16:00:00,12.768,12.778,12.709,12.709,8885,0
2014-02-18,17:00:00,12.689,12.719,12.649,12.699,27294,0
2014-02-18,18:00:00,12.689,12.689,12.679,12.679,661,0
2014-02-18,19:00:00,12.689,12.699,12.669,12.689,17647,0
2014-02-18,20:00:00,12.689,12.699,12.679,12.679,8660,0
2014-02-18,21:00:00,12.679,12.679,12.649,12.669,14784,0
2014-02-18,22:00:00,12.669,12.679,12.649,12.649,5943,0
2014-02-19,16:00:00,12.669,12.669,12.63,12.63,12559,0
2014-02-19,17:00:00,12.63,12.689,12.63,12.689,39229,0
2014-02-19,18:00:00,12.689,12.699,12.64,12.649,5149,0
2014-02-19,19:00:00,12.649,12.689,12.64,12.679,13176,0
2014-02-19,20:00:00,12.679,12.689,12.679,12.689,2426,0
2014-02-19,21:00:00,12.689,12.699,12.679,12.679,8449,0
2014-02-19,22:00:00,12.679,12.689,12.679,12.679,8047,0
2014-02-20,16:00:00,12.699,12.699,12.61,12.63,23562,0
2014-02-20,17:00:00,12.62,12.659,12.58,12.64,34779,0
2014-02-20,18:00:00,12.64,12.669,12.63,12.659,14140,0
2014-02-20,19:00:00,12.659,12.659,12.63,12.63,4241,0
2014-02-20,20:00:00,12.649,12.659,12.64,12.649,5873,0
2014-02-20,21:00:00,12.659,12.659,12.649,12.649,11604,0
2014-02-20,22:00:00,12.649,12.669,12.649,12.659,11627,0
2014-02-21,16:00:00,12.699,12.699,12.679,12.699,5157,0
2014-02-21,17:00:00,12.689,12.699,12.679,12.679,4863,0
2014-02-21,18:00:00,12.679,12.699,12.679,12.679,7685,0
2014-02-21,19:00:00,12.679,12.689,12.679,12.679,3030,0
2014-02-21,20:00:00,12.679,12.689,12.669,12.669,2819,0
2014-02-21,21:00:00,12.659,12.689,12.659,12.679,6067,0
2014-02-21,22:00:00,12.679,12.699,12.679,12.689,14863,0
2014-02-24,16:00:00,12.679,12.699,12.679,12.699,6367,0
2014-02-24,17:00:00,12.689,12.699,12.679,12.699,5097,0
2014-02-24,18:00:00,12.699,12.719,12.699,12.709,10372,0
2014-02-24,19:00:00,12.709,12.709,12.679,12.689,6718,0
2014-02-24,20:00:00,12.689,12.709,12.679,12.689,1214,0
2014-02-24,21:00:00,12.679,12.719,12.659,12.669,34374,0
2014-02-24,22:00:00,12.669,12.679,12.659,12.669,24621,0
2014-02-25,16:00:00,12.669,12.699,12.669,12.699,2904,0
2014-02-25,17:00:00,12.699,12.709,12.679,12.689,14496,0
2014-02-25,18:00:00,12.689,12.709,12.679,12.699,10352,0
2014-02-25,19:00:00,12.699,12.699,12.689,12.689,808,0
2014-02-25,20:00:00,12.699,12.709,12.689,12.689,2174,0
2014-02-25,21:00:00,12.699,12.709,12.689,12.709,13548,0
2014-02-25,22:00:00,12.719,12.748,12.699,12.699,21641,0
2014-02-26,16:00:00,12.739,12.768,12.729,12.758,5561,0
2014-02-26,17:00:00,12.758,12.768,12.739,12.739,2326,0
2014-02-26,18:00:00,12.758,12.758,12.739,12.739,2710,0
2014-02-26,19:00:00,12.748,12.788,12.739,12.748,13927,0
2014-02-26,20:00:00,12.748,12.768,12.719,12.739,9285,0
2014-02-26,21:00:00,12.739,12.768,12.739,12.739,7519,0
2014-02-26,22:00:00,12.758,12.778,12.758,12.778,9976,0
2014-02-27,16:00:00,12.768,12.788,12.768,12.768,3596,0
2014-02-27,17:00:00,12.788,12.798,12.768,12.798,6083,0
2014-02-27,18:00:00,12.788,12.808,12.788,12.808,5632,0
2014-02-27,19:00:00,12.798,12.828,12.798,12.828,5629,0
2014-02-27,20:00:00,12.808,12.808,12.788,12.788,910,0
2014-02-27,21:00:00,12.798,12.847,12.798,12.847,7026,0
2014-02-27,22:00:00,12.837,12.847,12.818,12.837,11306,0
2014-02-28,16:00:00,12.857,12.887,12.847,12.887,3874,0
2014-02-28,17:00:00,12.857,12.857,12.828,12.837,13870,0
2014-02-28,18:00:00,12.837,12.847,12.808,12.837,20924,0
2014-02-28,19:00:00,12.837,12.837,12.798,12.798,5817,0
2014-02-28,20:00:00,12.798,12.808,12.778,12.778,14058,0
2014-02-28,21:00:00,12.798,12.808,12.778,12.798,7134,0
2014-02-28,22:00:00,12.788,12.828,12.788,12.808,17131,0
2014-03-03,16:00:00,12.867,12.867,12.837,12.847,21680,0
2014-03-03,17:00:00,12.857,12.857,12.837,12.847,4626,0
2014-03-03,18:00:00,12.857,12.867,12.828,12.837,14869,0
2014-03-03,19:00:00,12.828,12.837,12.828,12.837,4853,0
2014-03-03,20:00:00,12.837,12.887,12.818,12.857,16718,0
2014-03-03,21:00:00,12.847,12.857,12.847,12.847,3663,0
2014-03-03,22:00:00,12.837,12.847,12.808,12.847,12705,0
2014-03-04,16:00:00,12.897,12.926,12.897,12.907,14182,0
2014-03-04,17:00:00,12.926,12.936,12.907,12.926,15251,0
2014-03-04,18:00:00,12.907,12.936,12.907,12.917,12624,0
2014-03-04,19:00:00,12.907,12.926,12.877,12.887,7062,0
2014-03-04,20:00:00,12.887,12.897,12.877,12.887,4252,0
2014-03-04,21:00:00,12.897,12.897,12.867,12.877,2316,0
2014-03-04,22:00:00,12.877,12.897,12.857,12.857,3864,0
2014-03-05,16:00:00,12.837,12.966,12.837,12.956,30525,0
2014-03-05,17:00:00,12.956,13.015,12.956,12.986,85343,0
2014-03-05,18:00:00,12.996,12.996,12.956,12.966,13989,0
2014-03-05,19:00:00,12.956,12.966,12.956,12.966,18820,0
2014-03-05,20:00:00,12.976,12.976,12.966,12.966,1836,0
2014-03-05,21:00:00,12.966,12.966,12.956,12.956,33908,0
2014-03-05,22:00:00,12.956,12.976,12.956,12.956,8590,0
2014-03-06,16:00:00,12.956,12.956,12.926,12.926,11879,0
2014-03-06,17:00:00,12.926,12.966,12.907,12.966,14019,0
2014-03-06,18:00:00,12.956,12.966,12.956,12.956,12868,0
2014-03-06,19:00:00,12.956,12.986,12.956,12.956,12048,0
2014-03-06,20:00:00,12.956,12.976,12.956,12.976,14401,0
2014-03-06,21:00:00,12.976,12.986,12.976,12.976,7168,0
2014-03-06,22:00:00,12.976,12.976,12.956,12.956,30477,0
2014-03-07,16:00:00,12.897,12.897,12.867,12.887,14290,0
2014-03-07,17:00:00,12.877,13.006,12.857,12.966,77231,0
2014-03-07,18:00:00,12.956,12.986,12.956,12.956,26875,0
2014-03-07,19:00:00,12.956,12.986,12.956,12.966,12965,0
2014-03-07,20:00:00,12.986,12.996,12.966,12.996,9502,0
2014-03-07,21:00:00,12.966,12.996,12.966,12.966,5460,0
2014-03-07,22:00:00,12.976,12.986,12.966,12.966,13630,0
2014-03-10,15:00:00,12.956,12.986,12.946,12.986,2797,0
2014-03-10,16:00:00,12.996,13.015,12.986,13.015,14445,0
2014-03-10,17:00:00,13.006,13.006,12.976,12.976,4318,0
2014-03-10,18:00:00,12.986,13.006,12.986,12.996,1240,0
2014-03-10,19:00:00,13.006,13.006,12.996,13.006,3167,0
2014-03-10,20:00:00,13.006,13.006,13.006,13.006,4137,0
2014-03-10,21:00:00,13.006,13.025,12.996,12.996,12973,0
2014-03-11,15:00:00,13.015,13.015,12.996,13.006,16294,0
2014-03-11,16:00:00,13.006,13.006,12.996,13.006,6077,0
2014-03-11,17:00:00,13.006,13.006,12.976,12.976,29402,0
2014-03-11,18:00:00,12.976,12.976,12.976,12.976,710,0
2014-03-11,19:00:00,12.976,12.986,12.976,12.986,3768,0
2014-03-11,20:00:00,12.986,12.986,12.956,12.966,7870,0
2014-03-11,21:00:00,12.966,12.966,12.956,12.966,3644,0
2014-03-12,15:00:00,12.989,12.989,12.989,12.989,972,0
2014-03-12,16:00:00,12.999,13.039,12.999,13.039,5228,0
2014-03-12,17:00:00,13.039,13.058,13.009,13.039,8342,0
2014-03-12,18:00:00,13.058,13.058,12.979,13.029,15806,0
2014-03-12,19:00:00,13.029,13.049,13.029,13.039,11874,0
2014-03-12,20:00:00,13.039,13.058,13.039,13.058,6627,0
2014-03-12,21:00:00,13.058,13.058,13.039,13.049,8343,0
2014-03-13,15:00:00,13.049,13.088,13.029,13.088,2212,0
2014-03-13,16:00:00,13.078,13.088,13.049,13.088,4063,0
2014-03-13,17:00:00,13.078,13.078,13.058,13.078,2584,0
2014-03-13,18:00:00,13.088,13.088,13.078,13.088,1458,0
2014-03-13,19:00:00,13.088,13.088,13.058,13.068,96727,0
2014-03-13,20:00:00,13.058,13.098,13.058,13.098,71366,0
2014-03-13,21:00:00,13.098,13.128,13.068,13.098,25424,0
2014-03-14,15:00:00,13.128,13.138,13.108,13.138,4873,0
2014-03-14,16:00:00,13.138,13.168,13.128,13.168,9169,0
2014-03-14,17:00:00,13.168,13.168,13.158,13.168,8345,0
2014-03-14,18:00:00,13.168,13.178,13.158,13.178,12772,0
2014-03-14,19:00:00,13.178,13.188,13.148,13.188,4613,0
2014-03-14,20:00:00,13.178,13.198,13.168,13.178,46642,0
2014-03-14,21:00:00,13.178,13.198,13.178,13.188,23461,0
2014-03-17,15:00:00,13.148,13.178,13.148,13.168,2129,0
2014-03-17,16:00:00,13.168,13.188,13.168,13.178,10601,0
2014-03-17,17:00:00,13.178,13.188,13.178,13.188,3994,0
2014-03-17,18:00:00,13.188,13.188,13.178,13.178,5106,0
2014-03-17,19:00:00,13.168,13.198,13.168,13.198,2148,0
2014-03-17,20:00:00,13.198,13.208,13.178,13.198,2825,0
2014-03-17,21:00:00,13.188,13.188,13.158,13.178,20556,0
2014-03-18,15:00:00,13.148,13.158,13.128,13.138,1432,0
2014-03-18,16:00:00,13.138,13.158,13.128,13.128,6296,0
2014-03-18,17:00:00,13.128,13.128,13.088,13.088,2815,0
2014-03-18,18:00:00,13.088,13.088,13.088,13.088,2856,0
2014-03-18,19:00:00,13.088,13.138,13.088,13.088,31723,0
2014-03-18,20:00:00,13.128,13.128,13.088,13.108,6437,0
2014-03-18,21:00:00,13.108,13.148,13.088,13.128,19935,0
2014-03-19,15:00:00,13.108,13.138,13.108,13.118,1508,0
2014-03-19,16:00:00,13.118,13.138,13.118,13.118,7200,0
2014-03-19,17:00:00,13.118,13.138,13.088,13.108,18178,0
2014-03-19,18:00:00,13.118,13.128,13.098,13.108,9657,0
2014-03-19,19:00:00,13.108,13.128,13.098,13.108,3022,0
2014-03-19,20:00:00,13.118,13.148,13.049,13.078,10360,0
2014-03-19,21:00:00,13.049,13.058,13.019,13.019,12092,0
2014-03-20,15:00:00,12.949,12.949,12.919,12.919,7543,0
2014-03-20,16:00:00,12.919,12.929,12.899,12.919,22022,0
2014-03-20,17:00:00,12.929,12.939,12.909,12.939,20078,0
2014-03-20,18:00:00,12.949,12.959,12.929,12.939,6911,0
2014-03-20,19:00:00,12.979,12.979,12.909,12.909,9160,0
2014-03-20,20:00:00,12.899,12.909,12.889,12.909,6021,0
2014-03-20,21:00:00,12.909,12.929,12.889,12.899,9701,0
2014-03-21,15:00:00,12.959,12.989,12.959,12.959,10309,0
2014-03-21,16:00:00,12.969,12.969,12.939,12.959,9897,0
2014-03-21,17:00:00,12.959,12.959,12.939,12.959,5123,0
2014-03-21,18:00:00,12.959,12.989,12.959,12.979,13680,0
2014-03-21,20:00:00,12.969,12.969,12.959,12.959,6278,0
2014-03-21,21:00:00,12.969,12.989,12.969,12.989,2128,0
2014-03-24,15:00:00,13.009,13.009,13.009,13.009,101,0
2014-03-24,16:00:00,13.009,13.039,13.009,13.039,4454,0
2014-03-24,17:00:00,13.039,13.058,13.029,13.049,4498,0
2014-03-24,18:00:00,13.049,13.068,13.049,13.068,3740,0
2014-03-24,19:00:00,13.058,13.068,13.058,13.058,1600,0
2014-03-24,20:00:00,13.058,13.058,13.049,13.058,8345,0
2014-03-24,21:00:00,13.068,13.118,13.049,13.118,25637,0
2014-03-25,15:00:00,13.108,13.118,13.098,13.098,16603,0
2014-03-25,16:00:00,13.078,13.108,13.078,13.108,12600,0
2014-03-25,17:00:00,13.108,13.158,13.108,13.128,14396,0
2014-03-25,18:00:00,13.148,13.148,13.108,13.128,3776,0
2014-03-25,19:00:00,13.108,13.128,13.108,13.128,3422,0
2014-03-25,20:00:00,13.128,13.168,13.118,13.158,21504,0
2014-03-25,21:00:00,13.168,13.208,13.168,13.198,15691,0
2014-03-26,15:00:00,13.198,13.208,13.178,13.208,10017,0
2014-03-26,16:00:00,13.198,13.247,13.178,13.188,23850,0
2014-03-26,17:00:00,13.188,13.277,13.178,13.277,18298,0
2014-03-26,18:00:00,13.277,13.277,13.267,13.277,6146,0
2014-03-26,19:00:00,13.277,13.277,13.257,13.277,11987,0
2014-03-26,20:00:00,13.277,13.287,13.247,13.287,6890,0
2014-03-26,21:00:00,13.287,13.297,13.277,13.297,7452,0
2014-03-27,15:00:00,13.337,13.337,13.287,13.317,7947,0
2014-03-27,16:00:00,13.317,13.317,13.287,13.297,12955,0
2014-03-27,17:00:00,13.307,13.347,13.297,13.317,32794,0
2014-03-27,18:00:00,13.317,13.337,13.317,13.317,4553,0
2014-03-27,19:00:00,13.327,13.357,13.307,13.307,10689,0
2014-03-27,20:00:00,13.307,13.327,13.307,13.317,12303,0
2014-03-27,21:00:00,13.317,13.337,13.307,13.327,16366,0
2014-03-28,15:00:00,13.307,13.307,13.277,13.287,8835,0
2014-03-28,16:00:00,13.287,13.287,13.257,13.277,10730,0
2014-03-28,17:00:00,13.247,13.247,13.247,13.247,704,0
2014-03-28,18:00:00,13.277,13.277,13.277,13.277,1509,0
2014-03-28,19:00:00,13.277,13.277,13.257,13.257,12789,0
2014-03-28,20:00:00,13.257,13.267,13.257,13.257,4538,0
2014-03-28,21:00:00,13.257,13.267,13.257,13.267,5841,0
2014-03-31,16:00:00,13.267,13.267,13.228,13.228,2315,0
2014-03-31,17:00:00,13.247,13.247,13.228,13.228,5665,0
2014-03-31,18:00:00,13.237,13.237,13.228,13.228,2627,0
2014-03-31,19:00:00,13.218,13.218,13.218,13.218,505,0
2014-03-31,20:00:00,13.218,13.218,13.218,13.218,1629,0
2014-03-31,21:00:00,13.218,13.257,13.218,13.237,4024,0
2014-03-31,22:00:00,13.228,13.247,13.228,13.247,9763,0
2014-04-01,16:00:00,13.257,13.257,13.228,13.237,3650,0
2014-04-01,17:00:00,13.237,13.277,13.208,13.237,16068,0
2014-04-01,18:00:00,13.257,13.267,13.237,13.247,3705,0
2014-04-01,19:00:00,13.247,13.267,13.247,13.247,1358,0
2014-04-01,20:00:00,13.247,13.257,13.247,13.247,11695,0
2014-04-01,21:00:00,13.247,13.267,13.237,13.267,9185,0
2014-04-01,22:00:00,13.247,13.267,13.188,13.237,17480,0
2014-04-02,16:00:00,13.178,13.208,13.158,13.208,2261,0
2014-04-02,17:00:00,13.228,13.237,13.168,13.188,18516,0
2014-04-02,18:00:00,13.198,13.247,13.178,13.188,31286,0
2014-04-02,19:00:00,13.188,13.208,13.178,13.208,1651,0
2014-04-02,20:00:00,13.208,13.237,13.208,13.237,3825,0
2014-04-02,21:00:00,13.247,13.247,13.218,13.218,7266,0
2014-04-02,22:00:00,13.208,13.218,13.118,13.118,19127,0
2014-04-03,16:00:00,13.158,13.158,13.118,13.158,4499,0
2014-04-03,17:00:00,13.158,13.178,13.118,13.168,11717,0
2014-04-03,18:00:00,13.158,13.198,13.158,13.188,12604,0
2014-04-03,19:00:00,13.178,13.178,13.168,13.168,4229,0
2014-04-03,20:00:00,13.178,13.237,13.158,13.208,94989,0
2014-04-03,21:00:00,13.198,13.237,13.178,13.178,4674,0
2014-04-03,22:00:00,13.188,13.287,13.188,13.228,46559,0
2014-04-04,16:00:00,13.307,13.317,13.277,13.307,3381,0
2014-04-04,17:00:00,13.297,13.307,13.257,13.287,8211,0
2014-04-04,18:00:00,13.287,13.297,13.247,13.247,5277,0
2014-04-04,19:00:00,13.287,13.287,13.247,13.287,11575,0
2014-04-04,20:00:00,13.247,13.287,13.247,13.287,8343,0
2014-04-04,21:00:00,13.287,13.297,13.267,13.267,1841,0
2014-04-04,22:00:00,13.297,13.307,13.277,13.307,8314,0
2014-04-07,16:00:00,13.327,13.327,13.297,13.297,848,0
2014-04-07,17:00:00,13.317,13.327,13.317,13.317,4486,0
2014-04-07,18:00:00,13.307,13.327,13.307,13.327,2466,0
2014-04-07,19:00:00,13.307,13.307,13.287,13.287,9480,0
2014-04-07,20:00:00,13.297,13.327,13.297,13.297,9221,0
2014-04-07,21:00:00,13.297,13.297,13.287,13.297,11567,0
2014-04-07,22:00:00,13.287,13.307,13.277,13.287,24743,0
2014-04-08,16:00:00,13.287,13.307,13.277,13.277,10141,0
2014-04-08,17:00:00,13.307,13.307,13.267,13.277,5678,0
2014-04-08,18:00:00,13.287,13.307,13.267,13.287,11982,0
2014-04-08,19:00:00,13.287,13.317,13.287,13.287,13248,0
2014-04-08,20:00:00,13.297,13.297,13.267,13.287,9563,0
2014-04-08,21:00:00,13.267,13.297,13.247,13.257,20855,0
2014-04-08,22:00:00,13.277,13.277,13.247,13.257,9560,0
2014-04-09,16:00:00,13.267,13.297,13.247,13.257,3264,0
2014-04-09,17:00:00,13.257,13.297,13.247,13.257,9538,0
2014-04-09,18:00:00,13.257,13.277,13.257,13.277,3524,0
2014-04-09,19:00:00,13.277,13.307,13.277,13.307,5843,0
2014-04-09,20:00:00,13.287,13.327,13.287,13.297,2183,0
2014-04-09,21:00:00,13.287,13.307,13.277,13.277,3713,0
2014-04-09,22:00:00,13.307,13.307,13.277,13.307,36349,0
2014-04-10,16:00:00,13.307,13.327,13.287,13.317,4367,0
2014-04-10,18:00:00,13.327,13.347,13.317,13.317,15302,0
2014-04-10,19:00:00,13.327,13.337,13.297,13.317,13972,0
2014-04-10,20:00:00,13.327,13.337,13.307,13.337,4934,0
2014-04-10,21:00:00,13.337,13.337,13.327,13.327,808,0
2014-04-10,22:00:00,13.327,13.347,13.327,13.327,8762,0
2014-04-11,16:00:00,13.35,13.42,13.35,13.42,6806,0
2014-04-11,17:00:00,13.39,13.44,13.39,13.4,13976,0
2014-04-11,18:00:00,13.4,13.4,13.36,13.38,5440,0
2014-04-11,19:00:00,13.38,13.38,13.38,13.38,1450,0
2014-04-11,20:00:00,13.38,13.38,13.38,13.38,250,0
2014-04-11,21:00:00,13.41,13.41,13.38,13.39,4902,0
2014-04-11,22:00:00,13.41,13.41,13.37,13.39,7787,0
2014-04-14,16:00:00,13.4,13.43,13.37,13.37,4700,0
2014-04-14,17:00:00,13.37,13.41,13.37,13.4,14660,0
2014-04-14,18:00:00,13.4,13.42,13.38,13.38,8954,0
2014-04-14,19:00:00,13.38,13.38,13.37,13.38,2617,0
2014-04-14,20:00:00,13.37,13.38,13.37,13.38,1950,0
2014-04-14,21:00:00,13.37,13.37,13.34,13.34,2100,0
2014-04-14,22:00:00,13.36,13.37,13.33,13.34,5030,0
2014-04-15,16:00:00,13.33,13.36,13.32,13.35,4656,0
2014-04-15,17:00:00,13.36,13.36,13.34,13.35,7990,0
2014-04-15,18:00:00,13.35,13.4,13.34,13.39,18910,0
2014-04-15,19:00:00,13.4,13.4,13.38,13.4,8100,0
2014-04-15,20:00:00,13.4,13.4,13.38,13.38,1900,0
2014-04-15,21:00:00,13.4,13.4,13.37,13.38,6775,0
2014-04-15,22:00:00,13.39,13.39,13.34,13.37,8129,0
2014-04-16,16:00:00,13.36,13.38,13.34,13.38,6613,0
2014-04-16,17:00:00,13.38,13.43,13.37,13.41,17932,0
2014-04-16,18:00:00,13.41,13.44,13.41,13.44,14740,0
2014-04-16,19:00:00,13.45,13.45,13.44,13.45,5621,0
2014-04-16,20:00:00,13.46,13.47,13.45,13.47,3321,0
2014-04-16,21:00:00,13.47,13.47,13.43,13.46,13411,0
2014-04-16,22:00:00,13.46,13.47,13.46,13.47,3346,0
2014-04-17,16:00:00,13.47,13.53,13.47,13.52,13009,0
2014-04-17,17:00:00,13.52,13.52,13.49,13.5,15504,0
2014-04-17,18:00:00,13.5,13.53,13.49,13.53,8041,0
2014-04-17,19:00:00,13.54,13.54,13.49,13.49,4770,0
2014-04-17,20:00:00,13.49,13.49,13.48,13.48,4403,0
2014-04-17,21:00:00,13.48,13.49,13.48,13.49,3557,0
2014-04-17,22:00:00,13.48,13.49,13.48,13.49,8304,0
2014-04-21,16:00:00,13.47,13.52,13.47,13.52,1251,0
2014-04-21,17:00:00,13.53,13.54,13.49,13.54,8871,0
2014-04-21,18:00:00,13.54,13.54,13.54,13.54,2704,0
2014-04-21,19:00:00,13.54,13.55,13.52,13.53,8318,0
2014-04-21,20:00:00,13.51,13.53,13.48,13.49,4633,0
2014-04-21,21:00:00,13.48,13.49,13.48,13.48,2684,0
2014-04-21,22:00:00,13.48,13.53,13.48,13.53,7379,0
2014-04-22,16:00:00,13.53,13.54,13.51,13.54,1654,0
2014-04-22,17:00:00,13.53,13.53,13.53,13.53,900,0
2014-04-22,18:00:00,13.51,13.54,13.51,13.54,1625,0
2014-04-22,19:00:00,13.54,13.54,13.54,13.54,2580,0
2014-04-22,20:00:00,13.54,13.54,13.53,13.53,15118,0
2014-04-22,21:00:00,13.54,13.55,13.54,13.55,6975,0
2014-04-22,22:00:00,13.56,13.6,13.56,13.6,16943,0
2014-04-23,16:00:00,13.61,13.61,13.61,13.61,566,0
2014-04-23,17:00:00,13.63,13.65,13.62,13.65,8873,0
2014-04-23,18:00:00,13.65,13.69,13.65,13.69,10698,0
2014-04-23,19:00:00,13.69,13.71,13.69,13.71,7428,0
2014-04-23,20:00:00,13.7,13.73,13.7,13.73,4688,0
2014-04-23,21:00:00,13.73,13.74,13.69,13.72,7870,0
2014-04-23,22:00:00,13.7,13.72,13.69,13.71,11000,0
2014-04-24,16:00:00,13.7,13.73,13.7,13.73,4274,0
2014-04-24,17:00:00,13.73,13.74,13.72,13.74,6699,0
2014-04-24,18:00:00,13.75,13.77,13.74,13.75,10725,0
2014-04-24,19:00:00,13.75,13.75,13.72,13.73,10319,0
2014-04-24,20:00:00,13.73,13.76,13.73,13.75,5075,0
2014-04-24,21:00:00,13.75,13.75,13.74,13.74,1750,0
2014-04-24,22:00:00,13.74,13.76,13.74,13.76,5000,0
2014-04-25,16:00:00,13.77,13.81,13.74,13.8,8349,0
2014-04-25,17:00:00,13.81,13.88,13.75,13.83,22082,0
2014-04-25,18:00:00,13.83,13.83,13.79,13.79,5492,0
2014-04-25,19:00:00,13.8,13.85,13.79,13.82,12730,0
2014-04-25,20:00:00,13.83,13.83,13.81,13.83,1563,0
2014-04-25,21:00:00,13.81,13.81,13.78,13.78,9480,0
2014-04-25,22:00:00,13.82,13.82,13.76,13.76,8492,0
2014-04-28,16:00:00,13.78,13.82,13.75,13.82,10364,0
2014-04-28,17:00:00,13.84,13.85,13.82,13.85,15365,0
2014-04-28,18:00:00,13.83,13.85,13.82,13.82,9271,0
2014-04-28,19:00:00,13.82,13.82,13.74,13.74,5376,0
2014-04-28,20:00:00,13.77,13.77,13.72,13.73,15118,0
2014-04-28,22:00:00,13.76,13.76,13.71,13.75,5902,0
2014-04-29,16:00:00,13.74,13.74,13.74,13.74,1875,0
2014-04-29,17:00:00,13.72,13.73,13.66,13.71,13405,0
2014-04-29,18:00:00,13.72,13.72,13.66,13.66,934,0
2014-04-29,19:00:00,13.66,13.72,13.65,13.72,8852,0
2014-04-29,20:00:00,13.71,13.76,13.71,13.72,5066,0
2014-04-29,21:00:00,13.74,13.74,13.71,13.73,7185,0
2014-04-29,22:00:00,13.72,13.73,13.71,13.73,8548,0
2014-04-30,16:00:00,13.76,13.79,13.75,13.75,3978,0
2014-04-30,17:00:00,13.75,13.77,13.75,13.77,7795,0
2014-04-30,18:00:00,13.77,13.79,13.77,13.79,4602,0
2014-04-30,19:00:00,13.79,13.81,13.77,13.81,11470,0
2014-04-30,20:00:00,13.8,13.81,13.79,13.81,2800,0
2014-04-30,21:00:00,13.79,13.81,13.77,13.78,19609,0
2014-04-30,22:00:00,13.76,13.78,13.74,13.76,11017,0
2014-05-01,16:00:00,13.75,13.82,13.75,13.81,6559,0
2014-05-01,17:00:00,13.81,13.83,13.79,13.83,17380,0
2014-05-01,18:00:00,13.83,13.85,13.8,13.84,20726,0
2014-05-01,19:00:00,13.84,13.85,13.79,13.82,12711,0
2014-05-01,20:00:00,13.83,13.85,13.81,13.85,8021,0
2014-05-01,21:00:00,13.85,13.85,13.83,13.83,2500,0
2014-05-01,22:00:00,13.85,13.85,13.75,13.79,50501,0
2014-05-02,16:00:00,13.8,13.8,13.73,13.73,12287,0
2014-05-02,17:00:00,13.75,13.75,13.68,13.73,28142,0
2014-05-02,18:00:00,13.73,13.76,13.7,13.73,39199,0
2014-05-02,19:00:00,13.73,13.77,13.68,13.76,23142,0
2014-05-02,20:00:00,13.77,13.77,13.77,13.77,3995,0
2014-05-02,21:00:00,13.76,13.77,13.72,13.75,7111,0
2014-05-02,22:00:00,13.74,13.76,13.74,13.76,13012,0
2014-05-05,16:00:00,13.78,13.78,13.74,13.75,2700,0
2014-05-05,17:00:00,13.75,13.78,13.74,13.77,13651,0
2014-05-05,18:00:00,13.79,13.83,13.79,13.83,4168,0
2014-05-05,19:00:00,13.83,13.83,13.8,13.8,2088,0
2014-05-05,20:00:00,13.8,13.8,13.8,13.8,100,0
2014-05-05,21:00:00,13.8,13.8,13.8,13.8,500,0
2014-05-05,22:00:00,13.79,13.79,13.76,13.76,11756,0
2014-05-06,17:00:00,13.78,13.82,13.78,13.79,7489,0
2014-05-06,18:00:00,13.79,13.83,13.78,13.83,5158,0
2014-05-06,19:00:00,13.82,13.83,13.81,13.83,1454,0
2014-05-06,20:00:00,13.83,13.83,13.79,13.8,6553,0
2014-05-06,21:00:00,13.78,13.81,13.78,13.78,7171,0
2014-05-06,22:00:00,13.79,13.81,13.77,13.79,12238,0
2014-05-07,16:00:00,13.79,13.79,13.78,13.79,1112,0
2014-05-07,17:00:00,13.79,13.8,13.74,13.77,16472,0
2014-05-07,18:00:00,13.78,13.78,13.74,13.78,5590,0
2014-05-07,19:00:00,13.78,13.79,13.78,13.79,4259,0
2014-05-07,20:00:00,13.79,13.81,13.79,13.8,3932,0
2014-05-07,21:00:00,13.79,13.82,13.79,13.81,9600,0
2014-05-07,22:00:00,13.81,13.83,13.81,13.83,13974,0
