Date,Time,Open,High,Low,Close,Volume,OpenInt
2014-02-10,16:00:00,27.22,27.22,27.18,27.21,7922,0
2014-02-10,17:00:00,27.21,27.22,27.13,27.16,25058,0
2014-02-10,18:00:00,27.15,27.21,27.13,27.17,25332,0
2014-02-10,19:00:00,27.17,27.26,27.16,27.21,565596,0
2014-02-10,20:00:00,27.21,27.21,27.16,27.17,21800,0
2014-02-10,21:00:00,27.17,27.19,27.14,27.16,17200,0
2014-02-10,22:00:00,27.17,27.2,27.14,27.2,40412,0
2014-02-11,16:00:00,27.18,27.32,27.18,27.3,19489,0
2014-02-11,17:00:00,27.31,27.37,27.3,27.34,17347,0
2014-02-11,18:00:00,27.35,27.43,27.35,27.42,24365,0
2014-02-11,19:00:00,27.41,27.43,27.39,27.43,13035,0
2014-02-11,20:00:00,27.42,27.44,27.41,27.43,16019,0
2014-02-11,21:00:00,27.43,27.47,27.4,27.47,39016,0
2014-02-11,22:00:00,27.47,27.48,27.43,27.47,118866,0
2014-02-12,16:00:00,27.62,27.64,27.58,27.64,15451,0
2014-02-12,17:00:00,27.64,27.69,27.61,27.67,22514,0
2014-02-12,18:00:00,27.67,27.7,27.65,27.7,19403,0
2014-02-12,19:00:00,27.7,27.7,27.64,27.64,13549,0
2014-02-12,20:00:00,27.64,27.67,27.63,27.67,24112,0
2014-02-12,21:00:00,27.66,27.71,27.64,27.65,36392,0
2014-02-12,22:00:00,27.66,27.71,27.65,27.71,51415,0
2014-02-13,16:00:00,27.52,27.57,27.47,27.56,36752,0
2014-02-13,17:00:00,27.56,27.66,27.55,27.65,67502,0
2014-02-13,18:00:00,27.64,27.68,27.62,27.63,13048,0
2014-02-13,19:00:00,27.62,27.67,27.6,27.67,24701,0
2014-02-13,20:00:00,27.67,27.75,27.66,27.75,17986,0
2014-02-13,21:00:00,27.75,27.77,27.71,27.75,28713,0
2014-02-13,22:00:00,27.75,27.79,27.73,27.75,58096,0
2014-02-14,16:00:00,27.48,27.66,27.48,27.61,30325,0
2014-02-14,17:00:00,27.62,27.7,27.59,27.66,29448,0
2014-02-14,18:00:00,27.65,27.68,27.6,27.6,46661,0
2014-02-14,19:00:00,27.6,27.65,27.58,27.6,21632,0
2014-02-14,20:00:00,27.59,27.66,27.57,27.62,26866,0
2014-02-14,21:00:00,27.63,27.66,27.61,27.62,43235,0
2014-02-14,22:00:00,27.62,27.64,27.59,27.59,112867,0
2014-02-18,16:00:00,27.6,27.66,27.56,27.61,39032,0
2014-02-18,17:00:00,27.62,27.64,27.56,27.64,23520,0
2014-02-18,18:00:00,27.64,27.67,27.63,27.64,14653,0
2014-02-18,19:00:00,27.64,27.68,27.63,27.68,24039,0
2014-02-18,20:00:00,27.68,27.71,27.66,27.67,21907,0
2014-02-18,21:00:00,27.66,27.7,27.65,27.7,28845,0
2014-02-18,22:00:00,27.69,27.71,27.66,27.67,44223,0
2014-02-19,16:00:00,27.76,27.82,27.76,27.79,12311,0
2014-02-19,17:00:00,27.79,27.87,27.78,27.87,18507,0
2014-02-19,18:00:00,27.87,27.9,27.84,27.85,18197,0
2014-02-19,19:00:00,27.84,27.87,27.79,27.83,26507,0
2014-02-19,20:00:00,27.84,27.88,27.83,27.88,13030,0
2014-02-19,21:00:00,27.87,27.91,27.84,27.87,30192,0
2014-02-19,22:00:00,27.87,27.87,27.75,27.8,94005,0
2014-02-20,16:00:00,27.58,27.71,27.57,27.63,30932,0
2014-02-20,17:00:00,27.61,27.66,27.59,27.66,14379,0
2014-02-20,18:00:00,27.66,27.66,27.63,27.65,16836,0
2014-02-20,19:00:00,27.66,27.7,27.65,27.7,29611,0
2014-02-20,20:00:00,27.69,27.7,27.65,27.67,16038,0
2014-02-20,21:00:00,27.68,27.7,27.65,27.66,22562,0
2014-02-20,22:00:00,27.67,27.69,27.65,27.67,36147,0
2014-02-21,16:00:00,27.72,27.88,27.72,27.86,39937,0
2014-02-21,17:00:00,27.85,27.89,27.76,27.8,13281,0
2014-02-21,18:00:00,27.8,27.82,27.77,27.77,12527,0
2014-02-21,19:00:00,27.76,27.8,27.76,27.8,11016,0
2014-02-21,20:00:00,27.8,27.82,27.76,27.78,11749,0
2014-02-21,21:00:00,27.77,27.77,27.71,27.75,23740,0
2014-02-21,22:00:00,27.76,27.78,27.72,27.73,26596,0
2014-02-24,16:00:00,27.97,28.02,27.93,28.01,45600,0
2014-02-24,17:00:00,28.01,28.09,27.97,28.02,41923,0
2014-02-24,18:00:00,28.01,28.09,28.01,28.09,13813,0
2014-02-24,19:00:00,28.09,28.1,28.05,28.05,6742,0
2014-02-24,20:00:00,28.05,28.14,28.04,28.13,28420,0
2014-02-24,21:00:00,28.13,28.14,28.05,28.05,21059,0
2014-02-24,22:00:00,28.05,28.1,28.03,28.08,73588,0
2014-02-25,16:00:00,28.08,28.14,28.03,28.05,55999,0
2014-02-25,17:00:00,28.07,28.11,28.06,28.1,11502,0
2014-02-25,18:00:00,28.1,28.18,28.1,28.1,15829,0
2014-02-25,19:00:00,28.08,28.16,28.06,28.15,12721,0
2014-02-25,20:00:00,28.15,28.15,28.09,28.1,11261,0
2014-02-25,21:00:00,28.1,28.11,28.05,28.09,28156,0
2014-02-25,22:00:00,28.09,28.1,28.04,28.1,43963,0
2014-02-26,16:00:00,28.32,28.4,28.27,28.3,21047,0
2014-02-26,17:00:00,28.3,28.37,28.27,28.27,23671,0
2014-02-26,18:00:00,28.28,28.31,28.25,28.25,14560,0
2014-02-26,19:00:00,28.25,28.35,28.25,28.34,17085,0
2014-02-26,20:00:00,28.32,28.32,28.27,28.27,22506,0
2014-02-26,21:00:00,28.27,28.27,28.17,28.18,35936,0
2014-02-26,22:00:00,28.18,28.28,28.17,28.28,84106,0
2014-02-27,16:00:00,27.96,27.96,27.87,27.93,7351,0
2014-02-27,17:00:00,27.94,27.98,27.9,27.95,25766,0
2014-02-27,18:00:00,27.94,27.99,27.94,27.98,15771,0
2014-02-27,19:00:00,27.98,28.01,27.97,28.01,21601,0
2014-02-27,20:00:00,28.01,28.06,27.99,28.04,17999,0
2014-02-27,21:00:00,28.04,28.07,28.04,28.05,25727,0
2014-02-27,22:00:00,28.05,28.09,28.04,28.08,52113,0
2014-02-28,16:00:00,28.14,28.15,28.1,28.14,14416,0
2014-02-28,17:00:00,28.14,28.19,28.14,28.16,12944,0
2014-02-28,18:00:00,28.16,28.17,28.14,28.17,12311,0
2014-02-28,19:00:00,28.16,28.17,28.16,28.17,11318,0
2014-02-28,20:00:00,28.16,28.17,28.16,28.17,15590,0
2014-02-28,21:00:00,28.17,28.22,28.16,28.19,32818,0
2014-02-28,22:00:00,28.18,28.24,28.17,28.24,97531,0
2014-03-03,16:00:00,27.46,27.58,27.39,27.53,27062,0
2014-03-03,17:00:00,27.52,28.19,27.46,27.53,21520,0
2014-03-03,18:00:00,27.52,27.52,27.38,27.38,37676,0
2014-03-03,19:00:00,27.38,27.4,27.34,27.36,62044,0
2014-03-03,20:00:00,27.36,27.4,27.36,27.39,15426,0
2014-03-03,21:00:00,27.39,27.44,27.39,27.43,21459,0
2014-03-03,22:00:00,27.42,27.48,27.4,27.44,174321,0
2014-03-04,16:00:00,28.05,28.16,28.05,28.16,17603,0
2014-03-04,17:00:00,28.14,28.16,28.09,28.11,28332,0
2014-03-04,18:00:00,28.12,28.18,28.1,28.17,18826,0
2014-03-04,19:00:00,28.17,28.18,28.16,28.16,14850,0
2014-03-04,20:00:00,28.16,28.21,28.15,28.17,23963,0
2014-03-04,21:00:00,28.17,28.22,28.17,28.2,26805,0
2014-03-04,22:00:00,28.2,28.29,28.19,28.25,76016,0
2014-03-05,16:00:00,28.42,28.46,28.35,28.45,16666,0
2014-03-05,17:00:00,28.45,28.56,28.44,28.45,33478,0
2014-03-05,18:00:00,28.47,28.54,28.43,28.5,17602,0
2014-03-05,19:00:00,28.48,28.48,28.45,28.47,17181,0
2014-03-05,20:00:00,28.48,28.54,28.48,28.51,13955,0
2014-03-05,21:00:00,28.51,28.55,28.51,28.54,24178,0
2014-03-05,22:00:00,28.55,28.55,28.49,28.54,39801,0
2014-03-06,16:00:00,28.8,28.82,28.63,28.77,5175,0
2014-03-06,17:00:00,28.76,28.77,28.68,28.68,10583,0
2014-03-06,18:00:00,28.7,28.71,28.61,28.67,22435,0
2014-03-06,19:00:00,28.66,28.69,28.63,28.65,14578,0
2014-03-06,20:00:00,28.66,28.71,28.63,28.68,17205,0
2014-03-06,21:00:00,28.65,28.75,28.62,28.71,47925,0
2014-03-06,22:00:00,28.71,28.75,28.69,28.71,56106,0
2014-03-07,16:00:00,28.78,28.78,28.74,28.75,4365,0
2014-03-07,17:00:00,28.74,28.77,28.68,28.68,30273,0
2014-03-07,18:00:00,28.68,28.69,28.6,28.66,17674,0
2014-03-07,19:00:00,28.66,28.67,28.63,28.65,13408,0
2014-03-07,20:00:00,28.64,28.65,28.62,28.64,11109,0
2014-03-07,21:00:00,28.65,28.68,28.63,28.64,31063,0
2014-03-07,22:00:00,28.65,28.66,28.61,28.65,66980,0
2014-03-10,15:00:00,28.39,28.39,28.3,28.31,19320,0
2014-03-10,16:00:00,28.32,28.34,28.22,28.25,67500,0
2014-03-10,17:00:00,28.23,28.33,28.23,28.31,16072,0
2014-03-10,18:00:00,28.31,28.33,28.3,28.31,18684,0
2014-03-10,19:00:00,28.33,28.35,28.31,28.33,12970,0
2014-03-10,20:00:00,28.33,28.33,28.26,28.29,42988,0
2014-03-10,21:00:00,28.28,28.35,28.27,28.35,87951,0
2014-03-11,15:00:00,28.74,28.76,28.63,28.67,20514,0
2014-03-11,16:00:00,28.7,28.75,28.62,28.74,33590,0
2014-03-11,17:00:00,28.75,28.77,28.67,28.74,96936,0
2014-03-11,18:00:00,28.72,28.74,28.65,28.67,17983,0
2014-03-11,19:00:00,28.67,28.68,28.65,28.67,24244,0
2014-03-11,20:00:00,28.67,28.68,28.61,28.64,43460,0
2014-03-11,21:00:00,28.65,28.73,28.64,28.68,111602,0
2014-03-12,15:00:00,28.58,28.71,28.55,28.6,13049,0
2014-03-12,16:00:00,28.6,28.65,28.58,28.61,41462,0
2014-03-12,17:00:00,28.61,28.69,28.61,28.65,20693,0
2014-03-12,18:00:00,28.64,28.69,28.62,28.68,14417,0
2014-03-12,19:00:00,28.69,28.69,28.62,28.66,20824,0
2014-03-12,20:00:00,28.64,28.7,28.63,28.68,42790,0
2014-03-12,21:00:00,28.68,28.75,28.65,28.75,62833,0
2014-03-13,15:00:00,29.12,29.19,29.07,29.11,13690,0
2014-03-13,16:00:00,29.09,29.21,29.08,29.08,29938,0
2014-03-13,17:00:00,29.09,29.13,29.01,29.04,19292,0
2014-03-13,18:00:00,29.04,29.04,28.89,28.89,16241,0
2014-03-13,19:00:00,28.87,28.93,28.82,28.88,17401,0
2014-03-13,20:00:00,28.89,28.96,28.88,28.92,38951,0
2014-03-13,21:00:00,28.93,29.02,28.91,29.01,80830,0
2014-03-14,15:00:00,28.55,28.62,28.52,28.6,26619,0
2014-03-14,16:00:00,28.61,28.71,28.61,28.61,19321,0
2014-03-14,17:00:00,28.6,28.69,28.53,28.68,24973,0
2014-03-14,18:00:00,28.68,28.7,28.64,28.69,15042,0
2014-03-14,19:00:00,28.68,28.7,28.61,28.65,25086,0
2014-03-14,20:00:00,28.65,28.65,28.58,28.59,33598,0
2014-03-14,21:00:00,28.59,28.65,28.58,28.64,42284,0
2014-03-17,15:00:00,27.84,27.98,27.81,27.93,88451,0
2014-03-17,16:00:00,27.91,27.98,27.91,27.97,54355,0
2014-03-17,17:00:00,27.97,28.04,27.96,28.04,28294,0
2014-03-17,18:00:00,28.04,28.07,28.04,28.05,21229,0
2014-03-17,19:00:00,28.05,28.07,28.02,28.05,19340,0
2014-03-17,20:00:00,28.05,28.07,28.03,28.04,33629,0
2014-03-17,21:00:00,28.04,28.05,27.98,28.01,72645,0
2014-03-18,15:00:00,28.16,28.29,28.16,28.29,21875,0
2014-03-18,16:00:00,28.29,28.48,28.29,28.44,35163,0
2014-03-18,17:00:00,28.42,28.47,28.42,28.45,15418,0
2014-03-18,18:00:00,28.45,28.49,28.45,28.47,22687,0
2014-03-18,19:00:00,28.47,28.51,28.46,28.49,18956,0
2014-03-18,20:00:00,28.49,28.53,28.49,28.5,50983,0
2014-03-18,21:00:00,28.49,28.5,28.44,28.45,108364,0
2014-03-19,15:00:00,27.92,27.99,27.89,27.94,76888,0
2014-03-19,16:00:00,27.94,27.94,27.89,27.91,92303,0
2014-03-19,17:00:00,27.91,27.92,27.79,27.79,39987,0
2014-03-19,18:00:00,27.79,27.87,27.77,27.84,32608,0
2014-03-19,19:00:00,27.86,27.94,27.86,27.94,37419,0
2014-03-19,20:00:00,27.93,27.93,27.74,27.85,28558,0
2014-03-19,21:00:00,27.82,27.82,27.63,27.81,72528,0
2014-03-20,15:00:00,27.63,27.65,27.49,27.54,55704,0
2014-03-20,16:00:00,27.55,27.73,27.55,27.72,32834,0
2014-03-20,17:00:00,27.71,27.77,27.71,27.76,36129,0
2014-03-20,18:00:00,27.76,27.83,27.75,27.82,42905,0
2014-03-20,19:00:00,27.83,27.85,27.82,27.84,22467,0
2014-03-20,20:00:00,27.84,27.88,27.83,27.84,38573,0
2014-03-20,21:00:00,27.84,27.85,27.8,27.83,57650,0
2014-03-21,15:00:00,27.95,27.95,27.82,27.88,26353,0
2014-03-21,16:00:00,27.88,27.91,27.85,27.89,21384,0
2014-03-21,17:00:00,27.9,27.9,27.88,27.89,14736,0
2014-03-21,18:00:00,27.9,27.9,27.8,27.83,76297,0
2014-03-21,19:00:00,27.83,27.84,27.79,27.79,15088,0
2014-03-21,20:00:00,27.79,27.83,27.75,27.81,24144,0
2014-03-21,21:00:00,27.8,27.85,27.74,27.8,186147,0
2014-03-24,15:00:00,27,27.17,27,27.14,59221,0
2014-03-24,16:00:00,27.13,27.14,27.06,27.07,54474,0
2014-03-24,17:00:00,27.07,27.1,27,27.09,35357,0
2014-03-24,18:00:00,27.1,27.1,27.03,27.09,20773,0
2014-03-24,19:00:00,27.09,27.11,27.07,27.11,109754,0
2014-03-24,20:00:00,27.11,27.14,27.1,27.1,41735,0
2014-03-24,21:00:00,27.1,27.14,27.07,27.1,62162,0
2014-03-25,15:00:00,26.88,26.92,26.82,26.87,35872,0
2014-03-25,16:00:00,26.87,26.88,26.74,26.76,58090,0
2014-03-25,17:00:00,26.75,26.81,26.74,26.76,40784,0
2014-03-25,18:00:00,26.77,26.84,26.75,26.84,24857,0
2014-03-25,19:00:00,26.84,26.87,26.83,26.86,41462,0
2014-03-25,20:00:00,26.87,26.88,26.8,26.8,49265,0
2014-03-25,21:00:00,26.79,26.82,26.78,26.8,69283,0
2014-03-26,15:00:00,26.51,26.59,26.4,26.54,39266,0
2014-03-26,16:00:00,26.54,26.67,26.52,26.66,47288,0
2014-03-26,17:00:00,26.65,26.7,26.65,26.69,46567,0
2014-03-26,18:00:00,26.69,26.69,26.61,26.65,19532,0
2014-03-26,19:00:00,26.66,26.66,26.59,26.6,13662,0
2014-03-26,20:00:00,26.6,26.63,26.57,26.63,31802,0
2014-03-26,21:00:00,26.64,26.64,26.51,26.52,72325,0
2014-03-27,15:00:00,26.65,26.73,26.63,26.71,15568,0
2014-03-27,16:00:00,26.7,26.82,26.7,26.81,18491,0
2014-03-27,17:00:00,26.81,26.84,26.77,26.82,41916,0
2014-03-27,18:00:00,26.81,26.88,26.79,26.85,73860,0
2014-03-27,19:00:00,26.85,26.87,26.83,26.84,25128,0
2014-03-27,20:00:00,26.85,26.86,26.83,26.86,35016,0
2014-03-27,21:00:00,26.86,26.9,26.83,26.84,78237,0
2014-03-28,15:00:00,26.82,26.89,26.79,26.82,19167,0
2014-03-28,16:00:00,26.81,26.84,26.8,26.83,15958,0
2014-03-28,17:00:00,26.83,26.83,26.79,26.8,16471,0
2014-03-28,18:00:00,26.8,26.82,26.78,26.82,12116,0
2014-03-28,19:00:00,26.81,26.82,26.77,26.8,55677,0
2014-03-28,20:00:00,26.79,26.79,26.71,26.75,48502,0
2014-03-28,21:00:00,26.76,26.78,26.71,26.72,85701,0
2014-03-31,16:00:00,27.17,27.24,27.16,27.24,34345,0
2014-03-31,17:00:00,27.24,27.31,27.24,27.29,40898,0
2014-03-31,18:00:00,27.28,27.3,27.28,27.28,24915,0
2014-03-31,19:00:00,27.29,27.33,27.28,27.28,23313,0
2014-03-31,20:00:00,27.29,27.33,27.27,27.29,40648,0
2014-03-31,21:00:00,27.29,27.32,27.28,27.29,34872,0
2014-03-31,22:00:00,27.29,27.3,27.23,27.24,76841,0
2014-04-01,16:00:00,27.08,27.08,26.89,26.93,38094,0
2014-04-01,17:00:00,26.95,26.95,26.86,26.88,38220,0
2014-04-01,18:00:00,26.88,26.96,26.86,26.94,19971,0
2014-04-01,19:00:00,26.94,26.97,26.91,26.95,19749,0
2014-04-01,20:00:00,26.96,26.97,26.94,26.95,25999,0
2014-04-01,21:00:00,26.95,26.95,26.91,26.92,34739,0
2014-04-01,22:00:00,26.92,26.93,26.88,26.91,63101,0
2014-04-02,16:00:00,27,27.03,26.92,26.98,21723,0
2014-04-02,17:00:00,26.99,27.02,26.99,27.02,15570,0
2014-04-02,18:00:00,27.01,27.03,26.98,27.01,15087,0
2014-04-02,19:00:00,27.02,27.06,27.02,27.06,19400,0
2014-04-02,20:00:00,27.06,27.06,27.03,27.05,19979,0
2014-04-02,21:00:00,27.05,27.12,27.04,27.12,29238,0
2014-04-02,22:00:00,27.12,27.16,27.11,27.13,53898,0
2014-04-03,16:00:00,26.92,26.95,26.8,26.85,20195,0
2014-04-03,17:00:00,26.83,26.86,26.8,26.82,21071,0
2014-04-03,18:00:00,26.81,26.84,26.65,26.83,24284,0
2014-04-03,19:00:00,26.83,26.83,26.79,26.81,17635,0
2014-04-03,20:00:00,26.81,26.83,26.81,26.81,8268,0
2014-04-03,21:00:00,26.81,26.82,26.79,26.81,27563,0
2014-04-03,22:00:00,26.81,26.85,26.8,26.82,33275,0
2014-04-04,16:00:00,26.91,26.91,26.62,26.63,26708,0
2014-04-04,17:00:00,26.63,26.73,26.62,26.71,25705,0
2014-04-04,18:00:00,26.71,26.71,26.62,26.63,28726,0
2014-04-04,19:00:00,26.63,26.63,26.54,26.55,18629,0
2014-04-04,20:00:00,26.56,26.56,26.4,26.49,37795,0
2014-04-04,21:00:00,26.51,26.54,26.47,26.48,35842,0
2014-04-04,22:00:00,26.48,26.55,26.46,26.47,87347,0
2014-04-07,16:00:00,26.22,26.32,26.15,26.25,38479,0
2014-04-07,17:00:00,26.23,26.24,26.2,26.22,11485,0
2014-04-07,18:00:00,26.22,26.25,26.22,26.23,23573,0
2014-04-07,19:00:00,26.22,26.23,26.2,26.22,17453,0
2014-04-07,20:00:00,26.22,26.24,26.21,26.21,14888,0
2014-04-07,21:00:00,26.21,26.25,26.19,26.25,35267,0
2014-04-07,22:00:00,26.25,26.3,26.22,26.23,79591,0
2014-04-08,16:00:00,26,26.09,25.66,25.68,74619,0
2014-04-08,17:00:00,25.68,25.73,25.62,25.72,84346,0
2014-04-08,18:00:00,25.73,25.78,25.72,25.75,53664,0
2014-04-08,19:00:00,25.74,25.79,25.73,25.77,20262,0
2014-04-08,20:00:00,25.77,25.8,25.76,25.8,36016,0
2014-04-08,21:00:00,25.8,25.81,25.75,25.78,30519,0
2014-04-08,22:00:00,25.78,25.81,25.76,25.78,93388,0
2014-04-09,16:00:00,25.82,25.82,25.72,25.74,39280,0
2014-04-09,17:00:00,25.74,25.84,25.73,25.81,29142,0
2014-04-09,18:00:00,25.8,25.88,25.8,25.86,33035,0
2014-04-09,19:00:00,25.86,25.88,25.85,25.86,25531,0
2014-04-09,20:00:00,25.86,25.88,25.83,25.84,41300,0
2014-04-09,21:00:00,25.84,25.97,25.84,25.92,66279,0
2014-04-09,22:00:00,25.92,25.94,25.88,25.89,65292,0
2014-04-10,16:00:00,25.62,25.67,25.55,25.58,78276,0
2014-04-10,17:00:00,25.59,25.63,25.57,25.57,56119,0
2014-04-10,18:00:00,25.57,25.58,25.5,25.52,54388,0
2014-04-10,19:00:00,25.52,25.52,25.44,25.45,47226,0
2014-04-10,20:00:00,25.45,25.46,25.38,25.46,59246,0
2014-04-10,21:00:00,25.46,25.49,25.34,25.37,70806,0
2014-04-10,22:00:00,25.38,25.38,25.26,25.27,116384,0
2014-04-11,16:00:00,25.41,25.41,25.29,25.34,19693,0
2014-04-11,17:00:00,25.36,25.42,25.3,25.41,32098,0
2014-04-11,18:00:00,25.4,25.43,25.38,25.4,19287,0
2014-04-11,19:00:00,25.41,25.43,25.39,25.39,13311,0
2014-04-11,20:00:00,25.38,25.4,25.35,25.4,23506,0
2014-04-11,21:00:00,25.4,25.41,25.36,25.38,29500,0
2014-04-11,22:00:00,25.37,25.39,25.31,25.34,47804,0
2014-04-14,16:00:00,25.52,25.61,25.51,25.55,17322,0
2014-04-14,17:00:00,25.57,25.67,25.56,25.67,32377,0
2014-04-14,18:00:00,25.67,25.67,25.63,25.65,10551,0
2014-04-14,19:00:00,25.65,25.7,25.64,25.68,20148,0
2014-04-14,20:00:00,25.68,25.69,25.65,25.67,23936,0
2014-04-14,21:00:00,25.67,25.68,25.63,25.67,31223,0
2014-04-14,22:00:00,25.66,25.71,25.62,25.69,68742,0
2014-04-15,16:00:00,26.06,26.19,26,26.09,48924,0
2014-04-15,17:00:00,26.09,26.13,25.93,25.94,32791,0
2014-04-15,18:00:00,25.94,25.97,25.91,25.93,52721,0
2014-04-15,19:00:00,25.94,25.94,25.88,25.88,32834,0
2014-04-15,20:00:00,25.89,25.96,25.88,25.93,24522,0
2014-04-15,21:00:00,25.95,26,25.92,26,46378,0
2014-04-15,22:00:00,26,26.12,25.97,26.07,129073,0
2014-04-16,16:00:00,26.3,26.4,26.28,26.32,24854,0
2014-04-16,17:00:00,26.31,26.35,26.28,26.34,26981,0
2014-04-16,18:00:00,26.33,26.43,26.33,26.39,14377,0
2014-04-16,19:00:00,26.4,26.41,26.37,26.38,21293,0
2014-04-16,20:00:00,26.38,26.38,26.32,26.33,37901,0
2014-04-16,21:00:00,26.33,26.42,26.32,26.42,52228,0
2014-04-16,22:00:00,26.43,26.46,26.4,26.44,47068,0
2014-04-17,16:00:00,26.35,26.42,26.34,26.39,6441,0
2014-04-17,17:00:00,26.38,26.4,26.37,26.38,17353,0
2014-04-17,18:00:00,26.37,26.41,26.35,26.41,30633,0
2014-04-17,19:00:00,26.41,26.41,26.39,26.41,30497,0
2014-04-17,20:00:00,26.41,26.46,26.41,26.45,28151,0
2014-04-17,21:00:00,26.46,26.47,26.44,26.45,26156,0
2014-04-17,22:00:00,26.45,26.48,26.43,26.43,74329,0
2014-04-21,16:00:00,26.25,26.3,26.18,26.25,19354,0
2014-04-21,17:00:00,26.24,26.28,26.19,26.22,28143,0
2014-04-21,18:00:00,26.22,26.27,26.22,26.24,7889,0
2014-04-21,19:00:00,26.24,26.28,26.23,26.28,12269,0
2014-04-21,20:00:00,26.27,26.27,26.25,26.27,11785,0
2014-04-21,21:00:00,26.27,26.31,26.26,26.27,33120,0
2014-04-21,22:00:00,26.27,26.3,26.25,26.28,51449,0
2014-04-22,16:00:00,26.21,26.25,26.1,26.23,45461,0
2014-04-22,17:00:00,26.23,26.26,26.23,26.24,12857,0
2014-04-22,18:00:00,26.24,26.28,26.24,26.25,28069,0
2014-04-22,19:00:00,26.25,26.28,26.25,26.28,19398,0
2014-04-22,20:00:00,26.28,26.29,26.27,26.28,25709,0
2014-04-22,21:00:00,26.28,26.28,26.22,26.27,41667,0
2014-04-22,22:00:00,26.27,26.28,26.18,26.2,58637,0
2014-04-23,16:00:00,26.47,26.51,26.43,26.5,21070,0
2014-04-23,17:00:00,26.48,26.5,26.45,26.48,16304,0
2014-04-23,18:00:00,26.49,26.49,26.43,26.47,14854,0
2014-04-23,19:00:00,26.47,26.47,26.43,26.44,12868,0
2014-04-23,20:00:00,26.44,26.44,26.37,26.39,33277,0
2014-04-23,21:00:00,26.38,26.39,26.27,26.32,83414,0
2014-04-23,22:00:00,26.32,26.33,26.24,26.28,265192,0
2014-04-24,16:00:00,26.24,26.3,26.14,26.17,15692,0
2014-04-24,17:00:00,26.18,26.21,26.11,26.18,23950,0
2014-04-24,18:00:00,26.17,26.25,26.15,26.23,18795,0
2014-04-24,19:00:00,26.24,26.25,26.23,26.24,8321,0
2014-04-24,20:00:00,26.25,26.29,26.21,26.23,22405,0
2014-04-24,21:00:00,26.24,26.24,26.18,26.21,17260,0
2014-04-24,22:00:00,26.23,26.25,26.2,26.22,31657,0
2014-04-25,16:00:00,26.65,26.84,26.6,26.65,83792,0
2014-04-25,17:00:00,26.65,26.78,26.64,26.76,69898,0
2014-04-25,18:00:00,26.76,26.79,26.71,26.78,55639,0
2014-04-25,19:00:00,26.78,26.91,26.76,26.89,41286,0
2014-04-25,20:00:00,26.88,26.88,26.84,26.88,47954,0
2014-04-25,21:00:00,26.88,26.89,26.85,26.89,54355,0
2014-04-25,22:00:00,26.88,26.91,26.84,26.84,74299,0
2014-04-28,16:00:00,27.24,27.34,27.23,27.3,44969,0
2014-04-28,17:00:00,27.3,27.3,27.25,27.27,38217,0
2014-04-28,18:00:00,27.27,27.28,27.2,27.22,23722,0
2014-04-28,19:00:00,27.22,27.23,27.2,27.21,11862,0
2014-04-28,20:00:00,27.2,27.22,27.15,27.19,32245,0
2014-04-28,21:00:00,27.2,27.29,27.18,27.28,31389,0
2014-04-28,22:00:00,27.28,27.36,27.28,27.33,66186,0
2014-04-29,16:00:00,27.43,27.45,27.39,27.4,16375,0
2014-04-29,17:00:00,27.41,27.43,27.37,27.41,16710,0
2014-04-29,18:00:00,27.41,27.48,27.4,27.47,29747,0
2014-04-29,19:00:00,27.48,27.54,27.46,27.54,33699,0
2014-04-29,20:00:00,27.53,27.55,27.5,27.53,23057,0
2014-04-29,21:00:00,27.52,27.55,27.49,27.5,41984,0
2014-04-29,22:00:00,27.49,27.54,27.48,27.52,58801,0
2014-04-30,16:00:00,27.61,27.69,27.49,27.6,22939,0
2014-04-30,17:00:00,27.62,27.69,27.62,27.67,16960,0
2014-04-30,18:00:00,27.67,27.75,27.67,27.75,27824,0
2014-04-30,19:00:00,27.75,27.79,27.74,27.77,22116,0
2014-04-30,20:00:00,27.78,27.8,27.75,27.77,18402,0
2014-04-30,21:00:00,27.76,27.81,27.66,27.8,30070,0
2014-04-30,22:00:00,27.81,27.85,27.78,27.84,128706,0
2014-05-01,16:00:00,28.16,28.2,28.12,28.17,29123,0
2014-05-01,17:00:00,28.16,28.21,28.14,28.16,19950,0
2014-05-01,18:00:00,28.16,28.2,28.15,28.19,22731,0
2014-05-01,19:00:00,28.18,28.2,28.18,28.18,18808,0
2014-05-01,20:00:00,28.18,28.3,28.17,28.28,63681,0
2014-05-01,21:00:00,28.29,28.29,28.21,28.25,24117,0
2014-05-01,22:00:00,28.24,28.29,28.24,28.29,68455,0
2014-05-02,16:00:00,28.17,28.18,28.1,28.14,29749,0
2014-05-02,17:00:00,28.14,28.23,28.14,28.17,34989,0
2014-05-02,18:00:00,28.15,28.18,28.11,28.14,17672,0
2014-05-02,19:00:00,28.14,28.2,28.14,28.19,16467,0
2014-05-02,20:00:00,28.19,28.2,28.16,28.17,11921,0
2014-05-02,21:00:00,28.17,28.24,28.15,28.24,31607,0
2014-05-02,22:00:00,28.24,28.25,28.18,28.21,99640,0
2014-05-05,16:00:00,28.2,28.2,28.08,28.14,10022,0
2014-05-05,17:00:00,28.14,28.27,28.14,28.23,33566,0
2014-05-05,18:00:00,28.23,28.25,28.22,28.23,8664,0
2014-05-05,19:00:00,28.24,28.24,28.22,28.23,14920,0
2014-05-05,20:00:00,28.23,28.25,28.23,28.25,14492,0
2014-05-05,21:00:00,28.25,28.29,28.24,28.29,23144,0
2014-05-05,22:00:00,28.29,28.29,28.23,28.24,77346,0
2014-05-06,16:00:00,28.24,28.3,28.21,28.26,5649,0
2014-05-06,17:00:00,28.26,28.28,28.24,28.25,19087,0
2014-05-06,18:00:00,28.24,28.29,28.22,28.29,32143,0
2014-05-06,19:00:00,28.28,28.29,28.26,28.29,15884,0
2014-05-06,20:00:00,28.29,28.29,28.24,28.26,25999,0
2014-05-06,21:00:00,28.26,28.26,28.22,28.23,28176,0
2014-05-06,22:00:00,28.22,28.26,28.21,28.23,58712,0
2014-05-07,16:00:00,28.1,28.11,27.89,28.03,67580,0
2014-05-07,17:00:00,28.02,28.06,27.97,28.06,35661,0
2014-05-07,18:00:00,28.05,28.09,28.05,28.08,31534,0
2014-05-07,19:00:00,28.08,28.09,28.05,28.07,31252,0
2014-05-07,20:00:00,28.08,28.13,28.08,28.1,35051,0
2014-05-07,21:00:00,28.11,28.15,28.08,28.08,39877,0
2014-05-07,22:00:00,28.09,28.1,28.07,28.1,63948,0
