Date,Time,Open,High,Low,Close,Volume,OpenInt
2014-02-10,16:00:00,14.338,14.377,14.338,14.377,1181,0
2014-02-10,17:00:00,14.377,14.387,14.358,14.387,2876,0
2014-02-10,18:00:00,14.377,14.377,14.358,14.358,812,0
2014-02-10,19:00:00,14.358,14.367,14.358,14.367,2096,0
2014-02-10,20:00:00,14.387,14.387,14.377,14.377,2645,0
2014-02-10,21:00:00,14.387,14.456,14.387,14.427,2442,0
2014-02-10,22:00:00,14.387,14.427,14.387,14.427,1728,0
2014-02-11,16:00:00,14.486,14.505,14.466,14.486,612,0
2014-02-11,17:00:00,14.466,14.486,14.387,14.397,3807,0
2014-02-11,18:00:00,14.436,14.446,14.387,14.446,1096,0
2014-02-11,19:00:00,14.387,14.436,14.387,14.436,459,0
2014-02-11,20:00:00,14.436,14.436,14.436,14.436,307,0
2014-02-11,21:00:00,14.446,14.446,14.367,14.367,5138,0
2014-02-11,22:00:00,14.417,14.427,14.377,14.387,3487,0
2014-02-12,16:00:00,14.466,14.466,14.466,14.466,1112,0
2014-02-12,17:00:00,14.407,14.466,14.318,14.318,11377,0
2014-02-12,18:00:00,14.377,14.377,14.367,14.367,631,0
2014-02-12,19:00:00,14.377,14.397,14.377,14.397,202,0
2014-02-12,20:00:00,14.357,14.427,14.348,14.417,3812,0
2014-02-12,21:00:00,14.348,14.348,14.348,14.348,496,0
2014-02-12,22:00:00,14.357,14.407,14.357,14.387,1712,0
2014-02-13,16:00:00,14.328,14.328,14.328,14.328,195,0
2014-02-13,17:00:00,14.357,14.387,14.338,14.357,4757,0
2014-02-13,18:00:00,14.357,14.367,14.328,14.357,11396,0
2014-02-13,20:00:00,14.367,14.367,14.367,14.367,3537,0
2014-02-13,21:00:00,14.357,14.367,14.357,14.357,3234,0
2014-02-13,22:00:00,14.357,14.357,14.318,14.357,4735,0
2014-02-14,16:00:00,14.328,14.367,14.328,14.367,606,0
2014-02-14,17:00:00,14.367,14.397,14.328,14.367,16172,0
2014-02-14,18:00:00,14.338,14.397,14.268,14.298,9445,0
2014-02-14,19:00:00,14.308,14.348,14.288,14.348,2402,0
2014-02-14,20:00:00,14.308,14.348,14.288,14.348,5257,0
2014-02-14,21:00:00,14.298,14.338,14.288,14.288,3398,0
2014-02-14,22:00:00,14.318,14.318,14.288,14.288,1516,0
2014-02-18,16:00:00,14.268,14.268,14.268,14.268,1632,0
2014-02-18,17:00:00,14.308,14.338,14.298,14.338,3209,0
2014-02-18,18:00:00,14.308,14.308,14.308,14.308,304,0
2014-02-18,19:00:00,14.298,14.308,14.288,14.288,8292,0
2014-02-18,20:00:00,14.308,14.308,14.298,14.298,5007,0
2014-02-18,21:00:00,14.308,14.318,14.298,14.298,1112,0
2014-02-18,22:00:00,14.298,14.318,14.288,14.288,3001,0
2014-02-19,17:00:00,14.328,14.348,14.328,14.348,3365,0
2014-02-19,18:00:00,14.338,14.348,14.318,14.328,3992,0
2014-02-19,19:00:00,14.338,14.348,14.338,14.348,2628,0
2014-02-19,20:00:00,14.348,14.348,14.348,14.348,708,0
2014-02-19,21:00:00,14.348,14.348,14.348,14.348,2021,0
2014-02-19,22:00:00,14.348,14.427,14.338,14.427,12926,0
2014-02-20,16:00:00,14.437,14.466,14.427,14.466,2021,0
2014-02-20,17:00:00,14.496,14.496,14.397,14.397,3893,0
2014-02-20,18:00:00,14.397,14.427,14.348,14.348,11933,0
2014-02-20,19:00:00,14.348,14.348,14.348,14.348,2167,0
2014-02-20,21:00:00,14.348,14.407,14.348,14.407,2173,0
2014-02-21,16:00:00,14.437,14.447,14.417,14.417,1776,0
2014-02-21,17:00:00,14.466,14.466,14.456,14.456,304,0
2014-02-21,18:00:00,14.476,14.476,14.367,14.367,5175,0
2014-02-21,20:00:00,14.437,14.437,14.348,14.348,3983,0
2014-02-21,21:00:00,14.437,14.437,14.397,14.437,1668,0
2014-02-21,22:00:00,14.407,14.437,14.377,14.377,6120,0
2014-02-24,16:00:00,14.367,14.367,14.367,14.367,304,0
2014-02-24,17:00:00,14.397,14.437,14.397,14.437,7545,0
2014-02-24,18:00:00,14.417,14.456,14.387,14.456,9968,0
2014-02-24,19:00:00,14.377,14.377,14.377,14.377,1192,0
2014-02-24,20:00:00,14.377,14.407,14.377,14.407,9581,0
2014-02-24,21:00:00,14.397,14.427,14.397,14.417,6063,0
2014-02-24,22:00:00,14.427,14.427,14.377,14.417,4346,0
2014-02-25,16:00:00,14.427,14.456,14.427,14.447,1534,0
2014-02-25,17:00:00,14.456,14.466,14.427,14.437,1112,0
2014-02-25,18:00:00,14.456,14.466,14.437,14.466,1713,0
2014-02-25,19:00:00,14.447,14.466,14.447,14.466,1718,0
2014-02-25,20:00:00,14.466,14.466,14.447,14.447,4987,0
2014-02-25,22:00:00,14.447,14.447,14.447,14.447,2656,0
2014-02-26,16:00:00,14.516,14.526,14.486,14.526,14799,0
2014-02-26,17:00:00,14.526,14.536,14.486,14.526,25373,0
2014-02-26,18:00:00,14.526,14.545,14.466,14.466,15588,0
2014-02-26,19:00:00,14.466,14.466,14.466,14.466,506,0
2014-02-26,20:00:00,14.466,14.466,14.437,14.466,3253,0
2014-02-26,21:00:00,14.466,14.466,14.456,14.456,708,0
2014-02-26,22:00:00,14.466,14.466,14.456,14.456,4245,0
2014-02-27,16:00:00,14.496,14.536,14.496,14.526,910,0
2014-02-27,17:00:00,14.536,14.536,14.506,14.536,1212,0
2014-02-27,18:00:00,14.506,14.536,14.506,14.526,8493,0
2014-02-27,19:00:00,14.536,14.545,14.506,14.536,2021,0
2014-02-27,20:00:00,14.545,14.565,14.545,14.565,5001,0
2014-02-27,21:00:00,14.565,14.565,14.496,14.536,14642,0
2014-02-27,22:00:00,14.545,14.545,14.496,14.506,1212,0
2014-02-28,16:00:00,14.585,14.585,14.565,14.565,404,0
2014-02-28,17:00:00,14.565,14.565,14.555,14.565,910,0
2014-02-28,18:00:00,14.565,14.565,14.545,14.565,1883,0
2014-02-28,19:00:00,14.565,14.565,14.555,14.565,808,0
2014-02-28,20:00:00,14.585,14.595,14.585,14.595,2577,0
2014-02-28,21:00:00,14.585,14.625,14.555,14.585,11344,0
2014-02-28,22:00:00,14.565,14.605,14.555,14.595,5813,0
2014-03-03,16:00:00,14.674,14.674,14.654,14.654,10531,0
2014-03-03,17:00:00,14.654,14.694,14.644,14.644,31413,0
2014-03-03,18:00:00,14.654,14.694,14.644,14.694,8571,0
2014-03-03,19:00:00,14.684,14.694,14.684,14.694,2324,0
2014-03-03,20:00:00,14.684,14.684,14.635,14.635,2234,0
2014-03-03,21:00:00,14.684,14.684,14.635,14.674,2300,0
2014-03-03,22:00:00,14.674,14.694,14.654,14.694,3868,0
2014-03-04,16:00:00,14.714,14.753,14.714,14.743,3046,0
2014-03-04,17:00:00,14.743,14.783,14.743,14.783,3851,0
2014-03-04,18:00:00,14.733,14.753,14.733,14.733,2727,0
2014-03-04,19:00:00,14.793,14.793,14.783,14.783,1819,0
2014-03-04,20:00:00,14.783,14.793,14.783,14.793,1110,0
2014-03-04,21:00:00,14.793,14.902,14.793,14.872,3167,0
2014-03-04,22:00:00,14.813,14.872,14.813,14.832,5205,0
2014-03-05,16:00:00,14.823,14.882,14.793,14.872,4238,0
2014-03-05,17:00:00,14.852,14.862,14.852,14.862,7647,0
2014-03-05,18:00:00,14.862,14.872,14.862,14.872,5326,0
2014-03-05,19:00:00,14.852,14.872,14.852,14.862,3381,0
2014-03-05,20:00:00,14.852,14.862,14.832,14.862,2486,0
2014-03-05,21:00:00,14.832,14.862,14.832,14.862,1384,0
2014-03-05,22:00:00,14.842,14.872,14.832,14.872,14233,0
2014-03-06,16:00:00,14.872,14.902,14.823,14.862,6058,0
2014-03-06,17:00:00,14.823,14.823,14.753,14.813,14585,0
2014-03-06,18:00:00,14.793,14.793,14.733,14.793,1718,0
2014-03-06,19:00:00,14.793,14.793,14.753,14.773,1920,0
2014-03-06,20:00:00,14.753,14.793,14.753,14.793,4507,0
2014-03-06,21:00:00,14.793,14.793,14.773,14.773,910,0
2014-03-06,22:00:00,14.773,14.823,14.773,14.793,4835,0
2014-03-07,16:00:00,14.763,14.763,14.684,14.733,2695,0
2014-03-07,17:00:00,14.773,14.773,14.615,14.724,7478,0
2014-03-07,18:00:00,14.714,14.753,14.694,14.724,1112,0
2014-03-07,19:00:00,14.724,14.733,14.615,14.615,3038,0
2014-03-07,20:00:00,14.704,14.733,14.704,14.733,606,0
2014-03-07,21:00:00,14.694,14.733,14.694,14.714,454,0
2014-03-07,22:00:00,14.625,14.694,14.625,14.644,1014,0
2014-03-10,15:00:00,14.664,14.664,14.664,14.664,556,0
2014-03-10,16:00:00,14.743,14.743,14.743,14.743,1314,0
2014-03-10,17:00:00,14.704,14.724,14.654,14.724,2426,0
2014-03-10,18:00:00,14.724,14.753,14.704,14.714,12958,0
2014-03-10,19:00:00,14.704,14.704,14.684,14.684,2931,0
2014-03-10,20:00:00,14.684,14.763,14.684,14.694,3911,0
2014-03-10,21:00:00,14.694,14.733,14.674,14.724,5457,0
2014-03-11,15:00:00,14.773,14.773,14.773,14.773,202,0
2014-03-11,16:00:00,14.743,14.773,14.743,14.773,2185,0
2014-03-11,17:00:00,14.733,14.763,14.694,14.763,5969,0
2014-03-11,18:00:00,14.743,14.753,14.724,14.724,1416,0
2014-03-11,19:00:00,14.724,14.743,14.724,14.733,1382,0
2014-03-11,20:00:00,14.753,14.763,14.694,14.694,5973,0
2014-03-11,21:00:00,14.704,14.763,14.704,14.763,6326,0
2014-03-12,15:00:00,14.833,14.833,14.833,14.833,1005,0
2014-03-12,16:00:00,14.833,14.873,14.783,14.873,5830,0
2014-03-12,17:00:00,14.873,14.873,14.843,14.873,3109,0
2014-03-12,18:00:00,14.873,14.912,14.853,14.912,3787,0
2014-03-12,19:00:00,14.912,14.912,14.902,14.902,603,0
2014-03-12,20:00:00,14.902,14.952,14.902,14.922,1709,0
2014-03-12,21:00:00,14.952,14.962,14.883,14.932,5856,0
2014-03-13,15:00:00,14.892,14.962,14.892,14.962,2312,0
2014-03-13,16:00:00,15.012,15.022,14.942,15.002,7740,0
2014-03-13,17:00:00,15.022,15.052,14.992,15.052,2448,0
2014-03-13,18:00:00,15.062,15.062,15.042,15.052,2808,0
2014-03-13,19:00:00,15.082,15.101,15.032,15.101,9446,0
2014-03-13,20:00:00,15.101,15.141,15.082,15.111,5358,0
2014-03-13,21:00:00,15.111,15.261,15.111,15.231,3870,0
2014-03-14,15:00:00,15.28,15.31,15.201,15.31,1709,0
2014-03-14,16:00:00,15.31,15.31,15.191,15.191,3898,0
2014-03-14,17:00:00,15.191,15.221,15.191,15.221,1910,0
2014-03-14,18:00:00,15.211,15.221,15.161,15.211,6031,0
2014-03-14,19:00:00,15.211,15.221,15.161,15.161,4106,0
2014-03-14,20:00:00,15.141,15.141,14.793,14.982,24203,0
2014-03-14,21:00:00,14.982,14.982,14.863,14.932,7928,0
2014-03-17,15:00:00,14.992,15.002,14.992,15.002,1910,0
2014-03-17,16:00:00,15.002,15.062,14.992,15.022,8358,0
2014-03-17,17:00:00,15.042,15.052,15.002,15.002,3161,0
2014-03-17,18:00:00,14.992,15.151,14.992,15.042,13686,0
2014-03-17,19:00:00,15.101,15.111,15.042,15.091,2879,0
2014-03-17,20:00:00,15.052,15.052,15.052,15.052,402,0
2014-03-17,21:00:00,15.082,15.082,15.042,15.042,7314,0
2014-03-18,15:00:00,15.101,15.101,15.032,15.052,4021,0
2014-03-18,16:00:00,15.022,15.072,15.022,15.022,804,0
2014-03-18,17:00:00,15.042,15.052,15.012,15.032,4950,0
2014-03-18,19:00:00,15.002,15.042,15.002,15.032,8356,0
2014-03-18,20:00:00,15.032,15.062,15.032,15.062,6735,0
2014-03-18,21:00:00,15.052,15.052,15.032,15.032,7069,0
2014-03-19,15:00:00,15.091,15.091,15.091,15.091,633,0
2014-03-19,16:00:00,15.072,15.072,15.042,15.072,5045,0
2014-03-19,17:00:00,15.072,15.072,15.062,15.062,5127,0
2014-03-19,18:00:00,15.072,15.072,15.072,15.072,452,0
2014-03-19,19:00:00,15.072,15.091,15.062,15.062,5275,0
2014-03-19,20:00:00,15.042,15.052,14.982,15.002,7099,0
2014-03-19,21:00:00,14.982,14.992,14.922,14.922,3719,0
2014-03-20,15:00:00,14.902,14.902,14.853,14.873,603,0
2014-03-20,16:00:00,14.863,14.863,14.823,14.843,6710,0
2014-03-20,17:00:00,14.863,14.873,14.853,14.853,4339,0
2014-03-20,18:00:00,14.853,14.912,14.853,14.902,804,0
2014-03-20,19:00:00,14.883,14.883,14.883,14.883,804,0
2014-03-20,20:00:00,14.912,14.912,14.912,14.912,603,0
2014-03-20,21:00:00,14.912,14.912,14.853,14.853,3550,0
2014-03-21,15:00:00,14.922,14.992,14.922,14.922,6251,0
2014-03-21,16:00:00,14.982,14.982,14.912,14.942,503,0
2014-03-21,17:00:00,14.942,15.042,14.932,14.982,41764,0
2014-03-21,18:00:00,15.002,15.002,15.002,15.002,188,0
2014-03-21,19:00:00,14.972,15.002,14.952,15.002,1809,0
2014-03-21,20:00:00,15.002,15.002,14.982,14.992,1709,0
2014-03-21,21:00:00,15.002,15.002,14.992,15.002,2608,0
2014-03-24,15:00:00,15.082,15.101,15.082,15.101,302,0
2014-03-24,16:00:00,15.101,15.121,15.101,15.121,1106,0
2014-03-24,17:00:00,15.121,15.121,15.121,15.121,2714,0
2014-03-24,18:00:00,15.121,15.141,15.121,15.131,7177,0
2014-03-24,19:00:00,15.131,15.131,15.082,15.131,2370,0
2014-03-24,20:00:00,15.131,15.141,15.131,15.141,3418,0
2014-03-24,21:00:00,15.141,15.141,15.052,15.072,25730,0
2014-03-25,15:00:00,15.121,15.121,15.072,15.111,707,0
2014-03-25,16:00:00,15.111,15.111,15.062,15.062,909,0
2014-03-25,17:00:00,15.072,15.101,15.062,15.082,3325,0
2014-03-25,18:00:00,15.082,15.111,15.012,15.091,2242,0
2014-03-25,19:00:00,15.111,15.111,15.111,15.111,1403,0
2014-03-25,20:00:00,15.101,15.121,15.062,15.062,1683,0
2014-03-25,21:00:00,15.072,15.121,15.062,15.062,605,0
2014-03-26,15:00:00,15.131,15.171,15.131,15.171,3239,0
2014-03-26,16:00:00,15.171,15.171,15.111,15.121,4430,0
2014-03-26,17:00:00,15.151,15.161,15.151,15.161,2047,0
2014-03-26,18:00:00,15.161,15.261,15.141,15.161,38945,0
2014-03-26,19:00:00,15.171,15.231,15.171,15.221,4908,0
2014-03-26,20:00:00,15.191,15.221,15.191,15.221,2239,0
2014-03-26,21:00:00,15.221,15.221,15.141,15.181,4059,0
2014-03-27,15:00:00,15.251,15.251,15.201,15.231,998,0
2014-03-27,16:00:00,15.231,15.231,15.181,15.221,7516,0
2014-03-27,17:00:00,15.231,15.231,15.171,15.231,2660,0
2014-03-27,18:00:00,15.231,15.231,15.201,15.221,3823,0
2014-03-27,19:00:00,15.201,15.201,15.201,15.201,871,0
2014-03-27,20:00:00,15.201,15.231,15.181,15.231,26029,0
2014-03-27,21:00:00,15.231,15.231,15.181,15.201,4199,0
2014-03-28,15:00:00,15.241,15.241,15.241,15.241,1307,0
2014-03-28,16:00:00,15.261,15.271,15.261,15.271,9753,0
2014-03-28,17:00:00,15.261,15.271,15.251,15.271,6135,0
2014-03-28,18:00:00,15.261,15.261,15.221,15.251,2719,0
2014-03-28,19:00:00,15.231,15.241,15.221,15.221,905,0
2014-03-28,20:00:00,15.171,15.221,15.161,15.221,2304,0
2014-03-28,21:00:00,15.231,15.241,15.171,15.171,5582,0
2014-03-31,16:00:00,15.251,15.251,15.161,15.191,909,0
2014-03-31,17:00:00,15.191,15.231,15.141,15.141,13604,0
2014-03-31,18:00:00,15.151,15.231,15.151,15.211,707,0
2014-03-31,19:00:00,15.211,15.241,15.211,15.221,1010,0
2014-03-31,20:00:00,15.221,15.221,15.191,15.201,2315,0
2014-03-31,21:00:00,15.191,15.191,15.191,15.191,1106,0
2014-03-31,22:00:00,15.201,15.251,15.141,15.151,1212,0
2014-04-01,16:00:00,15.39,15.39,15.211,15.271,17142,0
2014-04-01,17:00:00,15.241,15.28,15.241,15.261,4167,0
2014-04-01,18:00:00,15.261,15.31,15.211,15.211,34067,0
2014-04-01,19:00:00,15.251,15.29,15.221,15.29,706,0
2014-04-01,20:00:00,15.271,15.271,15.171,15.171,28960,0
2014-04-01,21:00:00,15.171,15.221,15.171,15.221,2111,0
2014-04-01,22:00:00,15.241,15.241,15.221,15.221,494,0
2014-04-02,16:00:00,15.201,15.201,15.151,15.151,1058,0
2014-04-02,17:00:00,15.191,15.231,15.151,15.211,11743,0
2014-04-02,18:00:00,15.211,15.231,15.201,15.231,2361,0
2014-04-02,19:00:00,15.181,15.221,15.171,15.221,1932,0
2014-04-02,20:00:00,15.211,15.34,15.191,15.211,37820,0
2014-04-02,21:00:00,15.211,15.221,15.171,15.191,6171,0
2014-04-02,22:00:00,15.181,15.181,15.161,15.171,6111,0
2014-04-03,16:00:00,15.251,15.251,15.251,15.251,704,0
2014-04-03,17:00:00,15.221,15.261,15.191,15.191,20590,0
2014-04-03,19:00:00,15.231,15.231,15.191,15.221,3518,0
2014-04-03,21:00:00,15.201,15.211,15.201,15.211,707,0
2014-04-03,22:00:00,15.211,15.231,15.201,15.201,2424,0
2014-04-04,16:00:00,15.261,15.261,15.211,15.261,1414,0
2014-04-04,17:00:00,15.221,15.3,15.211,15.241,6044,0
2014-04-04,18:00:00,15.241,15.31,15.211,15.31,27255,0
2014-04-04,19:00:00,15.211,15.231,15.201,15.201,1010,0
2014-04-04,20:00:00,15.201,15.201,15.171,15.171,2828,0
2014-04-04,21:00:00,15.171,15.231,15.161,15.181,3896,0
2014-04-04,22:00:00,15.231,15.29,15.181,15.191,39557,0
2014-04-07,17:00:00,15.251,15.31,15.241,15.261,5543,0
2014-04-07,18:00:00,15.29,15.32,15.211,15.28,18554,0
2014-04-07,19:00:00,15.201,15.201,15.191,15.201,1310,0
2014-04-07,20:00:00,15.201,15.201,15.201,15.201,4467,0
2014-04-07,21:00:00,15.201,15.241,15.201,15.221,2578,0
2014-04-07,22:00:00,15.221,15.221,15.151,15.171,3783,0
2014-04-08,16:00:00,15.29,15.3,15.241,15.241,2069,0
2014-04-08,17:00:00,15.241,15.241,15.191,15.191,907,0
2014-04-08,18:00:00,15.251,15.251,15.251,15.251,101,0
2014-04-08,20:00:00,15.29,15.32,15.271,15.32,1873,0
2014-04-08,21:00:00,15.32,15.32,15.29,15.32,7121,0
2014-04-08,22:00:00,15.241,15.261,15.241,15.261,1009,0
2014-04-09,16:00:00,15.3,15.32,15.3,15.32,1977,0
2014-04-09,17:00:00,15.32,15.39,15.31,15.32,22579,0
2014-04-09,18:00:00,15.34,15.34,15.34,15.34,1411,0
2014-04-09,19:00:00,15.34,15.35,15.32,15.35,1030,0
2014-04-09,21:00:00,15.36,15.36,15.34,15.36,5762,0
2014-04-09,22:00:00,15.35,15.36,15.32,15.34,7193,0
2014-04-10,16:00:00,15.29,15.29,15.29,15.29,704,0
2014-04-10,17:00:00,15.36,15.37,15.33,15.37,323,0
2014-04-10,19:00:00,15.34,15.37,15.33,15.37,2939,0
2014-04-10,20:00:00,15.37,15.37,15.36,15.37,908,0
2014-04-10,21:00:00,15.34,15.37,15.33,15.37,1254,0
2014-04-10,22:00:00,15.34,15.37,15.34,15.37,1282,0
2014-04-11,16:00:00,15.43,15.46,15.43,15.46,900,0
2014-04-11,17:00:00,15.46,15.46,15.46,15.46,646,0
2014-04-11,18:00:00,15.43,15.43,15.43,15.43,600,0
2014-04-11,20:00:00,15.42,15.42,15.39,15.39,725,0
2014-04-11,21:00:00,15.38,15.6,15.38,15.48,40456,0
2014-04-11,22:00:00,15.45,15.47,15.43,15.46,10208,0
2014-04-14,16:00:00,15.68,15.68,15.66,15.68,2800,0
2014-04-14,17:00:00,15.56,15.69,15.52,15.68,4115,0
2014-04-14,18:00:00,15.67,15.69,15.52,15.52,5797,0
2014-04-14,19:00:00,15.52,15.6,15.52,15.6,3200,0
2014-04-14,20:00:00,15.6,15.6,15.55,15.59,519,0
2014-04-14,21:00:00,15.54,15.59,15.42,15.42,5331,0
2014-04-14,22:00:00,15.43,15.52,15.43,15.46,4101,0
2014-04-15,16:00:00,15.49,15.6,15.4,15.6,4996,0
2014-04-15,17:00:00,15.51,15.59,15.51,15.59,3800,0
2014-04-15,18:00:00,15.58,15.68,15.51,15.51,33446,0
2014-04-15,19:00:00,15.64,15.67,15.58,15.58,2650,0
2014-04-15,20:00:00,15.58,15.62,15.54,15.59,11984,0
2014-04-15,21:00:00,15.56,15.56,15.56,15.56,400,0
2014-04-15,22:00:00,15.63,15.63,15.56,15.56,1749,0
2014-04-16,17:00:00,15.66,15.97,15.55,15.7,82490,0
2014-04-16,20:00:00,15.74,15.79,15.73,15.79,2700,0
2014-04-16,21:00:00,15.7,15.72,15.54,15.54,5326,0
2014-04-16,22:00:00,15.57,15.66,15.53,15.56,2999,0
2014-04-17,16:00:00,15.56,15.56,15.56,15.56,100,0
2014-04-17,17:00:00,15.71,15.71,15.62,15.62,1680,0
2014-04-17,18:00:00,15.63,15.72,15.61,15.64,3700,0
2014-04-17,19:00:00,15.64,15.73,15.61,15.68,36856,0
2014-04-17,20:00:00,15.63,15.69,15.63,15.69,2496,0
2014-04-17,21:00:00,15.63,15.69,15.61,15.61,3348,0
2014-04-17,22:00:00,15.6,15.6,15.55,15.55,2300,0
2014-04-21,16:00:00,15.53,15.53,15.49,15.5,1100,0
2014-04-21,17:00:00,15.5,15.52,15.47,15.47,4300,0
2014-04-21,18:00:00,15.46,15.51,15.46,15.47,3307,0
2014-04-21,19:00:00,15.47,15.47,15.47,15.47,400,0
2014-04-21,20:00:00,15.47,15.47,15.47,15.47,800,0
2014-04-21,21:00:00,15.47,15.51,15.47,15.49,2240,0
2014-04-21,22:00:00,15.49,15.51,15.49,15.51,1123,0
2014-04-22,17:00:00,15.52,15.57,15.49,15.5,24662,0
2014-04-22,18:00:00,15.55,15.55,15.55,15.55,1710,0
2014-04-22,19:00:00,15.55,15.55,15.46,15.46,1900,0
2014-04-22,20:00:00,15.47,15.51,15.45,15.51,1650,0
2014-04-22,21:00:00,15.54,15.55,15.5,15.5,8225,0
2014-04-22,22:00:00,15.46,15.5,15.46,15.47,5750,0
2014-04-23,16:00:00,15.54,15.54,15.51,15.54,1925,0
2014-04-23,17:00:00,15.53,15.58,15.52,15.52,4247,0
2014-04-23,18:00:00,15.58,15.6,15.57,15.57,8179,0
2014-04-23,19:00:00,15.58,15.58,15.58,15.58,4500,0
2014-04-23,22:00:00,15.55,15.58,15.53,15.53,3599,0
2014-04-24,16:00:00,15.59,15.59,15.59,15.59,1982,0
2014-04-24,17:00:00,15.59,15.61,15.59,15.61,8844,0
2014-04-24,19:00:00,15.64,15.64,15.64,15.64,1340,0
2014-04-24,20:00:00,15.61,15.64,15.6,15.6,3500,0
2014-04-24,21:00:00,15.61,15.61,15.58,15.59,3900,0
2014-04-24,22:00:00,15.59,15.68,15.58,15.59,23817,0
2014-04-25,17:00:00,15.62,15.73,15.6,15.71,48657,0
2014-04-25,18:00:00,15.7,15.7,15.67,15.67,200,0
2014-04-25,20:00:00,15.72,15.72,15.72,15.72,500,0
2014-04-25,21:00:00,15.71,15.72,15.7,15.71,1786,0
2014-04-25,22:00:00,15.72,15.72,15.71,15.71,200,0
2014-04-28,16:00:00,15.7,15.89,15.67,15.76,53897,0
2014-04-28,17:00:00,15.83,15.85,15.81,15.83,2863,0
2014-04-28,18:00:00,15.84,15.91,15.76,15.76,15733,0
2014-04-28,19:00:00,15.79,15.87,15.76,15.82,19199,0
2014-04-28,20:00:00,15.81,15.82,15.81,15.82,504,0
2014-04-28,21:00:00,15.82,15.84,15.74,15.8,3741,0
2014-04-28,22:00:00,15.8,15.81,15.73,15.75,5902,0
2014-04-29,16:00:00,15.71,15.81,15.68,15.75,12256,0
2014-04-29,17:00:00,15.78,15.85,15.76,15.79,25804,0
2014-04-29,18:00:00,15.78,15.79,15.73,15.74,8588,0
2014-04-29,19:00:00,15.77,15.79,15.77,15.79,675,0
2014-04-29,20:00:00,15.8,15.8,15.77,15.77,600,0
2014-04-29,21:00:00,15.8,15.8,15.75,15.79,21478,0
2014-04-29,22:00:00,15.79,15.79,15.77,15.77,4811,0
2014-04-30,16:00:00,15.72,15.76,15.72,15.75,3250,0
2014-04-30,17:00:00,15.75,15.78,15.75,15.78,5480,0
2014-04-30,18:00:00,15.76,15.78,15.76,15.76,2144,0
2014-04-30,19:00:00,15.77,15.77,15.76,15.77,4416,0
2014-04-30,20:00:00,15.77,15.78,15.76,15.76,4223,0
2014-04-30,21:00:00,15.76,15.78,15.7,15.72,4390,0
2014-04-30,22:00:00,15.7,15.75,15.69,15.7,12476,0
2014-05-01,16:00:00,15.76,15.78,15.76,15.78,2775,0
2014-05-01,17:00:00,15.77,15.8,15.74,15.77,10566,0
2014-05-01,18:00:00,15.73,15.77,15.73,15.77,3798,0
2014-05-01,19:00:00,15.8,15.82,15.8,15.82,2100,0
2014-05-01,20:00:00,15.79,15.8,15.79,15.79,2844,0
2014-05-01,21:00:00,15.78,15.8,15.78,15.78,1350,0
2014-05-01,22:00:00,15.79,15.8,15.75,15.75,5805,0
2014-05-02,16:00:00,15.75,15.83,15.7,15.76,46702,0
2014-05-02,17:00:00,15.76,15.77,15.72,15.74,3053,0
2014-05-02,18:00:00,15.74,15.77,15.74,15.74,5517,0
2014-05-02,19:00:00,15.74,15.75,15.7,15.7,8344,0
2014-05-02,20:00:00,15.7,15.73,15.7,15.71,1500,0
2014-05-02,21:00:00,15.74,15.74,15.67,15.71,14223,0
2014-05-02,22:00:00,15.7,15.71,15.7,15.7,42600,0
2014-05-05,16:00:00,15.71,15.71,15.65,15.65,4322,0
2014-05-05,17:00:00,15.71,15.71,15.7,15.71,1825,0
2014-05-05,18:00:00,15.71,15.73,15.71,15.72,3400,0
2014-05-05,19:00:00,15.73,15.73,15.73,15.73,471,0
2014-05-05,20:00:00,15.73,15.75,15.69,15.69,1758,0
2014-05-05,21:00:00,15.75,15.88,15.73,15.81,60115,0
2014-05-05,22:00:00,15.81,15.81,15.73,15.73,5656,0
2014-05-06,16:00:00,15.71,15.71,15.71,15.71,600,0
2014-05-06,17:00:00,15.75,15.78,15.72,15.72,9750,0
2014-05-06,18:00:00,15.74,15.78,15.72,15.76,30299,0
2014-05-06,19:00:00,15.78,15.78,15.77,15.77,600,0
2014-05-06,20:00:00,15.76,15.8,15.75,15.79,4614,0
2014-05-06,21:00:00,15.77,15.77,15.77,15.77,200,0
2014-05-06,22:00:00,15.76,15.77,15.74,15.77,2218,0
2014-05-07,16:00:00,15.74,15.8,15.74,15.77,2910,0
2014-05-07,17:00:00,15.79,15.79,15.76,15.76,1370,0
2014-05-07,18:00:00,15.78,15.79,15.78,15.79,3268,0
2014-05-07,19:00:00,15.77,15.77,15.77,15.77,620,0
2014-05-07,21:00:00,15.79,15.79,15.78,15.78,754,0
2014-05-07,22:00:00,15.74,15.76,15.73,15.73,3892,0
