Date,Time,Open,High,Low,Close,Volume,OpenInt
2014-02-11,16:00:00,32.231,32.499,32.142,32.251,125669,0
2014-02-11,17:00:00,32.241,32.499,32.211,32.499,325322,0
2014-02-11,18:00:00,32.499,32.499,32.281,32.291,248789,0
2014-02-11,19:00:00,32.291,32.668,32.281,32.618,282727,0
2014-02-11,20:00:00,32.618,32.846,32.608,32.827,229978,0
2014-02-11,21:00:00,32.827,32.827,32.509,32.648,421746,0
2014-02-11,22:00:00,32.658,32.747,32.529,32.588,623370,0
2014-02-12,16:00:00,32.261,32.519,32.251,32.261,184700,0
2014-02-12,17:00:00,32.261,32.4,32.122,32.261,433218,0
2014-02-12,18:00:00,32.261,32.291,32.072,32.211,384326,0
2014-02-12,19:00:00,32.201,32.231,32.082,32.201,405425,0
2014-02-12,20:00:00,32.191,32.201,31.963,32.003,375192,0
2014-02-12,21:00:00,32.003,32.052,31.963,32.003,238124,0
2014-02-12,22:00:00,31.993,32.043,31.844,32.003,945170,0
2014-02-13,16:00:00,31.695,31.943,31.695,31.794,436831,0
2014-02-13,17:00:00,31.804,32.42,31.785,32.31,190626,0
2014-02-13,18:00:00,32.31,32.43,32.251,32.281,141431,0
2014-02-13,19:00:00,32.281,32.767,32.251,32.588,233191,0
2014-02-13,20:00:00,32.569,32.737,32.459,32.529,142613,0
2014-02-13,21:00:00,32.569,32.648,32.082,32.152,224935,0
2014-02-13,22:00:00,32.152,32.31,32.152,32.261,266134,0
2014-02-14,16:00:00,32.092,32.747,32.092,32.747,55998,0
2014-02-14,17:00:00,32.747,32.747,32.509,32.549,151409,0
2014-02-14,18:00:00,32.559,32.707,32.549,32.678,146563,0
2014-02-14,19:00:00,32.688,32.926,32.608,32.876,111696,0
2014-02-14,20:00:00,32.876,33.045,32.737,32.777,153161,0
2014-02-14,21:00:00,32.777,32.836,32.588,32.807,99584,0
2014-02-14,22:00:00,32.817,32.896,32.678,32.856,300741,0
2014-02-18,16:00:00,32.866,33.075,32.698,32.698,77170,0
2014-02-18,17:00:00,32.698,32.886,32.658,32.836,244686,0
2014-02-18,18:00:00,32.836,33.005,32.836,32.886,82914,0
2014-02-18,19:00:00,32.886,32.926,32.807,32.906,269131,0
2014-02-18,20:00:00,32.906,33.144,32.886,33.005,113823,0
2014-02-18,21:00:00,32.995,33.094,32.936,32.936,65589,0
2014-02-18,22:00:00,32.926,32.985,32.886,32.936,141245,0
2014-02-19,16:00:00,32.995,33.045,32.747,32.807,36188,0
2014-02-19,17:00:00,32.807,32.975,32.787,32.827,55263,0
2014-02-19,18:00:00,32.836,32.886,32.797,32.827,85763,0
2014-02-19,19:00:00,32.817,32.846,32.807,32.846,50880,0
2014-02-19,20:00:00,32.836,32.896,32.797,32.807,237987,0
2014-02-19,21:00:00,32.817,32.846,32.648,32.747,79919,0
2014-02-19,22:00:00,32.747,32.886,32.688,32.846,370953,0
2014-02-20,16:00:00,32.707,33.204,32.678,32.717,12177,0
2014-02-20,17:00:00,32.717,33.015,32.717,32.936,62418,0
2014-02-20,18:00:00,32.946,32.985,32.936,32.965,43456,0
2014-02-20,19:00:00,32.946,32.985,32.896,32.946,27923,0
2014-02-20,20:00:00,32.946,32.956,32.886,32.896,25037,0
2014-02-20,21:00:00,32.886,32.906,32.767,32.787,78207,0
2014-02-20,22:00:00,32.807,32.896,32.797,32.886,96201,0
2014-02-21,16:00:00,33.005,33.075,32.757,32.846,36797,0
2014-02-21,17:00:00,32.846,33.045,32.836,32.946,139383,0
2014-02-21,18:00:00,32.936,32.995,32.866,32.866,68250,0
2014-02-21,19:00:00,32.876,33.005,32.866,33.005,50639,0
2014-02-21,20:00:00,33.005,33.194,32.995,33.085,180178,0
2014-02-21,21:00:00,33.085,33.085,32.926,33.075,66928,0
2014-02-21,22:00:00,33.075,33.085,32.956,32.985,120432,0
2014-02-24,16:00:00,33.045,33.045,32.956,33.005,28524,0
2014-02-24,17:00:00,33.015,33.442,32.995,33.293,252551,0
2014-02-24,18:00:00,33.293,33.293,32.956,32.985,30542,0
2014-02-24,19:00:00,32.985,33.025,32.906,32.926,18380,0
2014-02-24,20:00:00,32.926,32.995,32.916,32.965,39584,0
2014-02-24,21:00:00,32.946,32.965,32.926,32.946,34094,0
2014-02-24,22:00:00,32.946,32.975,32.886,32.906,171660,0
2014-02-25,16:00:00,32.777,33.134,32.757,32.896,56144,0
2014-02-25,17:00:00,32.896,33.085,32.856,33.035,186915,0
2014-02-25,18:00:00,33.035,33.045,32.946,32.995,63421,0
2014-02-25,19:00:00,32.995,33.005,32.866,32.876,37935,0
2014-02-25,20:00:00,32.886,32.906,32.638,32.876,42447,0
2014-02-25,21:00:00,32.866,32.866,32.757,32.787,36002,0
2014-02-25,22:00:00,32.787,32.787,32.638,32.688,86914,0
2014-02-26,16:00:00,32.747,32.896,32.747,32.747,115577,0
2014-02-26,17:00:00,32.747,32.777,32.688,32.737,30113,0
2014-02-26,18:00:00,32.737,32.787,32.588,32.757,51321,0
2014-02-26,19:00:00,32.757,32.817,32.727,32.747,217738,0
2014-02-26,20:00:00,32.747,32.846,32.737,32.846,136852,0
2014-02-26,21:00:00,32.846,32.946,32.827,32.856,33390,0
2014-02-26,22:00:00,32.846,32.956,32.836,32.926,105598,0
2014-02-27,16:00:00,32.737,32.995,32.737,32.846,24744,0
2014-02-27,17:00:00,32.846,32.946,32.836,32.896,32970,0
2014-02-27,18:00:00,32.896,32.965,32.807,32.946,47136,0
2014-02-27,19:00:00,32.946,32.975,32.926,32.946,27545,0
2014-02-27,20:00:00,32.936,32.965,32.856,32.926,66444,0
2014-02-27,21:00:00,32.936,32.936,32.926,32.926,29377,0
2014-02-27,22:00:00,32.936,33.005,32.926,32.965,142090,0
2014-02-28,16:00:00,33.134,33.233,32.975,33.144,14868,0
2014-02-28,17:00:00,33.134,33.442,33.134,33.392,192739,0
2014-02-28,18:00:00,33.392,33.759,33.343,33.69,246470,0
2014-02-28,19:00:00,33.68,33.769,33.472,33.749,82189,0
2014-02-28,20:00:00,33.739,33.779,33.501,33.521,264131,0
2014-02-28,21:00:00,33.531,33.71,33.531,33.64,129208,0
2014-02-28,22:00:00,33.64,33.868,33.601,33.72,243214,0
2014-03-03,16:00:00,33.72,34.087,33.581,34.057,24622,0
2014-03-03,17:00:00,34.067,34.732,34.067,34.533,118950,0
2014-03-03,18:00:00,34.543,34.95,34.474,34.662,320811,0
2014-03-03,19:00:00,34.662,34.762,34.642,34.682,330129,0
2014-03-03,20:00:00,34.682,35.387,34.682,34.98,209948,0
2014-03-03,21:00:00,34.98,35.228,34.95,35.218,284767,0
2014-03-03,22:00:00,35.218,35.228,34.563,34.603,513444,0
2014-03-04,16:00:00,34.553,34.97,34.553,34.742,44402,0
2014-03-04,17:00:00,34.742,35.129,34.722,35.119,104457,0
2014-03-04,18:00:00,35.119,35.119,34.791,34.861,50407,0
2014-03-04,19:00:00,34.861,35.01,34.831,34.95,79794,0
2014-03-04,20:00:00,34.95,35.01,34.891,35,127426,0
2014-03-04,21:00:00,35.01,35.059,34.891,34.99,59703,0
2014-03-04,22:00:00,34.98,35.03,34.851,34.9,136332,0
2014-03-05,16:00:00,35.03,35.069,34.662,34.762,55838,0
2014-03-05,17:00:00,34.742,35.466,34.682,35.347,122073,0
2014-03-05,18:00:00,35.288,35.347,34.9,35.109,37949,0
2014-03-05,19:00:00,35.109,35.129,34.96,35,28217,0
2014-03-05,20:00:00,35,35.307,34.93,35.01,80092,0
2014-03-05,21:00:00,34.99,35.01,34.742,34.93,46410,0
2014-03-05,22:00:00,34.91,35.268,34.821,35.119,111686,0
2014-03-06,16:00:00,35.079,36.419,35.079,35.883,107650,0
2014-03-06,17:00:00,35.863,36.002,35.665,35.744,95470,0
2014-03-06,18:00:00,35.744,35.813,35.665,35.744,135307,0
2014-03-06,19:00:00,35.744,35.774,35.675,35.694,42248,0
2014-03-06,20:00:00,35.694,35.754,35.615,35.754,85918,0
2014-03-06,21:00:00,35.754,35.794,35.724,35.734,67954,0
2014-03-06,22:00:00,35.744,35.804,35.426,35.486,233572,0
2014-03-07,16:00:00,35.486,35.635,35.208,35.258,48124,0
2014-03-07,17:00:00,35.288,35.307,34.613,34.771,122389,0
2014-03-07,18:00:00,34.781,34.851,34.732,34.801,59975,0
2014-03-07,19:00:00,34.811,35.039,34.801,34.93,84954,0
2014-03-07,20:00:00,34.93,35.099,34.801,35.089,77545,0
2014-03-07,21:00:00,35.099,35.198,34.97,35.139,59629,0
2014-03-07,22:00:00,35.139,35.585,35.139,35.367,171608,0
2014-03-10,15:00:00,35.357,35.357,35.119,35.327,45105,0
2014-03-10,16:00:00,35.297,35.397,35.149,35.198,63905,0
2014-03-10,17:00:00,35.198,35.228,34.861,34.95,75664,0
2014-03-10,18:00:00,34.99,35.188,34.93,35.159,85170,0
2014-03-10,19:00:00,35.159,35.387,35.159,35.317,41985,0
2014-03-10,20:00:00,35.278,35.307,34.96,35.099,46384,0
2014-03-10,21:00:00,35.099,35.288,34.871,34.891,193881,0
2014-03-11,15:00:00,34.9,34.9,34.285,34.285,31869,0
2014-03-11,16:00:00,34.285,34.573,34.097,34.513,52890,0
2014-03-11,17:00:00,34.513,34.672,34.454,34.662,55977,0
2014-03-11,18:00:00,34.623,34.762,34.573,34.732,36402,0
2014-03-11,19:00:00,34.742,34.742,34.523,34.702,23798,0
2014-03-11,20:00:00,34.692,34.702,34.464,34.513,47985,0
2014-03-11,21:00:00,34.513,34.533,34.285,34.523,120915,0
2014-03-12,15:00:00,34.444,34.771,34.444,34.742,12284,0
2014-03-12,16:00:00,34.781,34.93,34.662,34.891,32118,0
2014-03-12,17:00:00,34.9,35.347,34.861,35.059,107115,0
2014-03-12,18:00:00,35.049,35.119,34.801,35.119,29179,0
2014-03-12,19:00:00,35.119,35.297,34.99,35.288,44073,0
2014-03-12,20:00:00,35.288,35.337,35.218,35.337,32734,0
2014-03-12,21:00:00,35.337,35.446,35.307,35.417,296989,0
2014-03-13,15:00:00,35.367,35.367,34.98,35.01,49350,0
2014-03-13,16:00:00,34.98,35.129,34.95,35.089,78003,0
2014-03-13,17:00:00,35.139,35.347,35.119,35.288,35356,0
2014-03-13,18:00:00,35.268,35.268,35.02,35.109,51367,0
2014-03-13,19:00:00,35.109,35.248,35.099,35.228,79868,0
2014-03-13,20:00:00,35.228,35.367,35.139,35.307,43128,0
2014-03-13,21:00:00,35.297,35.327,35.159,35.248,199663,0
2014-03-14,15:00:00,35.228,35.675,35.228,35.665,14739,0
2014-03-14,16:00:00,35.655,36.25,35.655,36.091,54705,0
2014-03-14,17:00:00,36.121,36.151,35.813,36.022,39644,0
2014-03-14,18:00:00,36.022,36.161,35.833,35.962,84862,0
2014-03-14,19:00:00,35.962,36.161,35.923,35.992,22438,0
2014-03-14,20:00:00,36.012,36.191,35.952,35.982,31955,0
2014-03-14,21:00:00,35.982,36.012,35.784,35.813,63121,0
2014-03-17,15:00:00,35.992,36.25,35.913,36.23,6504,0
2014-03-17,16:00:00,36.2,36.29,36.091,36.151,22465,0
2014-03-17,17:00:00,36.181,36.23,36.161,36.191,17504,0
2014-03-17,18:00:00,36.21,36.24,36.062,36.151,20634,0
2014-03-17,19:00:00,36.121,36.191,36.071,36.101,18938,0
2014-03-17,20:00:00,36.101,36.101,35.972,35.992,39079,0
2014-03-17,21:00:00,36.012,36.171,35.992,36.101,68337,0
2014-03-18,15:00:00,36.161,36.419,36.022,36.419,9296,0
2014-03-18,16:00:00,36.439,36.488,36.26,36.32,35562,0
2014-03-18,17:00:00,36.32,36.389,36.151,36.191,39861,0
2014-03-18,18:00:00,36.2,36.349,36.111,36.32,21628,0
2014-03-18,19:00:00,36.31,36.359,36.28,36.339,20634,0
2014-03-18,20:00:00,36.369,36.409,36.29,36.359,30703,0
2014-03-18,21:00:00,36.399,36.399,36.28,36.339,85782,0
2014-03-19,15:00:00,36.071,36.22,35.456,36.131,14664,0
2014-03-19,16:00:00,36.121,36.2,35.962,36.042,52152,0
2014-03-19,17:00:00,36.052,36.29,35.982,36.25,51528,0
2014-03-19,18:00:00,36.29,36.31,36.022,36.121,100600,0
2014-03-19,19:00:00,36.121,36.2,35.863,35.863,29473,0
2014-03-19,20:00:00,35.913,36.042,35.585,35.893,53929,0
2014-03-19,21:00:00,35.923,35.942,35.595,35.655,84014,0
2014-03-20,15:00:00,35.476,35.555,35.049,35.139,32872,0
2014-03-20,16:00:00,35.119,35.456,35.119,35.426,33431,0
2014-03-20,17:00:00,35.436,35.446,35.327,35.436,49491,0
2014-03-20,18:00:00,35.426,35.655,35.407,35.635,22373,0
2014-03-20,19:00:00,35.605,35.744,35.575,35.645,25190,0
2014-03-20,20:00:00,35.655,35.675,35.575,35.595,30627,0
2014-03-20,21:00:00,35.585,35.933,35.575,35.903,83365,0
2014-03-21,15:00:00,35.992,36.26,35.714,36.181,321459,0
2014-03-21,16:00:00,36.151,36.26,35.952,36.23,66000,0
2014-03-21,17:00:00,36.21,36.29,36.081,36.28,30386,0
2014-03-21,18:00:00,36.28,36.647,36.28,36.617,45185,0
2014-03-21,19:00:00,36.637,36.726,36.458,36.518,44218,0
2014-03-21,20:00:00,36.518,36.518,36.081,36.191,62024,0
2014-03-21,21:00:00,36.2,36.439,35.942,35.952,877565,0
2014-03-24,15:00:00,35.952,36.419,35.506,35.595,21955,0
2014-03-24,16:00:00,35.585,35.585,35.178,35.466,23213,0
2014-03-24,17:00:00,35.466,35.784,35.377,35.784,26156,0
2014-03-24,18:00:00,35.823,35.893,35.744,35.804,36653,0
2014-03-24,19:00:00,35.823,35.972,35.774,35.952,21868,0
2014-03-24,20:00:00,35.942,35.942,35.704,35.704,22206,0
2014-03-24,21:00:00,35.704,35.704,35.417,35.486,69437,0
2014-03-26,15:00:00,35.228,35.526,34.98,35.198,8348,0
2014-03-26,16:00:00,35.208,35.208,34.891,34.91,18229,0
2014-03-26,17:00:00,34.96,35.01,34.841,34.94,20138,0
2014-03-26,18:00:00,34.91,34.94,34.513,34.553,44697,0
2014-03-26,19:00:00,34.533,34.662,34.533,34.633,38657,0
2014-03-26,20:00:00,34.593,34.811,34.593,34.623,25334,0
2014-03-26,21:00:00,34.633,34.692,34.424,34.533,57915,0
2014-03-27,15:00:00,34.365,34.682,34.365,34.474,11666,0
2014-03-27,16:00:00,34.504,34.752,34.474,34.633,59579,0
2014-03-27,17:00:00,34.642,34.871,34.642,34.682,56915,0
2014-03-27,18:00:00,34.722,34.851,34.702,34.851,10281,0
2014-03-27,19:00:00,34.831,34.94,34.791,34.801,17769,0
2014-03-27,20:00:00,34.811,34.831,34.692,34.742,18316,0
2014-03-27,21:00:00,34.762,34.851,34.712,34.831,128966,0
2014-03-28,15:00:00,34.831,34.881,34.702,34.712,34378,0
2014-03-28,16:00:00,34.722,34.95,34.662,34.95,35484,0
2014-03-28,17:00:00,34.96,35.317,34.96,34.99,30920,0
2014-03-28,18:00:00,35.02,35.089,34.98,34.98,21493,0
2014-03-28,19:00:00,34.96,34.99,34.752,34.95,24245,0
2014-03-28,20:00:00,34.96,35.02,34.891,34.93,59662,0
2014-03-28,21:00:00,34.94,34.95,34.762,34.831,129510,0
2014-03-31,16:00:00,34.771,35.109,34.762,34.871,23578,0
2014-03-31,17:00:00,34.871,35.417,34.861,35.208,37810,0
2014-03-31,18:00:00,35.218,35.317,35.089,35.159,37813,0
2014-03-31,19:00:00,35.168,35.238,35.059,35.188,53482,0
2014-03-31,20:00:00,35.198,35.377,35.198,35.198,17561,0
2014-03-31,21:00:00,35.218,35.377,35.139,35.377,55442,0
2014-03-31,22:00:00,35.377,35.744,35.228,35.655,99286,0
2014-04-01,16:00:00,35.724,35.982,35.476,35.496,13493,0
2014-04-01,17:00:00,35.536,35.585,34.99,35,42072,0
2014-04-01,18:00:00,35.01,35.426,35.01,35.426,49601,0
2014-04-01,19:00:00,35.426,35.476,35.268,35.327,24161,0
2014-04-01,20:00:00,35.327,35.327,35.198,35.278,29980,0
2014-04-01,21:00:00,35.278,35.655,35.268,35.625,74783,0
2014-04-01,22:00:00,35.615,35.883,35.526,35.843,159963,0
2014-04-02,16:00:00,35.714,35.843,35.585,35.645,37178,0
2014-04-02,17:00:00,35.684,35.853,35.675,35.744,32647,0
2014-04-02,18:00:00,35.754,36.062,35.754,35.962,26190,0
2014-04-02,19:00:00,35.962,36.052,35.962,36.052,24035,0
2014-04-02,20:00:00,36.042,36.081,36.012,36.062,35255,0
2014-04-02,21:00:00,36.071,36.101,36.042,36.091,55482,0
2014-04-02,22:00:00,36.081,36.27,36.081,36.21,192613,0
2014-04-03,16:00:00,36.052,36.161,35.754,36.071,7296,0
2014-04-03,17:00:00,35.992,36.111,35.972,35.992,23276,0
2014-04-03,18:00:00,36.002,36.052,35.913,36.032,24985,0
2014-04-03,19:00:00,36.002,36.21,36.002,36.191,23666,0
2014-04-03,20:00:00,36.171,36.21,36.091,36.171,29820,0
2014-04-03,21:00:00,36.171,36.21,36.091,36.091,31925,0
2014-04-03,22:00:00,36.111,36.2,35.526,35.952,266630,0
2014-04-04,16:00:00,35.933,36.2,35.714,36.161,50349,0
2014-04-04,17:00:00,36.131,36.389,36.111,36.32,45137,0
2014-04-04,18:00:00,36.31,36.419,36.181,36.23,72333,0
2014-04-04,19:00:00,36.25,36.389,36.23,36.31,52947,0
2014-04-04,20:00:00,36.27,36.409,36.25,36.329,38950,0
2014-04-04,21:00:00,36.32,36.419,36.27,36.32,41322,0
2014-04-04,22:00:00,36.32,36.389,36.26,36.31,133461,0
2014-04-07,16:00:00,36.27,36.458,36.032,36.141,14459,0
2014-04-07,17:00:00,36.171,36.468,36.171,36.369,42417,0
2014-04-07,18:00:00,36.359,36.468,36.349,36.359,23408,0
2014-04-07,19:00:00,36.359,36.468,36.22,36.32,192288,0
2014-04-07,20:00:00,36.329,36.379,36.21,36.32,95991,0
2014-04-07,21:00:00,36.32,36.339,36.091,36.091,26407,0
2014-04-07,22:00:00,36.052,36.091,35.833,36.042,136020,0
2014-04-08,16:00:00,35.903,36.022,35.585,35.883,49474,0
2014-04-08,17:00:00,35.893,36.022,35.377,35.823,57147,0
2014-04-08,18:00:00,35.823,36.042,35.734,36.012,31141,0
2014-04-08,19:00:00,35.982,36.191,35.962,36.111,22223,0
2014-04-08,20:00:00,36.111,36.449,36.071,36.141,33534,0
2014-04-08,21:00:00,36.101,36.131,35.873,36.091,23578,0
2014-04-08,22:00:00,36.071,36.27,35.992,36.022,66967,0
2014-04-09,16:00:00,36.24,36.488,35.843,35.952,9146,0
2014-04-09,17:00:00,35.913,36.052,35.804,35.952,30033,0
2014-04-09,18:00:00,35.962,36.002,35.724,35.853,83242,0
2014-04-09,19:00:00,35.863,35.923,35.704,35.833,69021,0
2014-04-09,20:00:00,35.843,35.903,35.684,35.794,36109,0
2014-04-09,21:00:00,35.833,36.131,35.833,35.942,160052,0
2014-04-09,22:00:00,35.952,36.032,35.426,35.516,146124,0
2014-04-10,16:00:00,35.694,35.704,35.159,35.327,22639,0
2014-04-10,17:00:00,35.268,35.585,35.208,35.377,54579,0
2014-04-10,18:00:00,35.367,35.367,35.119,35.198,96353,0
2014-04-10,19:00:00,35.188,35.198,34.861,34.871,40955,0
2014-04-10,20:00:00,34.881,34.95,34.682,34.95,71819,0
2014-04-10,21:00:00,34.97,35.099,34.91,34.91,37375,0
2014-04-10,22:00:00,34.91,35.089,34.821,35.01,209122,0
2014-04-11,16:00:00,35.178,35.536,34.762,35.417,62491,0
2014-04-11,17:00:00,35.208,35.327,35.119,35.198,61365,0
2014-04-11,18:00:00,35.198,35.198,34.861,34.94,38442,0
2014-04-11,19:00:00,34.9,35.049,34.771,34.96,27885,0
2014-04-11,20:00:00,34.93,34.93,34.771,34.791,17927,0
2014-04-11,21:00:00,34.801,34.851,34.633,34.771,91941,0
2014-04-11,22:00:00,34.742,34.95,34.642,34.762,76366,0
2014-04-14,16:00:00,35.198,35.228,34.762,35.228,23302,0
2014-04-14,17:00:00,35.228,35.347,35.049,35.278,23561,0
2014-04-14,18:00:00,35.278,35.407,35.208,35.347,36916,0
2014-04-14,19:00:00,35.367,35.397,35.288,35.357,27341,0
2014-04-14,20:00:00,35.387,35.397,35.297,35.337,25030,0
2014-04-14,21:00:00,35.367,35.367,35.01,35.218,29897,0
2014-04-14,22:00:00,35.218,35.218,34.94,35.129,89033,0
2014-04-15,16:00:00,35.208,35.526,34.871,35.496,23860,0
2014-04-15,17:00:00,35.476,35.536,35.129,35.168,19919,0
2014-04-15,18:00:00,35.089,35.536,34.99,35.397,49126,0
2014-04-15,19:00:00,35.397,35.526,35.218,35.486,38796,0
2014-04-15,20:00:00,35.446,35.724,35.426,35.625,49651,0
2014-04-15,21:00:00,35.605,35.724,35.407,35.684,58892,0
2014-04-15,22:00:00,35.615,35.804,35.278,35.288,113632,0
2014-04-16,16:00:00,35.665,35.794,35.248,35.754,18145,0
2014-04-16,17:00:00,35.724,35.764,35.476,35.665,44905,0
2014-04-16,18:00:00,35.635,35.823,35.555,35.724,134826,0
2014-04-16,19:00:00,35.684,35.804,35.665,35.734,104335,0
2014-04-16,20:00:00,35.724,35.724,35.555,35.585,52081,0
2014-04-16,21:00:00,35.615,35.784,35.496,35.734,44459,0
2014-04-16,22:00:00,35.724,35.754,35.555,35.635,156103,0
2014-04-17,16:00:00,35.516,36.369,35.307,36.151,60472,0
2014-04-17,17:00:00,36.121,36.2,35.724,35.843,37919,0
2014-04-17,18:00:00,35.843,35.893,35.754,35.804,57214,0
2014-04-17,19:00:00,35.804,35.883,35.754,35.754,33643,0
2014-04-17,20:00:00,35.754,35.813,35.714,35.813,19821,0
2014-04-17,21:00:00,35.823,35.833,35.813,35.823,18720,0
2014-04-17,22:00:00,35.823,35.833,35.605,35.605,37056,0
2014-04-21,16:00:00,35.724,36.062,35.605,35.863,34259,0
2014-04-21,17:00:00,35.863,35.893,35.605,35.774,29942,0
2014-04-21,18:00:00,35.794,36.022,35.774,35.873,61348,0
2014-04-21,19:00:00,35.813,35.883,35.615,35.784,36547,0
2014-04-21,20:00:00,35.784,35.813,35.615,35.645,20076,0
2014-04-21,21:00:00,35.684,36.022,35.675,35.962,66325,0
2014-04-21,22:00:00,35.942,35.952,35.694,35.694,85371,0
2014-04-22,16:00:00,35.873,35.962,35.605,35.684,23534,0
2014-04-22,17:00:00,35.694,35.764,35.536,35.536,33773,0
2014-04-22,18:00:00,35.565,35.714,35.516,35.575,26631,0
2014-04-22,19:00:00,35.546,35.704,35.506,35.615,26457,0
2014-04-22,20:00:00,35.665,35.665,35.516,35.565,29434,0
2014-04-22,21:00:00,35.546,35.704,35.496,35.665,25560,0
2014-04-22,22:00:00,35.655,35.655,35.516,35.575,72037,0
2014-04-23,16:00:00,35.575,35.833,35.575,35.764,11162,0
2014-04-23,17:00:00,35.704,35.764,35.605,35.754,52780,0
2014-04-23,18:00:00,35.764,35.933,35.744,35.863,40617,0
2014-04-23,19:00:00,35.823,35.962,35.794,35.913,55317,0
2014-04-23,20:00:00,35.962,36.022,35.813,35.903,60521,0
2014-04-23,21:00:00,35.853,35.982,35.853,35.942,57146,0
2014-04-23,22:00:00,35.913,35.933,35.575,35.665,74461,0
2014-04-24,16:00:00,35.923,36.379,35.923,36.181,33799,0
2014-04-24,17:00:00,36.131,36.22,35.853,36.071,65654,0
2014-04-24,18:00:00,36.071,36.141,35.982,36.091,33137,0
2014-04-24,19:00:00,36.091,36.131,36.022,36.121,32862,0
2014-04-24,20:00:00,36.121,36.131,36.022,36.091,31308,0
2014-04-24,21:00:00,36.071,36.091,35.982,36.081,27217,0
2014-04-24,22:00:00,36.071,36.24,36.022,36.23,140298,0
2014-04-25,16:00:00,36.369,36.845,35.992,36.637,56722,0
2014-04-25,17:00:00,36.657,36.707,36.002,36.131,86657,0
2014-04-25,18:00:00,36.121,36.22,35.982,36.032,27018,0
2014-04-25,19:00:00,36.071,36.071,35.853,35.913,18042,0
2014-04-25,20:00:00,35.893,35.992,35.754,35.992,12342,0
2014-04-25,21:00:00,36.012,36.32,35.992,36.101,28380,0
2014-04-25,22:00:00,36.22,36.32,36.101,36.26,74993,0
2014-04-28,16:00:00,36.52,36.75,36.27,36.47,27300,0
2014-04-28,17:00:00,36.26,36.45,35.86,35.93,81384,0
2014-04-28,18:00:00,35.93,36.15,35.9,36,30349,0
2014-04-28,19:00:00,36.02,36.17,35.86,35.9,52524,0
2014-04-28,20:00:00,35.87,35.89,35.72,35.72,19589,0
2014-04-28,21:00:00,35.71,36.07,35.62,36.04,39256,0
2014-04-28,22:00:00,36.02,36.35,36.02,36.26,98816,0
2014-04-29,16:00:00,36.49,36.63,36.21,36.54,12835,0
2014-04-29,17:00:00,36.54,36.62,36.18,36.36,25204,0
2014-04-29,18:00:00,36.4,36.54,36.39,36.5,28007,0
2014-04-29,19:00:00,36.49,36.54,36.3,36.33,33468,0
2014-04-29,20:00:00,36.32,36.32,36.2,36.27,20546,0
2014-04-29,21:00:00,36.27,36.33,36.15,36.19,22969,0
2014-04-29,22:00:00,36.16,36.25,36.03,36.16,52444,0
2014-04-30,16:00:00,36.01,36.4,36,36.26,12724,0
2014-04-30,17:00:00,36.33,36.8,36.28,36.62,52033,0
2014-04-30,18:00:00,36.63,36.67,36.42,36.58,42509,0
2014-04-30,19:00:00,36.58,36.75,36.58,36.74,16602,0
2014-04-30,20:00:00,36.77,36.91,36.77,36.87,25066,0
2014-04-30,21:00:00,36.84,36.86,36.71,36.76,46141,0
2014-04-30,22:00:00,36.76,36.76,36.52,36.58,164391,0
2014-05-01,16:00:00,36.6,36.66,36,36,30381,0
2014-05-01,17:00:00,36.01,36.42,36.01,36.42,37175,0
2014-05-01,18:00:00,36.41,36.53,36.34,36.4,39117,0
2014-05-01,19:00:00,36.4,36.78,36.4,36.58,23472,0
2014-05-01,20:00:00,36.53,36.71,36.35,36.35,17621,0
2014-05-01,21:00:00,36.4,36.63,36.4,36.49,16637,0
2014-05-01,22:00:00,36.52,36.9,36.48,36.86,93349,0
2014-05-02,16:00:00,36.71,36.86,36.09,36.5,41128,0
2014-05-02,17:00:00,36.58,37.11,36.58,36.75,23170,0
2014-05-02,18:00:00,36.72,36.73,36.37,36.51,25044,0
2014-05-02,19:00:00,36.5,36.53,36.37,36.4,20712,0
2014-05-02,20:00:00,36.4,36.5,36.2,36.47,22218,0
2014-05-02,21:00:00,36.44,36.49,36.35,36.4,23722,0
2014-05-02,22:00:00,36.4,36.47,36.33,36.39,56883,0
2014-05-05,16:00:00,36.36,36.76,36.1,36.6,23947,0
2014-05-05,17:00:00,36.58,36.68,36.23,36.57,29371,0
2014-05-05,18:00:00,36.53,36.69,36.19,36.23,29250,0
2014-05-05,19:00:00,36.27,36.5,36.17,36.49,47514,0
2014-05-05,20:00:00,36.5,36.5,36.13,36.13,36678,0
2014-05-05,21:00:00,36.13,36.21,36.04,36.12,34394,0
2014-05-05,22:00:00,36.12,36.36,36.1,36.29,78412,0
2014-05-06,16:00:00,36.94,37.23,36.62,36.62,40840,0
2014-05-06,17:00:00,36.81,37,36.47,36.58,37175,0
2014-05-06,18:00:00,36.54,36.86,36.48,36.77,35763,0
2014-05-06,19:00:00,36.83,36.85,36.45,36.45,32963,0
2014-05-06,20:00:00,36.43,36.54,36.28,36.41,24763,0
2014-05-06,21:00:00,36.38,36.56,36.36,36.54,31245,0
2014-05-06,22:00:00,36.52,36.68,36.38,36.39,103136,0
2014-05-07,16:00:00,37.11,37.11,36.13,36.39,40598,0
2014-05-07,17:00:00,36.37,36.37,36.13,36.13,82063,0
2014-05-07,18:00:00,36.21,36.28,36.14,36.23,45163,0
2014-05-07,19:00:00,36.25,36.63,36.21,36.59,35647,0
2014-05-07,20:00:00,36.58,36.72,36.54,36.54,23799,0
2014-05-07,21:00:00,36.57,36.7,36.46,36.57,45062,0
2014-05-07,22:00:00,36.51,36.65,36.45,36.55,83847,0
