Date,Time,Open,High,Low,Close,Volume,OpenInt
2014-02-10,16:00:00,20.4707,20.4805,20.3624,20.4805,4441,0
2014-02-10,17:00:00,20.6182,20.6182,20.4707,20.4903,3985,0
2014-02-10,18:00:00,20.4608,20.5985,20.4608,20.4707,4562,0
2014-02-10,19:00:00,20.5887,20.5985,20.4608,20.4608,6360,0
2014-02-10,20:00:00,20.4608,20.5985,20.4313,20.5494,9624,0
2014-02-10,21:00:00,20.451,20.5789,20.451,20.51,4150,0
2014-02-10,22:00:00,20.51,20.569,20.4116,20.5002,14491,0
2014-02-11,16:00:00,20.6084,20.6084,20.569,20.5887,2440,0
2014-02-11,17:00:00,20.6084,20.7362,20.5887,20.6182,7904,0
2014-02-11,18:00:00,20.6674,20.7461,20.6576,20.7166,3578,0
2014-02-11,19:00:00,20.7559,20.7953,20.7166,20.7166,1830,0
2014-02-11,20:00:00,20.7264,20.8051,20.6871,20.6871,2541,0
2014-02-11,21:00:00,20.7953,20.7953,20.7166,20.7166,407,0
2014-02-11,22:00:00,20.7362,20.7756,20.6674,20.7658,9483,0
2014-02-12,16:00:00,20.7166,20.7166,20.6969,20.7166,3267,0
2014-02-12,17:00:00,20.7166,20.7854,20.7067,20.7559,1017,0
2014-02-12,18:00:00,20.7264,20.8051,20.6379,20.7166,5032,0
2014-02-12,19:00:00,20.5985,20.7658,20.5985,20.7166,4838,0
2014-02-12,20:00:00,20.7461,20.7658,20.6772,20.6772,2796,0
2014-02-12,21:00:00,20.7166,20.7658,20.628,20.7067,3558,0
2014-02-12,22:00:00,20.7264,20.7264,20.4805,20.5789,7960,0
2014-02-13,16:00:00,20.6084,20.6379,20.5395,20.6379,7008,0
2014-02-13,17:00:00,20.6969,20.7953,20.6969,20.7953,1220,0
2014-02-13,18:00:00,20.7953,20.8248,20.7658,20.7756,7294,0
2014-02-13,19:00:00,20.7756,20.7756,20.6969,20.7461,5539,0
2014-02-13,20:00:00,20.7559,20.815,20.7559,20.7658,2846,0
2014-02-13,21:00:00,20.7559,20.7756,20.6576,20.7658,4117,0
2014-02-13,22:00:00,20.7559,20.7953,20.7166,20.7658,18930,0
2014-02-14,16:00:00,20.8346,20.8346,20.628,20.7854,6025,0
2014-02-14,17:00:00,20.7166,20.7854,19.9886,20.3821,58579,0
2014-02-14,18:00:00,20.3821,20.4018,20.3034,20.3821,3253,0
2014-02-14,19:00:00,20.392,20.4412,20.3329,20.4412,2860,0
2014-02-14,20:00:00,20.4412,20.51,20.4313,20.4313,3797,0
2014-02-14,21:00:00,20.4805,20.5887,20.4707,20.5887,6552,0
2014-02-14,22:00:00,20.5494,20.6969,20.5198,20.628,6522,0
2014-02-18,16:00:00,20.7264,20.7658,20.7067,20.7067,5693,0
2014-02-18,17:00:00,20.7362,20.7362,20.7067,20.7362,2440,0
2014-02-18,18:00:00,20.7461,20.7658,20.7264,20.7658,2745,0
2014-02-18,19:00:00,20.7854,20.8051,20.7559,20.8051,4698,0
2014-02-18,20:00:00,20.8051,20.9527,20.7658,20.874,9806,0
2014-02-18,21:00:00,20.9232,20.933,20.8445,20.9133,2918,0
2014-02-18,22:00:00,20.8936,21.1592,20.8936,21.1592,27372,0
2014-02-19,16:00:00,21.1101,21.1101,20.9035,20.9035,14938,0
2014-02-19,17:00:00,20.992,21.0019,20.9428,21.0019,3639,0
2014-02-19,18:00:00,20.9527,21.0019,20.9527,20.992,2643,0
2014-02-19,19:00:00,20.992,21.1396,20.992,21.0215,2135,0
2014-02-19,20:00:00,21.0215,21.1101,21.0117,21.1101,3261,0
2014-02-19,21:00:00,21.1494,21.2576,21.1396,21.2478,10564,0
2014-02-19,22:00:00,21.2576,21.2576,20.9428,21.0117,28334,0
2014-02-20,16:00:00,21.2183,21.2183,21.1297,21.1396,1655,0
2014-02-20,17:00:00,20.992,21.2281,20.992,21.2281,8820,0
2014-02-20,18:00:00,21.2281,21.297,21.1592,21.1691,8829,0
2014-02-20,19:00:00,21.1592,21.2281,21.1494,21.2281,6689,0
2014-02-20,20:00:00,21.2576,21.2576,21.2576,21.2576,2578,0
2014-02-20,21:00:00,21.2281,21.2281,21.2183,21.2183,16358,0
2014-02-20,22:00:00,21.2281,21.3265,21.2281,21.2871,12321,0
2014-02-21,16:00:00,21.3953,21.3953,21.2478,21.2478,20921,0
2014-02-21,17:00:00,21.2478,21.2773,21.2478,21.2773,3101,0
2014-02-21,18:00:00,21.2773,21.2773,21.2183,21.2281,3916,0
2014-02-21,19:00:00,21.2478,21.2675,21.2183,21.2675,5626,0
2014-02-21,20:00:00,21.2183,21.3757,21.2183,21.3757,4575,0
2014-02-21,21:00:00,21.3855,21.3855,21.356,21.356,2541,0
2014-02-21,22:00:00,21.3757,21.3855,21.1887,21.2183,14919,0
2014-02-24,16:00:00,21.3363,21.3658,21.3363,21.3658,825,0
2014-02-24,17:00:00,21.3166,21.3757,21.2871,21.356,1874,0
2014-02-24,18:00:00,21.356,21.3953,21.2281,21.3461,9287,0
2014-02-24,19:00:00,21.3363,21.3855,21.2576,21.3461,9251,0
2014-02-24,20:00:00,21.3461,21.3461,21.2478,21.2478,1525,0
2014-02-24,21:00:00,21.2576,21.3363,21.2379,21.3363,3221,0
2014-02-24,22:00:00,21.3461,21.3461,21.2281,21.3068,26899,0
2014-02-25,16:00:00,21.2183,21.2183,21.2183,21.2183,7393,0
2014-02-25,17:00:00,21.3461,21.3461,21.3166,21.3461,1322,0
2014-02-25,18:00:00,21.3068,21.3461,21.3068,21.3265,3863,0
2014-02-25,19:00:00,21.3166,21.3461,21.297,21.3461,6079,0
2014-02-25,20:00:00,21.3068,21.3461,21.2183,21.2183,9149,0
2014-02-25,21:00:00,21.2281,21.2478,21.1494,21.1494,2095,0
2014-02-25,22:00:00,21.1592,21.1691,21.0117,21.1494,13729,0
2014-02-26,16:00:00,21.1789,21.2675,21.1494,21.1986,3879,0
2014-02-26,17:00:00,21.2871,21.3461,21.2871,21.3461,2338,0
2014-02-26,18:00:00,21.3461,21.3855,21.2871,21.3658,4101,0
2014-02-26,19:00:00,21.3757,21.415,21.356,21.356,5825,0
2014-02-26,20:00:00,21.3265,21.3265,21.2576,21.2576,1423,0
2014-02-26,21:00:00,21.2281,21.3166,21.2281,21.3166,2038,0
2014-02-26,22:00:00,21.3265,21.4347,21.3265,21.415,12330,0
2014-02-27,16:00:00,21.3855,21.3855,21.3855,21.3855,1423,0
2014-02-27,17:00:00,21.415,21.4347,21.415,21.4347,1830,0
2014-02-27,18:00:00,21.3757,21.4052,21.2478,21.3166,4473,0
2014-02-27,19:00:00,21.2379,21.2379,21.2084,21.2084,2442,0
2014-02-27,20:00:00,21.1592,21.2281,21.1002,21.2281,3838,0
2014-02-27,21:00:00,21.3658,21.3658,21.3265,21.3658,3201,0
2014-02-27,22:00:00,21.0904,21.2084,20.9527,21.1691,21940,0
2014-02-28,16:00:00,21.0707,21.0904,21.0707,21.0904,1118,0
2014-02-28,17:00:00,21.0904,21.3855,21.0904,21.2871,11619,0
2014-02-28,18:00:00,21.5035,21.5035,21.4445,21.4445,1118,0
2014-02-28,19:00:00,21.5035,21.5035,21.5035,21.5035,1118,0
2014-02-28,20:00:00,21.4937,21.5035,21.4642,21.4642,2745,0
2014-02-28,21:00:00,21.5035,21.5527,21.4543,21.5429,9151,0
2014-02-28,22:00:00,21.5134,21.5921,21.415,21.5626,20361,0
2014-03-03,16:00:00,21.474,21.5822,21.4543,21.5822,8844,0
2014-03-03,17:00:00,21.4937,21.5134,21.4937,21.5134,3792,0
2014-03-03,18:00:00,21.4937,21.5527,21.4937,21.5527,1627,0
2014-03-03,19:00:00,21.5429,21.5724,21.4543,21.5429,3557,0
2014-03-03,20:00:00,21.5429,21.5527,21.4543,21.4543,1234,0
2014-03-03,21:00:00,21.533,21.5724,21.4937,21.4937,4826,0
2014-03-03,22:00:00,21.5527,21.5626,21.4445,21.5035,6855,0
2014-03-04,16:00:00,21.6413,22.0446,21.6216,22.0446,10505,0
2014-03-04,17:00:00,22.0741,22.2905,21.9364,22.202,10301,0
2014-03-04,18:00:00,22.2216,22.379,22.2118,22.379,5967,0
2014-03-04,19:00:00,22.3987,22.4282,22.3298,22.4282,5693,0
2014-03-04,20:00:00,22.379,22.4282,22.2708,22.2905,3086,0
2014-03-04,21:00:00,22.261,22.3594,22.1921,22.3003,7786,0
2014-03-04,22:00:00,22.2905,22.4184,22.2118,22.2905,38042,0
2014-03-05,16:00:00,22.3495,22.3495,22.0052,22.0052,3234,0
2014-03-05,17:00:00,22.0741,22.2118,22.0642,22.2118,3151,0
2014-03-05,18:00:00,22.261,22.32,22.0839,22.0938,6754,0
2014-03-05,19:00:00,22.1331,22.1331,22.0741,22.0741,3553,0
2014-03-05,20:00:00,22.1331,22.1331,22.0151,22.0151,1118,0
2014-03-05,21:00:00,22.1134,22.1134,21.9855,22.0741,6547,0
2014-03-05,22:00:00,22.0347,22.0446,21.897,22.0446,17852,0
2014-03-06,16:00:00,21.8872,21.9069,21.6609,21.6609,1769,0
2014-03-06,17:00:00,21.7298,21.7986,21.7101,21.7888,5998,0
2014-03-06,18:00:00,21.8183,21.9659,21.7888,21.9167,15985,0
2014-03-06,19:00:00,21.9265,21.9855,21.8872,21.956,5815,0
2014-03-06,20:00:00,21.9462,22.1134,21.8675,22.0839,3066,0
2014-03-06,21:00:00,22.0151,22.1823,22.0151,22.1331,7094,0
2014-03-06,22:00:00,22.202,22.202,22.1429,22.1626,6915,0
2014-03-07,16:00:00,22.1724,22.3692,21.9855,21.9855,10345,0
2014-03-07,17:00:00,22.0642,22.1528,22.0544,22.0544,1220,0
2014-03-07,18:00:00,21.9855,22.0151,21.956,21.9757,5878,0
2014-03-07,19:00:00,21.956,21.9855,21.9364,21.9757,3456,0
2014-03-07,20:00:00,21.9855,22.0938,21.9855,22.0938,2272,0
2014-03-07,21:00:00,22.0347,22.0347,22.0151,22.0347,1017,0
2014-03-07,22:00:00,22.0151,22.0347,21.9757,22.0052,10317,0
2014-03-10,15:00:00,22.0446,22.0446,22.0446,22.0446,2440,0
2014-03-10,16:00:00,22.0642,22.1528,22.0642,22.1331,3313,0
2014-03-10,17:00:00,22.1528,22.1724,22.0446,22.0446,4738,0
2014-03-10,18:00:00,22.0347,22.0347,21.5724,21.6314,3721,0
2014-03-10,19:00:00,21.6413,21.8773,21.6413,21.8773,1830,0
2014-03-10,20:00:00,21.838,21.838,21.7593,21.7691,1830,0
2014-03-10,21:00:00,21.6806,21.9659,21.6413,21.9364,16569,0
2014-03-11,15:00:00,21.8773,22.3003,21.8773,22.3003,10938,0
2014-03-11,16:00:00,22.3003,22.4184,22.1036,22.1823,12899,0
2014-03-11,17:00:00,22.0347,22.3298,22.0347,22.2315,3660,0
2014-03-11,18:00:00,22.261,22.32,22.261,22.32,1322,0
2014-03-11,19:00:00,22.2315,22.2413,22.2216,22.2216,1220,0
2014-03-11,20:00:00,22.2216,22.261,22.1134,22.1134,2135,0
2014-03-11,21:00:00,22.1134,22.3102,22.0741,22.1429,13627,0
2014-03-12,15:00:00,22.1331,22.1823,22.0839,22.0839,3568,0
2014-03-12,17:00:00,22.0446,22.0446,21.9954,21.9954,1655,0
2014-03-12,18:00:00,22.0741,22.0741,22.0741,22.0741,610,0
2014-03-12,19:00:00,22.0544,22.1233,22.0347,22.1233,1931,0
2014-03-12,20:00:00,22.1233,22.2118,22.1233,22.1921,2541,0
2014-03-12,21:00:00,22.1921,22.3692,22.1724,22.3003,10996,0
2014-03-13,15:00:00,22.3298,22.3298,21.9757,22.1429,2513,0
2014-03-13,16:00:00,22.1921,22.1921,22.1823,22.1823,1322,0
2014-03-13,17:00:00,22.2216,22.4282,22.2216,22.2315,24739,0
2014-03-13,18:00:00,22.2413,22.2708,22.2118,22.2118,3024,0
2014-03-13,19:00:00,22.2806,22.2806,22.2118,22.2806,4575,0
2014-03-13,20:00:00,22.2315,22.3594,22.2315,22.3594,5896,0
2014-03-13,21:00:00,22.32,22.4085,22.202,22.4085,15511,0
2014-03-14,15:00:00,22.4971,22.5069,22.379,22.379,2135,0
2014-03-14,16:00:00,22.5462,22.5954,22.5069,22.5462,8514,0
2014-03-14,17:00:00,22.4676,22.4971,22.4282,22.4971,4793,0
2014-03-14,18:00:00,22.4872,22.5954,22.4872,22.5954,8201,0
2014-03-14,19:00:00,22.5856,22.5856,22.4774,22.5167,5195,0
2014-03-14,20:00:00,22.5167,22.5954,22.5167,22.5659,2948,0
2014-03-14,21:00:00,22.5266,22.5856,22.4872,22.5856,13421,0
2014-03-17,15:00:00,22.7135,22.8512,22.6446,22.7036,3973,0
2014-03-17,16:00:00,22.7036,22.8512,22.6545,22.6545,4534,0
2014-03-17,17:00:00,22.6249,22.684,22.4872,22.4872,5144,0
2014-03-17,18:00:00,22.5659,22.5659,22.1429,22.2708,13842,0
2014-03-17,19:00:00,22.1921,22.261,22.1823,22.2315,3202,0
2014-03-17,20:00:00,22.1823,22.2315,22.1724,22.1823,20864,0
2014-03-17,21:00:00,22.2216,22.5856,22.1724,22.3003,25514,0
2014-03-18,15:00:00,22.3495,22.5364,22.3495,22.4676,2580,0
2014-03-18,16:00:00,22.4676,22.6741,22.4676,22.6249,2861,0
2014-03-18,17:00:00,22.6249,22.6249,22.6249,22.6249,2440,0
2014-03-18,18:00:00,22.6741,22.6741,22.6249,22.6741,2338,0
2014-03-18,19:00:00,22.7036,22.7135,22.6446,22.6545,1423,0
2014-03-18,20:00:00,22.6545,22.6741,22.6348,22.6643,3528,0
2014-03-18,21:00:00,22.6545,22.802,22.6249,22.802,15375,0
2014-03-19,15:00:00,22.8315,22.8414,22.8118,22.8414,5083,0
2014-03-19,16:00:00,22.7233,22.7823,22.7233,22.743,2648,0
2014-03-19,17:00:00,22.7233,22.7233,22.6249,22.6249,918,0
2014-03-19,18:00:00,22.6446,22.6446,22.4282,22.5659,4936,0
2014-03-19,19:00:00,22.5069,22.6151,22.4872,22.6053,3278,0
2014-03-19,20:00:00,22.4774,22.5659,22.4774,22.4774,7727,0
2014-03-19,21:00:00,22.5266,22.5266,22.4282,22.4676,14037,0
2014-03-20,15:00:00,22.3987,22.5167,22.3889,22.3889,4110,0
2014-03-20,16:00:00,22.4282,22.438,22.1823,22.2118,15466,0
2014-03-20,17:00:00,22.2118,22.3298,22.2118,22.2511,4607,0
2014-03-20,18:00:00,22.2413,22.3298,22.2413,22.3102,4659,0
2014-03-20,19:00:00,22.2413,22.3003,22.2216,22.2216,2244,0
2014-03-20,20:00:00,22.2216,22.3003,22.2216,22.3003,2244,0
2014-03-20,21:00:00,22.3003,22.3397,22.2216,22.32,24678,0
2014-03-21,15:00:00,22.07,22.45,22.07,22.44,5049,0
2014-03-21,16:00:00,22.44,22.69,22.44,22.6,8672,0
2014-03-21,17:00:00,22.6,22.6,22.27,22.34,17262,0
2014-03-21,18:00:00,22.29,22.34,22.29,22.3,1500,0
2014-03-21,19:00:00,22.35,22.4,22.28,22.4,3306,0
2014-03-21,20:00:00,22.38,22.44,22.35,22.4,4608,0
2014-03-21,21:00:00,22.33,22.41,22.25,22.4,109321,0
2014-03-24,15:00:00,22.52,22.52,22.52,22.52,700,0
2014-03-24,16:00:00,22.25,22.25,22.03,22.12,11545,0
2014-03-24,17:00:00,22.06,22.06,21.73,21.73,8918,0
2014-03-24,18:00:00,21.85,21.86,21.67,21.67,18014,0
2014-03-24,19:00:00,21.81,21.83,21.74,21.78,11852,0
2014-03-24,20:00:00,21.93,21.93,21.86,21.86,2400,0
2014-03-24,21:00:00,21.9,22,21.86,21.89,18813,0
2014-03-25,15:00:00,21.8,22.04,21.8,22.04,2744,0
2014-03-25,16:00:00,22.03,22.11,22.03,22.03,4376,0
2014-03-25,17:00:00,22.09,22.09,21.67,21.7,8466,0
2014-03-25,18:00:00,21.74,21.76,21.67,21.72,4323,0
2014-03-25,19:00:00,21.78,21.81,21.75,21.77,4400,0
2014-03-25,20:00:00,21.9,21.91,21.81,21.81,3612,0
2014-03-25,21:00:00,21.94,21.98,21.79,21.88,13126,0
2014-03-26,15:00:00,21.72,21.72,21.7,21.7,200,0
2014-03-26,16:00:00,21.7,21.7,21.63,21.7,2653,0
2014-03-26,17:00:00,21.7,22.01,21.7,21.86,1806,0
2014-03-26,18:00:00,21.86,21.86,21.73,21.76,1750,0
2014-03-26,19:00:00,21.79,21.79,21.67,21.67,800,0
2014-03-26,20:00:00,21.65,21.68,21.62,21.62,1100,0
2014-03-26,21:00:00,21.51,21.63,21.43,21.45,8841,0
2014-03-27,15:00:00,21.39,21.48,21.39,21.48,2300,0
2014-03-27,16:00:00,21.45,21.53,21.39,21.39,3939,0
2014-03-27,17:00:00,21.4,21.48,21.21,21.21,4775,0
2014-03-27,18:00:00,21.21,21.31,21.2,21.29,2900,0
2014-03-27,19:00:00,21.37,21.47,21.37,21.38,3496,0
2014-03-27,20:00:00,21.36,21.36,21.23,21.23,4600,0
2014-03-27,21:00:00,21.24,21.46,21.2,21.42,15512,0
2014-03-28,15:00:00,21.39,21.5,21.39,21.5,3646,0
2014-03-28,16:00:00,21.46,21.76,21.46,21.76,3635,0
2014-03-28,17:00:00,21.77,21.85,21.77,21.77,1900,0
2014-03-28,18:00:00,21.75,21.75,21.68,21.71,1400,0
2014-03-28,19:00:00,21.71,21.72,21.7,21.7,1962,0
2014-03-28,20:00:00,21.62,21.62,21.44,21.45,2200,0
2014-03-28,21:00:00,21.43,21.44,21.27,21.43,11453,0
2014-03-31,16:00:00,21.51,21.51,21.24,21.37,2000,0
2014-03-31,17:00:00,21.32,21.62,21.31,21.62,5620,0
2014-03-31,18:00:00,21.65,21.65,21.42,21.47,7312,0
2014-03-31,19:00:00,21.41,21.55,21.41,21.49,4000,0
2014-03-31,20:00:00,21.5,21.56,21.44,21.45,4400,0
2014-03-31,21:00:00,21.51,21.51,21.44,21.47,4600,0
2014-03-31,22:00:00,21.43,21.49,21.26,21.32,34038,0
2014-04-01,16:00:00,21.49,21.57,21.48,21.57,5527,0
2014-04-01,17:00:00,21.59,22.06,21.46,21.46,9876,0
2014-04-01,18:00:00,21.46,21.94,21.46,21.87,6075,0
2014-04-01,19:00:00,21.79,21.79,21.67,21.74,4400,0
2014-04-01,20:00:00,21.75,21.86,21.75,21.83,7362,0
2014-04-01,21:00:00,21.86,21.99,21.85,21.99,5122,0
2014-04-01,22:00:00,22.03,22.24,21.97,22.15,20130,0
2014-04-02,16:00:00,22.27,22.29,22.08,22.15,3860,0
2014-04-02,17:00:00,22.08,22.19,22.08,22.1,4300,0
2014-04-02,18:00:00,22.15,22.15,22.1,22.11,4070,0
2014-04-02,19:00:00,22.13,22.13,22.09,22.1,5624,0
2014-04-02,20:00:00,22.08,22.11,22.07,22.07,1100,0
2014-04-02,21:00:00,22.07,22.11,22.07,22.08,1900,0
2014-04-02,22:00:00,22.08,22.11,22.07,22.11,10888,0
2014-04-03,16:00:00,22.22,22.22,22.07,22.07,9769,0
2014-04-03,17:00:00,22.05,22.05,22,22,4561,0
2014-04-03,18:00:00,22,22.02,22,22.02,4600,0
2014-04-03,19:00:00,22.01,22.12,22,22,46800,0
2014-04-03,20:00:00,22,22,21.63,21.63,22428,0
2014-04-03,21:00:00,21.58,21.7,21.56,21.7,6574,0
2014-04-03,22:00:00,21.68,21.99,21.68,21.9,27145,0
2014-04-04,16:00:00,21.9,21.95,21.9,21.94,500,0
2014-04-04,17:00:00,21.93,22.01,21.91,22.01,9639,0
2014-04-04,18:00:00,22,22,21.48,21.61,8502,0
2014-04-04,19:00:00,21.52,21.69,21.46,21.66,5855,0
2014-04-04,20:00:00,21.7,21.7,21.55,21.56,2535,0
2014-04-04,21:00:00,21.56,21.59,21.5,21.59,2700,0
2014-04-04,22:00:00,21.54,21.68,21.53,21.6,27982,0
2014-04-07,16:00:00,21.69,21.69,21.64,21.69,9680,0
2014-04-07,17:00:00,21.63,21.69,21.59,21.65,2116,0
2014-04-07,18:00:00,21.68,21.73,21.62,21.67,5616,0
2014-04-07,19:00:00,21.66,21.68,21.65,21.68,1600,0
2014-04-07,20:00:00,21.73,21.73,21.65,21.7,1700,0
2014-04-07,21:00:00,21.7,21.72,21.7,21.72,2332,0
2014-04-07,22:00:00,21.71,21.71,21.6,21.64,6555,0
2014-04-08,16:00:00,21.73,21.86,21.67,21.74,5850,0
2014-04-08,17:00:00,21.73,21.73,21.54,21.54,3120,0
2014-04-08,18:00:00,21.54,21.63,21.54,21.55,3835,0
2014-04-08,19:00:00,21.56,21.66,21.56,21.59,3200,0
2014-04-08,20:00:00,21.64,21.69,21.63,21.69,6242,0
2014-04-08,21:00:00,21.62,21.65,21.57,21.57,5570,0
2014-04-08,22:00:00,21.55,21.67,21.5,21.57,14297,0
2014-04-09,16:00:00,21.54,21.55,21.52,21.52,16820,0
2014-04-09,17:00:00,21.52,21.62,21.48,21.54,3790,0
2014-04-09,18:00:00,21.5,21.56,21.42,21.56,8541,0
2014-04-09,19:00:00,21.52,21.57,21.49,21.5,3801,0
2014-04-09,20:00:00,21.57,21.74,21.54,21.67,14472,0
2014-04-09,21:00:00,21.75,21.75,21.57,21.66,2546,0
2014-04-09,22:00:00,21.58,21.72,21.51,21.61,16201,0
2014-04-10,16:00:00,21.72,21.95,21.72,21.95,5246,0
2014-04-10,17:00:00,21.68,21.86,21.58,21.58,6108,0
2014-04-10,18:00:00,21.68,21.68,21.51,21.57,6150,0
2014-04-10,19:00:00,21.57,21.67,21.56,21.67,2200,0
2014-04-10,20:00:00,21.57,21.68,21.56,21.68,2600,0
2014-04-10,21:00:00,21.6,21.68,21.6,21.6,1434,0
2014-04-10,22:00:00,21.6,21.65,21.52,21.54,16638,0
2014-04-11,16:00:00,21.52,21.58,21.43,21.54,8490,0
2014-04-11,17:00:00,21.57,21.77,21.54,21.7,5195,0
2014-04-11,18:00:00,21.66,21.67,21.66,21.67,1000,0
2014-04-11,19:00:00,21.68,21.71,21.62,21.7,1967,0
2014-04-11,20:00:00,21.78,21.79,21.74,21.78,1000,0
2014-04-11,21:00:00,21.79,21.91,21.79,21.88,6276,0
2014-04-11,22:00:00,21.89,21.95,21.83,21.84,10949,0
2014-04-14,16:00:00,21.86,21.95,21.84,21.85,8260,0
2014-04-14,17:00:00,21.91,21.95,21.86,21.94,4664,0
2014-04-14,18:00:00,21.94,22.17,21.94,22.09,6430,0
2014-04-14,19:00:00,22.17,22.17,22.12,22.12,2800,0
2014-04-14,20:00:00,22.13,22.22,22.08,22.08,4300,0
2014-04-14,21:00:00,22.16,22.16,21.9,22.04,8082,0
2014-04-14,22:00:00,21.92,22.03,21.77,21.96,24507,0
2014-04-15,16:00:00,22.09,22.3,22.03,22.3,1200,0
2014-04-15,17:00:00,21.99,22.22,21.9,21.95,4500,0
2014-04-15,18:00:00,21.95,22.12,21.86,22.12,5400,0
2014-04-15,19:00:00,22.1,22.2,22.1,22.11,1450,0
2014-04-15,20:00:00,22,22.14,22,22.11,4291,0
2014-04-15,21:00:00,22.12,22.17,22.02,22.13,2400,0
2014-04-15,22:00:00,22.08,22.29,22.05,22.11,20804,0
2014-04-16,17:00:00,22.06,22.5,22.06,22.47,8483,0
2014-04-16,18:00:00,22.47,22.51,22.39,22.47,7080,0
2014-04-16,19:00:00,22.5,22.5,22.5,22.5,600,0
2014-04-16,20:00:00,22.43,22.49,22.38,22.49,1800,0
2014-04-16,21:00:00,22.49,22.5,22.31,22.49,1980,0
2014-04-16,22:00:00,22.49,22.49,22.32,22.39,16544,0
2014-04-17,16:00:00,22.37,22.39,22.37,22.39,4290,0
2014-04-17,17:00:00,22.49,22.54,22.29,22.42,2974,0
2014-04-17,18:00:00,22.46,22.46,22.4,22.4,2500,0
2014-04-17,19:00:00,22.45,22.45,22.4,22.4,1700,0
2014-04-17,20:00:00,22.39,22.4,22.37,22.37,800,0
2014-04-17,21:00:00,22.34,22.45,22.18,22.23,3300,0
2014-04-17,22:00:00,22.27,22.44,22.22,22.33,2520,0
2014-04-21,16:00:00,22.5,22.51,22.41,22.41,1486,0
2014-04-21,17:00:00,22.25,22.38,22.25,22.29,10799,0
2014-04-21,18:00:00,22.25,22.43,22.22,22.43,5191,0
2014-04-21,19:00:00,22.48,22.66,22.48,22.66,3400,0
2014-04-21,20:00:00,22.66,22.66,22.55,22.63,3300,0
2014-04-21,21:00:00,22.69,22.69,22.52,22.66,9400,0
2014-04-21,22:00:00,22.61,22.64,22.4,22.52,17217,0
2014-04-22,16:00:00,22.6,22.6,22.56,22.56,2468,0
2014-04-22,17:00:00,22.64,22.65,22.55,22.65,2500,0
2014-04-22,18:00:00,22.55,22.61,22.55,22.61,2772,0
2014-04-22,19:00:00,22.61,22.74,22.59,22.59,3300,0
2014-04-22,20:00:00,22.61,22.72,22.61,22.63,2200,0
2014-04-22,21:00:00,22.63,22.74,22.62,22.63,2632,0
2014-04-22,22:00:00,22.65,22.67,22.55,22.57,12863,0
2014-04-23,16:00:00,22.56,22.57,22.56,22.56,1426,0
2014-04-23,17:00:00,22.57,22.57,22.56,22.56,4208,0
2014-04-23,18:00:00,22.6,22.6,22.55,22.6,14814,0
2014-04-23,19:00:00,22.6,22.6,22.55,22.56,1300,0
2014-04-23,20:00:00,22.6,22.61,22.56,22.56,1403,0
2014-04-23,21:00:00,22.56,22.56,22.55,22.56,4444,0
2014-04-23,22:00:00,22.57,22.58,22.55,22.56,16018,0
2014-04-24,16:00:00,22.6,22.6,22.51,22.6,3356,0
2014-04-24,17:00:00,22.6,22.6,22.51,22.53,2600,0
2014-04-24,18:00:00,22.51,22.6,22.4,22.45,13264,0
2014-04-24,19:00:00,22.43,22.57,22.39,22.52,17693,0
2014-04-24,20:00:00,22.52,22.58,22.39,22.39,14185,0
2014-04-24,21:00:00,22.43,22.52,22.38,22.38,2499,0
2014-04-24,22:00:00,22.34,22.42,22.27,22.35,11118,0
2014-04-25,16:00:00,22.19,22.59,22.19,22.54,5840,0
2014-04-25,17:00:00,22.5,22.56,22.32,22.43,6693,0
2014-04-25,18:00:00,22.4,22.4,22.21,22.22,1200,0
2014-04-25,19:00:00,22.25,22.25,22.08,22.08,2250,0
2014-04-25,20:00:00,22.1,22.13,21.94,22.08,8396,0
2014-04-25,21:00:00,22.08,22.09,22.07,22.07,1910,0
2014-04-25,22:00:00,22,22.14,21.97,22.01,8988,0
2014-04-28,16:00:00,22.17,22.17,22.17,22.17,3925,0
2014-04-28,17:00:00,22.2,22.34,22.19,22.29,5370,0
2014-04-28,18:00:00,22.36,22.36,22.15,22.24,3500,0
2014-04-28,19:00:00,22.23,22.26,22.15,22.15,3145,0
2014-04-28,20:00:00,22.14,22.14,22.04,22.1,9464,0
2014-04-28,21:00:00,22.16,22.33,22.16,22.33,803,0
2014-04-28,22:00:00,22.28,22.35,22.18,22.23,5922,0
2014-04-29,16:00:00,22.27,22.32,22.27,22.32,4100,0
2014-04-29,17:00:00,22.32,22.38,22.3,22.3,5203,0
2014-04-29,18:00:00,22.22,22.31,22.21,22.21,3800,0
2014-04-29,19:00:00,22.33,22.34,22.21,22.21,2455,0
2014-04-29,20:00:00,22.33,22.33,22.32,22.32,4400,0
2014-04-29,21:00:00,22.23,22.23,22.2,22.2,4800,0
2014-04-29,22:00:00,22.24,22.3,22.07,22.14,26812,0
2014-04-30,16:00:00,22.03,22.14,22,22,3708,0
2014-04-30,17:00:00,22.01,22.1,22.01,22.09,3698,0
2014-04-30,18:00:00,22.09,22.1,22.01,22.03,1891,0
2014-04-30,19:00:00,22,22.08,22,22.08,2200,0
2014-04-30,20:00:00,22.11,22.15,22.01,22.01,3775,0
2014-04-30,21:00:00,22.03,22.22,22.03,22.22,3372,0
2014-04-30,22:00:00,22.22,22.26,22.09,22.13,18401,0
2014-05-01,16:00:00,22.09,22.17,22.05,22.05,4600,0
2014-05-01,17:00:00,22.01,22.04,21.85,21.91,10415,0
2014-05-01,18:00:00,21.95,22.03,21.91,21.94,5522,0
2014-05-01,19:00:00,22.02,22.05,21.96,22,5350,0
2014-05-01,20:00:00,21.99,22.14,21.89,21.89,4500,0
2014-05-01,21:00:00,21.92,21.96,21.9,21.96,2172,0
2014-05-01,22:00:00,21.91,22.08,21.86,22.05,36888,0
2014-05-02,16:00:00,22.09,22.09,22.08,22.08,900,0
2014-05-02,17:00:00,22.11,22.23,22.11,22.19,8344,0
2014-05-02,18:00:00,22.14,22.19,22.12,22.17,3550,0
2014-05-02,19:00:00,22.1,22.22,22.1,22.2,2000,0
2014-05-02,20:00:00,22.2,22.24,22.07,22.07,5068,0
2014-05-02,21:00:00,22.16,22.16,22.1,22.1,2500,0
2014-05-02,22:00:00,22.1,22.14,21.99,22.09,13144,0
2014-05-05,16:00:00,21.91,22.19,21.91,22.17,8570,0
2014-05-05,17:00:00,22.11,22.17,22.08,22.1,2600,0
2014-05-05,18:00:00,22,22.13,21.99,22.13,1950,0
2014-05-05,19:00:00,22.14,22.14,22.07,22.12,2172,0
2014-05-05,20:00:00,22.07,22.07,22.05,22.06,1500,0
2014-05-05,21:00:00,22.08,22.08,22.03,22.08,600,0
2014-05-05,22:00:00,22.09,22.16,22.04,22.06,7486,0
2014-05-06,16:00:00,21.93,22,21.86,21.95,1800,0
2014-05-06,17:00:00,22,22.13,21.93,21.97,6188,0
2014-05-06,18:00:00,22.03,22.15,22.03,22.09,4100,0
2014-05-06,19:00:00,22.17,22.17,22.07,22.07,2556,0
2014-05-06,20:00:00,22.15,22.16,22,22.02,2800,0
2014-05-06,21:00:00,22,22.13,21.92,21.92,3314,0
2014-05-06,22:00:00,21.93,22.05,21.92,21.96,14244,0
2014-05-07,16:00:00,22.09,22.09,21.93,21.98,3667,0
2014-05-07,17:00:00,21.96,22.03,21.92,21.93,2755,0
2014-05-07,18:00:00,21.98,22.19,21.97,22.07,10561,0
2014-05-07,19:00:00,22.07,22.22,22.06,22.08,5854,0
2014-05-07,20:00:00,22.1,22.15,22.09,22.13,4668,0
2014-05-07,21:00:00,21.94,22.26,21.94,22.24,8406,0
2014-05-07,22:00:00,22.2,22.37,22.11,22.29,30532,0
