Date,Time,Open,High,Low,Close,Volume,OpenInt
2014-02-10,16:00:00,14.3902,14.4828,14.3346,14.3902,202713,0
2014-02-10,17:00:00,14.3902,14.5014,14.3161,14.4921,285532,0
2014-02-10,18:00:00,14.4921,14.557,14.3716,14.5106,140958,0
2014-02-10,19:00:00,14.5106,14.5384,14.4365,14.4643,147319,0
2014-02-10,20:00:00,14.4551,14.4736,14.3624,14.3624,142489,0
2014-02-10,21:00:00,14.3809,14.3809,14.3253,14.3253,223223,0
2014-02-10,22:00:00,14.3253,14.3439,14.2327,14.279,373736,0
2014-02-11,16:00:00,14.2975,14.2975,14.0381,14.1307,148107,0
2014-02-11,17:00:00,14.14,14.279,14.0566,14.1585,305273,0
2014-02-11,18:00:00,14.1585,14.2605,14.0844,14.1307,289933,0
2014-02-11,19:00:00,14.1307,14.1585,13.9732,14.1307,289165,0
2014-02-11,20:00:00,14.1307,14.279,14.0751,14.2327,451846,0
2014-02-11,21:00:00,14.2419,14.279,14.1122,14.1493,309120,0
2014-02-11,22:00:00,14.1493,14.2883,14.1493,14.2419,393625,0
2014-02-12,16:00:00,14.1863,14.3346,14.0937,14.1678,322507,0
2014-02-12,17:00:00,14.1678,14.2327,14.1029,14.1493,261809,0
2014-02-12,18:00:00,14.1493,14.2327,14.1215,14.14,252590,0
2014-02-12,19:00:00,14.14,14.1771,14.0381,14.0844,154943,0
2014-02-12,20:00:00,14.0844,14.1493,14.0288,14.1029,174763,0
2014-02-12,21:00:00,14.1029,14.2049,14.0751,14.1863,199752,0
2014-02-12,22:00:00,14.1771,14.1956,14.1215,14.14,411399,0
2014-02-13,16:00:00,14.19,14.53,13.87,13.97,283900,0
2014-02-13,17:00:00,14.02,14.05,13.79,13.94,219233,0
2014-02-13,18:00:00,13.93,14.08,13.88,14.04,198974,0
2014-02-13,19:00:00,14.03,14.19,14,14.14,158530,0
2014-02-13,20:00:00,14.15,14.35,14.14,14.33,138455,0
2014-02-13,21:00:00,14.3,14.38,14.2,14.25,175086,0
2014-02-13,22:00:00,14.25,14.25,14.11,14.14,432992,0
2014-02-14,16:00:00,14.32,14.35,14.06,14.17,73335,0
2014-02-14,17:00:00,14.17,14.24,13.96,13.97,125645,0
2014-02-14,18:00:00,13.96,14.03,13.88,13.97,153885,0
2014-02-14,19:00:00,13.98,14.09,13.91,14.01,107993,0
2014-02-14,20:00:00,14.01,14.08,13.98,13.99,104809,0
2014-02-14,21:00:00,13.98,14.08,13.93,13.97,160195,0
2014-02-14,22:00:00,13.97,14.11,13.91,14,315095,0
2014-02-18,16:00:00,14.14,14.29,14.01,14.06,97136,0
2014-02-18,17:00:00,14.05,14.09,13.8,13.83,353911,0
2014-02-18,18:00:00,13.83,13.93,13.8,13.86,274462,0
2014-02-18,19:00:00,13.86,13.9,13.72,13.75,256961,0
2014-02-18,20:00:00,13.75,13.76,13.66,13.71,200213,0
2014-02-18,21:00:00,13.71,13.8,13.71,13.75,124705,0
2014-02-18,22:00:00,13.76,13.89,13.75,13.78,340156,0
2014-02-19,16:00:00,13.7,13.85,13.65,13.82,62266,0
2014-02-19,17:00:00,13.84,13.88,13.74,13.84,151399,0
2014-02-19,18:00:00,13.84,13.84,13.61,13.61,225813,0
2014-02-19,19:00:00,13.61,13.66,13.43,13.66,273842,0
2014-02-19,20:00:00,13.67,13.81,13.63,13.79,127275,0
2014-02-19,21:00:00,13.79,13.83,13.69,13.7,142575,0
2014-02-19,22:00:00,13.72,13.75,13.64,13.66,232426,0
2014-02-20,16:00:00,13.7,13.83,13.57,13.59,100266,0
2014-02-20,17:00:00,13.56,13.72,13.56,13.67,149320,0
2014-02-20,18:00:00,13.66,13.71,13.62,13.67,145337,0
2014-02-20,19:00:00,13.66,13.71,13.6,13.61,179135,0
2014-02-20,20:00:00,13.62,13.75,13.56,13.57,235383,0
2014-02-20,21:00:00,13.58,13.58,13.46,13.5,321179,0
2014-02-20,22:00:00,13.5,13.73,13.5,13.65,294114,0
2014-02-21,16:00:00,13.83,13.94,13.32,13.49,287543,0
2014-02-21,17:00:00,13.54,13.58,13.4,13.52,256063,0
2014-02-21,18:00:00,13.54,13.55,13.45,13.49,133415,0
2014-02-21,19:00:00,13.49,13.53,13.44,13.48,310532,0
2014-02-21,20:00:00,13.49,13.49,13.35,13.38,280975,0
2014-02-21,21:00:00,13.38,13.51,13.36,13.48,204800,0
2014-02-21,22:00:00,13.48,13.59,13.46,13.55,904625,0
2014-02-24,16:00:00,13.6,13.71,13.55,13.69,131067,0
2014-02-24,17:00:00,13.69,13.72,13.57,13.67,263355,0
2014-02-24,18:00:00,13.67,13.69,13.55,13.58,223367,0
2014-02-24,19:00:00,13.58,13.61,13.56,13.58,77590,0
2014-02-24,20:00:00,13.58,13.59,13.5,13.55,138817,0
2014-02-24,21:00:00,13.55,13.59,13.46,13.49,316630,0
2014-02-24,22:00:00,13.49,13.54,13.45,13.5,561460,0
2014-02-25,16:00:00,13.73,13.85,13.45,13.5,132384,0
2014-02-25,17:00:00,13.49,13.56,13.46,13.48,219194,0
2014-02-25,18:00:00,13.49,13.52,13.41,13.45,232255,0
2014-02-25,19:00:00,13.44,13.47,13.35,13.39,227883,0
2014-02-25,20:00:00,13.4,13.43,13.36,13.39,171044,0
2014-02-25,21:00:00,13.39,13.55,13.38,13.4,229803,0
2014-02-25,22:00:00,13.4,13.42,13.37,13.39,360659,0
2014-02-26,16:00:00,13.47,13.64,13.38,13.39,192523,0
2014-02-26,17:00:00,13.37,13.48,13.36,13.4,233502,0
2014-02-26,18:00:00,13.41,13.45,13.36,13.4,208632,0
2014-02-26,19:00:00,13.4,13.45,13.36,13.41,191971,0
2014-02-26,20:00:00,13.41,13.41,13.26,13.29,344370,0
2014-02-26,21:00:00,13.28,13.33,13.26,13.3,296641,0
2014-02-26,22:00:00,13.3,13.3,13.14,13.22,636312,0
2014-02-27,16:00:00,13.22,13.43,13.15,13.42,96392,0
2014-02-27,17:00:00,13.46,13.46,13.32,13.4,227470,0
2014-02-27,18:00:00,13.4,13.55,13.4,13.52,90096,0
2014-02-27,19:00:00,13.51,13.59,13.48,13.52,158766,0
2014-02-27,20:00:00,13.53,13.59,13.45,13.54,337376,0
2014-02-27,21:00:00,13.52,13.56,13.46,13.47,172345,0
2014-02-27,22:00:00,13.47,13.54,13.46,13.53,223050,0
2014-02-28,16:00:00,13.57,13.6,13.49,13.52,135486,0
2014-02-28,17:00:00,13.53,13.53,13.43,13.51,139016,0
2014-02-28,18:00:00,13.51,13.51,13.4,13.47,5840364,0
2014-02-28,19:00:00,13.47,13.55,13.45,13.5,153008,0
2014-02-28,20:00:00,13.48,13.57,13.48,13.5,195131,0
2014-02-28,21:00:00,13.49,13.51,13.4,13.41,171907,0
2014-02-28,22:00:00,13.42,13.5,13.38,13.47,697890,0
2014-03-03,16:00:00,13.46,13.46,13.34,13.44,128268,0
2014-03-03,17:00:00,13.44,13.52,13.38,13.52,104681,0
2014-03-03,18:00:00,13.53,13.54,13.46,13.48,112921,0
2014-03-03,19:00:00,13.48,13.51,13.45,13.51,78459,0
2014-03-03,20:00:00,13.51,13.63,13.47,13.62,103435,0
2014-03-03,21:00:00,13.62,13.74,13.61,13.73,150942,0
2014-03-03,22:00:00,13.73,13.85,13.63,13.84,418028,0
2014-03-04,16:00:00,13.99,14.14,13.95,14.1,273068,0
2014-03-04,17:00:00,14.1,14.3,14.05,14.15,633765,0
2014-03-04,18:00:00,14.15,14.21,14.08,14.1,361467,0
2014-03-04,19:00:00,14.1,14.14,14.06,14.11,163051,0
2014-03-04,20:00:00,14.11,14.28,14.07,14.24,237339,0
2014-03-04,21:00:00,14.23,14.3,14.19,14.2,248313,0
2014-03-04,22:00:00,14.2,14.23,14.17,14.18,381243,0
2014-03-05,16:00:00,14.27,14.35,14.15,14.18,41274,0
2014-03-05,17:00:00,14.18,14.24,14.16,14.17,80518,0
2014-03-05,18:00:00,14.17,14.19,14.12,14.13,162923,0
2014-03-05,19:00:00,14.13,14.15,14.11,14.12,84022,0
2014-03-05,20:00:00,14.13,14.14,14.12,14.13,59908,0
2014-03-05,21:00:00,14.13,14.18,14.11,14.17,77046,0
2014-03-05,22:00:00,14.16,14.2,14.14,14.19,209298,0
2014-03-06,16:00:00,14.31,14.44,14.22,14.39,85647,0
2014-03-06,17:00:00,14.39,14.39,14.28,14.31,174490,0
2014-03-06,18:00:00,14.31,14.4,14.26,14.35,223619,0
2014-03-06,19:00:00,14.35,14.37,14.33,14.33,59918,0
2014-03-06,20:00:00,14.35,14.36,14.3,14.32,86739,0
2014-03-06,21:00:00,14.32,14.4,14.3,14.35,181302,0
2014-03-06,22:00:00,14.36,14.37,14.31,14.31,181117,0
2014-03-07,16:00:00,14.33,14.41,14.13,14.13,53653,0
2014-03-07,17:00:00,14.13,14.22,14.07,14.13,193048,0
2014-03-07,18:00:00,14.11,14.16,14.06,14.15,80191,0
2014-03-07,19:00:00,14.15,14.29,14.12,14.24,65171,0
2014-03-07,20:00:00,14.24,14.27,14.18,14.25,78377,0
2014-03-07,21:00:00,14.25,14.29,14.22,14.24,139308,0
2014-03-07,22:00:00,14.24,14.27,14.18,14.22,617421,0
2014-03-10,15:00:00,14.22,14.37,14.2,14.37,48752,0
2014-03-10,16:00:00,14.38,14.38,14.15,14.15,61464,0
2014-03-10,17:00:00,14.16,14.24,14.11,14.13,67211,0
2014-03-10,18:00:00,14.12,14.39,14.12,14.34,2012678,0
2014-03-10,19:00:00,14.34,14.42,14.27,14.39,93409,0
2014-03-10,20:00:00,14.39,14.56,14.35,14.37,144128,0
2014-03-10,21:00:00,14.39,14.39,14.11,14.23,603294,0
2014-03-11,15:00:00,14.27,14.34,14.23,14.32,197271,0
2014-03-11,16:00:00,14.34,14.43,14.28,14.43,106623,0
2014-03-11,17:00:00,14.43,14.43,14.32,14.39,176157,0
2014-03-11,18:00:00,14.41,14.41,14.34,14.39,179230,0
2014-03-11,19:00:00,14.39,14.48,14.37,14.48,115434,0
2014-03-11,20:00:00,14.47,14.74,14.46,14.71,245739,0
2014-03-11,21:00:00,14.71,14.72,14.61,14.62,360839,0
2014-03-12,15:00:00,14.61,14.64,14.5,14.58,44070,0
2014-03-12,16:00:00,14.59,14.65,14.49,14.57,105646,0
2014-03-12,17:00:00,14.54,14.57,14.45,14.53,98919,0
2014-03-12,18:00:00,14.51,14.64,14.49,14.64,39963,0
2014-03-12,19:00:00,14.65,14.69,14.62,14.64,99749,0
2014-03-12,20:00:00,14.64,14.73,14.64,14.72,144659,0
2014-03-12,21:00:00,14.71,14.76,14.7,14.74,256736,0
2014-03-13,15:00:00,14.75,14.94,14.73,14.9,150021,0
2014-03-13,16:00:00,14.92,14.92,14.73,14.74,132667,0
2014-03-13,17:00:00,14.73,14.83,14.57,14.57,111498,0
2014-03-13,18:00:00,14.57,14.57,14.2,14.3,300093,0
2014-03-13,19:00:00,14.31,14.5,14.25,14.49,115911,0
2014-03-13,20:00:00,14.5,14.51,14.36,14.38,154813,0
2014-03-13,21:00:00,14.38,14.43,14.32,14.41,216621,0
2014-03-14,15:00:00,14.4,14.4,14.15,14.17,81704,0
2014-03-14,16:00:00,14.17,14.29,14.05,14.05,135882,0
2014-03-14,17:00:00,14.05,14.15,14.04,14.07,205027,0
2014-03-14,18:00:00,14.06,14.08,14,14.07,98669,0
2014-03-14,19:00:00,14.07,14.14,14.01,14.14,170749,0
2014-03-14,20:00:00,14.13,14.16,14,14,223102,0
2014-03-14,21:00:00,14,14.03,13.93,14.03,253780,0
2014-03-17,15:00:00,14.1,14.15,13.93,14.09,149004,0
2014-03-17,16:00:00,14.11,14.25,14.05,14.1,146299,0
2014-03-17,17:00:00,14.11,14.14,14,14.06,95109,0
2014-03-17,18:00:00,14.05,14.15,14.02,14.13,88011,0
2014-03-17,19:00:00,14.14,14.2,14.11,14.16,100277,0
2014-03-17,20:00:00,14.16,14.21,14.12,14.2,105516,0
2014-03-17,21:00:00,14.2,14.26,14.17,14.23,283498,0
2014-03-18,15:00:00,14.23,14.3,14.14,14.18,80450,0
2014-03-18,16:00:00,14.19,14.24,14.15,14.16,79162,0
2014-03-18,17:00:00,14.17,14.26,14.15,14.25,86546,0
2014-03-18,18:00:00,14.23,14.28,14.21,14.25,98685,0
2014-03-18,19:00:00,14.25,14.29,14.22,14.25,63313,0
2014-03-18,20:00:00,14.25,14.26,14.21,14.21,41998,0
2014-03-18,21:00:00,14.21,14.24,14.16,14.2,180618,0
2014-03-19,15:00:00,14.06,14.08,13.45,13.59,504444,0
2014-03-19,16:00:00,13.59,13.74,13.3,13.7,1449059,0
2014-03-19,17:00:00,13.7,13.84,13.65,13.65,403867,0
2014-03-19,18:00:00,13.65,13.73,13.61,13.63,330711,0
2014-03-19,19:00:00,13.63,13.64,13.53,13.58,448325,0
2014-03-19,20:00:00,13.58,13.69,13.56,13.6,357303,0
2014-03-19,21:00:00,13.61,13.76,13.52,13.71,418698,0
2014-03-20,15:00:00,13.59,13.64,13.41,13.57,169392,0
2014-03-20,16:00:00,13.57,13.93,13.57,13.91,202344,0
2014-03-20,17:00:00,13.91,13.99,13.9,13.99,204633,0
2014-03-20,18:00:00,13.98,14.03,13.92,14,89692,0
2014-03-20,19:00:00,14,14.06,13.98,14.05,102777,0
2014-03-20,20:00:00,14.05,14.05,14,14.02,103365,0
2014-03-20,21:00:00,14.03,14.03,13.86,13.89,229796,0
2014-03-21,15:00:00,14,14.08,13.9,13.91,45148,0
2014-03-21,16:00:00,13.88,13.97,13.84,13.9,98554,0
2014-03-21,17:00:00,13.9,13.96,13.84,13.93,99998,0
2014-03-21,18:00:00,13.93,13.95,13.86,13.87,63783,0
2014-03-21,19:00:00,13.87,13.9,13.81,13.86,96230,0
2014-03-21,20:00:00,13.86,13.94,13.84,13.94,86202,0
2014-03-21,21:00:00,13.94,13.94,13.87,13.89,130231,0
2014-03-24,15:00:00,13.93,13.98,13.85,13.9,78982,0
2014-03-24,16:00:00,13.9,13.9,13.65,13.74,139295,0
2014-03-24,17:00:00,13.74,13.79,13.68,13.75,96044,0
2014-03-24,18:00:00,13.74,13.8,13.71,13.75,95009,0
2014-03-24,19:00:00,13.75,13.93,13.72,13.93,98551,0
2014-03-24,20:00:00,13.93,13.93,13.74,13.75,120512,0
2014-03-24,21:00:00,13.75,13.79,13.7,13.7,240293,0
2014-03-25,15:00:00,13.83,13.91,13.73,13.84,47842,0
2014-03-25,16:00:00,13.84,13.86,13.69,13.69,108351,0
2014-03-25,17:00:00,13.7,13.72,13.57,13.59,97716,0
2014-03-25,18:00:00,13.57,13.57,13.51,13.53,107004,0
2014-03-25,19:00:00,13.54,13.6,13.52,13.53,65843,0
2014-03-25,20:00:00,13.53,13.61,13.44,13.45,253981,0
2014-03-25,21:00:00,13.45,13.61,13.42,13.51,1278697,0
2014-03-26,15:00:00,13.56,13.7,13.55,13.67,65359,0
2014-03-26,16:00:00,13.67,13.67,13.51,13.54,74498,0
2014-03-26,17:00:00,13.52,13.59,13.5,13.59,124195,0
2014-03-26,18:00:00,13.57,13.6,13.45,13.47,211102,0
2014-03-26,19:00:00,13.47,13.48,13.38,13.43,176752,0
2014-03-26,20:00:00,13.43,13.44,13.31,13.36,184623,0
2014-03-26,21:00:00,13.35,13.44,13.3,13.37,289695,0
2014-03-27,15:00:00,13.37,13.41,13.11,13.24,186217,0
2014-03-27,16:00:00,13.21,13.42,13.2,13.4,101384,0
2014-03-27,17:00:00,13.4,13.4,13.13,13.22,188298,0
2014-03-27,18:00:00,13.22,13.24,13.13,13.16,127964,0
2014-03-27,19:00:00,13.17,13.23,13.12,13.2,118311,0
2014-03-27,20:00:00,13.22,13.31,13.18,13.28,85763,0
2014-03-27,21:00:00,13.29,13.38,13.26,13.37,122135,0
2014-03-28,15:00:00,13.55,13.6,13.43,13.5,39611,0
2014-03-28,16:00:00,13.51,13.58,13.45,13.58,120428,0
2014-03-28,17:00:00,13.57,13.69,13.52,13.64,148927,0
2014-03-28,18:00:00,13.64,13.72,13.62,13.7,61056,0
2014-03-28,19:00:00,13.69,13.79,13.68,13.78,69111,0
2014-03-28,20:00:00,13.78,13.78,13.64,13.66,108474,0
2014-03-28,21:00:00,13.66,13.75,13.62,13.73,170099,0
2014-03-31,16:00:00,13.82,13.87,13.65,13.7,128184,0
2014-03-31,17:00:00,13.66,13.78,13.57,13.59,254057,0
2014-03-31,18:00:00,13.59,13.62,13.51,13.58,211538,0
2014-03-31,19:00:00,13.58,13.64,13.57,13.63,107233,0
2014-03-31,20:00:00,13.64,13.72,13.62,13.72,121808,0
2014-03-31,21:00:00,13.72,13.74,13.67,13.73,81442,0
2014-03-31,22:00:00,13.73,13.8,13.68,13.76,223944,0
2014-04-01,16:00:00,13.91,14,13.77,13.8,96729,0
2014-04-01,17:00:00,13.83,14,13.8,13.94,184967,0
2014-04-01,18:00:00,13.94,13.96,13.86,13.87,135778,0
2014-04-01,19:00:00,13.86,13.96,13.86,13.9,90194,0
2014-04-01,20:00:00,13.91,13.96,13.9,13.91,136888,0
2014-04-01,21:00:00,13.92,13.94,13.8,13.84,160550,0
2014-04-01,22:00:00,13.83,13.91,13.82,13.88,183868,0
2014-04-02,16:00:00,13.9,13.94,13.6,13.63,155269,0
2014-04-02,17:00:00,13.62,13.69,13.53,13.64,159971,0
2014-04-02,18:00:00,13.64,13.67,13.51,13.51,145836,0
2014-04-02,19:00:00,13.51,13.51,13.22,13.24,329950,0
2014-04-02,20:00:00,13.24,13.41,13.07,13.41,324742,0
2014-04-02,21:00:00,13.41,13.47,13.35,13.36,226219,0
2014-04-02,22:00:00,13.37,13.43,13.34,13.4,293572,0
2014-04-03,16:00:00,13.4,13.5,13.35,13.4,116962,0
2014-04-03,17:00:00,13.38,13.4,13.25,13.27,190108,0
2014-04-03,18:00:00,13.27,13.32,13.25,13.26,157204,0
2014-04-03,19:00:00,13.27,13.29,13.1,13.1,318524,0
2014-04-03,20:00:00,13.09,13.18,13.03,13.18,242740,0
2014-04-03,21:00:00,13.18,13.5,13.18,13.31,157844,0
2014-04-03,22:00:00,13.3,13.31,13.22,13.23,239087,0
2014-04-04,16:00:00,13.49,13.5,13.01,13.2,167257,0
2014-04-04,17:00:00,13.2,13.36,13.14,13.29,242293,0
2014-04-04,18:00:00,13.29,13.34,13.19,13.33,274598,0
2014-04-04,19:00:00,13.33,13.33,13.22,13.26,137358,0
2014-04-04,20:00:00,13.26,13.31,13.2,13.21,104415,0
2014-04-04,21:00:00,13.22,13.23,13.14,13.21,151882,0
2014-04-04,22:00:00,13.21,13.31,13.19,13.31,375866,0
2014-04-07,16:00:00,13.21,13.23,12.56,12.8,420298,0
2014-04-07,17:00:00,12.8,12.94,12.62,12.62,412581,0
2014-04-07,18:00:00,12.62,12.73,12.55,12.58,233564,0
2014-04-07,19:00:00,12.57,12.61,12.3,12.3,320923,0
2014-04-07,20:00:00,12.31,12.37,11.86,12.27,946181,0
2014-04-07,21:00:00,12.28,12.59,12.27,12.47,442204,0
2014-04-07,22:00:00,12.49,12.63,12.49,12.55,694847,0
2014-04-08,16:00:00,12.55,12.55,12.18,12.2,173642,0
2014-04-08,17:00:00,12.2,12.33,12.12,12.32,284277,0
2014-04-08,18:00:00,12.31,12.6,12.27,12.59,312543,0
2014-04-08,19:00:00,12.59,12.62,12.45,12.51,307062,0
2014-04-08,20:00:00,12.51,12.72,12.51,12.65,161516,0
2014-04-08,21:00:00,12.65,12.69,12.59,12.69,138952,0
2014-04-08,22:00:00,12.68,12.8,12.59,12.74,378251,0
2014-04-09,16:00:00,12.91,13.24,12.75,12.77,175269,0
2014-04-09,17:00:00,12.77,12.78,12.57,12.58,125009,0
2014-04-09,18:00:00,12.57,12.61,12.45,12.47,138704,0
2014-04-09,19:00:00,12.47,12.51,12.45,12.47,123912,0
2014-04-09,20:00:00,12.48,12.48,12.35,12.35,191425,0
2014-04-09,21:00:00,12.36,12.56,12.35,12.49,308467,0
2014-04-09,22:00:00,12.5,12.68,12.49,12.64,349928,0
2014-04-10,16:00:00,12.63,12.65,12.4,12.44,83597,0
2014-04-10,17:00:00,12.45,12.57,12.4,12.5,200738,0
2014-04-10,18:00:00,12.5,12.5,12.18,12.25,282854,0
2014-04-10,19:00:00,12.26,12.27,12.13,12.15,230094,0
2014-04-10,20:00:00,12.15,12.16,11.8,11.88,413067,0
2014-04-10,21:00:00,11.87,11.99,11.84,11.95,385928,0
2014-04-10,22:00:00,11.96,11.99,11.88,11.96,480893,0
2014-04-11,16:00:00,11.82,11.89,11.72,11.79,221611,0
2014-04-11,17:00:00,11.78,11.94,11.72,11.93,194933,0
2014-04-11,18:00:00,11.91,12.01,11.9,11.91,143757,0
2014-04-11,19:00:00,11.93,11.96,11.85,11.89,130086,0
2014-04-11,20:00:00,11.88,11.91,11.83,11.89,113179,0
2014-04-11,21:00:00,11.89,11.9,11.77,11.81,130972,0
2014-04-11,22:00:00,11.79,11.84,11.75,11.84,440368,0
2014-04-14,16:00:00,11.98,12.15,11.84,11.84,102549,0
2014-04-14,17:00:00,11.85,11.9,11.72,11.84,263393,0
2014-04-14,18:00:00,11.84,11.88,11.79,11.81,219991,0
2014-04-14,19:00:00,11.82,11.88,11.77,11.81,219543,0
2014-04-14,20:00:00,11.84,12.08,11.81,12.01,223009,0
2014-04-14,21:00:00,12.01,12.13,11.96,12.09,159037,0
2014-04-14,22:00:00,12.08,12.15,11.96,12.14,431841,0
2014-04-15,16:00:00,12.33,12.38,12.14,12.29,88498,0
2014-04-15,17:00:00,12.28,12.35,12.22,12.27,220767,0
2014-04-15,18:00:00,12.25,12.31,12.21,12.22,198107,0
2014-04-15,19:00:00,12.23,12.24,12.11,12.12,131107,0
2014-04-15,20:00:00,12.12,12.2,12.07,12.2,171114,0
2014-04-15,21:00:00,12.19,12.24,12.13,12.22,222649,0
2014-04-15,22:00:00,12.22,12.39,12.22,12.38,385482,0
2014-04-16,16:00:00,12.44,12.49,12.21,12.23,103416,0
2014-04-16,17:00:00,12.24,12.34,12.21,12.27,230319,0
2014-04-16,18:00:00,12.27,12.41,12.27,12.34,194465,0
2014-04-16,19:00:00,12.34,12.46,12.34,12.38,110521,0
2014-04-16,20:00:00,12.37,12.39,12.32,12.35,59704,0
2014-04-16,21:00:00,12.36,12.43,12.34,12.39,118365,0
2014-04-16,22:00:00,12.4,12.5,12.39,12.5,199654,0
2014-04-17,16:00:00,12.55,12.73,12.45,12.6,77552,0
2014-04-17,17:00:00,12.6,12.66,12.55,12.65,113408,0
2014-04-17,18:00:00,12.65,12.67,12.48,12.48,131533,0
2014-04-17,19:00:00,12.48,12.56,12.48,12.55,39509,0
2014-04-17,20:00:00,12.55,12.61,12.53,12.6,26382,0
2014-04-17,21:00:00,12.58,12.62,12.55,12.57,67418,0
2014-04-17,22:00:00,12.57,12.58,12.52,12.57,86355,0
2014-04-21,16:00:00,12.6,12.65,12.52,12.64,101075,0
2014-04-21,17:00:00,12.62,12.68,12.57,12.65,98220,0
2014-04-21,18:00:00,12.65,12.71,12.52,12.53,120682,0
2014-04-21,19:00:00,12.52,12.59,12.5,12.56,77815,0
2014-04-21,20:00:00,12.59,12.63,12.56,12.59,65607,0
2014-04-21,21:00:00,12.58,12.7,12.56,12.68,59794,0
2014-04-21,22:00:00,12.68,12.73,12.67,12.73,111490,0
2014-04-22,16:00:00,12.79,12.9,12.7,12.9,118687,0
2014-04-22,17:00:00,12.86,12.91,12.82,12.82,54775,0
2014-04-22,18:00:00,12.83,13,12.82,12.94,138529,0
2014-04-22,19:00:00,12.94,13.04,12.94,12.97,126506,0
2014-04-22,20:00:00,12.97,13.09,12.95,13.08,84643,0
2014-04-22,21:00:00,13.09,13.24,13.07,13.24,141756,0
2014-04-22,22:00:00,13.24,13.24,13.09,13.14,175137,0
2014-04-23,16:00:00,13.14,13.21,12.96,13,69765,0
2014-04-23,17:00:00,12.96,13,12.88,12.98,124492,0
2014-04-23,18:00:00,12.99,13.05,12.94,13.03,86495,0
2014-04-23,19:00:00,13.01,13.04,12.99,13.04,23243,0
2014-04-23,20:00:00,13.03,13.1,13.02,13.09,39995,0
2014-04-23,21:00:00,13.08,13.1,13.04,13.1,46452,0
2014-04-23,22:00:00,13.08,13.1,13.05,13.08,106882,0
2014-04-24,16:00:00,13.18,13.24,13.1,13.17,132599,0
2014-04-24,17:00:00,13.17,13.2,13.12,13.15,90441,0
2014-04-24,18:00:00,13.18,13.23,13.11,13.15,173846,0
2014-04-24,19:00:00,13.15,13.17,13.12,13.14,163356,0
2014-04-24,20:00:00,13.14,13.2,13.12,13.16,179880,0
2014-04-24,21:00:00,13.15,13.22,13.13,13.17,103923,0
2014-04-24,22:00:00,13.17,13.26,13.16,13.25,130551,0
2014-04-25,16:00:00,13.19,13.26,13.01,13.06,87595,0
2014-04-25,17:00:00,13.05,13.08,12.9,12.91,332017,0
2014-04-25,18:00:00,12.9,12.97,12.83,12.96,104074,0
2014-04-25,19:00:00,12.97,13.03,12.9,12.92,55945,0
2014-04-25,20:00:00,12.91,12.92,12.83,12.85,67628,0
2014-04-25,21:00:00,12.84,12.9,12.83,12.89,62053,0
2014-04-25,22:00:00,12.88,13.06,12.88,12.93,210801,0
2014-04-28,16:00:00,12.84,12.84,12.08,12.31,328927,0
2014-04-28,17:00:00,12.29,12.31,11.79,11.88,714809,0
2014-04-28,18:00:00,11.88,11.96,11.7,11.71,391190,0
2014-04-28,19:00:00,11.71,11.72,11.41,11.51,940555,0
2014-04-28,20:00:00,11.5,11.56,11.45,11.5,404291,0
2014-04-28,21:00:00,11.5,11.64,11.48,11.57,450736,0
2014-04-28,22:00:00,11.56,11.69,11.54,11.65,912263,0
2014-04-29,16:00:00,11.67,12.28,11.67,12.13,401644,0
2014-04-29,17:00:00,12.13,12.2,12.05,12.15,301634,0
2014-04-29,18:00:00,12.15,12.18,12.05,12.12,153206,0
2014-04-29,19:00:00,12.12,12.15,12.12,12.14,172158,0
2014-04-29,20:00:00,12.15,12.2,12.13,12.2,168087,0
2014-04-29,21:00:00,12.2,12.26,12.18,12.22,204380,0
2014-04-29,22:00:00,12.22,12.22,12.1,12.11,323291,0
2014-04-30,16:00:00,12.15,12.18,11.84,11.88,109697,0
2014-04-30,17:00:00,11.87,12.02,11.83,11.99,160311,0
2014-04-30,18:00:00,11.99,12.09,11.97,12.05,166477,0
2014-04-30,19:00:00,12.05,12.07,11.96,11.98,111012,0
2014-04-30,20:00:00,11.99,12,11.96,12,97494,0
2014-04-30,21:00:00,11.99,12.03,11.96,11.99,163954,0
2014-04-30,22:00:00,12,12.01,11.95,11.99,255919,0
2014-05-01,16:00:00,11.99,12.09,11.9,11.9,69882,0
2014-05-01,17:00:00,11.9,12.03,11.9,11.97,244113,0
2014-05-01,18:00:00,11.97,11.98,11.9,11.91,151998,0
2014-05-01,19:00:00,11.91,11.98,11.89,11.98,121251,0
2014-05-01,20:00:00,11.97,12.01,11.95,11.98,158645,0
2014-05-01,21:00:00,11.99,12.04,11.97,12.03,142942,0
2014-05-01,22:00:00,12.02,12.25,12,12.25,598600,0
2014-05-02,16:00:00,12.32,12.75,12.25,12.55,169988,0
2014-05-02,17:00:00,12.55,12.57,12.31,12.32,601732,0
2014-05-02,18:00:00,12.31,12.31,11.98,12.03,460417,0
2014-05-02,19:00:00,12.03,12.04,11.68,11.76,479237,0
2014-05-02,20:00:00,11.76,11.88,11.54,11.87,347661,0
2014-05-02,21:00:00,11.88,11.99,11.8,11.82,257528,0
2014-05-02,22:00:00,11.82,11.95,11.81,11.86,414314,0
2014-05-05,16:00:00,12.06,12.06,11.76,11.89,316026,0
2014-05-05,17:00:00,11.89,11.89,11.72,11.82,292219,0
2014-05-05,18:00:00,11.82,12,11.81,11.96,223334,0
2014-05-05,19:00:00,11.96,12.04,11.95,12.03,166127,0
2014-05-05,20:00:00,12.03,12.25,12,12.13,261551,0
2014-05-05,21:00:00,12.13,12.15,12.04,12.1,234600,0
2014-05-05,22:00:00,12.1,12.1,11.99,12.02,329251,0
2014-05-06,16:00:00,12.12,12.12,11.61,11.68,191094,0
2014-05-06,17:00:00,11.68,11.75,11.51,11.59,487336,0
2014-05-06,18:00:00,11.6,11.66,11.59,11.64,277641,0
2014-05-06,19:00:00,11.63,11.64,11.59,11.62,178315,0
2014-05-06,20:00:00,11.6,11.81,11.6,11.63,185387,0
2014-05-06,21:00:00,11.63,11.64,11.58,11.61,191036,0
2014-05-06,22:00:00,11.61,11.77,11.6,11.7,354156,0
2014-05-07,16:00:00,11.75,11.87,11.56,11.56,262052,0
2014-05-07,17:00:00,11.56,11.65,11.55,11.64,234699,0
2014-05-07,18:00:00,11.63,11.78,11.59,11.78,267716,0
2014-05-07,19:00:00,11.76,11.92,11.74,11.86,134766,0
2014-05-07,20:00:00,11.85,11.91,11.81,11.87,118101,0
2014-05-07,21:00:00,11.86,12.01,11.86,12,147705,0
2014-05-07,22:00:00,12,12.1,11.96,12.08,303106,0
