Date,Time,Open,High,Low,Close,Volume,OpenInt
2014-02-10,16:00:00,12.705,12.705,12.695,12.695,715,0
2014-02-10,17:00:00,12.724,12.783,12.724,12.764,3305,0
2014-02-10,18:00:00,12.793,12.793,12.793,12.793,1521,0
2014-02-10,19:00:00,12.754,12.783,12.744,12.783,6426,0
2014-02-10,20:00:00,12.754,12.793,12.744,12.793,8464,0
2014-02-10,21:00:00,12.793,12.793,12.793,12.793,325,0
2014-02-10,22:00:00,12.744,12.764,12.744,12.744,1734,0
2014-02-11,16:00:00,12.744,12.744,12.744,12.744,1959,0
2014-02-11,17:00:00,12.754,12.793,12.695,12.695,13828,0
2014-02-11,18:00:00,12.714,12.734,12.714,12.734,203,0
2014-02-11,19:00:00,12.744,12.744,12.734,12.734,3162,0
2014-02-11,20:00:00,12.724,12.754,12.724,12.754,4796,0
2014-02-11,21:00:00,12.754,12.754,12.734,12.734,1632,0
2014-02-11,22:00:00,12.734,12.754,12.724,12.754,12968,0
2014-02-12,17:00:00,12.842,12.842,12.793,12.793,2550,0
2014-02-12,18:00:00,12.822,12.832,12.793,12.793,3754,0
2014-02-12,19:00:00,12.783,12.783,12.744,12.744,11833,0
2014-02-12,20:00:00,12.744,12.744,12.714,12.714,9746,0
2014-02-12,21:00:00,12.734,12.754,12.734,12.754,1326,0
2014-02-12,22:00:00,12.724,12.724,12.724,12.724,306,0
2014-02-13,16:00:00,12.744,12.744,12.744,12.744,1735,0
2014-02-13,17:00:00,12.744,12.754,12.734,12.754,6588,0
2014-02-13,18:00:00,12.764,12.891,12.754,12.813,10349,0
2014-02-13,19:00:00,12.813,12.862,12.773,12.793,7730,0
2014-02-13,20:00:00,12.793,12.832,12.773,12.783,4082,0
2014-02-13,21:00:00,12.773,12.803,12.764,12.764,4200,0
2014-02-13,22:00:00,12.764,12.783,12.744,12.783,6220,0
2014-02-14,17:00:00,12.783,12.803,12.754,12.783,7296,0
2014-02-14,18:00:00,12.783,12.822,12.764,12.764,11001,0
2014-02-14,19:00:00,12.764,12.783,12.734,12.764,17407,0
2014-02-14,20:00:00,12.773,12.773,12.773,12.773,2459,0
2014-02-14,21:00:00,12.744,12.754,12.705,12.744,18572,0
2014-02-14,22:00:00,12.724,12.744,12.714,12.744,3974,0
2014-02-18,16:00:00,12.822,12.822,12.773,12.773,9916,0
2014-02-18,17:00:00,12.783,12.822,12.744,12.822,32883,0
2014-02-18,18:00:00,12.832,12.871,12.764,12.862,17958,0
2014-02-18,19:00:00,12.842,12.862,12.783,12.852,7471,0
2014-02-18,20:00:00,12.852,12.852,12.852,12.852,106,0
2014-02-18,21:00:00,12.881,12.93,12.862,12.92,7575,0
2014-02-18,22:00:00,12.92,12.94,12.862,12.862,5945,0
2014-02-19,16:00:00,12.95,12.95,12.93,12.95,1216,0
2014-02-19,17:00:00,13,13.078,12.97,13.019,7193,0
2014-02-19,18:00:00,13.029,13.029,12.98,13.009,1064,0
2014-02-19,19:00:00,13.009,13.009,12.95,12.95,1443,0
2014-02-19,20:00:00,12.96,12.96,12.871,12.93,6788,0
2014-02-19,21:00:00,12.911,12.93,12.891,12.93,1910,0
2014-02-19,22:00:00,12.901,12.95,12.871,12.901,13487,0
2014-02-20,16:00:00,12.881,12.881,12.881,12.881,102,0
2014-02-20,17:00:00,12.901,12.901,12.871,12.881,872,0
2014-02-20,18:00:00,12.911,12.911,12.911,12.911,254,0
2014-02-20,19:00:00,12.911,12.911,12.881,12.901,1216,0
2014-02-20,20:00:00,12.881,12.891,12.871,12.871,5611,0
2014-02-20,21:00:00,12.911,12.911,12.881,12.881,506,0
2014-02-20,22:00:00,12.881,12.921,12.881,12.921,531,0
2014-02-21,16:00:00,13.029,13.039,13.029,13.029,5876,0
2014-02-21,17:00:00,13.029,13.039,13.029,13.029,8052,0
2014-02-21,18:00:00,13.029,13.039,13.029,13.029,6687,0
2014-02-21,19:00:00,13.039,13.039,13.029,13.029,4062,0
2014-02-21,20:00:00,13.019,13.019,12.97,12.97,3242,0
2014-02-21,21:00:00,12.95,12.95,12.94,12.94,356,0
2014-02-21,22:00:00,12.95,12.96,12.93,12.93,4848,0
2014-02-24,16:00:00,13.009,13.009,12.96,12.97,5359,0
2014-02-24,17:00:00,12.95,12.95,12.95,12.95,102,0
2014-02-24,18:00:00,12.98,12.98,12.97,12.97,1570,0
2014-02-24,19:00:00,12.98,12.98,12.98,12.98,1578,0
2014-02-24,20:00:00,12.97,12.97,12.97,12.97,3708,0
2014-02-24,21:00:00,12.96,12.96,12.94,12.96,1690,0
2014-02-24,22:00:00,12.96,12.97,12.94,12.97,1259,0
2014-02-25,16:00:00,12.96,12.96,12.911,12.911,1774,0
2014-02-25,17:00:00,12.95,12.95,12.94,12.94,2416,0
2014-02-25,18:00:00,12.96,12.96,12.93,12.93,810,0
2014-02-25,19:00:00,12.911,12.911,12.911,12.911,102,0
2014-02-25,20:00:00,12.911,12.911,12.891,12.911,6211,0
2014-02-25,21:00:00,12.891,12.901,12.891,12.901,1317,0
2014-02-25,22:00:00,12.911,12.93,12.891,12.93,5383,0
2014-02-26,16:00:00,12.921,12.921,12.921,12.921,202,0
2014-02-26,17:00:00,12.921,12.921,12.911,12.911,1317,0
2014-02-26,18:00:00,12.911,12.921,12.911,12.921,1805,0
2014-02-26,19:00:00,12.921,12.921,12.921,12.921,912,0
2014-02-26,20:00:00,12.901,12.901,12.891,12.891,2711,0
2014-02-26,21:00:00,12.891,12.911,12.891,12.901,2143,0
2014-02-26,22:00:00,12.881,12.891,12.881,12.881,4457,0
2014-02-27,16:00:00,12.891,12.921,12.891,12.921,1418,0
2014-02-27,17:00:00,12.921,12.93,12.921,12.921,2336,0
2014-02-27,18:00:00,12.93,12.93,12.921,12.921,1368,0
2014-02-27,19:00:00,12.921,12.921,12.891,12.921,4956,0
2014-02-27,20:00:00,12.921,12.921,12.921,12.921,1074,0
2014-02-27,21:00:00,12.901,12.93,12.901,12.901,1520,0
2014-02-27,22:00:00,12.901,12.93,12.891,12.93,1728,0
2014-02-28,16:00:00,12.97,12.97,12.95,12.96,9118,0
2014-02-28,17:00:00,12.96,12.98,12.95,12.96,6023,0
2014-02-28,18:00:00,12.95,12.98,12.95,12.98,1520,0
2014-02-28,19:00:00,12.96,12.96,12.95,12.95,608,0
2014-02-28,20:00:00,12.98,12.98,12.98,12.98,8942,0
2014-02-28,21:00:00,12.95,12.97,12.921,12.97,6455,0
2014-02-28,22:00:00,12.93,12.93,12.891,12.891,7306,0
2014-03-03,16:00:00,12.891,12.891,12.891,12.891,253,0
2014-03-03,17:00:00,12.911,12.921,12.891,12.891,3054,0
2014-03-03,18:00:00,12.911,12.911,12.891,12.911,2179,0
2014-03-03,19:00:00,12.911,12.921,12.881,12.911,5726,0
2014-03-03,20:00:00,12.921,12.98,12.921,12.97,13937,0
2014-03-03,21:00:00,12.96,12.96,12.921,12.921,3914,0
2014-03-03,22:00:00,12.93,12.94,12.93,12.93,2583,0
2014-03-04,16:00:00,13.029,13.078,13.029,13.049,4108,0
2014-03-04,17:00:00,13.049,13.078,13.029,13.078,7193,0
2014-03-04,18:00:00,13.039,13.039,13.039,13.039,3445,0
2014-03-04,19:00:00,13.039,13.039,13,13,18403,0
2014-03-04,20:00:00,12.98,12.98,12.96,12.96,912,0
2014-03-04,21:00:00,12.96,12.98,12.96,12.96,3059,0
2014-03-04,22:00:00,12.94,12.95,12.861,12.861,20718,0
2014-03-05,16:00:00,12.861,12.871,12.842,12.842,2280,0
2014-03-05,17:00:00,12.842,12.871,12.842,12.842,8817,0
2014-03-05,18:00:00,12.851,12.891,12.842,12.851,11243,0
2014-03-05,19:00:00,12.891,12.94,12.842,12.891,8768,0
2014-03-05,20:00:00,12.94,12.94,12.891,12.891,1307,0
2014-03-05,21:00:00,12.891,12.901,12.891,12.901,710,0
2014-03-05,22:00:00,12.891,12.921,12.891,12.891,6158,0
2014-03-06,16:00:00,12.861,12.861,12.861,12.861,2735,0
2014-03-06,17:00:00,12.881,12.891,12.871,12.871,6609,0
2014-03-06,18:00:00,12.871,12.891,12.871,12.891,19254,0
2014-03-06,19:00:00,12.891,12.93,12.891,12.921,12777,0
2014-03-06,20:00:00,12.95,12.96,12.93,12.93,3375,0
2014-03-06,21:00:00,12.96,12.98,12.95,12.98,4153,0
2014-03-06,22:00:00,13,13,12.94,12.94,6869,0
2014-03-07,16:00:00,13.009,13.009,12.95,12.95,628,0
2014-03-07,17:00:00,12.98,12.99,12.93,12.93,5400,0
2014-03-07,18:00:00,12.97,12.97,12.911,12.911,5653,0
2014-03-07,19:00:00,12.921,12.93,12.921,12.921,2109,0
2014-03-07,20:00:00,12.93,12.93,12.93,12.93,1248,0
2014-03-07,21:00:00,12.921,12.921,12.881,12.911,5925,0
2014-03-07,22:00:00,12.881,12.881,12.842,12.861,5223,0
2014-03-10,16:00:00,12.861,12.861,12.851,12.851,1506,0
2014-03-10,17:00:00,12.851,12.851,12.832,12.832,13608,0
2014-03-10,18:00:00,12.822,12.881,12.792,12.851,28758,0
2014-03-10,19:00:00,12.851,12.891,12.842,12.891,3055,0
2014-03-10,20:00:00,12.891,12.901,12.881,12.891,12360,0
2014-03-10,21:00:00,12.891,12.891,12.832,12.871,5244,0
2014-03-11,15:00:00,12.93,12.99,12.93,12.98,6438,0
2014-03-11,16:00:00,12.95,13.059,12.95,13.009,4736,0
2014-03-11,17:00:00,13.009,13.009,12.98,12.98,5572,0
2014-03-11,18:00:00,13.049,13.069,13,13.019,1774,0
2014-03-11,19:00:00,13.029,13.039,13.009,13.009,406,0
2014-03-11,20:00:00,13.039,13.049,13.009,13.019,5629,0
2014-03-11,21:00:00,13.009,13.009,12.95,12.97,10842,0
2014-03-12,15:00:00,12.99,12.99,12.99,12.99,674,0
2014-03-12,16:00:00,12.97,12.97,12.97,12.97,168,0
2014-03-12,17:00:00,12.98,12.98,12.94,12.94,1216,0
2014-03-12,18:00:00,13.009,13.009,13,13.009,7409,0
2014-03-12,19:00:00,13.009,13.009,12.99,13,4053,0
2014-03-12,20:00:00,13,13.009,13,13.009,1718,0
2014-03-12,21:00:00,13,13.009,12.96,12.97,2938,0
2014-03-13,15:00:00,13.029,13.029,13.029,13.029,304,0
2014-03-13,16:00:00,13.019,13.128,13.019,13.118,39562,0
2014-03-13,17:00:00,13.118,13.167,13.039,13.078,3065,0
2014-03-13,18:00:00,13.148,13.148,13.148,13.148,1013,0
2014-03-13,19:00:00,13.177,13.177,13.049,13.069,21681,0
2014-03-13,20:00:00,13.049,13.108,13.029,13.088,6762,0
2014-03-13,21:00:00,13.029,13.039,13.019,13.019,1414,0
2014-03-14,15:00:00,13.069,13.276,13.029,13.276,22803,0
2014-03-14,16:00:00,13.098,13.315,13.088,13.148,6231,0
2014-03-14,17:00:00,13.148,13.148,13.128,13.128,4559,0
2014-03-14,18:00:00,13.078,13.088,13.029,13.029,3546,0
2014-03-14,19:00:00,13.029,13.039,12.98,13,3141,0
2014-03-14,20:00:00,13,13.108,12.95,13.009,28592,0
2014-03-14,21:00:00,13.039,13.088,12.96,12.97,17730,0
2014-03-17,15:00:00,13.039,13.049,13.039,13.049,912,0
2014-03-17,16:00:00,13.118,13.157,13.078,13.078,2401,0
2014-03-17,17:00:00,13.059,13.138,13.059,13.069,3388,0
2014-03-17,18:00:00,13.118,13.118,13.059,13.078,13394,0
2014-03-17,19:00:00,13.088,13.088,13.088,13.088,830,0
2014-03-17,20:00:00,13.118,13.128,13.078,13.118,3039,0
2014-03-17,21:00:00,13.138,13.148,13.069,13.069,3139,0
2014-03-18,15:00:00,13.266,13.266,13.227,13.227,4965,0
2014-03-18,16:00:00,13.266,13.266,13.227,13.227,9798,0
2014-03-18,17:00:00,13.227,13.365,13.227,13.296,23617,0
2014-03-18,18:00:00,13.286,13.286,13.286,13.286,710,0
2014-03-18,19:00:00,13.276,13.424,13.276,13.335,27347,0
2014-03-18,20:00:00,13.335,13.424,13.286,13.345,39279,0
2014-03-18,21:00:00,13.375,13.375,13.296,13.345,7201,0
2014-03-19,15:00:00,13.345,13.503,13.345,13.375,15444,0
2014-03-19,16:00:00,13.355,13.404,13.345,13.345,19269,0
2014-03-19,17:00:00,13.384,13.503,13.365,13.365,5814,0
2014-03-19,18:00:00,13.375,13.424,13.375,13.424,10079,0
2014-03-19,19:00:00,13.454,13.473,13.454,13.473,1150,0
2014-03-19,21:00:00,13.463,13.463,13.424,13.454,2635,0
2014-03-20,15:00:00,13.444,13.444,13.444,13.444,201,0
2014-03-20,16:00:00,13.494,13.533,13.414,13.464,43389,0
2014-03-20,17:00:00,13.484,13.503,13.474,13.503,13326,0
2014-03-20,18:00:00,13.494,13.494,13.494,13.494,1510,0
2014-03-20,19:00:00,13.494,13.563,13.494,13.513,8015,0
2014-03-20,20:00:00,13.513,13.523,13.454,13.513,3975,0
2014-03-20,21:00:00,13.484,13.503,13.444,13.494,7751,0
2014-03-21,15:00:00,13.484,13.484,13.484,13.484,191,0
2014-03-21,16:00:00,13.484,13.484,13.474,13.474,1689,0
2014-03-21,17:00:00,13.474,13.633,13.454,13.474,16067,0
2014-03-21,18:00:00,13.464,13.464,13.464,13.464,2717,0
2014-03-21,19:00:00,13.494,13.513,13.494,13.494,1083,0
2014-03-21,20:00:00,13.474,13.513,13.474,13.513,503,0
2014-03-21,21:00:00,13.494,13.503,13.444,13.444,4139,0
2014-03-24,15:00:00,13.424,13.464,13.414,13.424,1912,0
2014-03-24,16:00:00,13.424,13.434,13.414,13.414,14816,0
2014-03-24,17:00:00,13.414,13.434,13.414,13.434,11456,0
2014-03-24,18:00:00,13.424,13.444,13.424,13.444,3321,0
2014-03-24,19:00:00,13.424,13.424,13.414,13.424,1568,0
2014-03-24,20:00:00,13.444,13.444,13.414,13.434,1696,0
2014-03-24,21:00:00,13.424,13.434,13.414,13.414,5737,0
2014-03-25,15:00:00,13.464,13.543,13.424,13.543,5194,0
2014-03-25,16:00:00,13.543,13.593,13.543,13.543,1715,0
2014-03-25,17:00:00,13.563,13.563,13.513,13.523,9150,0
2014-03-25,18:00:00,13.513,13.533,13.444,13.444,5422,0
2014-03-25,19:00:00,13.474,13.533,13.474,13.533,1916,0
2014-03-25,20:00:00,13.523,13.533,13.513,13.513,6549,0
2014-03-25,21:00:00,13.523,13.533,13.523,13.533,3747,0
2014-03-26,15:00:00,13.533,13.712,13.533,13.623,11596,0
2014-03-26,16:00:00,13.623,13.633,13.513,13.533,15855,0
2014-03-26,17:00:00,13.513,13.613,13.513,13.613,5071,0
2014-03-26,18:00:00,13.573,13.623,13.573,13.623,7672,0
2014-03-26,19:00:00,13.583,13.623,13.583,13.623,5410,0
2014-03-26,20:00:00,13.593,13.623,13.593,13.613,3723,0
2014-03-26,21:00:00,13.593,13.603,13.533,13.583,1716,0
2014-03-27,15:00:00,13.692,13.692,13.464,13.652,2345,0
2014-03-27,16:00:00,13.573,13.573,13.523,13.523,3018,0
2014-03-27,17:00:00,13.523,13.533,13.523,13.523,2597,0
2014-03-27,18:00:00,13.533,13.672,13.533,13.643,10851,0
2014-03-27,19:00:00,13.633,13.633,13.613,13.623,423,0
2014-03-27,20:00:00,13.603,13.702,13.573,13.672,26008,0
2014-03-27,21:00:00,13.672,13.692,13.672,13.682,1110,0
2014-03-28,15:00:00,13.672,13.722,13.662,13.712,3625,0
2014-03-28,16:00:00,13.762,13.762,13.732,13.762,8829,0
2014-03-28,17:00:00,13.732,13.782,13.732,13.752,7450,0
2014-03-28,18:00:00,13.792,13.792,13.782,13.792,4816,0
2014-03-28,19:00:00,13.772,13.772,13.732,13.772,9072,0
2014-03-28,20:00:00,13.742,13.762,13.742,13.742,1712,0
2014-03-28,21:00:00,13.762,13.762,13.732,13.732,2921,0
2014-03-31,16:00:00,13.762,13.792,13.762,13.792,7186,0
2014-03-31,17:00:00,13.811,13.841,13.792,13.831,11996,0
2014-03-31,18:00:00,13.821,14.01,13.821,13.931,81391,0
2014-03-31,19:00:00,13.931,13.961,13.881,13.911,11856,0
2014-03-31,20:00:00,13.911,13.911,13.831,13.911,5945,0
2014-03-31,21:00:00,13.901,13.911,13.891,13.901,2821,0
2014-03-31,22:00:00,13.901,13.901,13.712,13.722,17668,0
2014-04-01,16:00:00,13.841,13.841,13.742,13.782,3548,0
2014-04-01,17:00:00,13.782,13.782,13.742,13.752,7108,0
2014-04-01,18:00:00,13.742,13.762,13.732,13.732,3351,0
2014-04-01,19:00:00,13.742,13.742,13.712,13.742,1398,0
2014-04-01,20:00:00,13.702,13.772,13.702,13.732,21956,0
2014-04-01,21:00:00,13.712,13.772,13.712,13.742,3463,0
2014-04-01,22:00:00,13.792,13.792,13.792,13.792,303,0
2014-04-02,16:00:00,13.841,13.841,13.831,13.831,2852,0
2014-04-02,17:00:00,13.821,13.901,13.802,13.851,64143,0
2014-04-02,18:00:00,13.831,13.841,13.831,13.841,2413,0
2014-04-02,19:00:00,13.851,13.911,13.851,13.881,16924,0
2014-04-02,20:00:00,13.911,13.911,13.891,13.901,2264,0
2014-04-02,21:00:00,13.851,13.881,13.841,13.881,5200,0
2014-04-02,22:00:00,13.831,13.881,13.821,13.821,2490,0
2014-04-03,16:00:00,13.811,13.811,13.811,13.811,201,0
2014-04-03,17:00:00,13.831,13.841,13.802,13.802,4717,0
2014-04-03,18:00:00,13.811,13.821,13.811,13.821,1912,0
2014-04-03,19:00:00,13.811,13.831,13.802,13.831,18967,0
2014-04-03,20:00:00,13.831,14.129,13.811,13.97,77713,0
2014-04-03,21:00:00,13.931,13.951,13.861,13.921,6825,0
2014-04-03,22:00:00,13.891,13.931,13.871,13.921,5534,0
2014-04-04,16:00:00,13.951,13.961,13.951,13.961,19626,0
2014-04-04,17:00:00,14.04,14.04,13.99,13.99,3943,0
2014-04-04,18:00:00,13.99,14.07,13.98,14.05,40299,0
2014-04-04,19:00:00,14.01,14.01,14.01,14.01,806,0
2014-04-04,20:00:00,14.01,14.04,14.01,14.04,5977,0
2014-04-04,21:00:00,14,14,14,14,5966,0
2014-04-07,16:00:00,14.01,14.129,14,14.04,42228,0
2014-04-07,17:00:00,14.08,14.1,14.03,14.03,5541,0
2014-04-07,18:00:00,14.01,14.02,13.961,13.961,12370,0
2014-04-07,19:00:00,13.961,13.97,13.921,13.961,11859,0
2014-04-07,20:00:00,13.97,13.97,13.911,13.941,6035,0
2014-04-07,21:00:00,13.951,14.01,13.951,14.01,3965,0
2014-04-07,22:00:00,14.01,14.02,14.01,14.02,3388,0
2014-04-08,16:00:00,13.99,14.02,13.911,13.99,48508,0
2014-04-08,17:00:00,13.98,14,13.861,13.901,13064,0
2014-04-08,18:00:00,13.901,13.911,13.871,13.871,6979,0
2014-04-08,19:00:00,13.891,13.891,13.841,13.841,3825,0
2014-04-08,21:00:00,13.841,13.901,13.841,13.901,8247,0
2014-04-08,22:00:00,13.861,13.861,13.831,13.831,3525,0
2014-04-09,16:00:00,13.821,13.821,13.821,13.821,1208,0
2014-04-09,17:00:00,13.742,13.851,13.742,13.851,17385,0
2014-04-09,18:00:00,13.841,13.851,13.821,13.851,1608,0
2014-04-09,19:00:00,13.851,13.851,13.811,13.831,4032,0
2014-04-09,20:00:00,13.821,13.821,13.811,13.821,4526,0
2014-04-09,21:00:00,13.821,13.831,13.782,13.821,4632,0
2014-04-09,22:00:00,13.841,13.861,13.841,13.861,2618,0
2014-04-10,16:00:00,13.951,14,13.951,14,303,0
2014-04-10,17:00:00,13.98,13.98,13.97,13.97,2116,0
2014-04-10,18:00:00,13.97,13.97,13.961,13.961,302,0
2014-04-10,19:00:00,13.941,13.941,13.911,13.911,9683,0
2014-04-10,20:00:00,13.891,13.911,13.891,13.911,4030,0
2014-04-10,21:00:00,13.901,14.05,13.861,13.97,15371,0
2014-04-10,22:00:00,13.931,13.99,13.851,13.851,6848,0
2014-04-11,17:00:00,13.802,13.811,13.762,13.811,10460,0
2014-04-11,18:00:00,13.841,13.891,13.841,13.891,3830,0
2014-04-11,19:00:00,13.881,13.881,13.861,13.861,1513,0
2014-04-11,20:00:00,13.851,13.891,13.851,13.861,1371,0
2014-04-11,21:00:00,13.861,13.921,13.861,13.911,9195,0
2014-04-11,22:00:00,13.931,13.951,13.911,13.931,2645,0
2014-04-14,16:00:00,13.99,13.99,13.99,13.99,603,0
2014-04-14,17:00:00,13.98,13.98,13.931,13.97,986,0
2014-04-14,18:00:00,14,14,13.961,13.97,3296,0
2014-04-14,19:00:00,14.01,14.02,13.97,13.99,16597,0
2014-04-14,20:00:00,14.03,14.03,13.951,14,20468,0
2014-04-14,21:00:00,14.01,14.01,13.99,14.01,2014,0
2014-04-14,22:00:00,13.931,13.931,13.931,13.931,404,0
2014-04-15,16:00:00,13.961,14.03,13.921,14.01,19559,0
2014-04-15,17:00:00,14.01,14.03,14,14.03,5251,0
2014-04-15,18:00:00,14.03,14.03,14.01,14.02,2292,0
2014-04-15,19:00:00,14.02,14.02,13.98,13.98,8235,0
2014-04-15,21:00:00,13.98,13.98,13.951,13.951,4227,0
2014-04-15,22:00:00,13.961,13.98,13.961,13.98,1158,0
2014-04-16,16:00:00,13.97,14.01,13.951,13.97,1616,0
2014-04-16,17:00:00,13.97,13.99,13.97,13.97,1724,0
2014-04-16,18:00:00,13.99,13.99,13.99,13.99,2818,0
2014-04-16,19:00:00,13.99,13.99,13.97,13.99,4880,0
2014-04-16,21:00:00,13.97,13.99,13.97,13.99,3144,0
2014-04-16,22:00:00,13.98,13.99,13.98,13.99,3529,0
2014-04-17,18:00:00,13.98,13.99,13.98,13.99,2779,0
2014-04-17,19:00:00,13.99,14.04,13.99,14.04,5478,0
2014-04-17,20:00:00,14.04,14.05,14.04,14.05,4587,0
2014-04-17,21:00:00,14.03,14.05,14.03,14.05,1912,0
2014-04-17,22:00:00,14.04,14.04,14.02,14.03,2057,0
2014-04-21,16:00:00,14.02,14.04,14.02,14.04,1300,0
2014-04-21,17:00:00,14.1,14.13,14.1,14.12,4582,0
2014-04-21,18:00:00,14.15,14.16,14.13,14.14,1700,0
2014-04-21,20:00:00,14.15,14.15,14.13,14.13,2280,0
2014-04-21,21:00:00,14.16,14.16,14.12,14.13,1504,0
2014-04-21,22:00:00,14.14,14.16,14.14,14.16,2428,0
2014-04-22,16:00:00,14.16,14.17,14.14,14.14,3400,0
2014-04-22,17:00:00,14.15,14.15,14.15,14.15,7000,0
2014-04-22,18:00:00,14.2,14.2,14.19,14.2,5582,0
2014-04-22,19:00:00,14.22,14.22,14.2,14.22,8265,0
2014-04-22,20:00:00,14.22,14.24,14.19,14.19,6000,0
2014-04-22,21:00:00,14.23,14.24,14.18,14.23,2525,0
2014-04-22,22:00:00,14.17,14.22,14.16,14.17,6495,0
2014-04-23,16:00:00,14.17,14.21,14.17,14.2,7354,0
2014-04-23,17:00:00,14.24,14.25,14.14,14.14,1285,0
2014-04-23,18:00:00,14.15,14.22,14.15,14.18,7058,0
2014-04-23,19:00:00,14.2,14.23,14.2,14.23,2320,0
2014-04-23,20:00:00,14.23,14.25,14.22,14.25,7450,0
2014-04-23,21:00:00,14.25,14.25,14.22,14.24,3000,0
2014-04-23,22:00:00,14.2,14.24,14.2,14.24,4247,0
2014-04-24,16:00:00,14.24,14.28,14.18,14.21,22212,0
2014-04-24,17:00:00,14.21,14.26,14.21,14.26,900,0
2014-04-24,18:00:00,14.25,14.28,14.24,14.26,19726,0
2014-04-24,19:00:00,14.29,14.29,14.26,14.27,2325,0
2014-04-24,20:00:00,14.27,14.28,14.27,14.27,1500,0
2014-04-24,21:00:00,14.26,14.28,14.26,14.26,4132,0
2014-04-24,22:00:00,14.28,14.3,14.25,14.26,9335,0
2014-04-25,16:00:00,14.23,14.25,14.23,14.25,1000,0
2014-04-25,17:00:00,14.26,14.3,14.25,14.3,3883,0
2014-04-25,18:00:00,14.3,14.34,14.25,14.34,12570,0
2014-04-25,19:00:00,14.31,14.31,14.31,14.31,500,0
2014-04-25,20:00:00,14.34,14.65,14.34,14.47,13809,0
2014-04-25,21:00:00,14.43,14.43,14.41,14.41,2700,0
2014-04-25,22:00:00,14.41,14.48,14.41,14.43,3999,0
2014-04-28,16:00:00,14.44,14.65,14.44,14.61,16149,0
2014-04-28,17:00:00,14.6,14.6,14.47,14.47,4786,0
2014-04-28,18:00:00,14.45,14.51,14.45,14.49,2391,0
2014-04-28,19:00:00,14.52,14.52,14.46,14.51,2365,0
2014-04-28,20:00:00,14.52,14.54,14.52,14.54,4612,0
2014-04-28,21:00:00,14.53,14.59,14.5,14.56,42213,0
2014-04-28,22:00:00,14.56,14.56,14.49,14.54,3882,0
2014-04-29,16:00:00,14.66,14.67,14.58,14.6,2807,0
2014-04-29,17:00:00,14.6,14.7,14.58,14.69,19458,0
2014-04-29,18:00:00,14.69,14.7,14.63,14.64,4892,0
2014-04-29,19:00:00,14.69,14.73,14.63,14.72,15947,0
2014-04-29,20:00:00,14.66,14.7,14.66,14.7,3310,0
2014-04-29,21:00:00,14.72,14.75,14.72,14.75,5281,0
2014-04-29,22:00:00,14.74,14.79,14.72,14.78,10458,0
2014-04-30,16:00:00,14.75,14.75,14.74,14.74,7593,0
2014-04-30,17:00:00,14.69,14.7,14.66,14.7,14445,0
2014-04-30,18:00:00,14.68,14.68,14.66,14.66,9384,0
2014-04-30,19:00:00,14.66,14.68,14.66,14.68,3600,0
2014-04-30,20:00:00,14.66,14.66,14.66,14.66,800,0
2014-04-30,21:00:00,14.68,14.68,14.66,14.67,10570,0
2014-04-30,22:00:00,14.67,14.67,14.6,14.64,10203,0
2014-05-01,16:00:00,14.69,14.69,14.69,14.69,2164,0
2014-05-01,17:00:00,14.71,14.72,14.65,14.7,6118,0
2014-05-01,18:00:00,14.67,14.67,14.63,14.65,1900,0
2014-05-01,19:00:00,14.64,14.65,14.61,14.62,10195,0
2014-05-01,20:00:00,14.6,14.6,14.6,14.6,480,0
2014-05-01,21:00:00,14.64,14.64,14.6,14.6,5403,0
2014-05-01,22:00:00,14.61,14.63,14.58,14.58,9464,0
2014-05-02,16:00:00,14.59,14.64,14.44,14.58,44951,0
2014-05-02,17:00:00,14.59,14.59,14.51,14.51,2100,0
2014-05-02,18:00:00,14.56,14.56,14.5,14.55,6917,0
2014-05-02,19:00:00,14.52,14.54,14.52,14.53,5387,0
2014-05-02,20:00:00,14.55,14.55,14.5,14.5,1560,0
2014-05-02,21:00:00,14.52,14.53,14.49,14.49,4243,0
2014-05-05,16:00:00,14.42,14.52,14.42,14.5,2412,0
2014-05-05,17:00:00,14.51,14.59,14.51,14.53,856,0
2014-05-05,18:00:00,14.6,14.6,14.56,14.59,5311,0
2014-05-05,19:00:00,14.55,14.55,14.55,14.55,400,0
2014-05-05,22:00:00,14.58,14.59,14.56,14.58,8058,0
2014-05-06,16:00:00,14.58,14.68,14.54,14.6,4020,0
2014-05-06,17:00:00,14.59,14.61,14.59,14.59,4241,0
2014-05-06,18:00:00,14.59,14.59,14.51,14.51,2966,0
2014-05-06,19:00:00,14.54,14.58,14.54,14.58,2845,0
2014-05-06,21:00:00,14.57,14.57,14.53,14.53,1200,0
2014-05-06,22:00:00,14.53,14.53,14.53,14.53,500,0
2014-05-07,16:00:00,14.55,14.64,14.55,14.63,14249,0
2014-05-07,17:00:00,14.65,14.65,14.58,14.58,16898,0
2014-05-07,18:00:00,14.59,14.6,14.59,14.59,6600,0
2014-05-07,19:00:00,14.6,14.6,14.6,14.6,1800,0
2014-05-07,20:00:00,14.62,14.65,14.62,14.65,3721,0
2014-05-07,21:00:00,14.62,14.62,14.6,14.6,9700,0
