Date,Time,Open,High,Low,Close,Volume,OpenInt
2014-02-10,16:00:00,64.6825,65.3588,64.6825,65.2792,84110,0
2014-02-10,17:00:00,65.2494,65.8461,64.8814,64.9709,397444,0
2014-02-10,18:00:00,64.9709,65.4682,64.8615,65.3986,156510,0
2014-02-10,19:00:00,65.4483,65.4483,65.0406,65.0803,137095,0
2014-02-10,20:00:00,65.0903,65.1002,64.6825,64.9212,134314,0
2014-02-10,21:00:00,64.9411,65.0207,64.8317,64.9411,314275,0
2014-02-10,22:00:00,64.9411,65.1997,64.8516,65.15,492066,0
2014-02-11,16:00:00,65.1599,65.4185,64.6527,65.0704,69396,0
2014-02-11,17:00:00,65.15,65.2395,64.8615,65.0306,115582,0
2014-02-11,18:00:00,65.0207,65.3091,64.8019,65.2494,234342,0
2014-02-11,19:00:00,65.2494,65.5478,65.1897,65.4682,134019,0
2014-02-11,20:00:00,65.4781,65.6969,65.3091,65.4384,193893,0
2014-02-11,21:00:00,65.4384,65.5279,65.3688,65.4682,156882,0
2014-02-11,22:00:00,65.4682,65.5279,64.9113,65.1897,1156663,0
2014-02-12,16:00:00,70.2418,70.4805,69.2871,70.212,610392,0
2014-02-12,17:00:00,70.2319,70.8584,69.5158,70.3612,964545,0
2014-02-12,18:00:00,70.381,71.117,70.2816,70.5302,507685,0
2014-02-12,19:00:00,70.5402,70.6396,69.9534,70.5103,441262,0
2014-02-12,20:00:00,70.4904,70.938,70.4805,70.9181,280569,0
2014-02-12,21:00:00,70.9081,71.654,70.749,71.2761,478198,0
2014-02-12,22:00:00,71.3258,71.7336,71.2264,71.6639,781351,0
2014-02-13,16:00:00,71.4849,71.9524,71.296,71.4253,202170,0
2014-02-13,17:00:00,71.4253,71.5048,71.107,71.3358,200431,0
2014-02-13,18:00:00,71.3358,71.4551,70.9081,70.9081,226236,0
2014-02-13,19:00:00,70.938,71.2562,70.7291,71.2562,156101,0
2014-02-13,20:00:00,71.2562,71.8231,71.1866,71.6142,174003,0
2014-02-13,21:00:00,71.6043,71.6341,71.1965,71.2164,182701,0
2014-02-13,22:00:00,71.2164,71.2164,70.7987,70.938,503833,0
2014-02-14,16:00:00,71.1767,71.7435,70.9678,71.6341,109816,0
2014-02-14,17:00:00,71.7336,72.39,71.5943,71.8032,188865,0
2014-02-14,18:00:00,71.8131,72.3402,71.6839,72.1612,147824,0
2014-02-14,19:00:00,72.1712,72.2607,72.0021,72.0319,104921,0
2014-02-14,20:00:00,72.0319,72.2209,71.9723,72.1712,89774,0
2014-02-14,21:00:00,72.1712,72.3104,71.9424,71.9524,100916,0
2014-02-14,22:00:00,71.9325,72.2905,71.9325,72.191,287907,0
2014-02-18,16:00:00,72.5988,72.9071,72.2706,72.2706,81635,0
2014-02-18,17:00:00,72.2408,72.3004,71.8828,71.8927,134972,0
2014-02-18,18:00:00,71.9126,72.0816,71.8629,71.9424,120851,0
2014-02-18,19:00:00,71.9325,72.0816,71.9126,71.9921,84268,0
2014-02-18,20:00:00,71.9921,72.1513,71.9524,72.1115,100161,0
2014-02-18,21:00:00,72.1314,72.201,71.9524,72.1413,121630,0
2014-02-18,22:00:00,72.1314,72.2507,71.9921,72.1612,301355,0
2014-02-19,16:00:00,72.4297,72.738,72.201,72.5391,103844,0
2014-02-19,17:00:00,72.5292,72.7181,72.2308,72.5789,189903,0
2014-02-19,18:00:00,72.559,72.5888,72.1015,72.1015,100441,0
2014-02-19,19:00:00,72.1015,72.3999,71.7336,72.3203,208077,0
2014-02-19,20:00:00,72.37,72.6087,72.2109,72.4596,183335,0
2014-02-19,21:00:00,72.4695,72.5988,72.1413,72.2507,148786,0
2014-02-19,22:00:00,72.2308,72.2308,71.6142,71.6639,270338,0
2014-02-20,16:00:00,72.1015,72.5789,71.6639,71.8927,88904,0
2014-02-20,17:00:00,71.8927,72.0916,71.4551,71.9325,208041,0
2014-02-20,18:00:00,71.9524,71.9524,71.2662,71.3358,145076,0
2014-02-20,19:00:00,71.3855,71.4452,71.107,71.2065,88232,0
2014-02-20,20:00:00,71.2065,71.5148,71.1866,71.4551,135711,0
2014-02-20,21:00:00,71.4551,71.8728,71.4551,71.8032,70529,0
2014-02-20,22:00:00,71.8231,71.9822,71.6639,71.9325,342910,0
2014-02-21,16:00:00,72.3601,72.3999,71.286,71.654,78864,0
2014-02-21,17:00:00,71.6839,71.8828,71.5048,71.8629,72769,0
2014-02-21,18:00:00,71.8629,72.2209,71.8629,72.022,82448,0
2014-02-21,19:00:00,72.0419,72.1811,71.9126,72.012,90207,0
2014-02-21,20:00:00,72.0419,72.201,72.0319,72.201,89350,0
2014-02-21,21:00:00,72.1712,72.2209,71.7833,71.9126,95985,0
2014-02-21,22:00:00,71.9126,71.9921,71.8032,71.8231,257644,0
2014-02-24,16:00:00,71.8629,72.6684,71.8629,72.6087,58482,0
2014-02-24,17:00:00,72.6087,72.6585,71.8529,72.2607,166515,0
2014-02-24,18:00:00,72.2308,72.8773,72.1712,72.7679,111414,0
2014-02-24,19:00:00,72.7778,72.7878,72.6585,72.6784,61912,0
2014-02-24,20:00:00,72.6684,72.6883,72.3104,72.3999,59013,0
2014-02-24,21:00:00,72.3999,72.4496,72.1214,72.1214,82331,0
2014-02-24,22:00:00,72.1214,72.1214,71.7435,71.8927,1108053,0
2014-02-25,16:00:00,72.1811,72.2408,71.5446,71.6341,84163,0
2014-02-25,17:00:00,71.5943,72.38,71.4153,72.3402,127676,0
2014-02-25,18:00:00,72.3004,72.4894,71.9126,71.9225,49253,0
2014-02-25,19:00:00,71.9126,71.9723,71.6839,71.7634,70456,0
2014-02-25,20:00:00,71.7435,71.8529,71.6639,71.7634,72875,0
2014-02-25,21:00:00,71.7535,71.8629,71.6739,71.7535,112669,0
2014-02-25,22:00:00,71.7535,71.7634,71.4153,71.5347,265614,0
2014-02-26,16:00:00,71.7535,72.1612,71.296,71.4352,71398,0
2014-02-26,17:00:00,71.4054,71.843,71.2164,71.3755,229230,0
2014-02-26,18:00:00,71.3755,71.5148,71.1468,71.2065,151476,0
2014-02-26,19:00:00,71.1965,71.475,70.9479,71.475,127465,0
2014-02-26,20:00:00,71.4551,71.8529,71.4253,71.8032,68028,0
2014-02-26,21:00:00,71.8032,71.833,71.2662,71.5048,74028,0
2014-02-26,22:00:00,71.5148,71.5744,71.2662,71.5347,198840,0
2014-02-27,16:00:00,71.5546,72.0319,71.3954,71.5446,35975,0
2014-02-27,17:00:00,71.5645,71.9325,71.3358,71.8231,149988,0
2014-02-27,18:00:00,71.833,72.022,71.6441,71.7634,63366,0
2014-02-27,19:00:00,71.7734,71.8629,71.6739,71.7137,68247,0
2014-02-27,20:00:00,71.7435,71.9524,71.6938,71.843,47999,0
2014-02-27,21:00:00,71.8529,71.9424,71.7535,71.843,57285,0
2014-02-27,22:00:00,71.843,71.8629,71.7336,71.8629,591637,0
2014-02-28,16:00:00,71.9026,72.5391,71.7336,72.3601,50578,0
2014-02-28,17:00:00,72.4596,72.5789,72.191,72.3303,122813,0
2014-02-28,18:00:00,72.3601,72.8076,72.3601,72.7281,69610,0
2014-02-28,19:00:00,72.6883,72.8673,72.5988,72.8375,89560,0
2014-02-28,20:00:00,72.8076,72.8574,72.5491,72.7878,63873,0
2014-02-28,21:00:00,72.7679,72.8474,72.6982,72.7181,100290,0
2014-02-28,22:00:00,72.7181,72.7181,72.3502,72.4894,606167,0
2014-03-03,16:00:00,72.4794,72.9866,72.0618,72.5789,121143,0
2014-03-03,17:00:00,72.5789,72.6784,72.2109,72.39,188544,0
2014-03-03,18:00:00,72.39,72.4198,71.6142,71.6441,193897,0
2014-03-03,19:00:00,71.6142,72.2905,71.5148,72.0717,80305,0
2014-03-03,20:00:00,72.0717,72.3502,72.0717,72.3402,78962,0
2014-03-03,21:00:00,72.3502,72.5391,72.2507,72.4596,90245,0
2014-03-03,22:00:00,72.4496,72.4794,72.1712,72.4596,471780,0
2014-03-04,16:00:00,73.464,74.1701,73.3447,73.6032,204034,0
2014-03-04,17:00:00,73.6629,73.7723,73.0662,73.4242,156717,0
2014-03-04,18:00:00,73.4043,73.7425,73.3745,73.643,82574,0
2014-03-04,19:00:00,73.6331,73.9911,73.4939,73.9115,130301,0
2014-03-04,20:00:00,73.9215,74.0906,73.7226,73.9513,113123,0
2014-03-04,21:00:00,73.9314,73.9613,73.6828,73.832,103312,0
2014-03-04,22:00:00,73.832,74.0408,73.7822,73.8717,375724,0
2014-03-05,16:00:00,74.2894,74.2894,73.5038,73.6828,93762,0
2014-03-05,17:00:00,73.7325,73.9613,73.2949,73.9115,148735,0
2014-03-05,18:00:00,73.9215,74.1701,73.8618,74.0806,154806,0
2014-03-05,19:00:00,74.0707,74.1602,73.9314,74.0011,68215,0
2014-03-05,20:00:00,73.9811,74.2298,73.9314,74.1502,79458,0
2014-03-05,21:00:00,74.1303,74.2298,74.011,74.1502,100509,0
2014-03-05,22:00:00,74.1502,74.2696,74.0607,74.1999,369877,0
2014-03-06,16:00:00,74.5182,74.6872,73.9911,74.1204,73161,0
2014-03-06,17:00:00,74.1204,74.2397,73.7524,74.2099,140910,0
2014-03-06,18:00:00,74.19,74.2497,73.9215,74.2298,96674,0
2014-03-06,19:00:00,74.2099,74.3491,74.0806,74.3491,95424,0
2014-03-06,20:00:00,74.369,74.3988,73.9016,73.9314,70377,0
2014-03-06,21:00:00,73.9115,74.011,73.8618,73.9215,65936,0
2014-03-06,22:00:00,73.9314,73.9712,73.6927,73.7922,208230,0
2014-03-07,16:00:00,74.2795,74.5779,73.8419,73.8618,70810,0
2014-03-07,17:00:00,73.8618,74.2099,73.7226,73.7226,117446,0
2014-03-07,18:00:00,73.7524,73.7524,73.4342,73.7126,80820,0
2014-03-07,19:00:00,73.7027,73.8618,73.643,73.6927,41919,0
2014-03-07,20:00:00,73.6828,73.9314,73.5834,73.9016,58717,0
2014-03-07,21:00:00,73.9115,74.0209,73.7325,73.9414,78254,0
2014-03-07,22:00:00,73.9314,73.9613,73.7126,73.8021,286100,0
2014-03-10,15:00:00,73.9115,74.0906,73.3944,73.5834,64275,0
2014-03-10,16:00:00,73.5535,73.6032,73.0065,73.0364,104312,0
2014-03-10,17:00:00,73.0463,73.3546,72.917,72.9767,55088,0
2014-03-10,18:00:00,72.9966,73.3248,72.9668,73.3049,69679,0
2014-03-10,19:00:00,73.3049,73.5834,73.3049,73.5237,75232,0
2014-03-10,20:00:00,73.5237,73.5535,73.3845,73.4043,65103,0
2014-03-10,21:00:00,73.4043,73.6231,73.3248,73.4441,220477,0
2014-03-11,15:00:00,73.643,73.7723,72.9369,72.9369,39678,0
2014-03-11,16:00:00,72.9866,73.4541,72.8076,73.3845,80500,0
2014-03-11,17:00:00,73.3546,73.4043,72.7082,72.7977,88505,0
2014-03-11,18:00:00,72.7778,72.8275,72.4993,72.5391,70295,0
2014-03-11,19:00:00,72.5292,72.6187,72.4695,72.5391,104628,0
2014-03-11,20:00:00,72.5292,72.5391,72.3402,72.4098,105729,0
2014-03-11,21:00:00,72.4198,72.4198,72.1811,72.38,241696,0
2014-03-12,15:00:00,71.59,71.97,71.11,71.23,122943,0
2014-03-12,16:00:00,71.24,71.49,71.12,71.44,161627,0
2014-03-12,17:00:00,71.44,71.87,71.3,71.63,148373,0
2014-03-12,18:00:00,71.61,71.72,71.5,71.72,88771,0
2014-03-12,19:00:00,71.7,71.88,71.46,71.83,76721,0
2014-03-12,20:00:00,71.83,72.37,71.71,72.22,203408,0
2014-03-12,21:00:00,72.22,72.52,71.96,72.08,745015,0
2014-03-13,15:00:00,72.28,72.78,72.25,72.34,76281,0
2014-03-13,16:00:00,72.34,72.56,72,72.03,207281,0
2014-03-13,17:00:00,72.04,72.15,72.02,72.02,173776,0
2014-03-13,18:00:00,72.02,72.07,71.31,71.35,156458,0
2014-03-13,19:00:00,71.34,71.58,71.1,71.47,84549,0
2014-03-13,20:00:00,71.47,71.47,71.02,71.07,112282,0
2014-03-13,21:00:00,71.07,71.38,70.78,71.23,373361,0
2014-03-14,15:00:00,71.19,71.46,70.53,70.7,92393,0
2014-03-14,16:00:00,70.67,70.9,70.45,70.47,265216,0
2014-03-14,17:00:00,70.48,70.65,69.94,70.6,338215,0
2014-03-14,18:00:00,70.59,70.94,70.53,70.9,128443,0
2014-03-14,19:00:00,70.89,70.98,70.71,70.81,147495,0
2014-03-14,20:00:00,70.81,70.93,70.66,70.66,181668,0
2014-03-14,21:00:00,70.67,70.84,70.61,70.82,338566,0
2014-03-17,15:00:00,70.85,71.33,70.84,71.04,110344,0
2014-03-17,16:00:00,71.03,71.14,70.33,70.33,163436,0
2014-03-17,17:00:00,70.32,70.68,70.32,70.55,167752,0
2014-03-17,18:00:00,70.57,70.79,70.45,70.75,89529,0
2014-03-17,19:00:00,70.76,70.95,70.76,70.82,77557,0
2014-03-17,20:00:00,70.82,70.9,70.68,70.88,90558,0
2014-03-17,21:00:00,70.88,70.89,70.61,70.71,268261,0
2014-03-18,15:00:00,71,71.26,70.71,70.99,32858,0
2014-03-18,16:00:00,70.96,71.37,70.96,71.19,86169,0
2014-03-18,17:00:00,71.2,71.72,71.19,71.71,164220,0
2014-03-18,18:00:00,71.7,71.86,71.7,71.83,145797,0
2014-03-18,19:00:00,71.82,71.95,71.75,71.93,69808,0
2014-03-18,20:00:00,71.93,71.94,71.68,71.76,94252,0
2014-03-18,21:00:00,71.73,71.74,71.58,71.7,288270,0
2014-03-19,15:00:00,71.59,71.64,71.31,71.35,61936,0
2014-03-19,16:00:00,71.35,71.4,71.12,71.18,170879,0
2014-03-19,17:00:00,71.19,71.29,71.07,71.19,145937,0
2014-03-19,18:00:00,71.19,71.37,71.1,71.14,83954,0
2014-03-19,19:00:00,71.13,71.28,71.13,71.19,90721,0
2014-03-19,20:00:00,71.18,71.2,70.81,70.89,178643,0
2014-03-19,21:00:00,70.89,71.2,70.4,71.04,441401,0
2014-03-20,15:00:00,70.95,71.39,70.91,71.18,60854,0
2014-03-20,16:00:00,71.2,71.78,71.03,71.52,199438,0
2014-03-20,17:00:00,71.52,71.62,71.25,71.35,156108,0
2014-03-20,18:00:00,71.35,72.09,71.29,71.95,185591,0
2014-03-20,19:00:00,71.91,72.06,71.82,71.88,149535,0
2014-03-20,20:00:00,71.88,72.03,71.82,72.03,156450,0
2014-03-20,21:00:00,72.03,72.09,71.88,72.07,324016,0
2014-03-21,15:00:00,71.97,72.42,71.92,72.04,886882,0
2014-03-21,16:00:00,72.04,72.36,72.04,72.3,103619,0
2014-03-21,17:00:00,72.37,72.38,72.11,72.29,113201,0
2014-03-21,18:00:00,72.25,72.25,72.05,72.17,82346,0
2014-03-21,19:00:00,72.18,72.2,71.88,72,107004,0
2014-03-21,20:00:00,72,72.06,71.88,71.95,149254,0
2014-03-21,21:00:00,71.93,72.23,71.92,72.18,1851406,0
2014-03-24,15:00:00,72.41,73.63,72.4,73.01,141883,0
2014-03-24,16:00:00,72.94,72.94,71.54,71.65,164543,0
2014-03-24,17:00:00,71.63,71.65,70.97,71.04,175560,0
2014-03-24,18:00:00,71,71.18,70.72,70.72,116538,0
2014-03-24,19:00:00,70.73,70.98,70.65,70.98,163459,0
2014-03-24,20:00:00,70.98,71.29,70.88,71.17,153992,0
2014-03-24,21:00:00,71.16,71.19,70.85,70.91,494164,0
2014-03-25,15:00:00,71.26,71.82,71.01,71.23,56167,0
2014-03-25,16:00:00,71.32,71.65,70.57,70.61,210300,0
2014-03-25,17:00:00,70.59,70.89,70.35,70.46,142712,0
2014-03-25,18:00:00,70.44,70.65,70.3,70.52,76890,0
2014-03-25,19:00:00,70.5,71.04,70.39,71,116137,0
2014-03-25,20:00:00,71,71.1,70.74,70.81,121718,0
2014-03-25,21:00:00,70.8,70.96,70.71,70.74,325174,0
2014-03-26,15:00:00,70.81,71.28,70.63,70.63,19724,0
2014-03-26,16:00:00,70.61,70.81,70.01,70.04,94271,0
2014-03-26,17:00:00,70,70.36,69.89,69.99,62461,0
2014-03-26,18:00:00,69.98,70.18,69.92,70.13,43626,0
2014-03-26,19:00:00,70.13,70.13,69.28,69.46,137150,0
2014-03-26,20:00:00,69.42,69.44,68.95,68.98,207479,0
2014-03-26,21:00:00,68.99,69.02,68.58,68.64,334383,0
2014-03-27,15:00:00,68.24,68.24,67.11,67.25,277243,0
2014-03-27,16:00:00,67.26,68.18,67.16,68.03,295663,0
2014-03-27,17:00:00,68.01,68.13,67.39,67.41,234047,0
2014-03-27,18:00:00,67.42,67.69,67.32,67.61,121525,0
2014-03-27,19:00:00,67.6,67.77,67.43,67.52,157010,0
2014-03-27,20:00:00,67.51,67.97,67.47,67.93,155101,0
2014-03-27,21:00:00,67.92,68.14,67.75,68.08,550827,0
2014-03-28,15:00:00,68.2,68.92,68.05,68.85,42769,0
2014-03-28,16:00:00,68.81,69.13,68.8,69,271400,0
2014-03-28,17:00:00,69.01,69.19,68.94,69.16,79982,0
2014-03-28,18:00:00,69.17,69.27,69.07,69.08,79596,0
2014-03-28,19:00:00,69.09,69.2,69.03,69.1,84833,0
2014-03-28,20:00:00,69.1,69.1,68.68,68.84,98586,0
2014-03-28,21:00:00,68.85,69.12,68.81,68.96,255248,0
2014-03-31,16:00:00,69.57,69.68,69.07,69.53,52434,0
2014-03-31,17:00:00,69.58,69.95,69.53,69.88,102328,0
2014-03-31,18:00:00,69.87,69.99,69.73,69.98,73039,0
2014-03-31,19:00:00,69.97,70.46,69.97,70.43,82571,0
2014-03-31,20:00:00,70.44,70.48,70.17,70.23,86032,0
2014-03-31,21:00:00,70.22,70.51,70.22,70.5,157923,0
2014-03-31,22:00:00,70.5,70.57,70.35,70.37,390345,0
2014-04-01,16:00:00,70.57,70.92,70.46,70.78,62754,0
2014-04-01,17:00:00,70.9,71.12,70.56,70.61,125117,0
2014-04-01,18:00:00,70.58,71.15,70.57,70.76,148060,0
2014-04-01,19:00:00,70.81,71.12,70.77,71.04,82078,0
2014-04-01,20:00:00,71.04,71.27,70.8,71.27,126094,0
2014-04-01,21:00:00,71.29,71.41,71.2,71.37,132368,0
2014-04-01,22:00:00,71.38,71.39,71.22,71.25,573392,0
2014-04-02,16:00:00,71.23,72,71.23,71.8,91996,0
2014-04-02,17:00:00,71.84,72.46,71.79,72.45,200854,0
2014-04-02,18:00:00,72.43,72.49,72.02,72.28,122384,0
2014-04-02,19:00:00,72.28,72.39,72.27,72.34,92800,0
2014-04-02,20:00:00,72.34,72.35,71.99,72.19,115435,0
2014-04-02,21:00:00,72.2,72.44,72.12,72.43,103807,0
2014-04-02,22:00:00,72.44,72.54,72.21,72.33,331236,0
2014-04-03,16:00:00,72.6,72.74,72,72.34,49870,0
2014-04-03,17:00:00,72.34,72.34,71.46,71.53,483737,0
2014-04-03,18:00:00,71.53,71.63,71.42,71.53,150979,0
2014-04-03,19:00:00,71.52,71.64,71.33,71.5,106481,0
2014-04-03,20:00:00,71.5,71.61,71.35,71.4,81168,0
2014-04-03,21:00:00,71.4,71.83,71.37,71.74,199015,0
2014-04-03,22:00:00,71.78,71.99,71.76,71.88,287896,0
2014-04-04,16:00:00,72.57,72.62,71.88,72.11,54782,0
2014-04-04,17:00:00,72.05,72.69,72.05,72.24,101951,0
2014-04-04,18:00:00,72.23,72.28,71.38,71.6,149350,0
2014-04-04,19:00:00,71.53,71.56,71.28,71.33,138222,0
2014-04-04,20:00:00,71.33,71.4,71.19,71.34,132891,0
2014-04-04,21:00:00,71.35,71.4,70.97,71.15,216396,0
2014-04-04,22:00:00,71.13,71.38,71.04,71.31,240295,0
2014-04-07,16:00:00,71.15,71.15,70.21,70.35,166199,0
2014-04-07,17:00:00,70.4,70.44,69.21,69.21,192853,0
2014-04-07,18:00:00,69.24,69.53,68.57,68.57,182091,0
2014-04-07,19:00:00,68.54,68.71,68.3,68.44,135494,0
2014-04-07,20:00:00,68.43,68.45,68.04,68.4,151327,0
2014-04-07,21:00:00,68.37,68.7,68.24,68.64,146700,0
2014-04-07,22:00:00,68.63,68.97,68.49,68.56,321578,0
2014-04-08,16:00:00,68.34,68.85,68.01,68.24,99652,0
2014-04-08,17:00:00,68.17,68.49,67.5,68.37,233546,0
2014-04-08,18:00:00,68.34,68.81,68.28,68.54,143477,0
2014-04-08,19:00:00,68.54,68.64,68.36,68.5,81433,0
2014-04-08,20:00:00,68.52,69.16,68.49,69.03,93740,0
2014-04-08,21:00:00,69,69,68.55,68.59,124215,0
2014-04-08,22:00:00,68.57,68.86,68.49,68.49,443925,0
2014-04-09,16:00:00,68.88,68.95,68.35,68.55,58263,0
2014-04-09,17:00:00,68.49,69.01,68.48,68.6,161767,0
2014-04-09,18:00:00,68.61,68.85,68.59,68.74,102916,0
2014-04-09,19:00:00,68.75,68.82,68.69,68.75,76795,0
2014-04-09,20:00:00,68.74,68.79,68.66,68.7,69086,0
2014-04-09,21:00:00,68.71,69.26,68.7,69.01,114936,0
2014-04-09,22:00:00,68.97,69.33,68.9,69.31,210478,0
2014-04-10,16:00:00,69.4,69.4,68.12,68.44,136290,0
2014-04-10,17:00:00,68.45,68.64,67.88,67.89,231655,0
2014-04-10,18:00:00,67.82,67.88,67.51,67.51,173818,0
2014-04-10,19:00:00,67.54,67.62,67.19,67.53,126525,0
2014-04-10,20:00:00,67.54,67.67,66.78,67.32,230870,0
2014-04-10,21:00:00,67.27,67.39,66.8,66.96,146397,0
2014-04-10,22:00:00,66.96,67.05,66.66,66.85,375444,0
2014-04-11,16:00:00,66.33,66.74,65.26,66.64,242450,0
2014-04-11,17:00:00,66.62,66.92,66.22,66.92,200630,0
2014-04-11,18:00:00,66.85,66.88,66.5,66.76,105713,0
2014-04-11,19:00:00,66.78,66.89,66.55,66.76,71118,0
2014-04-11,20:00:00,66.76,66.76,66.5,66.69,181097,0
2014-04-11,21:00:00,66.69,66.75,66.33,66.5,211425,0
2014-04-11,22:00:00,66.49,66.67,66.3,66.31,394404,0
2014-04-14,16:00:00,67.13,67.38,66.64,67.29,153476,0
2014-04-14,17:00:00,67.27,68.09,67.27,67.95,224518,0
2014-04-14,18:00:00,67.95,67.95,67.61,67.72,174239,0
2014-04-14,19:00:00,67.72,68.11,67.68,68.01,120584,0
2014-04-14,20:00:00,68,68.04,67.52,67.53,120456,0
2014-04-14,21:00:00,67.54,67.65,67.23,67.24,110711,0
2014-04-14,22:00:00,67.23,67.5,66.99,67.5,398139,0
2014-04-15,16:00:00,67.6,68,67.31,67.88,146773,0
2014-04-15,17:00:00,67.87,67.87,66.61,66.74,212255,0
2014-04-15,18:00:00,66.72,67.01,66.32,66.4,197185,0
2014-04-15,19:00:00,66.4,66.4,66.03,66.11,173035,0
2014-04-15,20:00:00,66.1,66.68,66.03,66.68,205032,0
2014-04-15,21:00:00,66.73,67.31,66.61,67.14,158681,0
2014-04-15,22:00:00,67.13,67.67,67.13,67.59,362025,0
2014-04-16,16:00:00,68.07,68.4,67.31,67.31,148356,0
2014-04-16,17:00:00,67.33,67.78,67,67,344381,0
2014-04-16,18:00:00,66.99,67.49,66.91,67.26,182616,0
2014-04-16,19:00:00,67.28,67.79,67.28,67.4,134545,0
2014-04-16,20:00:00,67.38,67.6,67.32,67.43,150664,0
2014-04-16,21:00:00,67.43,67.47,67.28,67.45,191661,0
2014-04-16,22:00:00,67.44,67.5,67.05,67.36,878080,0
2014-04-17,16:00:00,67.11,67.5,66.8,66.99,88877,0
2014-04-17,17:00:00,67.04,67.43,66.73,67.33,254777,0
2014-04-17,18:00:00,67.37,67.7,67.22,67.22,106996,0
2014-04-17,19:00:00,67.23,67.24,66.5,66.88,212125,0
2014-04-17,20:00:00,66.88,67.34,66.84,67.28,156756,0
2014-04-17,21:00:00,67.28,67.31,67,67.19,171832,0
2014-04-17,22:00:00,67.2,67.4,67.16,67.16,252624,0
2014-04-21,16:00:00,67.58,68.11,67.28,67.95,137297,0
2014-04-21,17:00:00,67.92,68.07,67.55,67.66,119256,0
2014-04-21,18:00:00,67.69,68.07,67.68,68.06,99940,0
2014-04-21,19:00:00,68.04,68.18,67.86,67.9,97377,0
2014-04-21,20:00:00,67.91,67.93,67.73,67.89,98158,0
2014-04-21,21:00:00,67.9,68.47,67.88,68.45,187026,0
2014-04-21,22:00:00,68.45,68.45,68.15,68.21,259402,0
2014-04-22,16:00:00,68.44,68.95,67.88,67.95,74331,0
2014-04-22,17:00:00,67.91,68.4,67.83,68.34,176409,0
2014-04-22,18:00:00,68.35,68.66,68.27,68.41,90993,0
2014-04-22,19:00:00,68.4,68.53,68.31,68.35,113951,0
2014-04-22,20:00:00,68.34,68.43,68.26,68.38,133353,0
2014-04-22,21:00:00,68.39,68.77,68.36,68.75,140599,0
2014-04-22,22:00:00,68.77,68.84,68.43,68.49,283874,0
2014-04-23,16:00:00,69,69,67.25,67.74,181816,0
2014-04-23,17:00:00,67.72,68.17,67.14,67.93,419748,0
2014-04-23,18:00:00,67.92,68.08,67.45,67.77,134983,0
2014-04-23,19:00:00,67.79,67.95,67.52,67.61,126181,0
2014-04-23,20:00:00,67.61,67.71,67.35,67.49,176778,0
2014-04-23,21:00:00,67.49,67.8,67.29,67.59,130697,0
2014-04-23,22:00:00,67.59,67.82,67.37,67.45,394064,0
2014-04-24,16:00:00,67.77,67.93,66.4,66.63,119906,0
2014-04-24,17:00:00,66.62,66.93,66.15,66.69,151616,0
2014-04-24,18:00:00,66.66,67.18,66.55,67,143247,0
2014-04-24,19:00:00,67.02,67.07,66.64,66.79,123932,0
2014-04-24,20:00:00,66.8,66.84,66.21,66.29,162770,0
2014-04-24,21:00:00,66.3,66.63,66.21,66.54,176361,0
2014-04-24,22:00:00,66.54,66.79,66.51,66.79,367638,0
2014-04-25,16:00:00,66.53,66.63,66.18,66.38,117812,0
2014-04-25,17:00:00,66.36,66.51,66.16,66.27,156576,0
2014-04-25,18:00:00,66.27,66.53,66.16,66.36,88455,0
2014-04-25,19:00:00,66.35,66.5,66.22,66.31,99481,0
2014-04-25,20:00:00,66.29,66.51,66.25,66.42,96930,0
2014-04-25,21:00:00,66.4,66.4,66.18,66.29,103329,0
2014-04-25,22:00:00,66.27,66.49,66.26,66.39,303376,0
2014-04-28,16:00:00,66.53,66.75,66.25,66.73,79812,0
2014-04-28,17:00:00,66.73,66.93,66.36,66.38,134210,0
2014-04-28,18:00:00,66.37,66.4,65.61,65.61,180447,0
2014-04-28,19:00:00,65.59,65.92,65.46,65.7,99013,0
2014-04-28,20:00:00,65.65,65.66,65.12,65.17,113773,0
2014-04-28,21:00:00,65.15,65.45,65,65.24,142253,0
2014-04-28,22:00:00,65.26,65.78,65.25,65.56,616715,0
2014-04-29,16:00:00,65.57,65.86,65.04,65.49,102064,0
2014-04-29,17:00:00,65.52,65.7,65,65.37,147821,0
2014-04-29,18:00:00,65.37,65.53,65.2,65.27,98812,0
2014-04-29,19:00:00,65.29,65.48,65.23,65.43,117122,0
2014-04-29,20:00:00,65.42,65.42,65.04,65.11,152840,0
2014-04-29,21:00:00,65.12,65.22,65.04,65.05,304842,0
2014-04-29,22:00:00,65.07,65.29,65.02,65.28,571691,0
2014-04-30,16:00:00,65.3,65.93,65.01,65.86,102786,0
2014-04-30,17:00:00,65.86,66.51,65.76,66.45,227417,0
2014-04-30,18:00:00,66.43,66.78,66.4,66.57,186646,0
2014-04-30,19:00:00,66.59,66.61,66.01,66.14,168112,0
2014-04-30,20:00:00,66.11,66.21,66.01,66.2,129678,0
2014-04-30,21:00:00,66.2,66.51,66.09,66.45,182478,0
2014-04-30,22:00:00,66.45,66.7,66.24,66.63,731308,0
2014-05-01,16:00:00,66.5,66.86,65.98,66.64,186921,0
2014-05-01,17:00:00,66.67,67.14,66.55,66.91,213636,0
2014-05-01,18:00:00,66.88,66.98,66.73,66.82,197745,0
2014-05-01,19:00:00,66.8,66.94,66.57,66.74,165977,0
2014-05-01,20:00:00,66.7,66.81,66.15,66.22,130170,0
2014-05-01,21:00:00,66.28,66.5,66.23,66.32,205136,0
2014-05-01,22:00:00,66.29,66.34,66.16,66.26,363066,0
2014-05-02,16:00:00,66.27,66.67,66.01,66.49,61891,0
2014-05-02,17:00:00,66.55,66.94,66.26,66.44,203962,0
2014-05-02,18:00:00,66.43,66.49,66.29,66.4,183538,0
2014-05-02,19:00:00,66.4,66.47,66.33,66.41,105425,0
2014-05-02,20:00:00,66.41,66.52,66.37,66.46,123451,0
2014-05-02,21:00:00,66.45,66.49,66.35,66.43,122320,0
2014-05-02,22:00:00,66.43,66.51,66.37,66.4,342703,0
2014-05-05,16:00:00,66.3,66.87,66.23,66.87,95637,0
2014-05-05,17:00:00,66.87,67.46,66.64,67.36,218700,0
2014-05-05,18:00:00,67.35,67.41,67.01,67.21,144033,0
2014-05-05,19:00:00,67.24,67.26,66.92,66.92,85227,0
2014-05-05,20:00:00,66.91,66.99,66.84,66.97,108033,0
2014-05-05,21:00:00,66.93,67.02,66.85,66.86,134127,0
2014-05-05,22:00:00,66.86,66.86,66.65,66.73,234402,0
2014-05-06,16:00:00,66.49,66.8,66.31,66.75,79657,0
2014-05-06,17:00:00,66.7,66.78,66.4,66.43,65319,0
2014-05-06,18:00:00,66.41,66.81,66.38,66.78,68348,0
2014-05-06,19:00:00,66.8,66.8,66.48,66.6,46921,0
2014-05-06,20:00:00,66.58,66.66,66.26,66.31,62060,0
2014-05-06,21:00:00,66.29,66.42,66.2,66.34,140911,0
2014-05-06,22:00:00,66.29,66.52,66.23,66.42,338680,0
2014-05-07,16:00:00,66.65,66.9,66.32,66.35,60133,0
2014-05-07,17:00:00,66.39,66.5,65.93,66.23,104233,0
2014-05-07,18:00:00,66.2,66.9,66.15,66.8,106533,0
2014-05-07,19:00:00,66.8,67,66.7,66.89,94500,0
2014-05-07,20:00:00,66.87,66.94,66.5,66.5,82186,0
2014-05-07,21:00:00,66.49,66.92,66.45,66.8,97603,0
2014-05-07,22:00:00,66.8,66.98,66.72,66.95,255398,0
