Date,Time,Open,High,Low,Close,Volume,OpenInt
2014-02-10,16:00:00,36.85,36.9,36.29,36.29,5593,0
2014-02-10,17:00:00,36.28,36.48,36.21,36.4,7083,0
2014-02-10,18:00:00,36.42,36.69,36.25,36.5,7426,0
2014-02-10,19:00:00,36.48,36.76,36.33,36.64,9850,0
2014-02-10,20:00:00,36.69,37.04,36.68,37.04,7700,0
2014-02-10,21:00:00,36.95,37.06,36.83,36.84,6438,0
2014-02-10,22:00:00,36.91,37.17,36.79,37.01,22807,0
2014-02-11,16:00:00,37.14,37.14,36.7,36.7,2964,0
2014-02-11,17:00:00,36.66,36.77,36.27,36.54,14589,0
2014-02-11,18:00:00,36.66,36.88,36.61,36.85,8688,0
2014-02-11,19:00:00,36.9,37.05,36.9,37.05,2900,0
2014-02-11,20:00:00,37.08,37.12,37.08,37.09,2400,0
2014-02-11,21:00:00,37.09,37.32,37.09,37.32,4300,0
2014-02-11,22:00:00,37.32,37.38,37.2,37.25,220541,0
2014-02-12,16:00:00,37.55,37.65,37.33,37.38,7325,0
2014-02-12,17:00:00,37.51,37.55,37.3,37.3,7482,0
2014-02-12,18:00:00,37.26,37.4,36.98,37.17,6404,0
2014-02-12,19:00:00,37.18,37.53,37.14,37.39,5200,0
2014-02-12,20:00:00,37.38,37.63,37.31,37.49,23088,0
2014-02-12,21:00:00,37.43,37.54,37.06,37.22,5298,0
2014-02-12,22:00:00,37.14,37.25,36.92,37.25,20696,0
2014-02-13,16:00:00,36.97,37.51,36.97,37.15,5432,0
2014-02-13,17:00:00,37.17,37.49,37.16,37.28,15559,0
2014-02-13,18:00:00,37.3,37.49,37.28,37.42,4470,0
2014-02-13,19:00:00,37.42,37.57,37.35,37.44,20044,0
2014-02-13,20:00:00,37.47,37.86,37.44,37.77,50201,0
2014-02-13,21:00:00,37.63,37.79,37.58,37.69,14840,0
2014-02-13,22:00:00,37.6,38,37.57,37.88,53661,0
2014-02-14,16:00:00,37.72,37.72,37.29,37.49,2700,0
2014-02-14,17:00:00,37.48,37.7,37.3,37.3,8950,0
2014-02-14,18:00:00,37.25,37.38,37.09,37.32,5700,0
2014-02-14,19:00:00,37.31,37.69,37.27,37.69,7892,0
2014-02-14,20:00:00,37.63,38.17,37.48,37.68,23411,0
2014-02-14,21:00:00,37.63,37.98,37.57,37.66,11698,0
2014-02-14,22:00:00,37.73,37.73,37.46,37.51,13667,0
2014-02-18,16:00:00,37.69,37.93,37.69,37.93,2558,0
2014-02-18,17:00:00,37.91,38.11,37.82,38.01,2800,0
2014-02-18,18:00:00,38.08,38.51,38.07,38.41,8747,0
2014-02-18,19:00:00,38.36,38.54,38.36,38.46,3352,0
2014-02-18,20:00:00,38.37,38.59,38.36,38.52,20204,0
2014-02-18,21:00:00,38.67,39.02,38.67,38.91,10100,0
2014-02-18,22:00:00,38.87,38.91,38.78,38.84,57089,0
2014-02-19,16:00:00,38.58,38.7,38.58,38.7,1500,0
2014-02-19,17:00:00,38.74,38.9,38.65,38.69,9800,0
2014-02-19,18:00:00,38.74,38.78,38.6,38.67,11265,0
2014-02-19,19:00:00,38.56,38.7,38.36,38.45,12970,0
2014-02-19,20:00:00,38.45,38.8,38.43,38.71,9224,0
2014-02-19,21:00:00,38.65,38.73,38.43,38.45,9600,0
2014-02-19,22:00:00,38.42,38.44,37.99,38.05,44266,0
2014-02-20,16:00:00,38.16,38.35,38.1,38.1,3619,0
2014-02-20,17:00:00,38.05,38.53,38,38.5,10376,0
2014-02-20,18:00:00,38.51,38.51,38.22,38.28,11395,0
2014-02-20,19:00:00,38.36,38.47,38.36,38.43,2800,0
2014-02-20,20:00:00,38.4,38.5,38.36,38.44,5500,0
2014-02-20,21:00:00,38.55,38.92,38.44,38.92,8700,0
2014-02-20,22:00:00,38.96,39.2,38.91,39.12,24616,0
2014-02-21,16:00:00,39.48,39.79,39.48,39.65,4100,0
2014-02-21,17:00:00,39.64,39.64,39.31,39.53,13631,0
2014-02-21,18:00:00,39.57,39.75,39.35,39.35,8700,0
2014-02-21,19:00:00,39.36,39.45,39.22,39.45,12958,0
2014-02-21,20:00:00,39.44,39.64,39.44,39.55,11920,0
2014-02-21,21:00:00,39.57,39.67,39.2,39.24,11538,0
2014-02-21,22:00:00,39.28,39.57,39.16,39.43,45407,0
2014-02-24,16:00:00,39.43,39.84,39.43,39.83,10688,0
2014-02-24,17:00:00,39.69,39.84,39.29,39.59,7850,0
2014-02-24,18:00:00,39.59,39.9,39.34,39.57,13119,0
2014-02-24,19:00:00,39.58,39.83,39.54,39.61,6296,0
2014-02-24,20:00:00,39.61,39.76,39.44,39.57,9350,0
2014-02-24,21:00:00,39.52,39.75,39.41,39.46,34294,0
2014-02-24,22:00:00,39.33,39.4,38.96,39.11,118520,0
2014-02-25,16:00:00,38.93,39.41,38.93,39.15,53209,0
2014-02-25,17:00:00,39.15,39.22,39,39,16791,0
2014-02-25,18:00:00,39.01,39.01,38.5,39,29614,0
2014-02-25,19:00:00,39.02,39.14,38.88,39,6243,0
2014-02-25,20:00:00,39,39,38.64,38.67,6324,0
2014-02-25,21:00:00,38.63,38.67,38.42,38.59,13222,0
2014-02-25,22:00:00,38.63,39.15,38.51,38.92,46851,0
2014-02-26,16:00:00,39.07,39.33,39.07,39.33,1211,0
2014-02-26,17:00:00,39.5,39.75,39.35,39.75,8797,0
2014-02-26,18:00:00,39.62,39.9,39.6,39.84,5150,0
2014-02-26,19:00:00,39.82,40.64,39.82,40.56,9400,0
2014-02-26,20:00:00,40.45,40.53,40.29,40.45,5800,0
2014-02-26,21:00:00,40.43,40.47,40.24,40.46,19799,0
2014-02-26,22:00:00,40.51,40.6,40.2,40.38,27765,0
2014-02-27,16:00:00,40.35,40.76,40.34,40.76,24600,0
2014-02-27,17:00:00,40.75,40.8,40.42,40.51,7900,0
2014-02-27,18:00:00,40.6,41,40.41,40.58,22400,0
2014-02-27,19:00:00,40.59,40.7,40.51,40.7,14320,0
2014-02-27,20:00:00,40.69,40.7,40.56,40.65,13917,0
2014-02-27,21:00:00,40.65,40.65,40.55,40.65,15109,0
2014-02-27,22:00:00,40.62,41.35,40.58,41.06,79824,0
2014-02-28,16:00:00,39.13,40.78,35.57,36.35,154787,0
2014-02-28,17:00:00,36.22,36.72,34.96,35.69,153496,0
2014-02-28,18:00:00,35.71,36.69,35.63,36.12,66813,0
2014-02-28,19:00:00,36.11,36.35,36.07,36.26,28340,0
2014-02-28,20:00:00,36.34,37.5,35.76,35.77,148963,0
2014-02-28,21:00:00,35.77,36.51,35.77,35.97,125653,0
2014-02-28,22:00:00,36.15,36.28,34.33,34.45,167983,0
2014-03-03,16:00:00,34.26,34.26,32.63,32.63,35974,0
2014-03-03,17:00:00,32.66,32.92,31.8,32.24,130080,0
2014-03-03,18:00:00,32.21,32.38,31.9,32.19,163071,0
2014-03-03,19:00:00,32.19,32.75,32.08,32.72,143639,0
2014-03-03,20:00:00,32.67,33.13,32.63,33.04,56901,0
2014-03-03,21:00:00,33.12,33.13,32.78,33,41008,0
2014-03-03,22:00:00,32.97,33.51,32.97,33.33,160242,0
2014-03-04,16:00:00,33.63,34.38,33.2,34.11,48689,0
2014-03-04,17:00:00,34.11,34.17,33.9,34.12,83405,0
2014-03-04,18:00:00,34.12,34.25,33.97,33.97,48290,0
2014-03-04,19:00:00,34.04,34.15,33.42,33.6,70004,0
2014-03-04,20:00:00,33.62,33.68,33.55,33.68,37102,0
2014-03-04,21:00:00,33.64,33.73,33.6,33.71,39184,0
2014-03-04,22:00:00,33.71,33.75,33.33,33.41,131204,0
2014-03-05,16:00:00,33.3,34.36,33.3,33.75,51992,0
2014-03-05,17:00:00,33.85,33.85,33.31,33.48,43381,0
2014-03-05,18:00:00,33.59,33.71,33.52,33.67,23700,0
2014-03-05,19:00:00,33.77,33.98,33.64,33.91,7200,0
2014-03-05,20:00:00,33.95,34.13,33.84,34,23610,0
2014-03-05,21:00:00,34,34.09,33.86,33.86,30773,0
2014-03-05,22:00:00,33.94,34.01,33.42,33.58,102101,0
2014-03-06,16:00:00,33.5,33.65,32.89,33.11,17696,0
2014-03-06,17:00:00,33.12,33.59,33.07,33.51,32629,0
2014-03-06,18:00:00,33.45,33.5,33.07,33.24,26620,0
2014-03-06,19:00:00,33.26,33.3,33.03,33.03,18507,0
2014-03-06,20:00:00,33.14,33.14,32.91,33,12451,0
2014-03-06,21:00:00,33,33.11,32.75,32.91,27924,0
2014-03-06,22:00:00,32.91,33.01,32.67,32.85,55320,0
2014-03-07,16:00:00,33.01,33.01,32.49,32.8,150864,0
2014-03-07,17:00:00,32.84,32.96,32.7,32.79,15585,0
2014-03-07,18:00:00,32.7,32.88,32.7,32.73,10471,0
2014-03-07,19:00:00,32.7,32.88,32.7,32.79,14071,0
2014-03-07,20:00:00,32.79,33.09,32.76,33.09,45992,0
2014-03-07,21:00:00,33,33.11,32.87,33,16900,0
2014-03-07,22:00:00,32.99,33.08,32.83,33.01,79122,0
2014-03-10,15:00:00,32.99,32.99,32.75,32.78,98663,0
2014-03-10,16:00:00,32.7,32.89,32.65,32.65,65900,0
2014-03-10,17:00:00,32.65,32.96,32.65,32.95,20361,0
2014-03-10,18:00:00,32.87,32.87,32.63,32.65,19360,0
2014-03-10,19:00:00,32.63,32.7,32.55,32.6,10150,0
2014-03-10,20:00:00,32.58,32.65,32.55,32.65,1900,0
2014-03-10,21:00:00,32.58,32.72,32.45,32.55,52431,0
2014-03-11,15:00:00,32.51,32.51,32.25,32.3,57731,0
2014-03-11,16:00:00,32.3,32.44,32.2,32.3,34190,0
2014-03-11,17:00:00,32.26,32.3,32.05,32.09,48553,0
2014-03-11,18:00:00,32.05,32.07,31.95,31.96,25073,0
2014-03-11,19:00:00,31.95,31.95,31.83,31.85,25965,0
2014-03-11,20:00:00,31.83,31.83,31.25,31.33,68364,0
2014-03-11,21:00:00,31.31,31.59,31.18,31.48,79967,0
2014-03-12,15:00:00,31.25,31.3,31,31.2,17111,0
2014-03-12,16:00:00,31.35,31.4,31.03,31.23,18986,0
2014-03-12,17:00:00,31.25,31.41,31.09,31.19,13200,0
2014-03-12,18:00:00,31.25,31.25,31.04,31.05,9200,0
2014-03-12,19:00:00,31.05,31.15,31,31.07,21178,0
2014-03-12,20:00:00,31.14,31.32,31.01,31.01,9000,0
2014-03-12,21:00:00,31.01,31.17,30.95,31.13,44169,0
2014-03-13,15:00:00,31.17,31.18,30.95,31.04,11475,0
2014-03-13,16:00:00,31.08,31.18,30.86,31,16768,0
2014-03-13,17:00:00,31,31.31,30.85,31.06,44462,0
2014-03-13,18:00:00,31.03,31.11,30.65,30.73,27384,0
2014-03-13,19:00:00,30.65,30.78,30.51,30.52,17985,0
2014-03-13,20:00:00,30.52,30.58,30.4,30.48,221466,0
2014-03-13,21:00:00,30.48,30.5,30.4,30.47,96453,0
2014-03-14,15:00:00,30.4,30.5,30.35,30.35,23737,0
2014-03-14,16:00:00,30.35,30.76,30.35,30.54,37201,0
2014-03-14,17:00:00,30.55,30.62,30.5,30.55,88860,0
2014-03-14,18:00:00,30.59,30.65,30.55,30.58,23451,0
2014-03-14,19:00:00,30.65,30.65,30.5,30.55,22092,0
2014-03-14,20:00:00,30.54,30.66,30.5,30.59,30866,0
2014-03-14,21:00:00,30.59,30.72,30.54,30.68,58543,0
2014-03-17,15:00:00,31.29,33,31.19,32.88,36353,0
2014-03-17,16:00:00,32.88,33,32.35,32.52,21863,0
2014-03-17,17:00:00,32.52,32.57,32.21,32.36,10229,0
2014-03-17,18:00:00,32.38,32.49,32.26,32.39,8100,0
2014-03-17,19:00:00,32.39,32.46,32.14,32.21,12054,0
2014-03-17,20:00:00,32.23,32.23,32,32.01,11580,0
2014-03-17,21:00:00,31.93,32.03,31.82,31.95,41832,0
2014-03-18,15:00:00,31.88,31.88,31.72,31.8,2000,0
2014-03-18,16:00:00,31.81,32.27,31.7,32.27,14736,0
2014-03-18,17:00:00,32.24,32.72,32.17,32.72,22116,0
2014-03-18,18:00:00,32.6,32.85,32.55,32.65,12310,0
2014-03-18,19:00:00,32.76,32.96,32.54,32.74,12700,0
2014-03-18,20:00:00,32.78,32.95,32.5,32.77,28881,0
2014-03-18,21:00:00,32.83,32.84,32.32,32.55,30557,0
2014-03-19,15:00:00,32.56,32.56,32.23,32.3,3000,0
2014-03-19,16:00:00,32.21,32.33,32.12,32.22,11708,0
2014-03-19,17:00:00,32.31,32.31,32.2,32.21,6682,0
2014-03-19,18:00:00,32.2,32.32,32.13,32.32,22494,0
2014-03-19,19:00:00,32.23,32.27,32.15,32.26,16492,0
2014-03-19,20:00:00,32.15,32.2,32.11,32.15,14508,0
2014-03-19,21:00:00,32.15,32.22,31.93,32.2,65979,0
2014-03-20,15:00:00,32,32.17,32,32.09,29617,0
2014-03-20,16:00:00,32.1,32.48,32.03,32.11,11430,0
2014-03-20,17:00:00,32.1,32.1,32,32.03,8320,0
2014-03-20,18:00:00,32,32.14,31.9,32,7000,0
2014-03-20,19:00:00,32.02,32.1,32,32.09,6100,0
2014-03-20,20:00:00,32.02,32.09,31.95,32.05,18636,0
2014-03-20,21:00:00,32.03,32.12,31.9,32.07,53704,0
2014-03-21,15:00:00,32.05,32.11,32,32.11,30695,0
2014-03-21,16:00:00,32.04,32.04,31.66,32.01,14762,0
2014-03-21,17:00:00,31.98,32.37,31.9,32.22,12363,0
2014-03-21,18:00:00,32.2,32.2,31.91,31.91,4366,0
2014-03-21,19:00:00,31.94,31.94,31.64,31.74,9479,0
2014-03-21,20:00:00,31.7,32.03,31.7,31.99,38273,0
2014-03-21,21:00:00,31.98,32,31.41,31.47,77912,0
2014-03-24,15:00:00,31.56,31.76,31.14,31.76,20450,0
2014-03-24,16:00:00,31.68,31.68,31.35,31.35,24002,0
2014-03-24,17:00:00,31.35,31.39,31.25,31.26,14941,0
2014-03-24,18:00:00,31.2,31.29,31.16,31.16,7025,0
2014-03-24,19:00:00,31.21,31.25,31.15,31.25,4500,0
2014-03-24,20:00:00,31.33,31.41,31.32,31.33,9768,0
2014-03-24,21:00:00,31.26,31.6,31.16,31.55,67018,0
2014-03-25,15:00:00,31.47,31.73,31.36,31.59,2800,0
2014-03-25,16:00:00,31.7,32,31.28,31.56,13465,0
2014-03-25,17:00:00,31.48,31.7,31.2,31.28,12780,0
2014-03-25,18:00:00,31.24,31.54,31.2,31.44,9000,0
2014-03-25,19:00:00,31.35,31.61,31.35,31.6,4661,0
2014-03-25,20:00:00,31.58,31.85,31.57,31.61,13713,0
2014-03-25,21:00:00,31.59,31.81,31.55,31.72,49464,0
2014-03-26,15:00:00,31.82,31.82,31.42,31.42,2348,0
2014-03-26,16:00:00,31.45,31.55,31.26,31.35,10300,0
2014-03-26,17:00:00,31.3,31.37,31.2,31.29,7600,0
2014-03-26,18:00:00,31.21,31.28,31.11,31.15,6600,0
2014-03-26,19:00:00,31.15,31.19,30.9,30.96,16226,0
2014-03-26,20:00:00,30.91,30.91,30.8,30.9,7644,0
2014-03-26,21:00:00,30.91,30.91,30.51,30.54,34456,0
2014-03-27,15:00:00,30.56,30.6,30.45,30.6,8890,0
2014-03-27,16:00:00,30.45,30.86,30.45,30.77,17697,0
2014-03-27,17:00:00,30.71,30.71,30.4,30.57,22503,0
2014-03-27,18:00:00,30.54,30.59,30.4,30.5,11105,0
2014-03-27,19:00:00,30.55,30.65,30.4,30.4,10758,0
2014-03-27,20:00:00,30.4,30.47,30.3,30.31,15455,0
2014-03-27,21:00:00,30.38,30.71,30.34,30.47,67622,0
2014-03-28,15:00:00,30.57,30.8,30.46,30.8,9486,0
2014-03-28,16:00:00,30.82,31.1,30.73,31,10558,0
2014-03-28,17:00:00,30.91,31.06,30.7,30.99,11612,0
2014-03-28,18:00:00,30.95,31.01,30.87,31,7400,0
2014-03-28,19:00:00,31,31.04,30.86,31,21923,0
2014-03-28,20:00:00,31,31.01,30.76,30.92,92951,0
2014-03-28,21:00:00,30.95,31.1,30.92,31.01,120648,0
2014-03-31,16:00:00,31.11,31.37,30.99,31.34,17333,0
2014-03-31,17:00:00,31.34,31.5,31.02,31.44,21270,0
2014-03-31,18:00:00,31.2,31.39,31.14,31.27,22026,0
2014-03-31,19:00:00,31.33,31.57,31.33,31.51,12374,0
2014-03-31,20:00:00,31.46,31.58,31.41,31.5,24328,0
2014-03-31,21:00:00,31.5,31.52,31.45,31.5,23532,0
2014-03-31,22:00:00,31.48,31.65,31.43,31.51,282590,0
2014-04-01,16:00:00,31.52,31.85,31.1,31.78,13494,0
2014-04-01,17:00:00,31.81,32.24,31.78,31.9,13300,0
2014-04-01,18:00:00,31.81,32.08,31.65,31.8,12108,0
2014-04-01,19:00:00,31.79,31.79,31.51,31.68,8538,0
2014-04-01,20:00:00,31.71,31.74,31.38,31.55,6700,0
2014-04-01,21:00:00,31.5,31.8,31.35,31.71,15343,0
2014-04-01,22:00:00,31.75,31.97,31.68,31.86,47838,0
2014-04-02,16:00:00,31.85,31.93,31.73,31.83,13714,0
2014-04-02,17:00:00,31.91,32.13,31.72,31.96,18844,0
2014-04-02,18:00:00,31.95,32.04,31.86,31.97,19945,0
2014-04-02,19:00:00,31.96,32.03,31.93,32,11645,0
2014-04-02,20:00:00,32,32,31.95,32,17800,0
2014-04-02,21:00:00,32,32.07,31.99,32.02,14201,0
2014-04-02,22:00:00,32.02,32.47,32.01,32.25,44093,0
2014-04-03,16:00:00,32.17,32.2,31.96,32.02,8486,0
2014-04-03,17:00:00,31.92,32.13,31.9,32,23800,0
2014-04-03,18:00:00,32.02,32.09,31.76,31.93,22159,0
2014-04-03,19:00:00,31.96,32.03,31.61,31.75,14017,0
2014-04-03,20:00:00,31.79,31.79,31.43,31.47,10598,0
2014-04-03,21:00:00,31.5,31.9,31.43,31.84,30472,0
2014-04-03,22:00:00,31.78,31.85,31.48,31.6,69653,0
2014-04-04,16:00:00,31.98,31.98,31.2,31.2,6632,0
2014-04-04,17:00:00,31.26,32.07,31.26,31.93,51494,0
2014-04-04,18:00:00,31.91,31.91,31.28,31.32,33245,0
2014-04-04,19:00:00,31.13,31.3,30.5,30.57,11725,0
2014-04-04,20:00:00,30.52,30.71,30.3,30.43,11065,0
2014-04-04,21:00:00,30.43,31.05,30.3,30.77,36574,0
2014-04-04,22:00:00,30.65,30.96,30.65,30.82,54951,0
2014-04-07,16:00:00,30.53,31.09,30.25,30.99,71633,0
2014-04-07,17:00:00,31,31,30.2,30.2,11581,0
2014-04-07,18:00:00,30.2,30.27,30.03,30.05,14000,0
2014-04-07,19:00:00,30.05,30.39,30,30.12,28170,0
2014-04-07,20:00:00,30.2,30.2,29.95,29.95,6850,0
2014-04-07,21:00:00,29.95,30.27,29.9,30.17,79317,0
2014-04-07,22:00:00,30.16,30.49,29.98,30.01,64384,0
2014-04-08,16:00:00,30,30.3,29.85,29.87,30766,0
2014-04-08,17:00:00,29.95,30.31,29.75,30.3,17946,0
2014-04-08,18:00:00,30.32,30.34,30,30.24,16900,0
2014-04-08,19:00:00,30.24,30.69,30.24,30.38,10450,0
2014-04-08,20:00:00,30.53,30.65,30.16,30.45,22116,0
2014-04-08,21:00:00,30.41,30.55,30.13,30.36,24798,0
2014-04-08,22:00:00,30.31,31.18,30.25,30.84,102104,0
2014-04-09,16:00:00,30.87,31,30.82,31,1700,0
2014-04-09,17:00:00,30.92,31.25,30.72,30.94,7022,0
2014-04-09,18:00:00,30.8,31.08,30.8,31.04,4692,0
2014-04-09,19:00:00,31,31.1,30.95,30.95,3000,0
2014-04-09,20:00:00,31,31.16,30.86,31.09,9900,0
2014-04-09,21:00:00,31.1,31.48,31.06,31.06,18557,0
2014-04-09,22:00:00,30.91,31.4,30.91,31.28,34899,0
2014-04-10,16:00:00,31.21,31.23,30.64,30.73,4400,0
2014-04-10,17:00:00,30.7,30.82,30.44,30.63,15806,0
2014-04-10,18:00:00,30.53,30.53,30.22,30.4,24083,0
2014-04-10,19:00:00,30.4,30.47,30.32,30.44,13800,0
2014-04-10,20:00:00,30.44,30.48,30.31,30.4,21775,0
2014-04-10,21:00:00,30.37,30.38,30.14,30.22,13705,0
2014-04-10,22:00:00,30.22,30.31,29.85,29.88,56585,0
2014-04-11,16:00:00,29.61,30.1,29.61,30,31003,0
2014-04-11,17:00:00,29.94,30.17,29.75,30.16,13005,0
2014-04-11,18:00:00,30.1,30.11,29.85,29.92,11300,0
2014-04-11,19:00:00,29.85,29.95,29.85,29.86,8100,0
2014-04-11,20:00:00,29.85,29.93,29.72,29.8,11000,0
2014-04-11,21:00:00,29.8,29.8,29.51,29.64,20958,0
2014-04-11,22:00:00,29.64,29.74,29.5,29.7,50160,0
2014-04-14,16:00:00,29.96,30.02,29.73,29.83,6374,0
2014-04-14,17:00:00,29.81,30.45,29.7,30.36,17946,0
2014-04-14,18:00:00,30.25,30.52,30.09,30.15,12000,0
2014-04-14,19:00:00,30.08,30.47,30.04,30.09,12370,0
2014-04-14,20:00:00,30.05,30.22,29.85,29.85,6387,0
2014-04-14,21:00:00,29.75,30.1,29.75,29.99,51444,0
2014-04-14,22:00:00,29.99,30.65,29.97,30.51,110554,0
2014-04-15,16:00:00,30.51,30.59,30.34,30.41,5371,0
2014-04-15,17:00:00,30.27,30.27,29.67,29.73,21002,0
2014-04-15,18:00:00,29.83,29.88,29.63,29.74,10500,0
2014-04-15,19:00:00,29.75,29.75,29.4,29.43,25382,0
2014-04-15,20:00:00,29.4,29.81,29.4,29.81,17410,0
2014-04-15,21:00:00,29.81,29.99,29.7,29.9,12059,0
2014-04-15,22:00:00,29.9,30.12,29.83,30.05,59415,0
2014-04-16,16:00:00,30.36,30.4,30.1,30.16,4928,0
2014-04-16,17:00:00,30.2,30.3,29.84,29.9,13928,0
2014-04-16,18:00:00,29.86,30.2,29.77,30.02,12298,0
2014-04-16,19:00:00,30.11,30.13,29.95,29.99,7900,0
2014-04-16,20:00:00,29.99,30.07,29.9,29.95,10300,0
2014-04-16,21:00:00,29.98,30.11,29.9,30,5500,0
2014-04-16,22:00:00,30.02,30.21,29.94,30.16,29009,0
2014-04-17,16:00:00,30.07,30.07,29.75,29.91,6010,0
2014-04-17,17:00:00,29.93,30.57,29.93,30.39,19263,0
2014-04-17,18:00:00,30.35,30.43,30.25,30.25,10100,0
2014-04-17,19:00:00,30.31,30.47,30.25,30.38,3000,0
2014-04-17,20:00:00,30.38,30.61,30.38,30.53,2300,0
2014-04-17,21:00:00,30.5,30.7,30.43,30.55,2714,0
2014-04-17,22:00:00,30.49,30.7,30.41,30.51,10768,0
2014-04-21,17:00:00,30.4,30.45,29.7,29.99,14085,0
2014-04-21,18:00:00,30.06,30.38,30.03,30.38,8954,0
2014-04-21,19:00:00,30.37,30.47,30.22,30.22,6500,0
2014-04-21,20:00:00,30.26,30.43,30.1,30.15,10507,0
2014-04-21,21:00:00,30.15,30.19,30.15,30.19,7100,0
2014-04-21,22:00:00,30.15,30.35,30.15,30.29,20830,0
2014-04-22,16:00:00,30.34,30.55,30.3,30.55,3071,0
2014-04-22,17:00:00,30.47,30.59,30.15,30.3,12062,0
2014-04-22,18:00:00,30.17,30.4,30.17,30.33,8429,0
2014-04-22,19:00:00,30.39,30.44,30.39,30.4,3900,0
2014-04-22,20:00:00,30.43,30.43,30.34,30.42,2868,0
2014-04-22,21:00:00,30.3,30.34,30.28,30.33,2500,0
2014-04-22,22:00:00,30.29,30.33,30.15,30.25,35075,0
2014-04-23,16:00:00,30.05,30.35,29.83,30.17,22702,0
2014-04-23,17:00:00,30.02,30.21,29.88,30.11,23048,0
2014-04-23,18:00:00,30.1,30.16,29.71,30.12,14404,0
2014-04-23,19:00:00,30.13,30.13,29.64,29.69,8848,0
2014-04-23,20:00:00,29.69,29.71,29.51,29.63,7900,0
2014-04-23,21:00:00,29.53,29.63,29.41,29.49,13700,0
2014-04-23,22:00:00,29.5,29.68,29.45,29.49,102502,0
2014-04-24,16:00:00,29.67,29.68,29.3,29.38,9157,0
2014-04-24,17:00:00,29.37,29.68,29.25,29.68,17201,0
2014-04-24,18:00:00,29.72,29.94,29.63,29.86,10795,0
2014-04-24,19:00:00,29.78,29.78,29.67,29.77,5700,0
2014-04-24,20:00:00,29.9,29.9,29.57,29.67,8300,0
2014-04-24,21:00:00,29.73,29.84,29.54,29.59,47140,0
2014-04-24,22:00:00,29.64,29.78,29.59,29.72,44947,0
2014-04-25,16:00:00,29.5,29.5,29.25,29.28,7286,0
2014-04-25,17:00:00,29.34,29.34,29.1,29.13,35369,0
2014-04-25,18:00:00,29.1,29.1,28.9,28.9,28559,0
2014-04-25,19:00:00,28.9,28.94,28.65,28.65,22090,0
2014-04-25,20:00:00,28.69,28.69,28.4,28.4,33711,0
2014-04-25,21:00:00,28.41,28.46,28.25,28.25,15754,0
2014-04-25,22:00:00,28.27,28.35,28.06,28.17,47409,0
2014-04-28,16:00:00,28.38,28.68,27.97,28.22,11440,0
2014-04-28,17:00:00,28.25,28.42,27.82,27.9,19660,0
2014-04-28,18:00:00,27.89,27.94,26.78,26.91,40534,0
2014-04-28,19:00:00,26.88,27.04,26.8,26.86,18925,0
2014-04-28,20:00:00,26.91,26.91,26.21,26.39,45459,0
2014-04-28,21:00:00,26.38,26.87,26.38,26.55,29928,0
2014-04-28,22:00:00,26.55,27.19,26.55,27,68550,0
2014-04-29,16:00:00,27.17,27.49,27.13,27.44,6976,0
2014-04-29,17:00:00,27.21,27.5,27,27.4,12500,0
2014-04-29,18:00:00,27.36,27.36,27.11,27.13,10800,0
2014-04-29,19:00:00,27.21,27.67,27.2,27.57,7400,0
2014-04-29,20:00:00,27.52,27.62,27.35,27.47,8415,0
2014-04-29,21:00:00,27.5,27.7,27.46,27.7,12876,0
2014-04-29,22:00:00,27.58,27.71,27.42,27.56,39703,0
2014-04-30,16:00:00,27.33,27.5,26.68,26.69,8640,0
2014-04-30,17:00:00,26.74,27.11,26.64,27.07,9400,0
2014-04-30,18:00:00,27.08,27.12,26.75,26.75,12400,0
2014-04-30,19:00:00,26.91,27.18,26.82,27.16,7099,0
2014-04-30,20:00:00,27.1,27.24,27.05,27.11,21135,0
2014-04-30,21:00:00,27.16,27.37,27.11,27.37,15900,0
2014-04-30,22:00:00,27.28,27.51,27.25,27.4,123350,0
2014-05-01,16:00:00,27.3,27.35,27.18,27.21,10987,0
2014-05-01,17:00:00,27.27,27.53,27.03,27.26,35825,0
2014-05-01,18:00:00,27.3,27.71,27.2,27.41,31386,0
2014-05-01,19:00:00,27.44,27.62,27.31,27.4,15337,0
2014-05-01,20:00:00,27.41,27.45,26.91,26.98,10105,0
2014-05-01,21:00:00,27.02,27.28,26.96,27.08,15126,0
2014-05-01,22:00:00,27.11,27.42,27.05,27.4,60602,0
2014-05-02,16:00:00,27.42,27.48,27.02,27.12,9626,0
2014-05-02,17:00:00,27.08,27.45,27,27.13,15730,0
2014-05-02,18:00:00,27.1,27.34,27.02,27.02,38245,0
2014-05-02,19:00:00,27.01,27.07,26.87,27.01,15108,0
2014-05-02,20:00:00,27.01,27.01,26.62,26.63,15822,0
2014-05-02,21:00:00,26.67,26.94,26.66,26.83,10500,0
2014-05-02,22:00:00,26.82,26.88,26.7,26.81,53892,0
2014-05-05,16:00:00,26.52,26.52,26.1,26.38,12641,0
2014-05-05,17:00:00,26.4,26.96,26.4,26.77,15800,0
2014-05-05,18:00:00,26.71,26.75,26.5,26.73,9300,0
2014-05-05,19:00:00,26.62,26.77,26.58,26.62,6690,0
2014-05-05,20:00:00,26.65,26.72,26.44,26.7,6200,0
2014-05-05,21:00:00,26.68,26.75,26.56,26.67,9840,0
2014-05-05,22:00:00,26.67,26.72,26.42,26.52,50170,0
2014-05-06,16:00:00,26.15,26.24,25.92,26.01,10406,0
2014-05-06,17:00:00,26.11,26.11,25.67,25.67,21450,0
2014-05-06,18:00:00,25.65,25.86,25.62,25.72,10970,0
2014-05-06,19:00:00,25.77,25.87,25.66,25.68,16500,0
2014-05-06,20:00:00,25.63,25.69,25.13,25.13,26101,0
2014-05-06,21:00:00,25.12,25.23,25,25.18,38435,0
2014-05-06,22:00:00,25.21,25.46,25.04,25.27,141216,0
2014-05-07,16:00:00,25.37,25.37,24.92,25.08,18745,0
2014-05-07,17:00:00,25.09,25.36,25,25.25,62889,0
2014-05-07,18:00:00,25.18,25.55,25.18,25.53,37267,0
2014-05-07,19:00:00,25.56,25.92,25.52,25.73,32912,0
2014-05-07,20:00:00,25.68,26.12,25.68,25.97,28855,0
2014-05-07,21:00:00,25.97,26.44,25.85,26.4,170283,0
2014-05-07,22:00:00,26.38,26.97,26.2,26.39,107756,0
