Date,Time,Open,High,Low,Close,Volume,OpenInt
2014-03-18,15:00:00,24.8,24.83,24.76,24.79,80830,0
2014-03-18,16:00:00,24.79,24.83,24.75,24.78,77929,0
2014-03-18,17:00:00,24.75,24.81,24.75,24.78,93626,0
2014-03-18,18:00:00,24.78,24.8,24.75,24.8,60503,0
2014-03-18,19:00:00,24.8,24.84,24.79,24.8,29715,0
2014-03-18,20:00:00,24.8,24.82,24.8,24.81,24590,0
2014-03-18,21:00:00,24.81,24.85,24.81,24.83,27472,0
2014-03-19,15:00:00,24.81,24.85,24.77,24.79,117976,0
2014-03-19,16:00:00,24.8,24.8,24.78,24.79,193421,0
2014-03-19,17:00:00,24.79,24.8,24.79,24.79,26068,0
2014-03-19,18:00:00,24.79,24.8,24.78,24.8,65370,0
2014-03-19,19:00:00,24.8,24.8,24.79,24.79,15759,0
2014-03-19,20:00:00,24.79,24.8,24.69,24.75,245773,0
2014-03-19,21:00:00,24.75,24.76,24.65,24.71,278398,0
2014-03-20,15:00:00,24.72,24.72,24.67,24.67,34000,0
2014-03-20,16:00:00,24.67,24.73,24.66,24.73,46810,0
2014-03-20,17:00:00,24.73,24.74,24.71,24.74,46260,0
2014-03-20,18:00:00,24.73,24.75,24.72,24.75,54295,0
2014-03-20,19:00:00,24.74,24.77,24.73,24.76,31970,0
2014-03-20,20:00:00,24.75,24.75,24.74,24.74,43530,0
2014-03-20,21:00:00,24.74,24.76,24.74,24.75,31455,0
2014-03-21,15:00:00,24.77,24.79,24.76,24.79,7000,0
2014-03-21,16:00:00,24.78,24.8,24.78,24.79,54462,0
2014-03-21,17:00:00,24.79,24.8,24.77,24.77,39956,0
2014-03-21,18:00:00,24.76,24.78,24.75,24.78,28761,0
2014-03-21,19:00:00,24.78,24.8,24.77,24.77,55813,0
2014-03-21,20:00:00,24.78,24.81,24.78,24.81,45831,0
2014-03-21,21:00:00,24.81,24.83,24.8,24.83,11816,0
2014-03-24,15:00:00,24.78,24.82,24.78,24.79,41400,0
2014-03-24,16:00:00,24.79,24.82,24.78,24.82,31337,0
2014-03-24,17:00:00,24.82,24.82,24.8,24.81,127085,0
2014-03-24,18:00:00,24.81,24.81,24.8,24.81,7600,0
2014-03-24,19:00:00,24.81,24.82,24.8,24.82,23419,0
2014-03-24,20:00:00,24.82,24.82,24.8,24.81,40665,0
2014-03-24,21:00:00,24.82,24.84,24.81,24.84,29187,0
2014-03-26,15:00:00,24.89,24.94,24.89,24.9,54276,0
2014-03-26,16:00:00,24.91,24.94,24.9,24.9,44229,0
2014-03-26,17:00:00,24.89,24.92,24.89,24.91,14679,0
2014-03-26,18:00:00,24.91,24.91,24.86,24.89,50211,0
2014-03-26,19:00:00,24.89,24.89,24.86,24.87,243495,0
2014-03-26,20:00:00,24.87,24.89,24.86,24.88,20362,0
2014-03-26,21:00:00,24.88,24.91,24.88,24.89,60514,0
2014-03-27,15:00:00,24.9,24.93,24.9,24.9,16500,0
2014-03-27,16:00:00,24.91,24.93,24.88,24.88,47280,0
2014-03-27,17:00:00,24.88,24.92,24.87,24.9,41029,0
2014-03-27,18:00:00,24.92,24.92,24.9,24.92,14000,0
2014-03-27,19:00:00,24.92,24.92,24.9,24.92,9400,0
2014-03-27,20:00:00,24.92,24.92,24.9,24.91,30561,0
2014-03-27,21:00:00,24.91,24.91,24.9,24.9,30011,0
2014-03-28,15:00:00,24.91,24.93,24.91,24.91,4400,0
2014-03-28,16:00:00,24.91,24.92,24.9,24.92,18577,0
2014-03-28,17:00:00,24.91,24.92,24.9,24.92,38278,0
2014-03-28,18:00:00,24.91,24.93,24.9,24.92,25385,0
2014-03-28,19:00:00,24.92,24.92,24.9,24.91,39700,0
2014-03-28,20:00:00,24.91,24.92,24.91,24.92,5700,0
2014-03-28,21:00:00,24.92,24.92,24.88,24.92,54896,0
2014-03-31,16:00:00,24.95,25.01,24.95,24.99,56174,0
2014-03-31,17:00:00,24.99,24.99,24.96,24.98,30733,0
2014-03-31,18:00:00,24.96,24.97,24.96,24.97,5684,0
2014-03-31,19:00:00,24.96,24.98,24.96,24.98,11015,0
2014-03-31,20:00:00,24.97,24.98,24.96,24.96,22767,0
2014-03-31,21:00:00,24.96,24.97,24.95,24.96,14910,0
2014-03-31,22:00:00,24.97,24.97,24.94,24.97,45956,0
2014-04-01,16:00:00,24.98,25.01,24.98,24.99,127708,0
2014-04-01,17:00:00,24.99,24.99,24.97,24.98,20042,0
2014-04-01,18:00:00,24.98,24.99,24.97,24.98,52676,0
2014-04-01,19:00:00,24.97,24.99,24.97,24.99,18600,0
2014-04-01,20:00:00,24.97,24.99,24.97,24.98,18040,0
2014-04-01,21:00:00,24.99,24.99,24.96,24.98,52006,0
2014-04-01,22:00:00,24.96,25,24.96,25,69336,0
2014-04-02,16:00:00,24.99,24.99,24.97,24.97,6300,0
2014-04-02,17:00:00,24.97,24.98,24.95,24.95,25168,0
2014-04-02,18:00:00,24.95,24.97,24.95,24.97,25000,0
2014-04-02,19:00:00,24.97,24.98,24.97,24.98,8992,0
2014-04-02,20:00:00,24.97,24.98,24.97,24.98,25137,0
2014-04-02,21:00:00,24.97,24.98,24.97,24.97,34116,0
2014-04-02,22:00:00,24.98,24.98,24.96,24.98,14782,0
2014-04-03,16:00:00,24.98,25,24.98,24.99,13629,0
2014-04-03,17:00:00,25,25.02,24.99,25,30913,0
2014-04-03,18:00:00,25,25.02,24.99,24.99,23900,0
2014-04-03,19:00:00,25,25.01,24.99,25,13951,0
2014-04-03,20:00:00,24.99,25,24.99,25,9577,0
2014-04-03,21:00:00,25,25,24.99,25,11025,0
2014-04-03,22:00:00,25,25,24.97,24.99,29009,0
2014-04-04,16:00:00,25.05,25.09,25.04,25.06,89044,0
2014-04-04,17:00:00,25.05,25.07,25.02,25.03,49526,0
2014-04-04,18:00:00,25.04,25.07,25.03,25.07,23076,0
2014-04-04,19:00:00,25.04,25.04,25.03,25.03,6400,0
2014-04-04,20:00:00,25.03,25.04,25.02,25.04,14233,0
2014-04-04,21:00:00,25.04,25.05,25.03,25.03,30856,0
2014-04-04,22:00:00,25.04,25.04,25.03,25.04,17912,0
2014-04-07,16:00:00,25.05,25.08,25.05,25.08,2200,0
2014-04-07,17:00:00,25.07,25.07,25,25.03,26094,0
2014-04-07,18:00:00,25.03,25.03,25,25.01,13800,0
2014-04-07,19:00:00,25.01,25.02,25.01,25.02,8052,0
2014-04-07,20:00:00,25.03,25.03,25,25.02,25499,0
2014-04-07,21:00:00,25.02,25.02,24.99,25,25590,0
2014-04-07,22:00:00,25,25.01,24.98,24.98,35958,0
2014-04-08,16:00:00,24.98,25,24.98,24.99,9850,0
2014-04-08,17:00:00,24.98,24.99,24.97,24.99,17729,0
2014-04-08,18:00:00,24.99,24.99,24.97,24.99,20147,0
2014-04-08,19:00:00,24.99,25,24.99,25,24329,0
2014-04-08,20:00:00,25,25.01,25,25,18464,0
2014-04-08,21:00:00,25,25.01,24.98,24.98,17778,0
2014-04-08,22:00:00,24.98,24.99,24.97,24.98,26081,0
2014-04-09,16:00:00,24.99,25.02,24.99,25.02,8924,0
2014-04-09,17:00:00,25.02,25.03,25,25,32010,0
2014-04-09,18:00:00,25,25.03,25,25.02,15095,0
2014-04-09,19:00:00,25.03,25.03,25,25,7641,0
2014-04-09,20:00:00,25.01,25.01,25,25.01,21200,0
2014-04-09,21:00:00,25.01,25.02,25,25.01,10688,0
2014-04-09,22:00:00,25.02,25.04,25.01,25.03,54761,0
2014-04-10,16:00:00,25.04,25.08,25.04,25.08,48388,0
2014-04-10,17:00:00,25.05,25.13,25.05,25.11,80795,0
2014-04-10,18:00:00,25.1,25.14,25.08,25.1,51263,0
2014-04-10,19:00:00,25.1,25.13,25.09,25.12,26544,0
2014-04-10,20:00:00,25.1,25.11,25.07,25.09,16992,0
2014-04-10,21:00:00,25.1,25.1,25.09,25.09,34009,0
2014-04-10,22:00:00,25.09,25.1,25.05,25.06,29301,0
2014-04-11,16:00:00,25.08,25.08,25.06,25.08,9700,0
2014-04-11,17:00:00,25.08,25.1,25.06,25.1,15196,0
2014-04-11,18:00:00,25.1,25.1,25.07,25.07,20418,0
2014-04-11,19:00:00,25.08,25.08,25.06,25.06,17317,0
2014-04-11,20:00:00,25.06,25.07,25.05,25.07,24737,0
2014-04-11,21:00:00,25.05,25.06,25.04,25.05,7141,0
2014-04-11,22:00:00,25.06,25.06,25.04,25.06,18701,0
2014-04-14,16:00:00,25.1,25.1,25.08,25.08,2200,0
2014-04-14,17:00:00,25.08,25.09,25.07,25.09,3500,0
2014-04-14,18:00:00,25.09,25.09,25.08,25.08,4145,0
2014-04-14,19:00:00,25.08,25.09,25.08,25.08,4600,0
2014-04-14,20:00:00,25.08,25.09,25.07,25.08,23700,0
2014-04-14,21:00:00,25.08,25.08,25.07,25.07,27251,0
2014-04-14,22:00:00,25.08,25.1,25.06,25.1,35616,0
2014-04-15,16:00:00,25.1,25.13,25.1,25.12,9202,0
2014-04-15,17:00:00,25.11,25.13,25.11,25.13,12180,0
2014-04-15,18:00:00,25.13,25.13,25.08,25.08,55088,0
2014-04-15,19:00:00,25.1,25.1,25.08,25.1,18225,0
2014-04-15,20:00:00,25.1,25.11,25.1,25.1,5744,0
2014-04-15,21:00:00,25.11,25.12,25.1,25.1,20318,0
2014-04-15,22:00:00,25.11,25.14,25.09,25.12,44006,0
2014-04-16,16:00:00,25.13,25.14,25.1,25.12,11375,0
2014-04-16,17:00:00,25.13,25.13,25.1,25.13,24400,0
2014-04-16,18:00:00,25.13,25.13,25.11,25.13,8976,0
2014-04-16,19:00:00,25.13,25.14,25.12,25.13,19290,0
2014-04-16,20:00:00,25.14,25.14,25.11,25.12,26000,0
2014-04-16,21:00:00,25.12,25.13,25.11,25.11,25397,0
2014-04-16,22:00:00,25.11,25.12,25.1,25.12,27931,0
2014-04-17,16:00:00,25.14,25.14,25.11,25.13,7480,0
2014-04-17,17:00:00,25.11,25.15,25.1,25.12,271794,0
2014-04-17,18:00:00,25.11,25.14,25.11,25.14,30691,0
2014-04-17,19:00:00,25.12,25.14,25.1,25.12,16555,0
2014-04-17,20:00:00,25.12,25.12,25.04,25.05,30980,0
2014-04-17,21:00:00,25.06,25.14,25.05,25.06,24646,0
2014-04-17,22:00:00,25.07,25.12,25.07,25.11,74695,0
2014-04-21,16:00:00,25.06,25.06,25.02,25.05,15248,0
2014-04-21,17:00:00,25.05,25.07,25.01,25.02,35926,0
2014-04-21,18:00:00,25.02,25.02,24.99,25,47974,0
2014-04-21,19:00:00,25.01,25.02,24.98,25.02,13800,0
2014-04-21,20:00:00,25.02,25.02,25,25,17950,0
2014-04-21,21:00:00,25,25.01,25,25,15625,0
2014-04-21,22:00:00,25,25,24.96,24.99,23167,0
2014-04-22,16:00:00,24.96,25.01,24.96,25,10900,0
2014-04-22,17:00:00,25.01,25.01,24.96,24.98,40264,0
2014-04-22,18:00:00,24.98,25,24.97,25,16094,0
2014-04-22,19:00:00,25,25.01,24.99,25,28333,0
2014-04-22,20:00:00,25,25,24.97,24.99,29538,0
2014-04-22,21:00:00,25,25,24.99,24.99,36110,0
2014-04-22,22:00:00,25,25,24.97,25,48500,0
2014-04-23,16:00:00,25,25.04,25,25.03,19076,0
2014-04-23,17:00:00,25.04,25.04,25.02,25.03,11780,0
2014-04-23,18:00:00,25.01,25.03,25.01,25.03,17050,0
2014-04-23,19:00:00,25.02,25.03,25.02,25.03,8799,0
2014-04-23,20:00:00,25.03,25.04,25.02,25.04,21279,0
2014-04-23,21:00:00,25.04,25.05,25.02,25.05,21987,0
2014-04-23,22:00:00,25.04,25.06,25.03,25.04,32768,0
2014-04-24,16:00:00,25.05,25.06,25.05,25.05,15659,0
2014-04-24,17:00:00,25.04,25.06,25.04,25.06,17758,0
2014-04-24,18:00:00,25.05,25.07,25.04,25.06,25298,0
2014-04-24,19:00:00,25.06,25.07,25.05,25.05,22777,0
2014-04-24,20:00:00,25.05,25.05,25.04,25.05,15968,0
2014-04-24,21:00:00,25.05,25.07,25.03,25.06,34540,0
2014-04-24,22:00:00,25.06,25.08,25.06,25.08,12554,0
2014-04-25,16:00:00,25.06,25.09,25.06,25.08,6900,0
2014-04-25,17:00:00,25.05,25.1,25.05,25.1,17160,0
2014-04-25,18:00:00,25.1,25.12,25.1,25.11,15668,0
2014-04-25,19:00:00,25.11,25.11,25.1,25.1,5675,0
2014-04-25,20:00:00,25.1,25.11,25.09,25.11,11000,0
2014-04-25,21:00:00,25.11,25.13,25.1,25.12,25538,0
2014-04-25,22:00:00,25.12,25.16,25.12,25.16,31102,0
2014-04-28,16:00:00,25.15,25.16,25.13,25.16,17446,0
2014-04-28,17:00:00,25.17,25.19,25.15,25.18,6700,0
2014-04-28,18:00:00,25.18,25.19,25.17,25.18,8835,0
2014-04-28,19:00:00,25.18,25.18,25.16,25.18,7197,0
2014-04-28,20:00:00,25.18,25.18,25.15,25.16,16419,0
2014-04-28,21:00:00,25.16,25.18,25.14,25.18,15800,0
2014-04-28,22:00:00,25.18,25.23,25.18,25.21,51529,0
2014-04-29,16:00:00,25.26,25.29,25.26,25.29,4690,0
2014-04-29,17:00:00,25.27,25.29,25.2,25.2,20759,0
2014-04-29,18:00:00,25.2,25.23,25.2,25.21,4513,0
2014-04-29,19:00:00,25.21,25.23,25.2,25.21,9977,0
2014-04-29,20:00:00,25.22,25.23,25.21,25.21,13837,0
2014-04-29,21:00:00,25.21,25.24,25.2,25.24,30909,0
2014-04-29,22:00:00,25.22,25.26,25.21,25.25,30764,0
2014-04-30,16:00:00,25.24,25.3,25.24,25.27,36206,0
2014-04-30,17:00:00,25.28,25.3,25.27,25.3,24596,0
2014-04-30,18:00:00,25.33,25.37,25.3,25.37,16484,0
2014-04-30,19:00:00,25.38,25.38,25.35,25.35,19448,0
2014-04-30,20:00:00,25.35,25.38,25.32,25.38,23420,0
2014-04-30,21:00:00,25.35,25.38,25.3,25.3,123619,0
2014-04-30,22:00:00,25.37,25.48,25.35,25.45,160347,0
2014-05-01,16:00:00,25.48,25.49,25.44,25.47,12265,0
2014-05-01,17:00:00,25.47,25.47,25.41,25.44,15750,0
2014-05-01,18:00:00,25.42,25.42,25.39,25.4,11011,0
2014-05-01,19:00:00,25.4,25.4,25.38,25.38,15462,0
2014-05-01,20:00:00,25.38,25.4,25.37,25.4,18252,0
2014-05-01,21:00:00,25.38,25.4,25.37,25.39,16529,0
2014-05-01,22:00:00,25.37,25.44,25.37,25.38,33611,0
2014-05-02,17:00:00,25.43,25.45,25.43,25.45,12319,0
2014-05-02,18:00:00,25.4,25.44,25.4,25.41,20650,0
2014-05-02,19:00:00,25.41,25.44,25.4,25.4,2600,0
2014-05-02,20:00:00,25.44,25.47,25.44,25.47,9742,0
2014-05-02,21:00:00,25.45,25.46,25.4,25.46,35850,0
2014-05-02,22:00:00,25.49,25.49,25.46,25.46,36649,0
2014-05-05,16:00:00,25.48,25.48,25.44,25.45,4829,0
2014-05-05,17:00:00,25.45,25.49,25.42,25.45,21170,0
2014-05-05,18:00:00,25.42,25.48,25.41,25.46,31477,0
2014-05-05,19:00:00,25.45,25.47,25.44,25.46,13214,0
2014-05-05,20:00:00,25.45,25.46,25.45,25.45,29223,0
2014-05-05,21:00:00,25.44,25.45,25.43,25.43,51310,0
2014-05-05,22:00:00,25.43,25.47,25.43,25.45,28055,0
2014-05-06,16:00:00,25.46,25.46,25.46,25.46,100,0
2014-05-06,17:00:00,25.44,25.44,25.41,25.42,20836,0
2014-05-06,18:00:00,25.43,25.43,25.4,25.4,24546,0
2014-05-06,19:00:00,25.43,25.43,25.42,25.43,5950,0
2014-05-06,20:00:00,25.42,25.42,25.42,25.42,400,0
2014-05-06,21:00:00,25.41,25.42,25.4,25.42,8310,0
2014-05-06,22:00:00,25.42,25.43,25.4,25.4,7169,0
2014-05-07,16:00:00,25.42,25.42,25.42,25.42,2600,0
2014-05-07,17:00:00,25.39,25.39,25.38,25.39,3389,0
2014-05-07,18:00:00,25.39,25.42,25.39,25.42,8589,0
2014-05-07,19:00:00,25.46,25.47,25.46,25.47,3600,0
2014-05-07,20:00:00,25.47,25.47,25.45,25.45,4048,0
2014-05-07,21:00:00,25.46,25.49,25.45,25.47,19843,0
2014-05-07,22:00:00,25.44,25.47,25.42,25.45,35045,0
