Date,Time,Open,High,Low,Close,Volume,OpenInt
2014-02-10,16:00:00,6.2,6.33,6.17,6.31,142660,0
2014-02-10,17:00:00,6.31,6.35,6.12,6.15,185202,0
2014-02-10,18:00:00,6.15,6.24,6.15,6.23,83170,0
2014-02-10,19:00:00,6.24,6.24,6.19,6.22,79959,0
2014-02-10,20:00:00,6.21,6.24,6.2,6.23,32990,0
2014-02-10,21:00:00,6.23,6.24,6.19,6.2,26997,0
2014-02-10,22:00:00,6.2,6.21,6.16,6.18,106457,0
2014-02-11,16:00:00,6.29,6.35,6.23,6.32,58892,0
2014-02-11,17:00:00,6.32,6.54,6.28,6.53,149759,0
2014-02-11,18:00:00,6.53,6.54,6.42,6.48,88307,0
2014-02-11,19:00:00,6.49,6.49,6.36,6.42,48853,0
2014-02-11,20:00:00,6.42,6.49,6.36,6.48,47005,0
2014-02-11,21:00:00,6.47,6.51,6.44,6.5,48901,0
2014-02-11,22:00:00,6.49,6.51,6.4,6.41,99313,0
2014-02-12,16:00:00,6.42,6.74,6.36,6.74,231183,0
2014-02-12,17:00:00,6.74,6.85,6.72,6.75,212717,0
2014-02-12,18:00:00,6.74,6.76,6.66,6.67,168767,0
2014-02-12,19:00:00,6.67,6.69,6.61,6.61,104655,0
2014-02-12,20:00:00,6.63,6.69,6.56,6.58,127757,0
2014-02-12,21:00:00,6.58,6.62,6.41,6.47,89971,0
2014-02-12,22:00:00,6.48,6.59,6.41,6.53,558636,0
2014-02-13,16:00:00,6.45,6.68,6.4,6.57,206233,0
2014-02-13,17:00:00,6.55,6.61,6.52,6.53,105371,0
2014-02-13,18:00:00,6.54,6.6,6.5,6.56,52041,0
2014-02-13,19:00:00,6.56,6.58,6.45,6.51,103876,0
2014-02-13,20:00:00,6.51,6.53,6.45,6.53,41871,0
2014-02-13,21:00:00,6.52,6.6,6.5,6.53,88879,0
2014-02-13,22:00:00,6.54,6.76,6.54,6.68,194588,0
2014-02-14,16:00:00,6.86,7.15,6.83,7.04,237484,0
2014-02-14,17:00:00,7.05,7.08,6.81,6.83,126101,0
2014-02-14,18:00:00,6.83,6.93,6.79,6.86,77161,0
2014-02-14,19:00:00,6.85,6.86,6.8,6.83,64431,0
2014-02-14,20:00:00,6.84,6.93,6.83,6.88,92035,0
2014-02-14,21:00:00,6.89,6.9,6.83,6.85,53778,0
2014-02-14,22:00:00,6.86,6.89,6.83,6.86,118233,0
2014-02-18,16:00:00,7,7,6.75,6.76,54771,0
2014-02-18,17:00:00,6.75,6.91,6.75,6.88,97649,0
2014-02-18,18:00:00,6.9,6.9,6.82,6.84,57590,0
2014-02-18,19:00:00,6.81,6.86,6.8,6.8,76527,0
2014-02-18,20:00:00,6.81,6.89,6.8,6.87,48427,0
2014-02-18,21:00:00,6.87,6.91,6.84,6.88,49345,0
2014-02-18,22:00:00,6.9,6.95,6.9,6.95,89529,0
2014-02-19,16:00:00,6.85,6.88,6.76,6.88,39870,0
2014-02-19,17:00:00,6.86,6.94,6.83,6.88,35715,0
2014-02-19,18:00:00,6.87,6.88,6.76,6.76,38431,0
2014-02-19,19:00:00,6.76,6.78,6.75,6.75,41268,0
2014-02-19,20:00:00,6.75,6.81,6.75,6.78,28311,0
2014-02-19,21:00:00,6.77,6.8,6.75,6.76,65024,0
2014-02-19,22:00:00,6.76,6.77,6.59,6.6,204082,0
2014-02-20,16:00:00,6.68,6.79,6.62,6.75,34701,0
2014-02-20,17:00:00,6.77,6.82,6.72,6.81,52609,0
2014-02-20,18:00:00,6.83,6.83,6.75,6.76,58093,0
2014-02-20,19:00:00,6.77,6.79,6.75,6.75,41887,0
2014-02-20,20:00:00,6.75,6.8,6.75,6.75,41501,0
2014-02-20,21:00:00,6.75,6.83,6.75,6.8,47287,0
2014-02-20,22:00:00,6.8,6.94,6.78,6.92,125763,0
2014-02-21,16:00:00,6.96,7,6.71,6.8,64278,0
2014-02-21,17:00:00,6.79,6.8,6.64,6.7,95410,0
2014-02-21,18:00:00,6.7,6.73,6.61,6.66,98626,0
2014-02-21,19:00:00,6.67,6.67,6.58,6.62,70460,0
2014-02-21,20:00:00,6.61,6.77,6.61,6.74,73297,0
2014-02-21,21:00:00,6.73,6.74,6.67,6.67,48618,0
2014-02-21,22:00:00,6.68,6.73,6.64,6.7,199746,0
2014-02-24,16:00:00,6.79,6.9,6.55,6.63,132804,0
2014-02-24,17:00:00,6.63,6.7,6.6,6.62,138242,0
2014-02-24,18:00:00,6.62,6.64,6.58,6.61,76292,0
2014-02-24,19:00:00,6.6,6.62,6.58,6.58,35395,0
2014-02-24,20:00:00,6.59,6.6,6.52,6.52,124963,0
2014-02-24,21:00:00,6.53,6.55,6.5,6.51,103559,0
2014-02-24,22:00:00,6.51,6.53,6.49,6.52,169743,0
2014-02-25,16:00:00,6.53,6.58,6.47,6.51,60847,0
2014-02-25,17:00:00,6.51,6.58,6.35,6.35,113024,0
2014-02-25,18:00:00,6.35,6.42,6.26,6.32,118973,0
2014-02-25,19:00:00,6.32,6.41,6.32,6.39,53321,0
2014-02-25,20:00:00,6.38,6.48,6.37,6.48,53330,0
2014-02-25,21:00:00,6.48,6.52,6.43,6.47,81460,0
2014-02-25,22:00:00,6.47,6.49,6.39,6.42,170314,0
2014-02-26,16:00:00,6.39,6.42,6.3,6.33,38246,0
2014-02-26,17:00:00,6.31,6.32,6.18,6.18,82910,0
2014-02-26,18:00:00,6.18,6.25,6.17,6.21,106598,0
2014-02-26,19:00:00,6.21,6.24,6.18,6.22,61696,0
2014-02-26,20:00:00,6.23,6.33,6.22,6.3,77200,0
2014-02-26,21:00:00,6.31,6.31,6.25,6.31,64562,0
2014-02-26,22:00:00,6.3,6.34,6.27,6.34,82888,0
2014-02-27,16:00:00,6.35,6.5,6.28,6.47,63428,0
2014-02-27,17:00:00,6.47,6.56,6.43,6.53,81365,0
2014-02-27,18:00:00,6.53,6.58,6.47,6.52,58170,0
2014-02-27,19:00:00,6.52,6.52,6.47,6.47,23355,0
2014-02-27,20:00:00,6.48,6.48,6.3,6.3,64798,0
2014-02-27,21:00:00,6.3,6.33,6.23,6.32,81094,0
2014-02-27,22:00:00,6.31,6.38,6.28,6.33,115722,0
2014-02-28,16:00:00,6.34,6.4,6.32,6.33,46151,0
2014-02-28,17:00:00,6.33,6.34,6.21,6.26,103969,0
2014-02-28,18:00:00,6.25,6.29,6.22,6.24,79839,0
2014-02-28,19:00:00,6.23,6.25,6.18,6.2,59389,0
2014-02-28,20:00:00,6.2,6.28,6.19,6.24,112136,0
2014-02-28,21:00:00,6.24,6.24,6.1,6.15,142092,0
2014-02-28,22:00:00,6.16,6.23,6.12,6.21,121612,0
2014-03-03,16:00:00,6.32,6.42,6.22,6.23,65199,0
2014-03-03,17:00:00,6.22,6.44,6.19,6.43,78826,0
2014-03-03,18:00:00,6.43,6.43,6.37,6.38,56669,0
2014-03-03,19:00:00,6.39,6.39,6.23,6.24,63289,0
2014-03-03,20:00:00,6.24,6.24,6.16,6.18,59056,0
2014-03-03,21:00:00,6.19,6.21,6.18,6.2,25655,0
2014-03-03,22:00:00,6.2,6.21,6.13,6.16,106616,0
2014-03-04,16:00:00,6.14,6.15,5.98,6.12,74261,0
2014-03-04,17:00:00,6.14,6.29,6.12,6.23,85173,0
2014-03-04,18:00:00,6.23,6.29,6.2,6.21,68287,0
2014-03-04,19:00:00,6.21,6.23,6.17,6.2,38316,0
2014-03-04,20:00:00,6.21,6.22,6.17,6.17,42314,0
2014-03-04,21:00:00,6.18,6.23,6.17,6.23,40930,0
2014-03-04,22:00:00,6.23,6.26,6.22,6.22,51482,0
2014-03-05,16:00:00,6.29,6.56,6.26,6.55,121816,0
2014-03-05,17:00:00,6.56,6.68,6.51,6.51,153089,0
2014-03-05,18:00:00,6.51,6.59,6.5,6.51,68889,0
2014-03-05,19:00:00,6.51,6.51,6.4,6.42,196783,0
2014-03-05,20:00:00,6.42,6.44,6.39,6.41,116630,0
2014-03-05,21:00:00,6.41,6.51,6.4,6.49,67234,0
2014-03-05,22:00:00,6.49,6.54,6.49,6.52,116757,0
2014-03-06,16:00:00,6.54,6.8,6.5,6.73,157002,0
2014-03-06,17:00:00,6.74,6.78,6.73,6.75,123011,0
2014-03-06,18:00:00,6.75,6.77,6.69,6.73,112031,0
2014-03-06,19:00:00,6.75,6.77,6.7,6.7,64280,0
2014-03-06,20:00:00,6.69,6.74,6.67,6.71,51777,0
2014-03-06,21:00:00,6.71,6.75,6.71,6.71,80102,0
2014-03-06,22:00:00,6.72,6.77,6.72,6.77,137091,0
2014-03-07,16:00:00,6.77,6.84,6.64,6.78,101649,0
2014-03-07,17:00:00,6.8,6.8,6.56,6.57,100454,0
2014-03-07,18:00:00,6.57,6.65,6.55,6.55,69947,0
2014-03-07,19:00:00,6.56,6.57,6.5,6.51,71872,0
2014-03-07,20:00:00,6.51,6.54,6.46,6.49,61846,0
2014-03-07,21:00:00,6.48,6.5,6.43,6.49,60854,0
2014-03-07,22:00:00,6.49,6.58,6.49,6.58,80619,0
2014-03-10,15:00:00,6.57,6.61,6.51,6.56,53432,0
2014-03-10,16:00:00,6.55,6.72,6.52,6.62,92988,0
2014-03-10,17:00:00,6.63,6.65,6.59,6.61,79033,0
2014-03-10,18:00:00,6.61,6.68,6.57,6.59,96006,0
2014-03-10,19:00:00,6.59,6.59,6.5,6.5,116100,0
2014-03-10,20:00:00,6.51,6.52,6.43,6.45,77085,0
2014-03-10,21:00:00,6.44,6.51,6.43,6.48,79131,0
2014-03-11,15:00:00,6.55,6.66,6.54,6.55,20835,0
2014-03-11,16:00:00,6.55,6.57,6.4,6.43,76475,0
2014-03-11,17:00:00,6.44,6.5,6.33,6.37,74296,0
2014-03-11,18:00:00,6.37,6.4,6.34,6.36,42095,0
2014-03-11,19:00:00,6.36,6.4,6.33,6.36,40942,0
2014-03-11,20:00:00,6.36,6.4,6.35,6.38,56209,0
2014-03-11,21:00:00,6.37,6.41,6.36,6.41,77345,0
2014-03-12,15:00:00,6.51,6.56,6.39,6.56,69643,0
2014-03-12,16:00:00,6.55,6.62,6.51,6.61,81415,0
2014-03-12,17:00:00,6.62,6.62,6.53,6.6,49465,0
2014-03-12,18:00:00,6.59,6.64,6.59,6.62,45902,0
2014-03-12,19:00:00,6.63,6.68,6.62,6.64,74999,0
2014-03-12,20:00:00,6.64,6.71,6.64,6.7,149629,0
2014-03-12,21:00:00,6.71,6.73,6.67,6.7,119194,0
2014-03-13,15:00:00,6.68,6.72,6.62,6.67,53127,0
2014-03-13,16:00:00,6.67,6.84,6.66,6.8,130913,0
2014-03-13,17:00:00,6.81,7.05,6.78,7.04,222365,0
2014-03-13,18:00:00,7.04,7.11,6.97,7.09,164096,0
2014-03-13,19:00:00,7.09,7.12,7.04,7.07,134110,0
2014-03-13,20:00:00,7.08,7.13,7.06,7.13,82730,0
2014-03-13,21:00:00,7.14,7.22,7.13,7.19,238897,0
2014-03-14,15:00:00,7.25,7.42,7.25,7.29,325021,0
2014-03-14,16:00:00,7.28,7.47,7.28,7.37,175584,0
2014-03-14,17:00:00,7.38,7.49,7.21,7.23,126324,0
2014-03-14,18:00:00,7.22,7.29,7.17,7.18,88917,0
2014-03-14,19:00:00,7.18,7.23,7.15,7.16,41306,0
2014-03-14,20:00:00,7.15,7.16,7.06,7.13,70265,0
2014-03-14,21:00:00,7.13,7.28,7.13,7.26,164612,0
2014-03-17,15:00:00,7.15,7.15,6.95,7.05,103525,0
2014-03-17,16:00:00,7.06,7.22,7.04,7.15,103462,0
2014-03-17,17:00:00,7.15,7.15,7.09,7.09,44894,0
2014-03-17,18:00:00,7.09,7.1,6.98,6.98,53185,0
2014-03-17,19:00:00,6.98,6.98,6.91,6.92,60079,0
2014-03-17,20:00:00,6.92,6.95,6.85,6.89,88320,0
2014-03-17,21:00:00,6.89,6.91,6.82,6.85,151262,0
2014-03-18,15:00:00,6.74,6.85,6.65,6.73,83865,0
2014-03-18,16:00:00,6.73,6.82,6.63,6.64,49230,0
2014-03-18,17:00:00,6.64,6.64,6.58,6.59,101779,0
2014-03-18,18:00:00,6.59,6.79,6.57,6.78,78594,0
2014-03-18,19:00:00,6.75,6.75,6.69,6.72,48844,0
2014-03-18,20:00:00,6.73,6.78,6.7,6.74,36949,0
2014-03-18,21:00:00,6.74,6.74,6.7,6.72,76402,0
2014-03-19,15:00:00,6.72,6.72,6.57,6.62,30132,0
2014-03-19,16:00:00,6.61,6.61,6.43,6.43,111044,0
2014-03-19,17:00:00,6.44,6.46,6.39,6.44,92868,0
2014-03-19,18:00:00,6.44,6.5,6.4,6.5,109610,0
2014-03-19,19:00:00,6.49,6.56,6.47,6.56,65695,0
2014-03-19,20:00:00,6.54,6.55,6.42,6.43,172702,0
2014-03-19,21:00:00,6.43,6.44,6.37,6.42,144609,0
2014-03-20,15:00:00,6.32,6.36,6.24,6.27,82300,0
2014-03-20,16:00:00,6.27,6.35,6.2,6.2,108970,0
2014-03-20,17:00:00,6.21,6.37,6.18,6.37,123942,0
2014-03-20,18:00:00,6.38,6.38,6.33,6.36,36271,0
2014-03-20,19:00:00,6.37,6.38,6.35,6.36,32611,0
2014-03-20,20:00:00,6.36,6.39,6.35,6.36,22641,0
2014-03-20,21:00:00,6.37,6.37,6.31,6.32,83520,0
2014-03-21,15:00:00,6.5,6.55,6.38,6.4,51084,0
2014-03-21,16:00:00,6.39,6.44,6.39,6.4,68083,0
2014-03-21,17:00:00,6.41,6.43,6.4,6.4,19404,0
2014-03-21,18:00:00,6.41,6.42,6.39,6.42,32227,0
2014-03-21,19:00:00,6.41,6.42,6.39,6.41,45343,0
2014-03-21,20:00:00,6.4,6.41,6.33,6.35,41322,0
2014-03-21,21:00:00,6.36,6.37,6.3,6.33,102666,0
2014-03-24,15:00:00,6.24,6.24,6.1,6.17,98398,0
2014-03-24,16:00:00,6.16,6.21,6.04,6.05,205684,0
2014-03-24,17:00:00,6.05,6.08,5.94,6,186270,0
2014-03-24,18:00:00,6,6.05,5.9,5.92,108401,0
2014-03-24,19:00:00,5.92,5.95,5.89,5.91,86818,0
2014-03-24,20:00:00,5.92,5.95,5.9,5.92,77013,0
2014-03-24,21:00:00,5.92,6.02,5.91,5.99,150167,0
2014-03-25,15:00:00,6.02,6.17,6.02,6.15,30188,0
2014-03-25,16:00:00,6.15,6.23,6.12,6.2,71150,0
2014-03-25,17:00:00,6.2,6.23,6.08,6.08,56180,0
2014-03-25,18:00:00,6.08,6.15,6.04,6.12,56454,0
2014-03-25,19:00:00,6.13,6.15,6,6.02,133391,0
2014-03-25,20:00:00,6.02,6.05,5.99,6,58435,0
2014-03-25,21:00:00,6,6,5.96,5.96,77571,0
2014-03-26,15:00:00,6.01,6.01,5.86,5.92,36775,0
2014-03-26,16:00:00,5.91,5.92,5.71,5.75,99645,0
2014-03-26,17:00:00,5.75,5.84,5.75,5.82,67741,0
2014-03-26,18:00:00,5.82,5.84,5.75,5.76,49072,0
2014-03-26,19:00:00,5.75,5.81,5.75,5.77,38469,0
2014-03-26,20:00:00,5.77,5.77,5.72,5.74,33160,0
2014-03-26,21:00:00,5.73,5.73,5.66,5.69,169921,0
2014-03-27,15:00:00,5.65,5.87,5.6,5.87,75139,0
2014-03-27,16:00:00,5.87,5.9,5.74,5.8,59906,0
2014-03-27,17:00:00,5.79,5.79,5.7,5.73,47947,0
2014-03-27,18:00:00,5.73,5.79,5.72,5.79,47778,0
2014-03-27,19:00:00,5.78,5.85,5.78,5.78,51720,0
2014-03-27,20:00:00,5.78,5.83,5.77,5.78,23564,0
2014-03-27,21:00:00,5.77,5.89,5.77,5.87,59092,0
2014-03-28,15:00:00,5.88,5.95,5.75,5.93,27648,0
2014-03-28,16:00:00,5.94,6.06,5.92,6.02,56137,0
2014-03-28,17:00:00,6.01,6.03,5.94,5.98,24335,0
2014-03-28,18:00:00,5.98,6.02,5.96,5.99,23431,0
2014-03-28,19:00:00,5.99,6.03,5.97,6.02,32980,0
2014-03-28,20:00:00,6.02,6.03,5.98,6.01,25439,0
2014-03-28,21:00:00,6.02,6.08,6.02,6.07,55585,0
2014-03-31,16:00:00,6.03,6.07,5.94,6.04,19680,0
2014-03-31,17:00:00,6.06,6.16,6.01,6.02,39787,0
2014-03-31,18:00:00,6.01,6.01,5.84,5.85,77113,0
2014-03-31,19:00:00,5.86,5.89,5.85,5.85,14198,0
2014-03-31,20:00:00,5.85,5.85,5.77,5.78,35104,0
2014-03-31,21:00:00,5.78,5.79,5.76,5.76,26202,0
2014-03-31,22:00:00,5.76,5.79,5.73,5.76,71208,0
2014-04-01,16:00:00,5.77,5.96,5.76,5.89,23360,0
2014-04-01,17:00:00,5.9,5.91,5.75,5.9,49873,0
2014-04-01,18:00:00,5.87,5.92,5.84,5.87,20048,0
2014-04-01,19:00:00,5.87,5.89,5.86,5.87,9700,0
2014-04-01,20:00:00,5.87,5.89,5.83,5.84,19752,0
2014-04-01,21:00:00,5.85,5.89,5.84,5.87,23050,0
2014-04-01,22:00:00,5.87,5.9,5.83,5.86,62196,0
2014-04-02,16:00:00,6.07,6.16,6.02,6.03,59935,0
2014-04-02,17:00:00,6.02,6.04,5.95,5.98,75164,0
2014-04-02,18:00:00,5.99,6.06,5.97,6.03,69600,0
2014-04-02,19:00:00,6.04,6.11,6.03,6.04,48471,0
2014-04-02,20:00:00,6.05,6.1,6.04,6.07,26550,0
2014-04-02,21:00:00,6.07,6.1,6.06,6.1,14671,0
2014-04-02,22:00:00,6.1,6.12,6.07,6.12,39881,0
2014-04-03,16:00:00,6.07,6.09,6,6.01,17137,0
2014-04-03,17:00:00,6.02,6.05,5.98,6.01,31669,0
2014-04-03,18:00:00,6,6.05,5.98,6.01,32708,0
2014-04-03,19:00:00,6,6.05,5.97,5.97,11494,0
2014-04-03,20:00:00,5.98,6.03,5.98,5.98,30930,0
2014-04-03,21:00:00,5.97,6.02,5.97,6.02,18328,0
2014-04-03,22:00:00,6.02,6.05,5.99,6.03,55582,0
2014-04-04,16:00:00,6.26,6.33,6.17,6.26,86473,0
2014-04-04,17:00:00,6.26,6.31,6.24,6.27,51400,0
2014-04-04,18:00:00,6.27,6.32,6.25,6.31,71780,0
2014-04-04,19:00:00,6.31,6.32,6.28,6.29,35732,0
2014-04-04,20:00:00,6.29,6.3,6.26,6.28,26019,0
2014-04-04,21:00:00,6.27,6.3,6.26,6.3,30761,0
2014-04-04,22:00:00,6.3,6.31,6.24,6.31,103169,0
2014-04-07,16:00:00,6.33,6.44,6.27,6.44,90318,0
2014-04-07,17:00:00,6.43,6.47,6.35,6.38,66615,0
2014-04-07,18:00:00,6.37,6.37,6.25,6.26,87857,0
2014-04-07,19:00:00,6.26,6.27,6.19,6.21,74902,0
2014-04-07,20:00:00,6.2,6.25,6.18,6.2,47965,0
2014-04-07,21:00:00,6.2,6.22,6.15,6.21,69478,0
2014-04-07,22:00:00,6.22,6.24,6.19,6.23,77562,0
2014-04-08,16:00:00,6.33,6.45,6.28,6.44,55939,0
2014-04-08,17:00:00,6.41,6.56,6.4,6.49,105168,0
2014-04-08,18:00:00,6.49,6.52,6.47,6.51,48968,0
2014-04-08,19:00:00,6.52,6.54,6.5,6.51,40553,0
2014-04-08,20:00:00,6.52,6.54,6.5,6.53,38001,0
2014-04-08,21:00:00,6.53,6.57,6.53,6.57,65661,0
2014-04-08,22:00:00,6.56,6.58,6.53,6.57,97871,0
2014-04-09,16:00:00,6.47,6.53,6.4,6.44,21901,0
2014-04-09,17:00:00,6.44,6.55,6.44,6.53,38960,0
2014-04-09,18:00:00,6.53,6.55,6.51,6.53,16779,0
2014-04-09,19:00:00,6.53,6.58,6.53,6.57,19221,0
2014-04-09,20:00:00,6.57,6.6,6.56,6.59,20600,0
2014-04-09,21:00:00,6.6,6.76,6.6,6.65,69135,0
2014-04-09,22:00:00,6.63,6.7,6.62,6.7,80616,0
2014-04-10,16:00:00,6.74,6.83,6.65,6.81,58898,0
2014-04-10,17:00:00,6.81,6.83,6.74,6.78,101897,0
2014-04-10,18:00:00,6.77,6.78,6.6,6.61,77028,0
2014-04-10,19:00:00,6.61,6.75,6.55,6.7,112289,0
2014-04-10,20:00:00,6.71,6.72,6.56,6.57,75629,0
2014-04-10,21:00:00,6.57,6.59,6.52,6.53,53289,0
2014-04-10,22:00:00,6.53,6.54,6.49,6.54,109811,0
2014-04-11,16:00:00,6.5,6.52,6.42,6.45,33874,0
2014-04-11,17:00:00,6.46,6.48,6.36,6.38,37816,0
2014-04-11,18:00:00,6.39,6.41,6.29,6.31,47951,0
2014-04-11,19:00:00,6.31,6.33,6.28,6.31,27565,0
2014-04-11,20:00:00,6.32,6.32,6.25,6.25,41911,0
2014-04-11,21:00:00,6.26,6.26,6.1,6.14,82131,0
2014-04-11,22:00:00,6.15,6.16,6.1,6.11,133659,0
2014-04-14,16:00:00,6.22,6.24,6.14,6.21,51140,0
2014-04-14,17:00:00,6.23,6.23,6.12,6.14,98100,0
2014-04-14,18:00:00,6.13,6.15,6.04,6.05,73663,0
2014-04-14,19:00:00,6.05,6.07,6.02,6.05,43411,0
2014-04-14,20:00:00,6.06,6.07,6.02,6.05,30556,0
2014-04-14,21:00:00,6.05,6.07,6,6.01,52160,0
2014-04-14,22:00:00,6,6.01,5.94,5.98,159561,0
2014-04-15,16:00:00,5.8,5.81,5.63,5.63,176127,0
2014-04-15,17:00:00,5.63,5.63,5.48,5.57,236326,0
2014-04-15,18:00:00,5.57,5.58,5.49,5.5,149963,0
2014-04-15,19:00:00,5.49,5.6,5.49,5.58,57359,0
2014-04-15,20:00:00,5.57,5.59,5.55,5.57,42175,0
2014-04-15,21:00:00,5.58,5.67,5.56,5.64,37733,0
2014-04-15,22:00:00,5.63,5.7,5.63,5.67,83632,0
2014-04-16,16:00:00,5.77,5.77,5.51,5.55,37267,0
2014-04-16,17:00:00,5.55,5.56,5.47,5.56,68407,0
2014-04-16,18:00:00,5.55,5.61,5.54,5.61,40852,0
2014-04-16,19:00:00,5.6,5.61,5.52,5.56,46487,0
2014-04-16,20:00:00,5.55,5.56,5.5,5.53,31329,0
2014-04-16,21:00:00,5.53,5.55,5.5,5.53,25296,0
2014-04-16,22:00:00,5.54,5.57,5.53,5.56,67983,0
2014-04-17,16:00:00,5.58,5.6,5.5,5.5,25981,0
2014-04-17,17:00:00,5.5,5.56,5.47,5.53,63169,0
2014-04-17,18:00:00,5.54,5.56,5.53,5.55,18231,0
2014-04-17,19:00:00,5.55,5.57,5.52,5.52,27525,0
2014-04-17,20:00:00,5.52,5.53,5.5,5.51,29470,0
2014-04-17,21:00:00,5.51,5.52,5.5,5.51,18849,0
2014-04-17,22:00:00,5.51,5.52,5.47,5.49,89232,0
2014-04-21,16:00:00,5.72,5.72,5.5,5.53,44114,0
2014-04-21,17:00:00,5.53,5.57,5.5,5.55,50384,0
2014-04-21,18:00:00,5.56,5.62,5.54,5.57,25078,0
2014-04-21,19:00:00,5.59,5.59,5.54,5.55,32987,0
2014-04-21,20:00:00,5.55,5.59,5.53,5.58,23315,0
2014-04-21,21:00:00,5.59,5.68,5.57,5.67,46683,0
2014-04-21,22:00:00,5.67,5.74,5.67,5.74,59124,0
2014-04-22,16:00:00,5.77,5.8,5.72,5.74,44279,0
2014-04-22,17:00:00,5.74,5.74,5.56,5.61,55532,0
2014-04-22,18:00:00,5.6,5.68,5.6,5.66,27443,0
2014-04-22,19:00:00,5.65,5.7,5.65,5.7,14599,0
2014-04-22,20:00:00,5.7,5.7,5.67,5.67,17286,0
2014-04-22,21:00:00,5.67,5.68,5.65,5.66,36900,0
2014-04-22,22:00:00,5.66,5.69,5.65,5.68,39084,0
2014-04-23,16:00:00,5.7,5.75,5.66,5.68,36156,0
2014-04-23,17:00:00,5.68,5.74,5.67,5.71,46228,0
2014-04-23,18:00:00,5.71,5.74,5.7,5.73,44850,0
2014-04-23,19:00:00,5.73,5.83,5.72,5.82,64890,0
2014-04-23,20:00:00,5.82,5.83,5.79,5.83,25107,0
2014-04-23,21:00:00,5.83,5.85,5.8,5.8,27998,0
2014-04-23,22:00:00,5.8,5.87,5.8,5.87,103356,0
2014-04-24,16:00:00,5.8,6.02,5.72,5.94,79308,0
2014-04-24,17:00:00,5.96,6.04,5.94,6.03,52205,0
2014-04-24,18:00:00,6.04,6.14,6.03,6.09,70876,0
2014-04-24,19:00:00,6.1,6.12,6.09,6.1,27736,0
2014-04-24,20:00:00,6.1,6.11,6.08,6.11,17232,0
2014-04-24,21:00:00,6.11,6.12,6.07,6.08,39315,0
2014-04-24,22:00:00,6.08,6.14,6.06,6.12,90466,0
2014-04-25,16:00:00,6.18,6.23,6.15,6.2,26257,0
2014-04-25,17:00:00,6.18,6.19,6.05,6.05,51017,0
2014-04-25,18:00:00,6.04,6.05,6,6.04,33576,0
2014-04-25,19:00:00,6.03,6.04,5.99,6.02,9800,0
2014-04-25,20:00:00,6.02,6.04,6.02,6.04,40315,0
2014-04-25,21:00:00,6.04,6.09,6.04,6.08,49735,0
2014-04-25,22:00:00,6.07,6.13,6.05,6.13,94161,0
2014-04-28,16:00:00,6.16,6.28,6.13,6.27,61378,0
2014-04-28,17:00:00,6.26,6.27,6.15,6.16,57795,0
2014-04-28,18:00:00,6.17,6.18,6.15,6.17,18568,0
2014-04-28,19:00:00,6.17,6.19,6.15,6.17,23875,0
2014-04-28,20:00:00,6.16,6.18,6.15,6.17,18274,0
2014-04-28,21:00:00,6.16,6.18,6.16,6.17,16922,0
2014-04-28,22:00:00,6.16,6.19,6.13,6.16,28502,0
2014-04-29,16:00:00,6.21,6.25,6.14,6.22,17105,0
2014-04-29,17:00:00,6.22,6.38,6.21,6.37,74634,0
2014-04-29,18:00:00,6.38,6.39,6.29,6.31,52373,0
2014-04-29,19:00:00,6.3,6.3,6.22,6.29,17827,0
2014-04-29,20:00:00,6.29,6.32,6.26,6.32,18538,0
2014-04-29,21:00:00,6.33,6.39,6.32,6.39,28137,0
2014-04-29,22:00:00,6.39,6.43,6.38,6.41,81882,0
2014-04-30,16:00:00,6.35,6.38,6.28,6.3,47396,0
2014-04-30,17:00:00,6.31,6.4,6.31,6.4,8560,0
2014-04-30,18:00:00,6.39,6.44,6.37,6.38,30939,0
2014-04-30,19:00:00,6.4,6.46,6.39,6.46,10391,0
2014-04-30,20:00:00,6.45,6.46,6.42,6.45,6600,0
2014-04-30,21:00:00,6.44,6.45,6.41,6.42,17000,0
2014-04-30,22:00:00,6.43,6.51,6.4,6.5,43476,0
2014-05-01,16:00:00,6.42,6.42,6.25,6.29,48125,0
2014-05-01,17:00:00,6.3,6.33,6.28,6.32,17979,0
2014-05-01,18:00:00,6.32,6.39,6.32,6.35,19240,0
2014-05-01,19:00:00,6.34,6.38,6.34,6.36,8000,0
2014-05-01,20:00:00,6.38,6.38,6.33,6.33,21997,0
2014-05-01,21:00:00,6.34,6.37,6.34,6.36,9150,0
2014-05-01,22:00:00,6.37,6.39,6.36,6.37,28223,0
2014-05-02,16:00:00,6.41,6.48,6.41,6.43,11751,0
2014-05-02,17:00:00,6.42,6.56,6.41,6.47,73933,0
2014-05-02,18:00:00,6.47,6.54,6.46,6.52,52507,0
2014-05-02,19:00:00,6.52,6.55,6.48,6.55,64030,0
2014-05-02,20:00:00,6.54,6.58,6.52,6.56,23145,0
2014-05-02,21:00:00,6.55,6.56,6.51,6.52,25854,0
2014-05-02,22:00:00,6.52,6.52,6.47,6.52,73573,0
2014-05-05,16:00:00,6.59,6.62,6.56,6.56,14882,0
2014-05-05,17:00:00,6.55,6.56,6.45,6.45,33640,0
2014-05-05,18:00:00,6.44,6.47,6.39,6.45,25631,0
2014-05-05,19:00:00,6.45,6.49,6.44,6.47,16075,0
2014-05-05,20:00:00,6.46,6.5,6.45,6.49,11200,0
2014-05-05,21:00:00,6.5,6.51,6.47,6.47,21181,0
2014-05-05,22:00:00,6.48,6.48,6.41,6.46,54315,0
2014-05-06,16:00:00,6.43,6.49,6.42,6.44,3800,0
2014-05-06,17:00:00,6.43,6.52,6.42,6.51,10825,0
2014-05-06,18:00:00,6.51,6.52,6.48,6.49,6633,0
2014-05-06,19:00:00,6.49,6.5,6.48,6.49,3600,0
2014-05-06,20:00:00,6.48,6.49,6.45,6.47,31089,0
2014-05-06,21:00:00,6.47,6.48,6.47,6.47,14200,0
2014-05-06,22:00:00,6.47,6.52,6.46,6.51,37128,0
2014-05-07,16:00:00,6.5,6.57,6.45,6.48,16262,0
2014-05-07,17:00:00,6.46,6.49,6.45,6.47,42189,0
2014-05-07,18:00:00,6.46,6.5,6.46,6.46,6800,0
2014-05-07,19:00:00,6.48,6.48,6.46,6.46,17441,0
2014-05-07,20:00:00,6.47,6.52,6.46,6.51,24835,0
2014-05-07,21:00:00,6.51,6.56,6.46,6.49,29261,0
2014-05-07,22:00:00,6.47,6.5,6.46,6.48,33027,0
