Date,Time,Open,High,Low,Close,Volume,OpenInt
2014-02-10,16:00:00,24.487,24.506,24.487,24.506,2139,0
2014-02-10,18:00:00,24.428,24.428,24.388,24.388,4068,0
2014-02-10,19:00:00,24.487,24.487,24.487,24.487,2034,0
2014-02-10,22:00:00,24.378,24.378,24.319,24.339,9152,0
2014-02-11,16:00:00,24.388,24.388,24.388,24.388,6610,0
2014-02-11,17:00:00,24.3,24.428,24.3,24.31,5491,0
2014-02-11,20:00:00,24.31,24.31,24.31,24.31,814,0
2014-02-11,21:00:00,24.329,24.349,24.329,24.339,2237,0
2014-02-11,22:00:00,24.329,24.339,24.31,24.339,2438,0
2014-02-12,16:00:00,24.378,24.418,24.378,24.418,610,0
2014-02-12,17:00:00,24.388,24.437,24.388,24.428,4347,0
2014-02-12,19:00:00,24.447,24.487,24.447,24.487,4271,0
2014-02-12,20:00:00,24.487,24.487,24.487,24.487,102,0
2014-02-12,21:00:00,24.408,24.487,24.408,24.487,890,0
2014-02-12,22:00:00,24.487,24.526,24.487,24.516,3372,0
2014-02-13,17:00:00,24.398,24.398,24.398,24.398,79,0
2014-02-13,19:00:00,24.496,24.536,24.496,24.536,4700,0
2014-02-13,20:00:00,24.526,24.536,24.526,24.536,915,0
2014-02-14,17:00:00,24.467,24.565,24.467,24.526,2441,0
2014-02-14,18:00:00,24.565,24.585,24.565,24.585,203,0
2014-02-14,19:00:00,24.565,24.585,24.565,24.585,7616,0
2014-02-14,21:00:00,24.546,24.546,24.526,24.526,1424,0
2014-02-14,22:00:00,24.555,24.565,24.369,24.369,6357,0
2014-02-18,17:00:00,24.447,24.457,24.447,24.457,305,0
2014-02-18,18:00:00,24.398,24.398,24.339,24.359,10321,0
2014-02-18,19:00:00,24.437,24.437,24.339,24.398,5237,0
2014-02-18,20:00:00,24.349,24.349,24.211,24.28,14491,0
2014-02-18,21:00:00,24.3,24.359,24.29,24.359,2822,0
2014-02-18,22:00:00,24.359,24.359,24.359,24.359,854,0
2014-02-19,16:00:00,24.359,24.359,24.359,24.359,507,0
2014-02-19,17:00:00,24.359,24.398,24.359,24.398,1424,0
2014-02-19,18:00:00,24.388,24.408,24.388,24.408,1729,0
2014-02-19,19:00:00,24.408,24.408,24.408,24.408,1220,0
2014-02-19,21:00:00,24.388,24.388,24.388,24.388,407,0
2014-02-20,18:00:00,24.378,24.388,24.378,24.388,1627,0
2014-02-20,19:00:00,24.388,24.437,24.378,24.378,7932,0
2014-02-20,20:00:00,24.388,24.388,24.388,24.388,1119,0
2014-02-20,21:00:00,24.388,24.388,24.329,24.339,4271,0
2014-02-20,22:00:00,24.339,24.339,24.319,24.329,4836,0
2014-02-21,17:00:00,24.369,24.369,24.369,24.369,102,0
2014-02-21,19:00:00,24.388,24.408,24.388,24.408,2123,0
2014-02-21,20:00:00,24.418,24.418,24.418,24.418,814,0
2014-02-21,21:00:00,24.388,24.418,24.388,24.408,2339,0
2014-02-21,22:00:00,24.418,24.467,24.418,24.467,3866,0
2014-02-24,16:00:00,24.467,24.467,24.457,24.457,1879,0
2014-02-24,17:00:00,24.447,24.487,24.447,24.457,5135,0
2014-02-24,19:00:00,24.487,24.487,24.487,24.487,476,0
2014-02-24,20:00:00,24.605,24.654,24.605,24.654,610,0
2014-02-24,21:00:00,24.654,24.683,24.654,24.683,1017,0
2014-02-24,22:00:00,24.673,24.782,24.673,24.762,8932,0
2014-02-25,16:00:00,24.644,24.654,24.506,24.506,21456,0
2014-02-25,17:00:00,24.555,24.664,24.555,24.664,10183,0
2014-02-25,18:00:00,24.634,24.683,24.595,24.595,1602,0
2014-02-25,19:00:00,24.614,24.634,24.605,24.605,3864,0
2014-02-25,20:00:00,24.605,24.614,24.605,24.614,2034,0
2014-02-25,21:00:00,24.605,24.673,24.585,24.595,10673,0
2014-02-25,22:00:00,24.595,24.664,24.595,24.595,1119,0
2014-02-26,17:00:00,24.742,24.752,24.614,24.742,3077,0
2014-02-26,22:00:00,24.683,24.683,24.634,24.634,2046,0
2014-02-27,19:00:00,24.634,24.634,24.634,24.634,1627,0
2014-02-27,20:00:00,24.693,24.723,24.634,24.723,1322,0
2014-02-28,17:00:00,24.732,24.831,24.732,24.831,1932,0
2014-02-28,18:00:00,24.831,24.831,24.801,24.801,1627,0
2014-02-28,19:00:00,24.801,24.811,24.801,24.801,1424,0
2014-02-28,20:00:00,24.821,24.9,24.713,24.9,1861,0
2014-02-28,21:00:00,24.9,24.909,24.713,24.782,1988,0
2014-02-28,22:00:00,24.732,24.988,24.713,24.919,5799,0
2014-03-03,18:00:00,24.841,24.85,24.732,24.732,12101,0
2014-03-03,19:00:00,24.703,24.723,24.703,24.723,1228,0
2014-03-03,20:00:00,24.703,24.703,24.703,24.703,407,0
2014-03-03,21:00:00,24.713,24.742,24.713,24.742,3762,0
2014-03-03,22:00:00,24.713,24.713,24.713,24.713,305,0
2014-03-04,17:00:00,24.752,24.752,24.634,24.634,5084,0
2014-03-04,18:00:00,24.634,24.654,24.634,24.634,3762,0
2014-03-04,19:00:00,24.624,24.654,24.575,24.575,9161,0
2014-03-04,20:00:00,24.585,24.614,24.585,24.614,1822,0
2014-03-04,21:00:00,24.585,24.585,24.585,24.585,2034,0
2014-03-04,22:00:00,24.585,24.605,24.585,24.605,4169,0
2014-03-05,16:00:00,24.673,24.673,24.644,24.644,1322,0
2014-03-05,17:00:00,24.634,24.664,24.634,24.644,1424,0
2014-03-05,18:00:00,24.634,24.664,24.634,24.634,1220,0
2014-03-05,19:00:00,24.605,24.723,24.605,24.664,6920,0
2014-03-05,20:00:00,24.654,24.654,24.654,24.654,915,0
2014-03-05,21:00:00,24.654,24.664,24.654,24.664,3454,0
2014-03-05,22:00:00,24.654,24.654,24.654,24.654,305,0
2014-03-06,16:00:00,24.654,24.654,24.654,24.654,102,0
2014-03-06,17:00:00,24.654,24.664,24.654,24.664,394,0
2014-03-06,19:00:00,24.654,24.664,24.654,24.664,4348,0
2014-03-06,21:00:00,24.644,24.644,24.634,24.634,2034,0
2014-03-06,22:00:00,24.634,24.723,24.634,24.673,2644,0
2014-03-07,17:00:00,24.605,24.693,24.605,24.693,1525,0
2014-03-07,21:00:00,24.683,24.683,24.614,24.614,630,0
2014-03-07,22:00:00,24.654,24.654,24.654,24.654,102,0
2014-03-10,15:00:00,24.683,24.683,24.673,24.683,1409,0
2014-03-10,21:00:00,24.634,24.634,24.595,24.595,655,0
2014-03-11,15:00:00,24.683,24.683,24.595,24.595,1525,0
2014-03-11,16:00:00,24.664,24.664,24.605,24.605,3675,0
2014-03-11,17:00:00,24.673,24.673,24.634,24.634,1322,0
2014-03-11,18:00:00,24.634,24.664,24.634,24.664,1220,0
2014-03-11,19:00:00,24.605,24.605,24.605,24.605,1220,0
2014-03-11,20:00:00,24.595,24.664,24.595,24.605,2339,0
2014-03-11,21:00:00,24.605,24.605,24.487,24.487,10982,0
2014-03-12,15:00:00,24.536,24.555,24.487,24.555,1220,0
2014-03-12,16:00:00,24.555,24.555,24.536,24.536,1830,0
2014-03-12,18:00:00,24.614,24.614,24.555,24.605,3136,0
2014-03-12,20:00:00,24.605,24.654,24.605,24.654,1068,0
2014-03-12,21:00:00,24.654,24.664,24.585,24.585,6966,0
2014-03-13,15:00:00,24.673,24.683,24.664,24.683,1627,0
2014-03-13,16:00:00,24.693,24.693,24.693,24.693,102,0
2014-03-13,17:00:00,24.713,24.752,24.713,24.752,615,0
2014-03-13,18:00:00,24.723,24.723,24.723,24.723,1017,0
2014-03-13,19:00:00,24.742,24.762,24.732,24.742,1729,0
2014-03-13,20:00:00,24.791,24.811,24.791,24.811,1932,0
2014-03-13,21:00:00,24.86,24.909,24.811,24.909,14236,0
2014-03-14,15:00:00,24.841,24.841,24.831,24.831,1119,0
2014-03-14,16:00:00,24.831,24.831,24.732,24.742,4881,0
2014-03-14,17:00:00,24.742,24.762,24.723,24.762,2542,0
2014-03-14,19:00:00,24.762,24.762,24.742,24.742,1405,0
2014-03-14,21:00:00,24.752,24.86,24.752,24.86,1424,0
2014-03-17,16:00:00,24.939,24.939,24.782,24.811,4769,0
2014-03-17,18:00:00,24.821,24.87,24.821,24.87,2339,0
2014-03-17,20:00:00,24.949,24.949,24.841,24.841,2034,0
2014-03-17,21:00:00,24.86,24.86,24.86,24.86,508,0
2014-03-18,15:00:00,24.811,24.811,24.732,24.752,1576,0
2014-03-18,16:00:00,24.831,24.831,24.801,24.801,814,0
2014-03-18,17:00:00,24.831,24.831,24.831,24.831,130,0
2014-03-18,18:00:00,24.791,24.831,24.762,24.831,7053,0
2014-03-18,19:00:00,24.732,24.772,24.732,24.732,3137,0
2014-03-18,20:00:00,24.752,24.929,24.752,24.929,12508,0
2014-03-18,21:00:00,24.968,24.988,24.87,24.87,4678,0
2014-03-19,15:00:00,24.998,24.998,24.998,24.998,368,0
2014-03-19,16:00:00,24.988,25.027,24.949,25.027,3407,0
2014-03-19,17:00:00,24.978,24.978,24.978,24.978,508,0
2014-03-19,18:00:00,24.978,25.018,24.978,24.978,6490,0
2014-03-19,19:00:00,24.988,24.988,24.978,24.978,2681,0
2014-03-19,20:00:00,25.008,25.047,24.978,25.018,4983,0
2014-03-19,21:00:00,24.959,25.047,24.9,24.929,12473,0
2014-03-20,16:00:00,25.027,25.027,25.027,25.027,102,0
2014-03-20,17:00:00,25.018,25.018,24.949,24.949,1119,0
2014-03-20,18:00:00,24.949,24.949,24.86,24.919,3329,0
2014-03-20,19:00:00,24.9,24.9,24.85,24.85,2542,0
2014-03-20,20:00:00,24.88,24.929,24.85,24.88,1698,0
2014-03-20,21:00:00,24.85,24.929,24.85,24.89,3254,0
2014-03-21,15:00:00,25.106,25.106,24.978,24.978,4436,0
2014-03-21,16:00:00,24.929,24.968,24.929,24.968,1144,0
2014-03-21,17:00:00,24.968,24.968,24.968,24.968,508,0
2014-03-21,18:00:00,24.9,25.008,24.89,24.988,3254,0
2014-03-21,19:00:00,24.9,24.9,24.89,24.89,305,0
2014-03-21,20:00:00,24.89,24.929,24.841,24.88,1932,0
2014-03-21,21:00:00,24.88,24.919,24.88,24.909,2846,0
2014-03-24,15:00:00,25.057,25.057,25.057,25.057,407,0
2014-03-24,16:00:00,25.008,25.008,25.008,25.008,610,0
2014-03-24,18:00:00,24.929,24.968,24.9,24.968,2305,0
2014-03-24,19:00:00,24.919,24.988,24.919,24.988,1627,0
2014-03-24,20:00:00,24.919,24.978,24.9,24.978,9965,0
2014-03-24,21:00:00,25.008,25.047,24.959,25.027,25439,0
2014-03-25,15:00:00,25.008,25.008,24.929,24.939,860,0
2014-03-25,16:00:00,25.027,25.027,24.939,24.949,4672,0
2014-03-25,17:00:00,24.959,25.008,24.959,24.978,610,0
2014-03-25,19:00:00,24.959,25.008,24.929,24.949,5682,0
2014-03-25,20:00:00,24.949,24.949,24.929,24.929,3928,0
2014-03-25,21:00:00,24.919,24.919,24.86,24.86,4590,0
2014-03-26,15:00:00,24.86,25.067,24.732,24.86,27252,0
2014-03-26,16:00:00,24.782,24.782,24.782,24.782,1403,0
2014-03-26,17:00:00,24.841,24.86,24.782,24.86,4229,0
2014-03-26,19:00:00,24.841,24.85,24.831,24.85,2034,0
2014-03-26,20:00:00,24.841,24.841,24.841,24.841,167,0
2014-03-26,21:00:00,24.703,24.841,24.703,24.831,8974,0
2014-03-27,17:00:00,24.782,24.801,24.782,24.801,794,0
2014-03-27,18:00:00,24.782,24.782,24.713,24.713,2530,0
2014-03-27,19:00:00,24.752,24.752,24.742,24.742,2024,0
2014-03-27,20:00:00,24.752,24.752,24.752,24.752,305,0
2014-03-28,16:00:00,24.85,24.919,24.723,24.89,4881,0
2014-03-28,17:00:00,24.909,24.909,24.909,24.909,407,0
2014-03-28,18:00:00,24.85,24.959,24.85,24.85,10169,0
2014-03-28,20:00:00,24.919,24.919,24.919,24.919,611,0
2014-03-28,21:00:00,24.85,24.909,24.85,24.9,3752,0
2014-03-31,16:00:00,24.909,24.909,24.909,24.909,102,0
2014-03-31,17:00:00,24.85,24.85,24.85,24.85,305,0
2014-03-31,19:00:00,24.88,24.88,24.87,24.88,1045,0
2014-03-31,20:00:00,24.89,24.959,24.841,24.87,22436,0
2014-03-31,21:00:00,24.949,24.959,24.9,24.9,3000,0
2014-03-31,22:00:00,24.9,24.9,24.9,24.9,1627,0
2014-04-01,17:00:00,24.909,25.027,24.88,24.89,39925,0
2014-04-01,19:00:00,24.978,25.018,24.959,24.959,25200,0
2014-04-01,20:00:00,24.978,24.988,24.978,24.988,2235,0
2014-04-01,21:00:00,24.968,24.988,24.968,24.988,27049,0
2014-04-01,22:00:00,24.978,24.978,24.978,24.978,6012,0
2014-04-02,16:00:00,25.027,25.077,24.988,24.988,13120,0
2014-04-02,17:00:00,24.988,24.988,24.988,24.988,508,0
2014-04-02,18:00:00,24.988,25.067,24.988,24.988,2339,0
2014-04-02,19:00:00,24.988,24.988,24.988,24.988,508,0
2014-04-02,20:00:00,24.988,24.988,24.988,24.988,1017,0
2014-04-02,21:00:00,24.988,24.988,24.988,24.988,1017,0
2014-04-02,22:00:00,24.988,24.988,24.988,24.988,1220,0
2014-04-03,17:00:00,25.037,25.037,25.037,25.037,1017,0
2014-04-03,19:00:00,25.057,25.057,24.949,24.988,3961,0
2014-04-03,20:00:00,24.949,24.949,24.929,24.949,3599,0
2014-04-03,21:00:00,24.949,24.949,24.949,24.949,1559,0
2014-04-03,22:00:00,24.909,24.909,24.86,24.87,1163,0
2014-04-04,16:00:00,24.88,24.89,24.88,24.89,508,0
2014-04-04,17:00:00,24.89,24.89,24.89,24.89,1424,0
2014-04-04,18:00:00,24.909,24.909,24.89,24.89,2593,0
2014-04-04,19:00:00,24.89,24.89,24.88,24.88,1243,0
2014-04-04,20:00:00,24.89,24.89,24.88,24.88,5068,0
2014-04-04,21:00:00,24.88,24.909,24.742,24.742,19702,0
2014-04-04,22:00:00,24.811,24.831,24.772,24.772,2545,0
2014-04-07,16:00:00,24.88,24.89,24.88,24.89,305,0
2014-04-07,18:00:00,24.85,24.85,24.85,24.85,38642,0
2014-04-07,19:00:00,24.811,24.811,24.811,24.811,508,0
2014-04-07,20:00:00,24.811,24.811,24.811,24.811,1017,0
2014-04-07,21:00:00,24.841,24.841,24.811,24.811,970,0
2014-04-07,22:00:00,24.811,24.88,24.801,24.88,1963,0
2014-04-08,16:00:00,24.909,24.909,24.909,24.909,2441,0
2014-04-08,19:00:00,24.909,24.909,24.841,24.85,5593,0
2014-04-08,20:00:00,24.89,24.909,24.89,24.9,2550,0
2014-04-08,21:00:00,24.89,24.89,24.831,24.85,4629,0
2014-04-08,22:00:00,24.831,24.86,24.791,24.86,3217,0
2014-04-09,16:00:00,24.841,24.87,24.831,24.87,2727,0
2014-04-09,17:00:00,24.88,24.89,24.86,24.86,12406,0
2014-04-09,19:00:00,24.85,24.88,24.831,24.831,10946,0
2014-04-09,20:00:00,24.87,24.87,24.801,24.801,8931,0
2014-04-09,21:00:00,24.831,24.831,24.821,24.821,1765,0
2014-04-09,22:00:00,24.9,24.9,24.821,24.831,2289,0
2014-04-10,16:00:00,24.811,24.811,24.811,24.811,859,0
2014-04-10,17:00:00,24.821,24.821,24.782,24.782,11555,0
2014-04-10,18:00:00,24.782,24.782,24.703,24.782,11084,0
2014-04-10,19:00:00,24.742,24.791,24.742,24.742,1877,0
2014-04-10,20:00:00,24.772,24.772,24.723,24.723,2940,0
2014-04-10,21:00:00,24.723,24.723,24.713,24.713,1950,0
2014-04-10,22:00:00,24.703,24.742,24.683,24.742,6303,0
2014-04-11,16:00:00,24.791,24.791,24.791,24.791,3152,0
2014-04-11,18:00:00,24.782,24.782,24.752,24.782,4322,0
2014-04-11,19:00:00,24.801,24.801,24.782,24.782,1220,0
2014-04-11,20:00:00,24.752,24.752,24.752,24.752,1285,0
2014-04-11,22:00:00,24.772,24.811,24.732,24.811,2735,0
2014-04-14,16:00:00,24.801,24.86,24.791,24.841,5288,0
2014-04-14,17:00:00,24.811,24.85,24.693,24.752,29942,0
2014-04-14,18:00:00,24.752,24.791,24.752,24.791,9221,0
2014-04-14,19:00:00,24.772,24.791,24.772,24.782,6338,0
2014-04-14,20:00:00,24.772,24.772,24.762,24.762,1483,0
2014-04-14,21:00:00,24.732,24.762,24.732,24.762,1017,0
2014-04-14,22:00:00,24.752,24.831,24.752,24.821,2746,0
2014-04-15,16:00:00,24.762,24.762,24.762,24.762,407,0
2014-04-15,17:00:00,24.801,24.85,24.801,24.85,3761,0
2014-04-15,18:00:00,24.831,24.85,24.742,24.762,12974,0
2014-04-15,19:00:00,24.762,24.762,24.762,24.762,12384,0
2014-04-15,20:00:00,24.762,24.762,24.742,24.752,5702,0
2014-04-15,21:00:00,24.762,24.762,24.703,24.762,33528,0
2014-04-15,22:00:00,24.762,24.762,24.752,24.752,2066,0
2014-04-16,16:00:00,24.811,24.831,24.752,24.752,3947,0
2014-04-16,17:00:00,24.762,24.762,24.762,24.762,1220,0
2014-04-16,18:00:00,24.821,24.821,24.811,24.811,1627,0
2014-04-16,19:00:00,24.821,24.821,24.811,24.821,1019,0
2014-04-16,20:00:00,24.791,24.821,24.791,24.821,1226,0
2014-04-16,21:00:00,24.762,24.86,24.762,24.86,11418,0
2014-04-16,22:00:00,24.86,24.86,24.86,24.86,407,0
2014-04-17,17:00:00,24.85,24.85,24.85,24.85,1017,0
2014-04-17,18:00:00,24.85,24.9,24.841,24.841,10604,0
2014-04-17,19:00:00,24.88,24.88,24.88,24.88,814,0
2014-04-17,20:00:00,24.909,24.919,24.909,24.909,2135,0
2014-04-17,21:00:00,24.9,24.909,24.9,24.909,455,0
2014-04-17,22:00:00,24.841,24.87,24.841,24.841,2949,0
2014-04-21,19:00:00,24.929,24.929,24.929,24.929,1321,0
2014-04-21,20:00:00,24.939,24.939,24.939,24.939,305,0
2014-04-21,21:00:00,24.939,24.949,24.841,24.841,3647,0
2014-04-21,22:00:00,24.841,24.959,24.841,24.87,14033,0
2014-04-22,17:00:00,24.88,24.968,24.831,24.9,25653,0
2014-04-22,18:00:00,24.9,24.949,24.9,24.919,4023,0
2014-04-22,19:00:00,24.959,25.027,24.959,25.027,11093,0
2014-04-22,20:00:00,25.037,25.037,24.919,24.919,22422,0
2014-04-22,21:00:00,24.959,25.027,24.959,25.018,4965,0
2014-04-22,22:00:00,24.959,24.998,24.919,24.949,15937,0
2014-04-23,16:00:00,24.988,25.057,24.988,25.057,1119,0
2014-04-23,17:00:00,25.067,25.126,25.008,25.126,6905,0
2014-04-23,18:00:00,25.086,25.086,25.086,25.086,1525,0
2014-04-23,19:00:00,25.018,25.096,24.988,25.096,2207,0
2014-04-23,20:00:00,24.998,24.998,24.988,24.988,3514,0
2014-04-23,21:00:00,24.988,25.077,24.988,25.077,9762,0
2014-04-23,22:00:00,25.096,25.126,25.027,25.037,5236,0
2014-04-24,16:00:00,25.106,25.106,25.106,25.106,389,0
2014-04-24,17:00:00,25.106,25.145,25.018,25.145,3355,0
2014-04-24,19:00:00,25.027,25.096,25.027,25.077,5084,0
2014-04-24,21:00:00,25.037,25.037,24.968,24.968,4642,0
2014-04-24,22:00:00,24.968,25.008,24.968,25.008,458,0
2014-04-25,22:00:00,25.067,25.077,25.067,25.077,1220,0
2014-04-28,16:00:00,24.978,24.988,24.968,24.968,13931,0
2014-04-28,17:00:00,24.978,25.008,24.978,25.008,9976,0
2014-04-28,20:00:00,24.998,25.008,24.998,25.008,1224,0
2014-04-28,21:00:00,25.018,25.018,25.018,25.018,1017,0
2014-04-28,22:00:00,25.027,25.027,25.008,25.008,2832,0
2014-04-29,17:00:00,25.096,25.096,25.086,25.086,610,0
2014-04-29,18:00:00,25.027,25.027,25.027,25.027,1220,0
2014-04-29,19:00:00,25.027,25.027,25.018,25.018,672,0
2014-04-29,21:00:00,25.057,25.057,25.037,25.037,1813,0
2014-04-29,22:00:00,25.067,25.067,25.067,25.067,123,0
2014-04-30,17:00:00,25.145,25.145,25.106,25.136,3916,0
2014-04-30,18:00:00,25.057,25.136,25.057,25.067,2787,0
2014-04-30,19:00:00,25.136,25.136,25.037,25.037,2948,0
2014-04-30,20:00:00,25.047,25.047,25.037,25.037,1323,0
2014-04-30,21:00:00,25.047,25.077,25.047,25.077,5470,0
2014-04-30,22:00:00,25.057,25.057,25.057,25.057,102,0
2014-05-01,17:00:00,25.126,25.254,25.126,25.254,7741,0
2014-05-01,19:00:00,25.126,25.126,25.116,25.116,4923,0
2014-05-01,21:00:00,25.155,25.214,25.155,25.195,9585,0
2014-05-01,22:00:00,25.155,25.283,25.145,25.175,1232,0
2014-05-02,16:00:00,25.25,25.29,25.23,25.29,3600,0
2014-05-02,17:00:00,25.29,25.29,25.26,25.26,671,0
2014-05-02,18:00:00,25.27,25.28,25.27,25.27,1600,0
2014-05-02,19:00:00,25.29,25.29,25.28,25.29,2800,0
2014-05-02,20:00:00,25.33,25.33,25.33,25.33,1500,0
2014-05-02,21:00:00,25.3,25.49,25.3,25.47,38632,0
2014-05-02,22:00:00,25.45,25.45,25.34,25.34,9395,0
2014-05-05,16:00:00,25.39,25.39,25.35,25.38,6792,0
2014-05-05,17:00:00,25.38,25.48,25.37,25.37,80265,0
2014-05-05,18:00:00,25.4,25.4,25.39,25.39,800,0
2014-05-05,19:00:00,25.39,25.39,25.39,25.39,1000,0
2014-05-05,21:00:00,25.39,25.39,25.39,25.39,2500,0
2014-05-05,22:00:00,25.38,25.38,25.38,25.38,690,0
2014-05-06,16:00:00,25.39,25.48,25.39,25.42,16578,0
2014-05-06,18:00:00,25.42,25.42,25.4,25.4,3500,0
2014-05-06,19:00:00,25.41,25.41,25.41,25.41,700,0
2014-05-06,20:00:00,25.44,25.44,25.43,25.43,1200,0
2014-05-06,22:00:00,25.39,25.39,25.35,25.35,2725,0
2014-05-07,17:00:00,25.41,25.41,25.41,25.41,300,0
2014-05-07,18:00:00,25.4,25.41,25.4,25.4,6000,0
2014-05-07,19:00:00,25.41,25.45,25.41,25.42,588,0
2014-05-07,20:00:00,25.43,25.45,25.32,25.37,14410,0
2014-05-07,22:00:00,25.4,25.4,25.3,25.3,9487,0
