Date,Time,Open,High,Low,Close,Volume,OpenInt
2014-02-10,16:00:00,30.8707,30.8707,30.6217,30.6715,20442,0
2014-02-10,17:00:00,30.6217,30.6217,30.1637,30.323,12735,0
2014-02-10,18:00:00,30.2234,30.4823,30.1537,30.2732,14551,0
2014-02-10,19:00:00,30.3429,30.791,30.2433,30.5421,22211,0
2014-02-10,20:00:00,30.5421,30.8209,30.5321,30.7114,8558,0
2014-02-10,21:00:00,30.8508,30.8508,30.6516,30.6815,10565,0
2014-02-10,22:00:00,30.7114,30.7512,30.6217,30.7114,34173,0
2014-02-11,16:00:00,30.8508,31.3089,30.8209,30.9603,4990,0
2014-02-11,17:00:00,30.8209,30.8906,30.3927,30.5321,9851,0
2014-02-11,18:00:00,30.4724,31.0599,30.4325,30.9802,8987,0
2014-02-11,19:00:00,30.9504,31.1894,30.9205,31.0201,15335,0
2014-02-11,20:00:00,31.0599,31.1197,31.03,31.0998,4505,0
2014-02-11,21:00:00,31.0998,31.1197,31.0101,31.05,7227,0
2014-02-11,22:00:00,31.05,31.0998,30.9802,31.0599,24575,0
2014-02-12,16:00:00,31.04,31.3288,30.8807,31.1296,3070,0
2014-02-12,17:00:00,31.1296,31.1993,30.7711,30.7711,8457,0
2014-02-12,18:00:00,30.7711,30.9105,30.6616,30.6715,12019,0
2014-02-12,19:00:00,30.6715,30.7811,30.6317,30.7811,6701,0
2014-02-12,20:00:00,30.6815,30.9006,30.6715,30.8508,6294,0
2014-02-12,21:00:00,30.8508,30.8608,30.7114,30.8209,8849,0
2014-02-12,22:00:00,30.801,31.0798,30.801,31.04,23522,0
2014-02-13,16:00:00,30.8,31.21,30.8,31.19,4324,0
2014-02-13,17:00:00,31.29,31.45,31.01,31.16,8469,0
2014-02-13,18:00:00,31.25,31.34,31.07,31.3,7781,0
2014-02-13,19:00:00,31.26,31.51,31.22,31.5,10317,0
2014-02-13,20:00:00,31.44,31.5,31.24,31.34,9600,0
2014-02-13,21:00:00,31.44,31.46,31.19,31.3,11893,0
2014-02-13,22:00:00,31.29,31.48,31.23,31.25,38410,0
2014-02-14,16:00:00,31.14,31.28,30.83,30.97,4316,0
2014-02-14,17:00:00,30.99,31.16,30.98,31.03,6650,0
2014-02-14,18:00:00,31,31.27,30.98,31.27,12434,0
2014-02-14,19:00:00,31.27,31.28,30.98,31.27,14895,0
2014-02-14,20:00:00,31.31,31.36,31.09,31.3,24800,0
2014-02-14,21:00:00,31.16,31.35,31.16,31.34,9160,0
2014-02-14,22:00:00,31.37,31.44,30.98,31.21,53432,0
2014-02-18,16:00:00,31.39,31.56,31.14,31.14,4900,0
2014-02-18,17:00:00,31.13,31.48,31.01,31.44,5120,0
2014-02-18,18:00:00,31.44,31.49,31.39,31.45,13884,0
2014-02-18,19:00:00,31.44,31.47,31.35,31.38,5358,0
2014-02-18,20:00:00,31.38,31.42,31.34,31.39,4900,0
2014-02-18,21:00:00,31.34,31.4,31.32,31.38,5100,0
2014-02-18,22:00:00,31.38,31.4,31.33,31.34,39702,0
2014-02-19,16:00:00,31.38,31.45,31.21,31.21,25662,0
2014-02-19,17:00:00,31.21,31.57,31.21,31.39,12220,0
2014-02-19,18:00:00,31.4,31.44,31.33,31.42,9710,0
2014-02-19,19:00:00,31.36,31.4,31.02,31.21,10042,0
2014-02-19,20:00:00,31.2,31.47,31.19,31.35,10556,0
2014-02-19,21:00:00,31.37,31.51,31.33,31.47,13000,0
2014-02-19,22:00:00,31.46,31.52,31.32,31.33,61245,0
2014-02-20,16:00:00,31.43,31.74,31.33,31.46,4090,0
2014-02-20,17:00:00,31.39,31.92,31.39,31.85,10337,0
2014-02-20,18:00:00,31.85,31.94,31.63,31.69,19563,0
2014-02-20,19:00:00,31.68,31.78,31.59,31.59,11280,0
2014-02-20,20:00:00,31.61,31.74,31.5,31.65,10975,0
2014-02-20,21:00:00,31.61,31.84,31.61,31.79,6773,0
2014-02-20,22:00:00,31.77,31.97,31.77,31.91,41875,0
2014-02-21,16:00:00,31.95,32,31.78,31.8,6016,0
2014-02-21,17:00:00,31.8,31.97,31.77,31.95,25570,0
2014-02-21,18:00:00,31.95,32.06,31.94,32.02,4600,0
2014-02-21,19:00:00,32.05,32.16,32.03,32.13,7300,0
2014-02-21,20:00:00,32.1,32.15,31.95,31.98,11600,0
2014-02-21,21:00:00,31.92,32.07,31.9,32.01,41149,0
2014-02-21,22:00:00,31.98,32.27,31.92,32.16,119373,0
2014-02-24,16:00:00,36.1,36.19,35.25,35.65,35374,0
2014-02-24,17:00:00,35.75,35.87,35.4,35.79,45317,0
2014-02-24,18:00:00,35.73,35.78,35.47,35.69,50683,0
2014-02-24,19:00:00,35.65,35.72,35.57,35.68,71662,0
2014-02-24,20:00:00,35.69,36.46,35.69,36.42,26363,0
2014-02-24,21:00:00,36.34,36.4,35.99,36.08,21372,0
2014-02-24,22:00:00,36.11,36.55,36.01,36.51,85077,0
2014-02-25,16:00:00,36.45,36.72,36.4,36.47,19599,0
2014-02-25,17:00:00,36.48,36.97,36.48,36.96,252538,0
2014-02-25,18:00:00,36.92,37.02,36.82,36.95,28537,0
2014-02-25,19:00:00,36.88,36.98,36.51,36.56,15751,0
2014-02-25,20:00:00,36.62,36.63,36.17,36.2,14050,0
2014-02-25,21:00:00,36.17,36.24,35.83,35.91,24620,0
2014-02-25,22:00:00,35.86,35.93,35.56,35.73,47597,0
2014-02-26,16:00:00,35.82,36.12,35.66,35.69,10876,0
2014-02-26,17:00:00,35.7,35.94,35.61,35.68,25625,0
2014-02-26,18:00:00,35.61,35.71,35.61,35.7,10473,0
2014-02-26,19:00:00,35.71,35.93,35.63,35.88,11309,0
2014-02-26,20:00:00,35.85,35.91,35.6,35.74,20014,0
2014-02-26,21:00:00,35.75,35.8,35.51,35.62,15018,0
2014-02-26,22:00:00,35.65,35.69,35.5,35.68,37608,0
2014-02-27,16:00:00,35.62,35.62,35.47,35.52,12597,0
2014-02-27,17:00:00,35.47,35.61,35.28,35.5,13123,0
2014-02-27,18:00:00,35.51,35.63,35.43,35.53,17266,0
2014-02-27,19:00:00,35.51,35.55,35.47,35.55,5800,0
2014-02-27,20:00:00,35.55,35.55,35.37,35.38,13175,0
2014-02-27,21:00:00,35.4,35.4,35.06,35.16,19723,0
2014-02-27,22:00:00,35.16,35.28,35.11,35.25,58592,0
2014-02-28,16:00:00,35.28,35.35,35.21,35.33,11403,0
2014-02-28,17:00:00,35.24,35.34,35.18,35.18,4330,0
2014-02-28,18:00:00,35.16,35.34,35.16,35.29,7462,0
2014-02-28,19:00:00,35.25,35.26,35.08,35.25,11977,0
2014-02-28,20:00:00,35.19,35.33,35.19,35.2,6100,0
2014-02-28,21:00:00,35.19,35.35,35.12,35.18,13486,0
2014-02-28,22:00:00,35.12,35.25,34.95,35.15,79291,0
2014-03-03,16:00:00,34.98,35.06,34.67,34.95,13892,0
2014-03-03,17:00:00,34.96,34.96,34.61,34.61,7152,0
2014-03-03,18:00:00,34.64,34.71,34.5,34.51,14049,0
2014-03-03,19:00:00,34.46,34.6,34.38,34.6,12440,0
2014-03-03,20:00:00,34.59,34.73,34.55,34.63,19130,0
2014-03-03,21:00:00,34.71,34.71,34.57,34.64,7055,0
2014-03-03,22:00:00,34.62,34.69,34.55,34.64,46193,0
2014-03-04,16:00:00,35.15,35.69,34.93,35.62,13139,0
2014-03-04,17:00:00,35.61,35.63,35.17,35.3,24644,0
2014-03-04,18:00:00,35.33,35.41,35.07,35.23,24351,0
2014-03-04,19:00:00,35.21,35.47,35.17,35.31,12616,0
2014-03-04,20:00:00,35.36,35.4,35.16,35.23,15900,0
2014-03-04,21:00:00,35.19,35.41,35.07,35.41,16999,0
2014-03-04,22:00:00,35.43,35.48,35.04,35.12,87689,0
2014-03-05,16:00:00,35,35,34.71,34.74,34427,0
2014-03-05,17:00:00,34.76,34.84,34.23,34.28,49036,0
2014-03-05,18:00:00,34.38,34.41,34,34.03,63131,0
2014-03-05,19:00:00,34.03,34.12,33.96,34.09,20929,0
2014-03-05,20:00:00,34.06,34.18,34.06,34.18,11545,0
2014-03-05,21:00:00,34.3,34.4,34.19,34.22,12799,0
2014-03-05,22:00:00,34.22,34.56,34.21,34.43,126968,0
2014-03-06,16:00:00,34.55,34.55,34.08,34.44,6372,0
2014-03-06,17:00:00,34.36,34.64,34.28,34.28,24290,0
2014-03-06,18:00:00,34.25,34.32,34,34.01,14404,0
2014-03-06,19:00:00,34,34.08,34,34.02,13842,0
2014-03-06,20:00:00,34.03,34.14,33.93,33.99,13701,0
2014-03-06,21:00:00,33.97,34.12,33.97,34.12,18671,0
2014-03-06,22:00:00,34.12,34.15,33.96,34.04,46302,0
2014-03-07,16:00:00,34.05,34.25,34.02,34.14,8201,0
2014-03-07,17:00:00,34.14,34.26,34.09,34.19,21714,0
2014-03-07,18:00:00,34.19,34.23,34.12,34.21,20181,0
2014-03-07,19:00:00,34.21,34.24,34.12,34.24,3600,0
2014-03-07,20:00:00,34.24,34.24,34.15,34.21,5086,0
2014-03-07,21:00:00,34.21,34.3,34.18,34.23,13255,0
2014-03-07,22:00:00,34.23,34.3,34.18,34.24,47272,0
2014-03-10,15:00:00,34.26,34.36,34.1,34.36,4200,0
2014-03-10,16:00:00,34.29,34.35,34.04,34.24,14798,0
2014-03-10,17:00:00,34.25,34.38,34.24,34.26,17402,0
2014-03-10,18:00:00,34.25,34.31,34.24,34.24,7900,0
2014-03-10,19:00:00,34.25,34.29,34.12,34.21,8813,0
2014-03-10,20:00:00,34.2,34.25,34.17,34.19,6231,0
2014-03-10,21:00:00,34.19,34.3,34.17,34.28,63229,0
2014-03-11,15:00:00,34.21,34.54,34.07,34.48,5557,0
2014-03-11,16:00:00,34.42,34.45,34.31,34.39,8408,0
2014-03-11,17:00:00,34.44,34.44,34.06,34.15,6000,0
2014-03-11,18:00:00,34.18,34.18,34.03,34.09,25638,0
2014-03-11,19:00:00,34.15,34.15,34.03,34.09,4820,0
2014-03-11,20:00:00,34.08,34.19,34.02,34.1,14054,0
2014-03-11,21:00:00,34.04,34.09,33.86,34,44117,0
2014-03-12,15:00:00,33.78,34.2,33.78,34.2,11428,0
2014-03-12,16:00:00,34.08,34.18,34,34.14,7540,0
2014-03-12,17:00:00,34.14,34.26,34.11,34.19,38185,0
2014-03-12,18:00:00,34.14,34.25,34.14,34.21,36000,0
2014-03-12,19:00:00,34.21,34.23,34.15,34.2,31105,0
2014-03-12,20:00:00,34.18,34.25,34.14,34.14,16574,0
2014-03-12,21:00:00,34.13,34.21,34.07,34.18,41599,0
2014-03-13,15:00:00,34.19,34.3,34.16,34.24,6916,0
2014-03-13,16:00:00,34.31,34.34,34.13,34.19,9600,0
2014-03-13,17:00:00,34.2,34.35,34.13,34.25,18991,0
2014-03-13,18:00:00,34.32,34.32,34.11,34.2,13200,0
2014-03-13,19:00:00,34.11,34.29,34.05,34.19,18264,0
2014-03-13,20:00:00,34.21,34.25,34.12,34.13,10313,0
2014-03-13,21:00:00,34.13,34.19,34.06,34.13,72036,0
2014-03-14,15:00:00,34.15,34.21,34.06,34.1,23370,0
2014-03-14,16:00:00,34.09,34.19,34.06,34.14,20922,0
2014-03-14,17:00:00,34.11,34.18,34.08,34.16,12917,0
2014-03-14,18:00:00,34.18,34.23,34.13,34.18,5626,0
2014-03-14,19:00:00,34.18,34.31,34.18,34.31,8900,0
2014-03-14,20:00:00,34.36,34.36,34.18,34.25,24712,0
2014-03-14,21:00:00,34.25,34.3,34.1,34.2,53318,0
2014-03-17,15:00:00,34.33,34.91,34.31,34.83,21118,0
2014-03-17,16:00:00,34.78,34.78,34.55,34.61,9800,0
2014-03-17,17:00:00,34.63,34.81,34.62,34.81,26270,0
2014-03-17,18:00:00,34.88,34.92,34.7,34.73,21948,0
2014-03-17,19:00:00,34.71,34.73,34.52,34.61,21667,0
2014-03-17,20:00:00,34.62,34.66,34.6,34.62,15073,0
2014-03-17,21:00:00,34.59,34.72,34.59,34.67,52165,0
2014-03-18,15:00:00,34.76,34.96,34.61,34.94,11870,0
2014-03-18,16:00:00,34.99,35.1,34.87,35.1,19328,0
2014-03-18,17:00:00,35.1,35.36,35.07,35.25,24001,0
2014-03-18,18:00:00,35.25,35.35,35.25,35.31,8852,0
2014-03-18,19:00:00,35.32,35.35,35.21,35.21,27572,0
2014-03-18,20:00:00,35.24,35.3,35.23,35.29,46700,0
2014-03-18,21:00:00,35.3,35.3,35.19,35.3,59672,0
2014-03-19,15:00:00,35.4,35.55,35.4,35.55,14000,0
2014-03-19,16:00:00,35.62,35.85,35.43,35.8,32744,0
2014-03-19,17:00:00,35.74,35.8,35.5,35.61,8897,0
2014-03-19,18:00:00,35.59,35.7,35.56,35.59,13959,0
2014-03-19,19:00:00,35.65,35.76,35.61,35.7,14188,0
2014-03-19,20:00:00,35.7,35.73,35.54,35.65,10500,0
2014-03-19,21:00:00,35.68,35.74,35.57,35.68,48695,0
2014-03-20,15:00:00,35.57,36.09,35.57,35.63,4620,0
2014-03-20,16:00:00,35.67,35.83,35.53,35.83,11673,0
2014-03-20,17:00:00,35.8,35.88,35.78,35.87,13418,0
2014-03-20,18:00:00,35.87,35.95,35.83,35.83,4000,0
2014-03-20,19:00:00,35.87,35.94,35.82,35.84,9053,0
2014-03-20,20:00:00,35.91,35.97,35.87,35.93,6600,0
2014-03-20,21:00:00,35.93,35.94,35.82,35.85,34097,0
2014-03-21,15:00:00,35.88,36.11,35.87,36.09,6628,0
2014-03-21,16:00:00,36.1,36.18,36.05,36.09,14052,0
2014-03-21,17:00:00,36.13,36.2,36.07,36.12,18159,0
2014-03-21,18:00:00,36.11,36.15,36.04,36.11,11455,0
2014-03-21,19:00:00,36.06,36.12,36.05,36.05,7882,0
2014-03-21,20:00:00,36.05,36.09,35.94,35.94,25927,0
2014-03-21,21:00:00,35.94,36.03,35.87,35.89,92087,0
2014-03-24,15:00:00,36.01,36.01,35.75,35.86,5849,0
2014-03-24,16:00:00,35.86,35.86,35.22,35.27,20817,0
2014-03-24,17:00:00,35.23,35.29,35.03,35.09,22273,0
2014-03-24,18:00:00,35.08,35.09,35.04,35.06,8820,0
2014-03-24,19:00:00,35.1,35.25,35.09,35.2,12178,0
2014-03-24,20:00:00,35.28,35.28,35.09,35.13,28860,0
2014-03-24,21:00:00,35.07,35.24,35.05,35.11,50251,0
2014-03-25,15:00:00,35.4,35.41,35.35,35.4,5695,0
2014-03-25,16:00:00,35.33,35.47,35.12,35.12,14043,0
2014-03-25,17:00:00,35.22,35.34,35,35.09,11998,0
2014-03-25,18:00:00,35.05,35.08,35,35.04,4830,0
2014-03-25,19:00:00,35.05,35.15,35.01,35.02,5862,0
2014-03-25,20:00:00,35.05,35.1,34.95,34.99,16019,0
2014-03-25,21:00:00,35.03,35.08,34.96,34.99,44410,0
2014-03-26,15:00:00,35.34,35.41,35.11,35.22,2400,0
2014-03-26,16:00:00,35.21,35.36,35.03,35.03,8866,0
2014-03-26,17:00:00,35.16,35.48,35.16,35.39,9959,0
2014-03-26,18:00:00,35.36,35.37,35.18,35.31,12034,0
2014-03-26,19:00:00,35.33,35.33,35.04,35.3,17788,0
2014-03-26,20:00:00,35.3,35.37,35.19,35.34,4505,0
2014-03-26,21:00:00,35.32,35.32,35.06,35.16,32427,0
2014-03-27,15:00:00,35.18,35.21,35.09,35.21,4686,0
2014-03-27,16:00:00,35.22,35.3,35.13,35.14,17127,0
2014-03-27,17:00:00,35.2,35.2,34.93,35.08,32628,0
2014-03-27,18:00:00,35.06,35.12,34.98,35.1,5060,0
2014-03-27,19:00:00,35.01,35.24,35,35.13,36069,0
2014-03-27,20:00:00,35.06,35.1,35.02,35.02,5216,0
2014-03-27,21:00:00,35.01,35.06,34.86,34.97,67685,0
2014-03-28,15:00:00,35.05,35.48,35.05,35.21,15178,0
2014-03-28,16:00:00,35.25,35.32,35.18,35.19,20300,0
2014-03-28,17:00:00,35.25,35.29,35.05,35.08,11300,0
2014-03-28,18:00:00,35.1,35.13,35.05,35.05,5257,0
2014-03-28,19:00:00,35.05,35.09,34.98,35,5230,0
2014-03-28,20:00:00,35,35.12,34.94,35.03,9600,0
2014-03-28,21:00:00,34.98,35.1,34.93,35.05,21094,0
2014-03-31,16:00:00,35.15,35.15,35.06,35.07,8697,0
2014-03-31,17:00:00,35.07,35.19,34.98,35.07,11300,0
2014-03-31,18:00:00,35.07,35.08,34.89,34.99,27636,0
2014-03-31,19:00:00,35,35.06,34.98,35,67337,0
2014-03-31,20:00:00,35.01,35.7,35,35.48,29550,0
2014-03-31,21:00:00,35.38,35.86,35.38,35.75,13851,0
2014-03-31,22:00:00,35.82,35.99,35.74,35.77,23171,0
2014-04-01,16:00:00,36.21,36.32,36.1,36.32,10130,0
2014-04-01,17:00:00,36.47,36.6,36.23,36.46,14128,0
2014-04-01,18:00:00,36.57,36.57,36.29,36.41,8214,0
2014-04-01,19:00:00,36.45,36.51,36.33,36.51,3600,0
2014-04-01,20:00:00,36.51,36.78,36.5,36.78,12995,0
2014-04-01,21:00:00,36.87,36.96,36.83,36.84,10728,0
2014-04-01,22:00:00,36.93,37.3,36.93,37.25,73820,0
2014-04-02,16:00:00,37.45,37.45,36.69,36.69,22803,0
2014-04-02,17:00:00,36.71,36.99,36.57,36.93,12578,0
2014-04-02,18:00:00,36.93,37.15,36.86,37.15,7150,0
2014-04-02,19:00:00,37.13,37.31,37.13,37.13,9307,0
2014-04-02,20:00:00,37.17,37.19,37,37.16,5850,0
2014-04-02,21:00:00,37.09,37.13,37,37.05,4800,0
2014-04-02,22:00:00,37.07,37.25,37.07,37.17,48301,0
2014-04-03,16:00:00,37.33,37.48,37.16,37.43,4800,0
2014-04-03,17:00:00,37.43,37.49,37.11,37.19,11820,0
2014-04-03,18:00:00,37.11,37.42,37.11,37.27,11957,0
2014-04-03,19:00:00,37.13,37.44,37.13,37.27,10259,0
2014-04-03,20:00:00,37.28,37.43,37.24,37.36,8000,0
2014-04-03,21:00:00,37.38,37.39,37.24,37.35,7100,0
2014-04-03,22:00:00,37.35,37.54,37.28,37.4,49897,0
2014-04-04,16:00:00,37.39,37.5,37.23,37.24,1800,0
2014-04-04,17:00:00,37.28,37.34,37.2,37.2,12876,0
2014-04-04,18:00:00,37.15,37.2,36.15,36.26,16831,0
2014-04-04,19:00:00,36.28,36.28,36,36.01,11900,0
2014-04-04,20:00:00,36.07,36.14,36.01,36.11,10214,0
2014-04-04,21:00:00,36.04,36.14,36,36.05,13227,0
2014-04-04,22:00:00,36.01,36.12,35.8,35.82,57782,0
2014-04-07,16:00:00,35.92,35.92,35.5,35.82,9615,0
2014-04-07,17:00:00,35.82,35.86,35.69,35.81,15775,0
2014-04-07,18:00:00,35.74,35.87,35.64,35.72,10400,0
2014-04-07,19:00:00,35.68,35.84,35.64,35.79,8727,0
2014-04-07,20:00:00,35.79,35.85,35.71,35.82,11263,0
2014-04-07,21:00:00,35.82,36.25,35.82,36.24,11391,0
2014-04-07,22:00:00,36.13,36.16,35.92,36.04,72590,0
2014-04-08,16:00:00,36.01,36.65,36.01,36.38,41154,0
2014-04-08,17:00:00,36.49,36.53,36.27,36.53,10787,0
2014-04-08,18:00:00,36.48,36.67,36.44,36.47,19132,0
2014-04-08,19:00:00,36.6,36.75,36.55,36.68,8897,0
2014-04-08,20:00:00,36.7,36.95,36.58,36.83,15024,0
2014-04-08,21:00:00,36.85,36.85,36.49,36.58,8660,0
2014-04-08,22:00:00,36.61,36.85,36.44,36.57,41916,0
2014-04-09,16:00:00,36.59,36.68,36.45,36.63,2862,0
2014-04-09,17:00:00,36.63,36.85,36.48,36.59,7200,0
2014-04-09,18:00:00,36.56,36.83,36.54,36.83,9493,0
2014-04-09,19:00:00,36.82,36.96,36.6,36.7,11356,0
2014-04-09,20:00:00,36.8,36.9,36.77,36.9,4500,0
2014-04-09,21:00:00,36.9,37.14,36.89,37,10800,0
2014-04-09,22:00:00,36.97,37.01,36.79,36.82,54215,0
2014-04-10,16:00:00,36.7,36.7,36.51,36.6,22652,0
2014-04-10,17:00:00,36.57,36.61,36.44,36.47,6984,0
2014-04-10,18:00:00,36.49,36.61,36.47,36.49,15647,0
2014-04-10,19:00:00,36.56,36.56,36.35,36.46,7190,0
2014-04-10,20:00:00,36.46,36.49,36.35,36.35,4400,0
2014-04-10,21:00:00,36.35,36.42,36.33,36.41,9740,0
2014-04-10,22:00:00,36.4,36.51,36.35,36.4,40193,0
2014-04-11,16:00:00,36.57,36.57,36,36.13,6650,0
2014-04-11,17:00:00,36.27,36.36,35.95,36.13,15268,0
2014-04-11,18:00:00,36.2,36.2,35.99,36,4941,0
2014-04-11,19:00:00,36,36.08,35.83,35.9,6400,0
2014-04-11,20:00:00,35.95,36.18,35.84,36.11,7935,0
2014-04-11,21:00:00,36.01,36.02,35.69,35.76,10119,0
2014-04-11,22:00:00,35.76,36,35.74,35.84,28962,0
2014-04-14,16:00:00,36.37,36.42,35.74,35.91,9700,0
2014-04-14,17:00:00,35.93,36.2,35.84,36.15,9222,0
2014-04-14,18:00:00,36.09,36.18,35.99,36.14,8410,0
2014-04-14,19:00:00,36.13,36.2,36.01,36.2,7920,0
2014-04-14,20:00:00,36.19,36.29,36.04,36.05,7856,0
2014-04-14,21:00:00,36.06,36.19,36.04,36.11,10795,0
2014-04-14,22:00:00,36.1,36.25,36.02,36.11,53832,0
2014-04-15,16:00:00,36.46,36.46,36.19,36.19,5510,0
2014-04-15,17:00:00,36.19,36.22,35.95,36.13,28169,0
2014-04-15,18:00:00,36.1,36.14,35.98,35.98,11321,0
2014-04-15,19:00:00,35.96,35.99,35.72,35.72,7950,0
2014-04-15,20:00:00,35.74,35.93,35.68,35.89,6600,0
2014-04-15,21:00:00,36.09,36.41,36.07,36.23,6706,0
2014-04-15,22:00:00,36.37,36.72,36.24,36.47,27087,0
2014-04-16,16:00:00,36.72,36.74,36.5,36.74,4980,0
2014-04-16,17:00:00,36.72,36.86,36.66,36.85,6110,0
2014-04-16,18:00:00,36.87,37.17,36.76,37.17,7056,0
2014-04-16,19:00:00,37.23,37.23,36.91,36.91,5385,0
2014-04-16,20:00:00,36.95,36.95,36.85,36.94,9016,0
2014-04-16,21:00:00,36.94,37.06,36.85,37.01,4500,0
2014-04-16,22:00:00,37.01,37.08,36.83,36.91,42792,0
2014-04-17,16:00:00,36.96,36.96,36.7,36.7,8847,0
2014-04-17,17:00:00,36.7,37.19,36.7,37.11,10541,0
2014-04-17,18:00:00,37,37,36.75,36.83,3133,0
2014-04-17,19:00:00,36.92,37.35,36.91,37.35,8669,0
2014-04-17,20:00:00,37.26,37.32,37.17,37.32,3092,0
2014-04-17,21:00:00,37.22,37.23,37.09,37.22,5708,0
2014-04-17,22:00:00,37.23,37.39,37.16,37.23,7400,0
2014-04-21,16:00:00,37.22,37.25,37.08,37.08,9008,0
2014-04-21,17:00:00,37.1,37.17,36.79,37,6457,0
2014-04-21,18:00:00,37,37.1,36.79,36.79,9059,0
2014-04-21,19:00:00,36.81,36.88,36.61,36.71,5257,0
2014-04-21,20:00:00,36.76,36.86,36.75,36.86,5705,0
2014-04-21,21:00:00,36.9,36.9,36.76,36.85,9890,0
2014-04-21,22:00:00,36.88,37.09,36.78,37.04,30138,0
2014-04-22,16:00:00,37.11,37.38,37.11,37.14,3920,0
2014-04-22,17:00:00,37.13,37.78,37.06,37.78,12565,0
2014-04-22,18:00:00,37.72,37.96,37.62,37.84,10945,0
2014-04-22,19:00:00,37.83,38.25,37.77,38.13,11562,0
2014-04-22,20:00:00,38.14,38.35,38.13,38.35,4924,0
2014-04-22,21:00:00,38.36,38.5,38.23,38.5,9018,0
2014-04-22,22:00:00,38.43,38.5,38.17,38.41,33435,0
2014-04-23,16:00:00,38.33,38.33,37.79,37.87,3475,0
2014-04-23,17:00:00,37.87,38.19,37.86,38.19,6120,0
2014-04-23,18:00:00,38.15,38.15,37.8,37.91,3412,0
2014-04-23,19:00:00,37.87,37.87,37.65,37.82,4665,0
2014-04-23,20:00:00,37.81,37.81,37.72,37.72,5050,0
2014-04-23,21:00:00,37.66,37.89,37.6,37.76,13339,0
2014-04-23,22:00:00,37.81,37.89,37.61,37.69,47980,0
2014-04-24,16:00:00,38.11,38.11,37.59,37.77,6700,0
2014-04-24,17:00:00,37.6,38.04,37.54,37.9,12000,0
2014-04-24,18:00:00,37.91,38.13,37.91,37.94,7420,0
2014-04-24,19:00:00,38.08,38.08,37.85,37.97,7594,0
2014-04-24,20:00:00,37.92,37.96,37.59,37.7,6872,0
2014-04-24,21:00:00,37.75,37.9,37.6,37.71,13010,0
2014-04-24,22:00:00,37.8,37.88,37.7,37.74,25399,0
2014-04-25,16:00:00,37.6,37.65,37.57,37.57,7369,0
2014-04-25,17:00:00,37.57,37.66,37.38,37.46,14663,0
2014-04-25,18:00:00,37.32,37.48,37.29,37.42,9908,0
2014-04-25,19:00:00,37.3,37.52,37.26,37.32,10667,0
2014-04-25,20:00:00,37.48,37.5,37.11,37.15,9822,0
2014-04-25,21:00:00,37.12,37.37,37.01,37.17,8460,0
2014-04-25,22:00:00,37.12,37.45,37.02,37.34,36650,0
2014-04-28,16:00:00,37.6,37.85,37.44,37.7,9448,0
2014-04-28,17:00:00,37.63,37.69,37.2,37.21,12251,0
2014-04-28,18:00:00,37.13,37.17,36.81,36.87,8550,0
2014-04-28,19:00:00,36.91,36.99,36.86,36.92,4505,0
2014-04-28,20:00:00,36.95,36.95,36.7,36.86,8350,0
2014-04-28,21:00:00,36.77,37.28,36.69,37.28,9496,0
2014-04-28,22:00:00,37.39,37.54,37.15,37.19,17951,0
2014-04-29,16:00:00,37.12,37.54,36.76,37.31,7840,0
2014-04-29,17:00:00,37.39,37.39,37.01,37.02,5600,0
2014-04-29,18:00:00,37.08,37.34,37,37,10724,0
2014-04-29,19:00:00,37.2,37.26,37.1,37.26,3800,0
2014-04-29,20:00:00,37.01,37.3,36.97,37.29,17402,0
2014-04-29,21:00:00,37.26,37.35,37.12,37.26,10180,0
2014-04-29,22:00:00,37.16,37.28,36.72,36.94,47171,0
2014-04-30,16:00:00,36.75,36.78,36.33,36.55,5608,0
2014-04-30,17:00:00,36.53,37.34,36.53,37.01,22849,0
2014-04-30,18:00:00,37.02,37.14,36.95,37.08,13852,0
2014-04-30,19:00:00,37.02,37.11,37.02,37.07,4409,0
2014-04-30,20:00:00,37.07,37.17,37.02,37.08,6769,0
2014-04-30,21:00:00,37.09,37.22,36.97,37.18,10198,0
2014-04-30,22:00:00,37.26,37.99,37.13,37.99,89136,0
2014-05-01,16:00:00,37.01,37.78,37.01,37.27,9600,0
2014-05-01,17:00:00,37.3,37.55,37.12,37.21,15575,0
2014-05-01,18:00:00,37.25,37.66,37.17,37.43,19050,0
2014-05-01,19:00:00,37.59,38.02,37.57,38.01,13552,0
2014-05-01,20:00:00,38,38.02,37.68,37.82,26513,0
2014-05-01,21:00:00,37.82,38.49,37.78,38.23,21657,0
2014-05-01,22:00:00,38.07,38.5,38.01,38.38,68151,0
2014-05-02,16:00:00,38.45,39,38.43,38.74,25755,0
2014-05-02,17:00:00,38.86,39.15,38.77,38.77,10651,0
2014-05-02,18:00:00,38.77,39.07,38.39,38.52,12034,0
2014-05-02,19:00:00,38.54,38.55,38.27,38.39,11300,0
2014-05-02,20:00:00,38.5,38.51,37.8,38.06,15988,0
2014-05-02,21:00:00,38.06,38.12,37.87,37.9,12263,0
2014-05-02,22:00:00,37.93,38.21,37.76,38.03,51988,0
2014-05-05,16:00:00,37.88,38.06,37.81,38.06,17006,0
2014-05-05,17:00:00,38.01,38.2,37.83,38.09,15556,0
2014-05-05,18:00:00,38.09,38.29,38.01,38.01,22986,0
2014-05-05,19:00:00,37.99,38.47,37.99,38.35,16575,0
2014-05-05,20:00:00,38.44,38.44,38.22,38.25,12756,0
2014-05-05,21:00:00,38.26,38.88,38.26,38.87,12561,0
2014-05-05,22:00:00,38.81,38.91,38.69,38.82,38198,0
2014-05-06,16:00:00,38.61,38.93,38.43,38.73,5147,0
2014-05-06,17:00:00,38.66,39.12,38.56,38.63,17949,0
2014-05-06,18:00:00,38.48,38.48,38.24,38.32,13500,0
2014-05-06,19:00:00,38.46,38.48,38.25,38.41,6622,0
2014-05-06,20:00:00,38.48,38.65,38.37,38.44,15063,0
2014-05-06,21:00:00,38.44,38.74,38.38,38.7,25787,0
2014-05-06,22:00:00,38.63,39,38.52,38.87,76358,0
2014-05-07,16:00:00,38.91,39.11,38.91,39.07,3675,0
2014-05-07,17:00:00,38.86,39.06,38.43,38.89,22224,0
2014-05-07,18:00:00,38.77,39.21,38.75,39.07,18473,0
2014-05-07,19:00:00,38.99,39.1,38.9,38.98,13408,0
2014-05-07,20:00:00,38.97,39.04,38.86,39,14200,0
2014-05-07,21:00:00,38.99,39.15,38.98,39.14,8850,0
2014-05-07,22:00:00,39.07,39.25,38.91,39.2,42542,0
