Date,Time,Open,High,Low,Close,Volume,OpenInt
2014-02-10,16:00:00,6.51,6.51,6.5,6.5,900,0
2014-02-10,17:00:00,6.48,6.6,6.44,6.44,2099,0
2014-02-10,18:00:00,6.44,6.44,6.44,6.44,800,0
2014-02-10,19:00:00,6.44,6.44,6.44,6.44,300,0
2014-02-10,21:00:00,6.43,6.43,6.43,6.43,846,0
2014-02-10,22:00:00,6.46,6.46,6.46,6.46,490,0
2014-02-11,17:00:00,6.4,6.4,6.4,6.4,1000,0
2014-02-11,18:00:00,6.42,6.42,6.42,6.42,1000,0
2014-02-11,19:00:00,6.4,6.4,6.35,6.35,1910,0
2014-02-11,20:00:00,6.39,6.39,6.39,6.39,400,0
2014-02-11,22:00:00,6.41,6.5,6.41,6.43,730,0
2014-02-12,16:00:00,6.5,6.66,6.5,6.66,555,0
2014-02-12,17:00:00,6.66,6.66,6.66,6.66,200,0
2014-02-12,18:00:00,6.67,6.67,6.67,6.67,400,0
2014-02-12,19:00:00,6.65,6.65,6.64,6.64,200,0
2014-02-12,22:00:00,6.63,6.64,6.62,6.64,1095,0
2014-02-13,16:00:00,6.64,6.64,6.64,6.64,400,0
2014-02-13,17:00:00,6.64,6.67,6.64,6.67,4100,0
2014-02-13,18:00:00,6.67,6.74,6.64,6.73,34800,0
2014-02-13,19:00:00,6.72,6.72,6.65,6.72,1400,0
2014-02-13,20:00:00,6.68,6.74,6.67,6.74,11108,0
2014-02-13,21:00:00,6.74,6.77,6.67,6.69,6425,0
2014-02-13,22:00:00,6.73,6.77,6.7,6.75,52880,0
2014-02-14,16:00:00,6.8,6.8,6.8,6.8,546,0
2014-02-14,17:00:00,6.84,7,6.8,7,8595,0
2014-02-14,18:00:00,6.96,7.01,6.96,7,11508,0
2014-02-14,21:00:00,6.99,6.99,6.97,6.97,400,0
2014-02-14,22:00:00,6.94,6.95,6.85,6.95,1241,0
2014-02-18,17:00:00,6.98,6.98,6.92,6.92,878,0
2014-02-18,19:00:00,6.95,6.98,6.95,6.98,200,0
2014-02-18,22:00:00,6.95,6.96,6.95,6.96,1166,0
2014-02-19,18:00:00,6.82,6.84,6.82,6.84,600,0
2014-02-19,20:00:00,6.88,6.88,6.88,6.88,300,0
2014-02-19,22:00:00,6.78,6.85,6.72,6.83,2807,0
2014-02-20,16:00:00,6.96,6.96,6.88,6.88,800,0
2014-02-20,17:00:00,6.87,6.91,6.87,6.91,6546,0
2014-02-20,18:00:00,6.93,7.02,6.93,7,70605,0
2014-02-20,19:00:00,6.95,7.01,6.94,7,3600,0
2014-02-20,20:00:00,7,7.05,6.96,6.97,3800,0
2014-02-20,21:00:00,6.97,6.98,6.97,6.97,5450,0
2014-02-20,22:00:00,6.98,6.98,6.92,6.92,12366,0
2014-02-21,16:00:00,7.06,7.06,6.9,6.95,5600,0
2014-02-21,17:00:00,7.06,7.1,7.01,7.09,7198,0
2014-02-21,18:00:00,7.1,7.1,7.09,7.09,500,0
2014-02-21,19:00:00,7.07,7.1,7.07,7.1,200,0
2014-02-21,20:00:00,7.1,7.1,7.08,7.1,2794,0
2014-02-21,21:00:00,7.09,7.09,7.07,7.07,1200,0
2014-02-21,22:00:00,7.08,7.12,7.01,7.02,2895,0
2014-02-24,16:00:00,7,7.15,7,7.14,9441,0
2014-02-24,17:00:00,7.13,7.14,7.1,7.12,1400,0
2014-02-24,18:00:00,7.12,7.14,7.12,7.14,900,0
2014-02-24,19:00:00,7.09,7.13,7.09,7.13,3611,0
2014-02-24,20:00:00,7.08,7.09,7.07,7.08,1675,0
2014-02-24,21:00:00,7.08,7.11,7.08,7.1,3454,0
2014-02-24,22:00:00,7.08,7.1,7.05,7.07,12480,0
2014-02-25,16:00:00,6.87,6.87,6.01,6.77,15610,0
2014-02-25,17:00:00,6.8,6.95,6.8,6.95,5322,0
2014-02-25,18:00:00,6.93,6.95,6.82,6.82,1864,0
2014-02-25,19:00:00,6.85,6.95,6.83,6.85,3200,0
2014-02-25,20:00:00,6.85,6.85,6.85,6.85,100,0
2014-02-25,21:00:00,6.93,7,6.91,7,19600,0
2014-02-25,22:00:00,6.99,7.01,6.94,6.97,95114,0
2014-02-26,16:00:00,6.99,7,6.94,6.99,5035,0
2014-02-26,17:00:00,6.99,7,6.99,6.99,4200,0
2014-02-26,18:00:00,7.02,7.02,7,7.02,2500,0
2014-02-26,19:00:00,7.01,7.01,6.96,7,2200,0
2014-02-26,20:00:00,6.98,7,6.98,7,3550,0
2014-02-26,21:00:00,6.86,6.89,6.86,6.89,1411,0
2014-02-26,22:00:00,6.89,7,6.87,7,11114,0
2014-02-27,16:00:00,6.89,6.95,6.89,6.93,1300,0
2014-02-27,17:00:00,6.99,7,6.95,6.95,3500,0
2014-02-27,18:00:00,6.95,6.95,6.95,6.95,6739,0
2014-02-27,19:00:00,6.98,6.98,6.98,6.98,100,0
2014-02-27,20:00:00,6.99,6.99,6.99,6.99,300,0
2014-02-27,22:00:00,6.87,6.99,6.87,6.95,7497,0
2014-02-28,16:00:00,6.93,6.95,6.9,6.95,3200,0
2014-02-28,17:00:00,6.95,6.95,6.77,6.95,2400,0
2014-02-28,18:00:00,6.95,6.95,6.78,6.88,6950,0
2014-02-28,19:00:00,6.97,6.97,6.96,6.97,500,0
2014-02-28,20:00:00,6.98,6.98,6.98,6.98,600,0
2014-02-28,21:00:00,6.95,6.96,6.95,6.96,500,0
2014-02-28,22:00:00,6.97,6.97,6.83,6.95,6188,0
2014-03-03,16:00:00,6.8,6.9,6.8,6.9,7300,0
2014-03-03,17:00:00,6.9,6.97,6.9,6.97,9171,0
2014-03-03,18:00:00,6.97,6.97,6.97,6.97,555,0
2014-03-03,19:00:00,6.95,6.97,6.89,6.95,1442,0
2014-03-03,20:00:00,6.91,6.97,6.91,6.91,500,0
2014-03-03,21:00:00,6.93,6.97,6.9,6.97,500,0
2014-03-03,22:00:00,6.97,6.97,6.97,6.97,1006,0
2014-03-04,16:00:00,6.88,6.92,6.88,6.91,2119,0
2014-03-04,17:00:00,6.95,6.99,6.95,6.99,839,0
2014-03-04,18:00:00,6.99,7.07,6.99,7.07,4900,0
2014-03-04,19:00:00,7,7.02,6.97,7.02,2400,0
2014-03-04,20:00:00,6.99,7.02,6.99,7.01,2500,0
2014-03-04,21:00:00,7.02,7.02,7,7.02,2100,0
2014-03-04,22:00:00,7.01,7.02,7,7,6721,0
2014-03-05,16:00:00,6.99,6.99,6.99,6.99,100,0
2014-03-05,18:00:00,6.99,7.02,6.99,7.02,3400,0
2014-03-05,19:00:00,6.99,7.03,6.99,7.03,700,0
2014-03-05,20:00:00,7.04,7.04,7.01,7.01,1000,0
2014-03-05,21:00:00,7,7,7,7,800,0
2014-03-05,22:00:00,7,7.04,6.98,7,127910,0
2014-03-06,16:00:00,6.97,6.98,6.97,6.97,500,0
2014-03-06,17:00:00,7.01,7.03,7,7.02,4700,0
2014-03-06,18:00:00,7.01,7.01,7.01,7.01,1100,0
2014-03-06,19:00:00,7.02,7.05,7.02,7.02,300,0
2014-03-06,20:00:00,7.05,7.05,7.04,7.04,300,0
2014-03-06,21:00:00,7.04,7.04,7,7,1400,0
2014-03-06,22:00:00,7,7.03,7,7,4924,0
2014-03-07,16:00:00,7.01,7.01,7,7,1100,0
2014-03-07,17:00:00,7.01,7.01,7,7,1200,0
2014-03-07,18:00:00,7.01,7.01,7,7,3333,0
2014-03-07,19:00:00,7.02,7.02,7.02,7.02,100,0
2014-03-07,20:00:00,7.01,7.01,7.01,7.01,100,0
2014-03-07,21:00:00,7,7,7,7,600,0
2014-03-07,22:00:00,7.01,7.01,7,7,2573,0
2014-03-10,15:00:00,7.01,7.01,7.01,7.01,444,0
2014-03-10,16:00:00,7,7,7,7,100,0
2014-03-10,17:00:00,7.01,7.01,7,7,614,0
2014-03-10,18:00:00,7,7.01,7,7,2600,0
2014-03-10,19:00:00,7.01,7.01,7.01,7.01,200,0
2014-03-10,20:00:00,7.01,7.01,7,7,1863,0
2014-03-10,21:00:00,7.01,7.05,7,7,5370,0
2014-03-11,15:00:00,7,7,7,7,1800,0
2014-03-11,16:00:00,7,7.01,7,7.01,1057,0
2014-03-11,17:00:00,7.01,7.03,7,7,30053,0
2014-03-11,18:00:00,7,7,6.83,6.94,5700,0
2014-03-11,19:00:00,6.93,7,6.93,7,3286,0
2014-03-11,20:00:00,7,7,7,7,100,0
2014-03-11,21:00:00,7,7,6.96,6.96,1500,0
2014-03-12,17:00:00,7,7,6.89,6.93,400,0
2014-03-12,18:00:00,6.88,6.88,6.88,6.88,500,0
2014-03-12,19:00:00,6.89,7,6.84,6.9,1100,0
2014-03-12,20:00:00,6.93,6.93,6.8,6.8,1400,0
2014-03-12,21:00:00,6.78,6.78,6.78,6.78,700,0
2014-03-13,16:00:00,6.88,6.88,6.6,6.6,5191,0
2014-03-13,17:00:00,6.63,6.75,6.63,6.74,3500,0
2014-03-13,18:00:00,6.73,6.73,6.68,6.68,1980,0
2014-03-13,19:00:00,6.69,6.75,6.65,6.74,6000,0
2014-03-13,20:00:00,6.74,6.83,6.73,6.75,3900,0
2014-03-13,21:00:00,6.75,6.82,6.7,6.75,16620,0
2014-03-14,15:00:00,6.7,6.7,6.7,6.7,200,0
2014-03-14,16:00:00,6.7,6.76,6.7,6.76,6450,0
2014-03-14,18:00:00,6.76,6.96,6.76,6.96,2400,0
2014-03-14,19:00:00,6.91,6.91,6.91,6.91,900,0
2014-03-14,20:00:00,6.94,6.94,6.91,6.91,800,0
2014-03-14,21:00:00,6.95,6.95,6.84,6.93,3600,0
2014-03-17,16:00:00,6.81,6.82,6.75,6.75,5032,0
2014-03-17,17:00:00,6.78,6.8,6.75,6.77,2300,0
2014-03-17,18:00:00,6.77,6.77,6.76,6.76,6925,0
2014-03-17,19:00:00,6.76,6.76,6.76,6.76,4800,0
2014-03-17,20:00:00,6.75,6.76,6.75,6.76,6600,0
2014-03-17,21:00:00,6.76,6.8,6.75,6.8,12572,0
2014-03-18,18:00:00,6.85,6.85,6.82,6.85,1182,0
2014-03-18,19:00:00,6.75,6.83,6.74,6.83,1000,0
2014-03-18,20:00:00,6.82,6.83,6.76,6.82,1800,0
2014-03-18,21:00:00,6.81,6.81,6.8,6.8,800,0
2014-03-19,16:00:00,6.77,6.79,6.75,6.75,4130,0
2014-03-19,17:00:00,6.76,6.8,6.75,6.8,32900,0
2014-03-19,18:00:00,6.8,6.81,6.67,6.69,26700,0
2014-03-19,19:00:00,6.75,6.75,6.72,6.75,1538,0
2014-03-19,20:00:00,6.77,6.8,6.75,6.8,800,0
2014-03-19,21:00:00,6.8,6.85,6.78,6.85,6200,0
2014-03-20,15:00:00,6.87,6.87,6.75,6.75,450,0
2014-03-20,16:00:00,6.78,6.85,6.68,6.84,3225,0
2014-03-20,17:00:00,6.85,6.85,6.79,6.81,2200,0
2014-03-20,18:00:00,6.81,6.81,6.8,6.81,800,0
2014-03-20,19:00:00,6.81,6.81,6.79,6.81,1100,0
2014-03-20,20:00:00,6.81,6.85,6.79,6.85,1500,0
2014-03-20,21:00:00,6.85,6.96,6.79,6.95,3100,0
2014-03-21,17:00:00,6.99,6.99,6.81,6.81,1482,0
2014-03-21,18:00:00,6.96,6.96,6.96,6.96,500,0
2014-03-21,21:00:00,6.89,6.91,6.75,6.91,5315,0
2014-03-24,15:00:00,6.83,6.83,6.83,6.83,100,0
2014-03-24,16:00:00,6.8,6.8,6.8,6.8,5900,0
2014-03-24,17:00:00,6.8,6.8,6.77,6.8,4900,0
2014-03-24,18:00:00,6.79,6.8,6.78,6.8,1700,0
2014-03-24,20:00:00,6.8,6.8,6.8,6.8,100,0
2014-03-24,21:00:00,6.79,6.81,6.77,6.81,800,0
2014-03-25,15:00:00,6.8,6.8,6.68,6.68,5470,0
2014-03-25,16:00:00,6.75,6.75,6.75,6.75,2800,0
2014-03-25,18:00:00,6.75,6.75,6.75,6.75,200,0
2014-03-25,19:00:00,6.84,6.84,6.81,6.81,1300,0
2014-03-25,20:00:00,6.85,6.85,6.85,6.85,100,0
2014-03-25,21:00:00,6.81,6.81,6.75,6.76,6665,0
2014-03-26,15:00:00,6.64,6.71,6.64,6.71,200,0
2014-03-26,16:00:00,6.7,6.83,6.7,6.83,400,0
2014-03-26,17:00:00,6.7,6.85,6.7,6.79,5900,0
2014-03-26,18:00:00,6.75,6.75,6.75,6.75,100,0
2014-03-26,19:00:00,6.77,6.77,6.7,6.72,1400,0
2014-03-26,20:00:00,6.74,6.74,6.74,6.74,100,0
2014-03-26,21:00:00,6.71,6.76,6.71,6.76,1500,0
2014-03-27,16:00:00,6.77,6.77,6.77,6.77,775,0
2014-03-27,17:00:00,6.84,6.97,6.84,6.97,400,0
2014-03-27,19:00:00,6.97,6.97,6.81,6.81,600,0
2014-03-27,21:00:00,6.9,6.91,6.75,6.83,4900,0
2014-03-28,16:00:00,6.88,6.88,6.65,6.65,1068,0
2014-03-28,17:00:00,6.78,6.87,6.74,6.85,4800,0
2014-03-28,18:00:00,6.85,6.86,6.84,6.85,2300,0
2014-03-28,19:00:00,6.84,6.85,6.76,6.82,6000,0
2014-03-28,20:00:00,6.84,6.9,6.83,6.9,7100,0
2014-03-31,17:00:00,6.95,6.95,6.95,6.95,1100,0
2014-03-31,18:00:00,6.99,6.99,6.99,6.99,300,0
2014-03-31,19:00:00,6.96,6.96,6.95,6.95,7200,0
2014-03-31,20:00:00,6.89,6.89,6.83,6.83,400,0
2014-03-31,22:00:00,6.84,6.85,6.83,6.85,600,0
2014-04-01,17:00:00,6.85,6.85,6.84,6.84,600,0
2014-04-01,18:00:00,6.87,6.88,6.87,6.88,1000,0
2014-04-01,19:00:00,6.93,6.93,6.93,6.93,300,0
2014-04-01,20:00:00,6.89,6.89,6.89,6.89,200,0
2014-04-01,21:00:00,6.87,6.87,6.86,6.86,500,0
2014-04-01,22:00:00,6.91,6.95,6.88,6.88,7037,0
2014-04-02,17:00:00,6.9,6.9,6.85,6.85,3924,0
2014-04-02,18:00:00,6.89,6.9,6.89,6.9,8950,0
2014-04-02,19:00:00,6.89,6.89,6.86,6.89,1300,0
2014-04-02,20:00:00,6.89,6.89,6.83,6.83,300,0
2014-04-02,21:00:00,6.84,6.89,6.84,6.89,800,0
2014-04-02,22:00:00,6.83,6.92,6.83,6.9,22302,0
2014-04-03,17:00:00,6.88,6.88,6.78,6.78,3524,0
2014-04-03,18:00:00,6.79,6.84,6.74,6.83,1900,0
2014-04-03,19:00:00,6.82,6.85,6.73,6.79,17447,0
2014-04-03,20:00:00,6.79,6.89,6.79,6.89,5424,0
2014-04-03,21:00:00,6.89,6.89,6.89,6.89,3800,0
2014-04-03,22:00:00,6.89,6.9,6.81,6.9,14219,0
2014-04-04,18:00:00,6.84,6.84,6.84,6.84,200,0
2014-04-04,19:00:00,6.84,6.87,6.84,6.87,1170,0
2014-04-04,20:00:00,6.89,6.89,6.89,6.89,600,0
2014-04-04,21:00:00,6.9,6.9,6.89,6.89,1100,0
2014-04-04,22:00:00,6.88,6.9,6.86,6.9,15557,0
2014-04-07,16:00:00,6.86,6.86,6.86,6.86,200,0
2014-04-07,17:00:00,6.86,6.93,6.75,6.81,10787,0
2014-04-07,18:00:00,6.81,6.81,6.8,6.8,1400,0
2014-04-07,19:00:00,6.81,6.89,6.81,6.81,2000,0
2014-04-07,20:00:00,6.82,6.84,6.8,6.8,1500,0
2014-04-07,21:00:00,6.8,6.85,6.8,6.81,2389,0
2014-04-07,22:00:00,6.85,6.9,6.84,6.9,6251,0
2014-04-08,18:00:00,6.75,6.89,6.74,6.89,1800,0
2014-04-08,19:00:00,6.87,6.87,6.87,6.87,100,0
2014-04-08,20:00:00,6.88,6.88,6.87,6.87,300,0
2014-04-08,21:00:00,6.74,6.89,6.74,6.78,1500,0
2014-04-08,22:00:00,6.8,6.86,6.8,6.8,957,0
2014-04-09,19:00:00,6.71,6.84,6.7,6.84,2800,0
2014-04-09,20:00:00,6.74,6.85,6.73,6.85,7400,0
2014-04-09,21:00:00,6.86,6.87,6.86,6.87,600,0
2014-04-09,22:00:00,6.87,6.87,6.78,6.87,2200,0
2014-04-10,16:00:00,6.9,6.9,6.9,6.9,300,0
2014-04-10,17:00:00,6.79,6.79,6.76,6.76,400,0
2014-04-10,18:00:00,6.78,6.8,6.76,6.79,2400,0
2014-04-10,19:00:00,6.76,6.8,6.76,6.8,1755,0
2014-04-10,20:00:00,6.81,6.84,6.76,6.76,1400,0
2014-04-10,21:00:00,6.8,6.81,6.76,6.8,1200,0
2014-04-10,22:00:00,6.8,6.81,6.75,6.81,1800,0
2014-04-11,16:00:00,6.87,6.87,6.87,6.87,100,0
2014-04-11,17:00:00,6.71,6.78,6.71,6.78,1100,0
2014-04-11,18:00:00,6.78,6.78,6.75,6.78,2300,0
2014-04-11,20:00:00,6.88,6.88,6.88,6.88,100,0
2014-04-11,22:00:00,6.8,6.83,6.8,6.8,1042,0
2014-04-14,19:00:00,6.76,6.76,6.65,6.75,2655,0
2014-04-14,20:00:00,6.78,6.78,6.77,6.77,1800,0
2014-04-14,21:00:00,6.78,6.79,6.78,6.79,200,0
2014-04-14,22:00:00,6.78,6.78,6.75,6.75,200,0
2014-04-15,21:00:00,6.8,6.8,6.8,6.8,100,0
2014-04-15,22:00:00,6.69,6.78,6.69,6.78,2312,0
2014-04-16,17:00:00,6.79,6.85,6.78,6.85,3600,0
2014-04-16,18:00:00,6.85,6.85,6.85,6.85,100,0
2014-04-16,20:00:00,6.9,6.9,6.9,6.9,300,0
2014-04-16,21:00:00,6.89,6.89,6.84,6.85,4000,0
2014-04-16,22:00:00,6.83,6.89,6.8,6.89,4300,0
2014-04-17,17:00:00,6.82,6.82,6.82,6.82,600,0
2014-04-17,19:00:00,6.89,6.89,6.89,6.89,100,0
2014-04-17,20:00:00,6.89,6.89,6.89,6.89,100,0
2014-04-17,22:00:00,6.89,6.89,6.82,6.82,300,0
2014-04-21,16:00:00,6.84,6.84,6.82,6.82,2304,0
2014-04-21,17:00:00,6.9,7,6.9,7,16385,0
2014-04-21,18:00:00,7,7.06,6.99,7,37615,0
2014-04-21,19:00:00,7.07,7.07,6.98,6.99,26567,0
2014-04-21,20:00:00,6.99,7.06,6.98,7.06,768,0
2014-04-21,21:00:00,7.06,7.06,7,7.06,4600,0
2014-04-21,22:00:00,7.06,7.06,6.98,6.98,33779,0
2014-04-22,16:00:00,7.06,7.07,7.06,7.07,1200,0
2014-04-22,17:00:00,7.02,7.07,6.98,6.98,3132,0
2014-04-22,18:00:00,6.94,6.97,6.94,6.96,500,0
2014-04-22,19:00:00,6.99,6.99,6.97,6.97,600,0
2014-04-22,20:00:00,7,7,6.99,7,1600,0
2014-04-22,21:00:00,7.02,7.02,7.02,7.02,200,0
2014-04-22,22:00:00,7,7,7,7,49975,0
2014-04-23,16:00:00,7.05,7.05,7.05,7.05,200,0
2014-04-23,17:00:00,7.02,7.02,7,7,800,0
2014-04-23,19:00:00,7.01,7.01,7.01,7.01,100,0
2014-04-23,20:00:00,6.96,6.96,6.96,6.96,200,0
2014-04-23,21:00:00,6.99,6.99,6.94,6.96,2801,0
2014-04-23,22:00:00,6.96,6.97,6.95,6.97,500,0
2014-04-24,16:00:00,6.99,6.99,6.99,6.99,432,0
2014-04-24,17:00:00,6.97,7.07,6.93,7.07,103461,0
2014-04-24,18:00:00,7.05,7.06,7.05,7.05,600,0
2014-04-24,19:00:00,7.06,7.06,7.06,7.06,900,0
2014-04-24,20:00:00,7.02,7.06,7.02,7.06,1300,0
2014-04-24,21:00:00,7.06,7.07,7.01,7.07,1899,0
2014-04-24,22:00:00,7.07,7.14,7.07,7.13,6800,0
2014-04-25,16:00:00,7,7.04,7,7,6050,0
2014-04-25,17:00:00,7,7.05,7,7.05,900,0
2014-04-25,19:00:00,7.09,7.09,7.02,7.02,2945,0
2014-04-25,20:00:00,7.02,7.02,7.02,7.02,544,0
2014-04-25,21:00:00,7.03,7.03,7.03,7.03,941,0
2014-04-25,22:00:00,7.03,7.03,7.01,7.03,5233,0
2014-04-28,17:00:00,7.01,7.1,7.01,7.07,2256,0
2014-04-28,18:00:00,7.06,7.06,7.06,7.06,990,0
2014-04-28,19:00:00,7.02,7.02,7.02,7.02,250,0
2014-04-28,20:00:00,7.1,7.1,7.1,7.1,200,0
2014-04-28,21:00:00,7.15,7.15,7.15,7.15,100,0
2014-04-28,22:00:00,7.04,7.12,7.04,7.08,800,0
2014-04-29,17:00:00,7.02,7.07,7.01,7.07,600,0
2014-04-29,19:00:00,7.02,7.02,7.01,7.02,800,0
2014-04-29,20:00:00,7.03,7.05,7.03,7.05,400,0
2014-04-29,21:00:00,7.05,7.1,7.05,7.1,413,0
2014-04-29,22:00:00,7.1,7.1,7.05,7.09,10600,0
2014-04-30,16:00:00,7.05,7.11,7.05,7.1,7340,0
2014-04-30,17:00:00,7.05,7.05,7.05,7.05,900,0
2014-04-30,18:00:00,7.01,7.05,7,7,700,0
2014-04-30,19:00:00,7.02,7.05,6.89,6.94,4500,0
2014-04-30,20:00:00,6.93,6.95,6.93,6.95,2000,0
2014-04-30,21:00:00,6.93,6.99,6.93,6.93,800,0
2014-04-30,22:00:00,6.9,7.05,6.88,6.95,60337,0
2014-05-01,16:00:00,7.11,7.26,7.02,7.15,42831,0
2014-05-01,17:00:00,7.05,7.06,7.03,7.05,39899,0
2014-05-01,18:00:00,7.05,7.09,7,7.07,12570,0
2014-05-01,19:00:00,7.05,7.05,7.05,7.05,200,0
2014-05-01,20:00:00,7.05,7.05,7,7.02,10860,0
2014-05-01,21:00:00,6.95,6.96,6.95,6.95,400,0
2014-05-01,22:00:00,6.99,7.03,6.99,7.01,5323,0
2014-05-02,16:00:00,6.97,6.98,6.9,6.91,900,0
2014-05-02,17:00:00,6.94,7.02,6.94,6.95,4400,0
2014-05-02,19:00:00,7.02,7.02,7.02,7.02,100,0
2014-05-02,20:00:00,7.02,7.05,7.02,7.04,1550,0
2014-05-02,21:00:00,7.04,7.18,7.04,7.09,9778,0
2014-05-02,22:00:00,7.18,7.24,7.18,7.2,1337,0
2014-05-05,17:00:00,7.11,7.41,7.11,7.38,10750,0
2014-05-05,18:00:00,7.36,7.48,7.36,7.4,3694,0
2014-05-05,19:00:00,7.4,7.4,7.23,7.23,5513,0
2014-05-05,20:00:00,7.28,7.36,7.27,7.35,920,0
2014-05-05,21:00:00,7.36,7.36,7.15,7.31,1900,0
2014-05-05,22:00:00,7.24,7.35,7.24,7.32,1400,0
2014-05-06,17:00:00,7.08,7.24,7.02,7.24,10626,0
2014-05-06,18:00:00,7.24,7.42,7.24,7.29,3100,0
2014-05-06,19:00:00,7.42,7.42,7.26,7.27,1500,0
2014-05-06,20:00:00,7.27,7.27,7.27,7.27,500,0
2014-05-06,21:00:00,7.33,7.33,7.28,7.28,2100,0
2014-05-06,22:00:00,7.33,7.44,7.28,7.44,2690,0
2014-05-07,16:00:00,7.29,7.4,7.29,7.4,525,0
2014-05-07,18:00:00,7.32,7.32,7.32,7.32,100,0
2014-05-07,19:00:00,7.33,7.34,7.33,7.34,5100,0
2014-05-07,20:00:00,7.35,7.38,7.35,7.38,9092,0
2014-05-07,22:00:00,7.38,7.38,7.34,7.34,2335,0
