Date,Time,Open,High,Low,Close,Volume,OpenInt
2014-02-10,16:00:00,23.9108,23.9108,23.8617,23.901,2249,0
2014-02-10,17:00:00,23.901,23.9207,23.8715,23.901,11930,0
2014-02-10,18:00:00,23.8814,23.9108,23.8617,23.9108,2751,0
2014-02-10,19:00:00,23.9108,23.9207,23.901,23.901,5152,0
2014-02-10,20:00:00,23.901,23.901,23.8912,23.901,14061,0
2014-02-10,21:00:00,23.901,23.9207,23.8814,23.9108,14587,0
2014-02-10,22:00:00,23.901,23.9207,23.8912,23.9207,5904,0
2014-02-11,16:00:00,23.8912,23.9698,23.8912,23.9698,10792,0
2014-02-11,17:00:00,23.8814,23.9305,23.8715,23.8912,9341,0
2014-02-11,18:00:00,23.9108,23.9207,23.901,23.9207,4377,0
2014-02-11,19:00:00,23.9207,23.9207,23.9108,23.9108,1425,0
2014-02-11,20:00:00,23.8912,23.9207,23.8814,23.901,5778,0
2014-02-11,21:00:00,23.9305,23.9305,23.8715,23.8715,5210,0
2014-02-11,22:00:00,23.9305,23.9403,23.8715,23.9403,10082,0
2014-02-12,16:00:00,23.97,24.01,23.95,24,16998,0
2014-02-12,17:00:00,23.91,24.07,23.91,24.05,8923,0
2014-02-12,18:00:00,24.05,24.1,24.05,24.1,1800,0
2014-02-12,19:00:00,24.1,24.13,24.07,24.13,2700,0
2014-02-12,20:00:00,24.13,24.14,24.13,24.14,3128,0
2014-02-12,21:00:00,24.2,24.22,24.19,24.2,9796,0
2014-02-12,22:00:00,24.22,24.22,24.16,24.16,3707,0
2014-02-13,16:00:00,24.11,24.12,24.11,24.12,582,0
2014-02-13,17:00:00,24.18,24.2,24.17,24.17,2577,0
2014-02-13,18:00:00,24.18,24.2,24.18,24.19,2260,0
2014-02-13,19:00:00,24.2,24.21,24.15,24.18,3000,0
2014-02-13,20:00:00,24.2,24.21,24.19,24.19,3500,0
2014-02-13,21:00:00,24.21,24.21,24.17,24.17,3525,0
2014-02-13,22:00:00,24.16,24.24,24.11,24.22,6924,0
2014-02-14,16:00:00,24.12,24.19,24.1,24.11,2389,0
2014-02-14,17:00:00,24.14,24.19,24.11,24.12,6123,0
2014-02-14,18:00:00,24.11,24.11,24.02,24.02,3200,0
2014-02-14,19:00:00,24.01,24.04,24,24.02,2090,0
2014-02-14,20:00:00,24.06,24.06,24.06,24.06,610,0
2014-02-14,21:00:00,24.07,24.12,24.05,24.12,4118,0
2014-02-14,22:00:00,24.1,24.15,24.08,24.15,5950,0
2014-02-18,16:00:00,24.25,24.25,24.15,24.15,3113,0
2014-02-18,17:00:00,24.15,24.2,24.14,24.2,3095,0
2014-02-18,18:00:00,24.2,24.31,24.2,24.31,11067,0
2014-02-18,19:00:00,24.31,24.54,24.27,24.51,35664,0
2014-02-18,20:00:00,24.51,24.54,24.48,24.51,11927,0
2014-02-18,21:00:00,24.49,24.5,24.47,24.5,13851,0
2014-02-18,22:00:00,24.45,24.5,24.45,24.49,7700,0
2014-02-19,16:00:00,24.38,24.56,24.38,24.56,5042,0
2014-02-19,17:00:00,24.57,24.65,24.54,24.64,11027,0
2014-02-19,18:00:00,24.69,24.69,24.59,24.59,7654,0
2014-02-19,19:00:00,24.62,24.63,24.54,24.58,5025,0
2014-02-19,20:00:00,24.56,24.58,24.55,24.58,2731,0
2014-02-19,21:00:00,24.58,24.65,24.55,24.57,16184,0
2014-02-19,22:00:00,24.55,24.59,24.53,24.54,5174,0
2014-02-20,16:00:00,24.62,24.67,24.46,24.46,6220,0
2014-02-20,17:00:00,24.46,24.46,24.28,24.32,11150,0
2014-02-20,18:00:00,24.39,24.47,24.38,24.45,5599,0
2014-02-20,19:00:00,24.48,24.59,24.48,24.57,4800,0
2014-02-20,20:00:00,24.58,24.59,24.53,24.55,3711,0
2014-02-20,21:00:00,24.51,24.59,24.51,24.56,4368,0
2014-02-20,22:00:00,24.55,24.6,24.54,24.6,6194,0
2014-02-21,16:00:00,24.68,24.7,24.66,24.7,1844,0
2014-02-21,17:00:00,24.71,24.71,24.67,24.69,8700,0
2014-02-21,18:00:00,24.68,24.73,24.55,24.55,5468,0
2014-02-21,19:00:00,24.62,24.64,24.55,24.64,9986,0
2014-02-21,20:00:00,24.64,24.73,24.62,24.65,5744,0
2014-02-21,21:00:00,24.62,24.62,24.6,24.6,3838,0
2014-02-21,22:00:00,24.66,24.67,24.61,24.61,11200,0
2014-02-24,16:00:00,24.66,24.7,24.5,24.53,9002,0
2014-02-24,17:00:00,24.58,24.58,24.56,24.56,4940,0
2014-02-24,18:00:00,24.53,24.59,24.51,24.59,4286,0
2014-02-24,19:00:00,24.54,24.55,24.5,24.52,6627,0
2014-02-24,20:00:00,24.5,24.52,24.46,24.46,1640,0
2014-02-24,21:00:00,24.43,24.54,24.41,24.54,6925,0
2014-02-24,22:00:00,24.5,24.5,24.46,24.46,3800,0
2014-02-25,16:00:00,24.55,24.55,24.55,24.55,200,0
2014-02-25,17:00:00,24.47,24.51,24.45,24.51,3995,0
2014-02-25,18:00:00,24.44,24.5,24.44,24.5,2924,0
2014-02-25,19:00:00,24.5,24.63,24.49,24.59,7622,0
2014-02-25,20:00:00,24.6,24.6,24.6,24.6,2340,0
2014-02-25,21:00:00,24.59,24.66,24.58,24.63,14480,0
2014-02-25,22:00:00,24.66,24.66,24.62,24.65,4552,0
2014-02-26,16:00:00,24.67,24.67,24.65,24.65,1250,0
2014-02-26,17:00:00,24.68,24.68,24.67,24.67,862,0
2014-02-26,18:00:00,24.7,24.7,24.56,24.56,8230,0
2014-02-26,19:00:00,24.58,24.58,24.54,24.54,2700,0
2014-02-26,20:00:00,24.59,24.6,24.56,24.59,7621,0
2014-02-26,21:00:00,24.57,24.59,24.56,24.57,4350,0
2014-02-26,22:00:00,24.53,24.54,24.51,24.53,3715,0
2014-02-27,16:00:00,24.73,24.73,24.68,24.68,485,0
2014-02-27,17:00:00,24.7,24.72,24.66,24.7,3100,0
2014-02-27,18:00:00,24.67,24.67,24.67,24.67,3715,0
2014-02-27,19:00:00,24.63,24.67,24.63,24.67,7846,0
2014-02-27,20:00:00,24.67,24.67,24.63,24.67,7450,0
2014-02-27,21:00:00,24.65,24.67,24.65,24.67,7484,0
2014-02-27,22:00:00,24.65,24.7,24.63,24.7,16649,0
2014-02-28,16:00:00,24.69,24.71,24.69,24.71,800,0
2014-02-28,17:00:00,24.66,24.72,24.66,24.72,5900,0
2014-02-28,18:00:00,24.68,24.72,24.68,24.7,2335,0
2014-02-28,19:00:00,24.67,24.72,24.67,24.71,2025,0
2014-02-28,20:00:00,24.71,24.72,24.68,24.68,14940,0
2014-02-28,21:00:00,24.72,24.72,24.68,24.68,3200,0
2014-02-28,22:00:00,24.7,24.72,24.69,24.72,5728,0
2014-03-03,16:00:00,24.69,24.69,24.5,24.53,8274,0
2014-03-03,17:00:00,24.62,24.64,24.56,24.56,3130,0
2014-03-03,18:00:00,24.56,24.61,24.52,24.55,2680,0
2014-03-03,19:00:00,24.61,24.63,24.57,24.61,2001,0
2014-03-03,20:00:00,24.61,24.68,24.58,24.68,3316,0
2014-03-03,21:00:00,24.7,24.72,24.7,24.72,1500,0
2014-03-03,22:00:00,24.73,24.73,24.69,24.73,3129,0
2014-03-04,16:00:00,24.76,24.76,24.76,24.76,771,0
2014-03-04,17:00:00,24.65,24.78,24.64,24.78,5782,0
2014-03-04,18:00:00,24.78,24.86,24.78,24.85,3200,0
2014-03-04,19:00:00,24.84,24.85,24.82,24.82,2896,0
2014-03-04,20:00:00,24.82,24.86,24.82,24.86,4748,0
2014-03-04,21:00:00,24.86,24.87,24.81,24.81,4710,0
2014-03-04,22:00:00,24.8,24.82,24.8,24.82,10600,0
2014-03-05,16:00:00,24.72,24.75,24.72,24.74,1508,0
2014-03-05,17:00:00,24.81,24.82,24.78,24.81,3239,0
2014-03-05,18:00:00,24.8,24.83,24.8,24.83,1500,0
2014-03-05,19:00:00,24.83,24.88,24.83,24.88,3775,0
2014-03-05,20:00:00,24.82,24.84,24.82,24.84,1376,0
2014-03-05,21:00:00,24.83,24.9,24.83,24.89,4573,0
2014-03-05,22:00:00,24.89,24.9,24.87,24.89,2869,0
2014-03-06,16:00:00,24.84,24.94,24.84,24.94,9536,0
2014-03-06,17:00:00,24.99,24.99,24.93,24.96,3900,0
2014-03-06,18:00:00,24.96,24.96,24.94,24.96,3600,0
2014-03-06,19:00:00,24.96,24.96,24.94,24.96,2900,0
2014-03-06,20:00:00,24.95,24.96,24.95,24.96,1700,0
2014-03-06,21:00:00,24.93,24.96,24.92,24.93,9628,0
2014-03-06,22:00:00,24.95,24.95,24.89,24.91,11559,0
2014-03-07,16:00:00,24.84,24.92,24.82,24.92,3225,0
2014-03-07,17:00:00,24.87,24.88,24.84,24.84,4117,0
2014-03-07,18:00:00,24.84,24.84,24.8,24.84,5300,0
2014-03-07,21:00:00,24.85,24.85,24.84,24.84,2415,0
2014-03-07,22:00:00,24.84,24.85,24.75,24.75,9122,0
2014-03-10,15:00:00,24.74,24.76,24.68,24.76,3785,0
2014-03-10,16:00:00,24.74,24.79,24.68,24.68,5543,0
2014-03-10,17:00:00,24.71,24.75,24.71,24.75,1400,0
2014-03-10,18:00:00,24.7,24.71,24.7,24.71,1633,0
2014-03-10,19:00:00,24.72,24.79,24.69,24.78,2504,0
2014-03-10,20:00:00,24.76,24.83,24.68,24.78,19434,0
2014-03-10,21:00:00,24.82,24.82,24.79,24.79,4850,0
2014-03-11,16:00:00,24.78,24.78,24.7,24.7,2335,0
2014-03-11,17:00:00,24.7,24.7,24.67,24.69,1900,0
2014-03-11,18:00:00,24.7,24.77,24.68,24.77,7135,0
2014-03-11,19:00:00,24.75,24.75,24.74,24.75,900,0
2014-03-11,20:00:00,24.76,24.76,24.73,24.76,2802,0
2014-03-11,21:00:00,24.78,24.81,24.78,24.78,5138,0
2014-03-12,15:00:00,24.8,24.86,24.78,24.85,2600,0
2014-03-12,16:00:00,24.85,24.85,24.83,24.85,2164,0
2014-03-12,17:00:00,24.86,24.86,24.85,24.86,2500,0
2014-03-12,18:00:00,24.86,24.87,24.86,24.87,3500,0
2014-03-12,19:00:00,24.87,24.87,24.87,24.87,3900,0
2014-03-12,20:00:00,24.87,24.88,24.86,24.88,10634,0
2014-03-12,21:00:00,24.88,24.98,24.87,24.98,5348,0
2014-03-13,15:00:00,24.95,24.95,24.95,24.95,500,0
2014-03-13,16:00:00,24.99,24.99,24.99,24.99,520,0
2014-03-13,17:00:00,24.96,24.96,24.91,24.93,5987,0
2014-03-13,18:00:00,24.91,24.95,24.91,24.95,4300,0
2014-03-13,19:00:00,24.92,24.92,24.92,24.92,200,0
2014-03-13,20:00:00,24.94,24.98,24.94,24.98,1943,0
2014-03-13,21:00:00,24.97,25,24.97,25,7617,0
2014-03-14,15:00:00,24.93,24.94,24.89,24.89,1363,0
2014-03-14,16:00:00,24.89,24.89,24.73,24.8,4309,0
2014-03-14,17:00:00,24.73,24.77,24.7,24.77,2452,0
2014-03-14,18:00:00,24.84,24.84,24.84,24.84,1700,0
2014-03-14,19:00:00,24.84,25,24.84,24.99,9300,0
2014-03-14,20:00:00,24.99,24.99,24.97,24.97,3251,0
2014-03-14,21:00:00,24.97,24.98,24.95,24.95,4136,0
2014-03-17,15:00:00,24.96,24.96,24.94,24.94,2991,0
2014-03-17,16:00:00,24.93,24.95,24.85,24.94,11504,0
2014-03-17,17:00:00,24.9,24.96,24.9,24.93,11137,0
2014-03-17,18:00:00,24.98,24.98,24.97,24.97,1784,0
2014-03-17,19:00:00,24.98,25.05,24.98,25.02,17167,0
2014-03-17,20:00:00,25.03,25.03,25.03,25.03,2366,0
2014-03-17,21:00:00,25.05,25.1,25.03,25.04,7147,0
2014-03-18,16:00:00,25.02,25.11,25,25.05,11425,0
2014-03-18,17:00:00,25.04,25.12,25.04,25.12,10556,0
2014-03-18,18:00:00,25.12,25.2,25.12,25.2,4190,0
2014-03-18,19:00:00,25.2,25.2,25.17,25.2,7400,0
2014-03-18,20:00:00,25.18,25.22,25.16,25.19,7300,0
2014-03-18,21:00:00,25.22,25.37,25.22,25.37,5450,0
2014-03-19,15:00:00,25.38,25.6,25.38,25.5,1769,0
2014-03-19,16:00:00,25.5,25.5,25.35,25.35,3758,0
2014-03-19,17:00:00,25.35,25.35,25.27,25.27,5096,0
2014-03-19,18:00:00,25.27,25.3,25.26,25.3,2763,0
2014-03-19,19:00:00,25.26,25.29,25.26,25.29,528,0
2014-03-19,20:00:00,25.3,25.3,25.19,25.19,15650,0
2014-03-19,21:00:00,25.24,25.28,25.22,25.22,4630,0
2014-03-20,15:00:00,25.01,25.23,25.01,25.1,5650,0
2014-03-20,16:00:00,25.18,25.18,25.17,25.17,1100,0
2014-03-20,17:00:00,25.26,25.26,25.14,25.14,2653,0
2014-03-20,18:00:00,25.19,25.2,25.19,25.2,3336,0
2014-03-20,19:00:00,25.19,25.19,25.02,25.02,7500,0
2014-03-20,20:00:00,25.09,25.13,25.04,25.05,2455,0
2014-03-20,21:00:00,25.04,25.1,24.94,25,14623,0
2014-03-21,15:00:00,25,25.2,25,25.1,1597,0
2014-03-21,16:00:00,25.04,25.1,25.04,25.1,1350,0
2014-03-21,17:00:00,25.05,25.1,25.05,25.1,3752,0
2014-03-21,18:00:00,25.15,25.15,25.11,25.11,600,0
2014-03-21,19:00:00,25.15,25.27,25.15,25.23,5714,0
2014-03-21,20:00:00,25.23,25.24,25.23,25.24,1100,0
2014-03-21,21:00:00,25.25,25.25,25.22,25.22,2060,0
2014-03-24,15:00:00,25.3,25.36,25.3,25.36,2200,0
2014-03-24,16:00:00,25.29,25.3,25.26,25.3,4580,0
2014-03-24,17:00:00,25.3,25.3,25.3,25.3,1500,0
2014-03-24,18:00:00,25.3,25.3,25.3,25.3,2600,0
2014-03-24,19:00:00,25.32,25.32,25.32,25.32,6876,0
2014-03-24,20:00:00,25.32,25.32,25.31,25.31,5665,0
2014-03-24,21:00:00,25.32,25.4,25.32,25.4,9298,0
2014-03-25,15:00:00,25.34,25.35,25.31,25.35,2375,0
2014-03-25,16:00:00,25.38,25.38,25.38,25.38,2600,0
2014-03-25,17:00:00,25.38,25.38,25.34,25.34,5609,0
2014-03-25,18:00:00,25.38,25.4,25.38,25.38,1496,0
2014-03-25,19:00:00,25.38,25.38,25.35,25.35,3000,0
2014-03-25,20:00:00,25.35,25.38,25.32,25.32,4885,0
2014-03-25,21:00:00,25.32,25.34,25.23,25.23,3535,0
2014-03-26,15:00:00,25.33,25.33,25.28,25.3,705,0
2014-03-26,16:00:00,25.28,25.32,25.24,25.26,3556,0
2014-03-26,17:00:00,25.26,25.27,25.26,25.26,780,0
2014-03-26,18:00:00,25.26,25.26,25.23,25.24,1400,0
2014-03-26,19:00:00,25.23,25.26,25.23,25.24,900,0
2014-03-26,20:00:00,25.24,25.28,25.24,25.26,926,0
2014-03-26,21:00:00,25.26,25.27,25.23,25.24,2255,0
2014-03-27,15:00:00,25.13,25.35,25.13,25.22,639,0
2014-03-27,16:00:00,25.24,25.26,25.21,25.21,3516,0
2014-03-27,17:00:00,25.28,25.3,25.21,25.21,4273,0
2014-03-27,18:00:00,25.23,25.27,25.23,25.27,1100,0
2014-03-27,19:00:00,25.26,25.3,25.25,25.26,4760,0
2014-03-27,20:00:00,25.25,25.33,25.25,25.33,8266,0
2014-03-27,21:00:00,25.33,25.37,25.23,25.23,4146,0
2014-03-28,15:00:00,25.2,25.33,25.11,25.11,892,0
2014-03-28,16:00:00,25.11,25.27,25.11,25.27,1400,0
2014-03-28,17:00:00,25.2,25.26,25.2,25.26,2930,0
2014-03-28,18:00:00,25.23,25.23,25.23,25.23,1100,0
2014-03-28,19:00:00,25.23,25.23,25.21,25.21,3045,0
2014-03-28,20:00:00,25.2,25.23,25.2,25.2,3102,0
2014-03-28,21:00:00,25.2,25.21,25.16,25.17,5131,0
2014-03-31,16:00:00,25.16,25.16,25.16,25.16,300,0
2014-03-31,17:00:00,25.16,25.25,25.16,25.22,3809,0
2014-03-31,18:00:00,25.21,25.26,25.2,25.26,2868,0
2014-03-31,19:00:00,25.26,25.35,25.24,25.35,2600,0
2014-03-31,20:00:00,25.35,25.35,25.29,25.29,800,0
2014-03-31,21:00:00,25.29,25.41,25.29,25.41,3689,0
2014-03-31,22:00:00,25.4,25.42,25.34,25.39,5750,0
2014-04-01,16:00:00,25.17,25.38,25.17,25.33,1086,0
2014-04-01,17:00:00,25.34,25.51,25.34,25.51,3000,0
2014-04-01,18:00:00,25.48,25.56,25.48,25.56,6591,0
2014-04-01,19:00:00,25.56,25.56,25.46,25.51,11360,0
2014-04-01,20:00:00,25.46,25.46,25.45,25.46,1830,0
2014-04-01,21:00:00,25.49,25.49,25.39,25.39,10465,0
2014-04-01,22:00:00,25.39,25.43,25.27,25.36,14359,0
2014-04-02,16:00:00,25.44,25.44,25.44,25.44,1200,0
2014-04-02,17:00:00,25.39,25.39,25.37,25.37,810,0
2014-04-02,18:00:00,25.31,25.31,25.26,25.26,1222,0
2014-04-02,19:00:00,25.28,25.28,25.16,25.2,4981,0
2014-04-02,20:00:00,25.15,25.17,25.13,25.16,5898,0
2014-04-02,21:00:00,25.14,25.15,25.14,25.15,2800,0
2014-04-02,22:00:00,25.17,25.18,25.11,25.11,7024,0
2014-04-03,16:00:00,25.2,25.2,25.2,25.2,822,0
2014-04-03,17:00:00,25.09,25.14,25.09,25.1,1912,0
2014-04-03,18:00:00,25.1,25.27,25.1,25.22,24446,0
2014-04-03,19:00:00,25.22,25.23,25.2,25.22,1966,0
2014-04-03,20:00:00,25.2,25.31,25.2,25.22,6368,0
2014-04-03,21:00:00,25.22,25.27,25.22,25.26,3295,0
2014-04-03,22:00:00,25.2,25.2,25.13,25.13,3500,0
2014-04-04,16:00:00,25.12,25.12,25.1,25.1,2180,0
2014-04-04,17:00:00,25.09,25.18,25.06,25.18,12530,0
2014-04-04,18:00:00,25.2,25.2,25.1,25.1,2430,0
2014-04-04,19:00:00,25.1,25.17,25.05,25.06,2821,0
2014-04-04,20:00:00,25.08,25.17,25.06,25.06,24400,0
2014-04-04,21:00:00,25.08,25.11,25,25,8387,0
2014-04-04,22:00:00,25,25.03,24.95,24.95,6008,0
2014-04-07,16:00:00,24.92,24.92,24.92,24.92,200,0
2014-04-07,17:00:00,24.98,25.02,24.92,24.92,2330,0
2014-04-07,18:00:00,24.93,24.99,24.73,24.76,29640,0
2014-04-07,19:00:00,24.74,24.79,24.73,24.73,7601,0
2014-04-07,20:00:00,24.73,24.81,24.73,24.75,8852,0
2014-04-07,21:00:00,24.7,24.76,24.57,24.6,14073,0
2014-04-07,22:00:00,24.64,24.79,24.6,24.65,10867,0
2014-04-08,16:00:00,24.62,24.62,24.62,24.62,400,0
2014-04-08,17:00:00,24.63,24.7,24.63,24.7,12532,0
2014-04-08,18:00:00,24.7,24.73,24.66,24.73,21154,0
2014-04-08,19:00:00,24.72,24.72,24.56,24.56,13735,0
2014-04-08,20:00:00,24.56,24.6,24.56,24.6,5150,0
2014-04-08,21:00:00,24.6,24.6,24.36,24.42,15840,0
2014-04-08,22:00:00,24.37,24.45,24.27,24.29,12137,0
2014-04-09,16:00:00,24.31,24.38,24.31,24.38,1233,0
2014-04-09,17:00:00,24.38,24.54,24.35,24.46,12155,0
2014-04-09,18:00:00,24.47,24.51,24.41,24.41,18056,0
2014-04-09,19:00:00,24.47,24.51,24.41,24.43,14186,0
2014-04-09,20:00:00,24.48,24.55,24.48,24.53,9616,0
2014-04-09,21:00:00,24.52,24.56,24.46,24.51,17288,0
2014-04-09,22:00:00,24.56,24.56,24.49,24.51,6921,0
2014-04-10,16:00:00,24.48,24.61,24.47,24.61,5846,0
2014-04-10,17:00:00,24.61,24.7,24.6,24.65,14328,0
2014-04-10,18:00:00,24.64,24.68,24.64,24.68,9141,0
2014-04-10,19:00:00,24.66,24.66,24.63,24.63,8485,0
2014-04-10,20:00:00,24.62,24.65,24.62,24.63,1980,0
2014-04-10,21:00:00,24.64,24.65,24.61,24.61,6387,0
2014-04-10,22:00:00,24.61,24.61,24.58,24.58,6079,0
2014-04-11,16:00:00,24.55,24.6,24.55,24.6,3574,0
2014-04-11,17:00:00,24.62,24.67,24.62,24.64,6536,0
2014-04-11,18:00:00,24.71,24.77,24.71,24.77,5112,0
2014-04-11,19:00:00,24.77,24.77,24.71,24.72,2880,0
2014-04-11,20:00:00,24.72,24.76,24.7,24.71,15778,0
2014-04-11,21:00:00,24.69,24.7,24.66,24.69,4943,0
2014-04-11,22:00:00,24.66,24.68,24.61,24.61,7910,0
2014-04-14,16:00:00,24.63,24.69,24.6,24.62,5417,0
2014-04-14,17:00:00,24.62,24.62,24.56,24.58,2200,0
2014-04-14,18:00:00,24.56,24.66,24.53,24.65,27031,0
2014-04-14,19:00:00,24.65,24.68,24.63,24.64,5033,0
2014-04-14,20:00:00,24.63,24.63,24.56,24.56,7300,0
2014-04-14,21:00:00,24.6,24.61,24.53,24.58,8277,0
2014-04-14,22:00:00,24.57,24.59,24.54,24.57,8136,0
2014-04-15,16:00:00,24.51,24.55,24.48,24.48,13049,0
2014-04-15,17:00:00,24.54,24.59,24.44,24.48,11150,0
2014-04-15,18:00:00,24.49,24.51,24.44,24.48,7368,0
2014-04-15,19:00:00,24.49,24.51,24.44,24.5,4900,0
2014-04-15,20:00:00,24.51,24.55,24.48,24.53,11008,0
2014-04-15,21:00:00,24.51,24.53,24.45,24.46,5846,0
2014-04-15,22:00:00,24.44,24.5,24.43,24.46,11518,0
2014-04-16,16:00:00,24.46,24.48,24.43,24.43,1268,0
2014-04-16,17:00:00,24.44,24.44,24.24,24.28,45820,0
2014-04-16,18:00:00,24.28,24.43,24.28,24.39,29913,0
2014-04-16,19:00:00,24.4,24.43,24.38,24.42,21337,0
2014-04-16,20:00:00,24.39,24.41,24.38,24.38,1248,0
2014-04-16,21:00:00,24.37,24.4,24.31,24.35,9220,0
2014-04-16,22:00:00,24.39,24.4,24.39,24.4,1855,0
2014-04-17,16:00:00,24.42,24.42,24.41,24.41,335,0
2014-04-17,17:00:00,24.4,24.4,24.32,24.32,13630,0
2014-04-17,18:00:00,24.32,24.39,24.32,24.35,22921,0
2014-04-17,19:00:00,24.4,24.48,24.34,24.47,12836,0
2014-04-17,20:00:00,24.43,24.46,24.41,24.46,15220,0
2014-04-17,21:00:00,24.44,24.54,24.41,24.54,11415,0
2014-04-17,22:00:00,24.54,24.54,24.47,24.47,9895,0
2014-04-21,16:00:00,24.51,24.52,24.5,24.52,7682,0
2014-04-21,17:00:00,24.51,24.54,24.51,24.54,5294,0
2014-04-21,18:00:00,24.53,24.6,24.53,24.56,8554,0
2014-04-21,19:00:00,24.6,24.6,24.57,24.6,10000,0
2014-04-21,20:00:00,24.57,24.6,24.57,24.59,2607,0
2014-04-21,21:00:00,24.59,24.6,24.54,24.55,15220,0
2014-04-21,22:00:00,24.57,24.57,24.55,24.56,4863,0
2014-04-22,16:00:00,24.58,24.68,24.58,24.68,7798,0
2014-04-22,17:00:00,24.68,24.68,24.64,24.68,8961,0
2014-04-22,18:00:00,24.69,24.75,24.69,24.74,6050,0
2014-04-22,19:00:00,24.74,24.79,24.7,24.72,4054,0
2014-04-22,20:00:00,24.78,24.83,24.78,24.83,5444,0
2014-04-22,21:00:00,24.85,24.85,24.81,24.82,7399,0
2014-04-22,22:00:00,24.81,24.85,24.81,24.82,3664,0
2014-04-23,16:00:00,24.84,24.99,24.83,24.99,12617,0
2014-04-23,17:00:00,24.93,24.97,24.84,24.84,4432,0
2014-04-23,18:00:00,24.83,24.86,24.79,24.79,8688,0
2014-04-23,19:00:00,24.82,24.82,24.78,24.78,11853,0
2014-04-23,20:00:00,24.75,24.79,24.74,24.78,4040,0
2014-04-23,21:00:00,24.75,24.79,24.75,24.79,3371,0
2014-04-23,22:00:00,24.79,24.79,24.68,24.72,9634,0
2014-04-24,16:00:00,24.68,24.75,24.65,24.71,3542,0
2014-04-24,17:00:00,24.7,24.73,24.65,24.66,5620,0
2014-04-24,18:00:00,24.66,24.77,24.65,24.73,28093,0
2014-04-24,19:00:00,24.73,24.75,24.68,24.71,6469,0
2014-04-24,20:00:00,24.71,24.76,24.71,24.73,2179,0
2014-04-24,21:00:00,24.73,24.77,24.73,24.76,4044,0
2014-04-24,22:00:00,24.73,24.73,24.68,24.69,7022,0
2014-04-25,16:00:00,24.65,24.65,24.58,24.61,1700,0
2014-04-25,17:00:00,24.59,24.64,24.59,24.64,4342,0
2014-04-25,18:00:00,24.63,24.72,24.61,24.69,4500,0
2014-04-25,19:00:00,24.7,24.76,24.7,24.75,2790,0
2014-04-25,20:00:00,24.7,24.74,24.7,24.74,1200,0
2014-04-25,21:00:00,24.7,24.73,24.67,24.67,6816,0
2014-04-25,22:00:00,24.7,24.74,24.67,24.67,3001,0
2014-04-28,16:00:00,24.7,24.73,24.69,24.73,5136,0
2014-04-28,17:00:00,24.71,24.75,24.71,24.75,9359,0
2014-04-28,18:00:00,24.75,24.75,24.73,24.73,8948,0
2014-04-28,19:00:00,24.74,24.75,24.73,24.75,7770,0
2014-04-28,20:00:00,24.74,24.75,24.73,24.75,4870,0
2014-04-28,21:00:00,24.75,24.75,24.75,24.75,8066,0
2014-04-28,22:00:00,24.75,24.8,24.74,24.76,18053,0
2014-04-29,16:00:00,24.86,24.86,24.86,24.86,8357,0
2014-04-29,17:00:00,24.86,24.86,24.79,24.81,31372,0
2014-04-29,18:00:00,24.82,24.86,24.82,24.86,4012,0
2014-04-29,19:00:00,24.85,24.93,24.83,24.83,19616,0
2014-04-29,20:00:00,24.85,24.93,24.85,24.93,9410,0
2014-04-29,21:00:00,24.93,24.97,24.93,24.94,6540,0
2014-04-29,22:00:00,24.94,24.99,24.94,24.95,8276,0
2014-04-30,16:00:00,24.95,25.06,24.91,25.06,2500,0
2014-04-30,17:00:00,24.96,25.09,24.96,25.02,2900,0
2014-04-30,18:00:00,25.02,25.02,25.02,25.02,200,0
2014-04-30,19:00:00,25.02,25.08,25.02,25.06,5425,0
2014-04-30,20:00:00,25.05,25.07,25,25.01,6211,0
2014-04-30,21:00:00,25.01,25.07,25,25.07,6132,0
2014-04-30,22:00:00,25.1,25.19,25.1,25.19,11839,0
2014-05-01,16:00:00,25.19,25.19,25.13,25.16,2779,0
2014-05-01,17:00:00,25.16,25.19,25.11,25.19,10724,0
2014-05-01,18:00:00,25.18,25.19,25.03,25.03,29028,0
2014-05-01,19:00:00,25.02,25.07,25.01,25.07,7077,0
2014-05-01,20:00:00,25.04,25.04,25.01,25.01,3982,0
2014-05-01,21:00:00,25.01,25.05,25.01,25.01,7290,0
2014-05-01,22:00:00,25.04,25.08,25.04,25.07,4359,0
2014-05-02,16:00:00,25.16,25.18,25.08,25.15,2000,0
2014-05-02,17:00:00,25.18,25.19,25.01,25.09,45787,0
2014-05-02,18:00:00,25.09,25.11,25.07,25.07,10189,0
2014-05-02,19:00:00,25.1,25.12,25.1,25.11,5053,0
2014-05-02,20:00:00,25.12,25.15,25.12,25.15,3465,0
2014-05-02,21:00:00,25.15,25.16,25.13,25.16,9300,0
2014-05-02,22:00:00,25.17,25.19,25.14,25.19,4986,0
2014-05-05,16:00:00,25.2,25.25,25.15,25.21,9589,0
2014-05-05,17:00:00,25.19,25.36,25.19,25.35,53991,0
2014-05-05,18:00:00,25.28,25.35,25.22,25.22,9636,0
2014-05-05,19:00:00,25.21,25.28,25.15,25.23,10043,0
2014-05-05,21:00:00,25.23,25.28,25.23,25.28,2182,0
2014-05-05,22:00:00,25.25,25.27,25.21,25.24,24311,0
2014-05-06,16:00:00,25.28,25.32,25.26,25.27,1816,0
2014-05-06,17:00:00,25.26,25.32,25.26,25.3,11096,0
2014-05-06,18:00:00,25.28,25.28,25.2,25.2,6814,0
2014-05-06,19:00:00,25.23,25.29,25.2,25.29,3100,0
2014-05-06,20:00:00,25.24,25.26,25.24,25.26,1700,0
2014-05-06,21:00:00,25.28,25.28,25.2,25.2,10121,0
2014-05-06,22:00:00,25.2,25.2,25.14,25.18,12978,0
2014-05-07,16:00:00,25.27,25.27,25.13,25.18,27300,0
2014-05-07,17:00:00,25.19,25.19,25.1,25.16,11291,0
2014-05-07,18:00:00,25.16,25.16,25.15,25.15,8800,0
2014-05-07,19:00:00,25.16,25.2,25.15,25.16,12588,0
2014-05-07,20:00:00,25.22,25.22,25.22,25.22,6300,0
2014-05-07,21:00:00,25.22,25.22,25.2,25.2,2978,0
2014-05-07,22:00:00,25.17,25.22,25.16,25.16,6951,0
