Date,Time,Open,High,Low,Close,Volume,OpenInt
2014-02-10,16:00:00,13.1759,13.225,13.1366,13.225,28504,0
2014-02-10,17:00:00,13.2054,13.2447,13.1366,13.1464,31816,0
2014-02-10,18:00:00,13.1366,13.2054,13.1071,13.1661,23956,0
2014-02-10,19:00:00,13.1661,13.1955,13.1562,13.1661,5304,0
2014-02-10,20:00:00,13.1661,13.1857,13.1464,13.1759,14950,0
2014-02-10,21:00:00,13.1661,13.1857,13.1366,13.1366,19216,0
2014-02-10,22:00:00,13.1562,13.1955,13.1464,13.1464,24370,0
2014-02-11,16:00:00,13.2054,13.2054,13.1759,13.1955,6499,0
2014-02-11,17:00:00,13.1857,13.2054,13.1169,13.1464,42288,0
2014-02-11,18:00:00,13.1366,13.2447,13.1071,13.2152,40887,0
2014-02-11,19:00:00,13.2054,13.2348,13.1661,13.2054,15286,0
2014-02-11,20:00:00,13.1857,13.2447,13.1857,13.225,21728,0
2014-02-11,21:00:00,13.225,13.2447,13.1759,13.1857,20523,0
2014-02-11,22:00:00,13.1955,13.2643,13.1955,13.2643,32100,0
2014-02-12,16:00:00,13.284,13.3036,13.2741,13.2741,12645,0
2014-02-12,17:00:00,13.2938,13.3036,13.2348,13.284,24305,0
2014-02-12,18:00:00,13.2643,13.2741,13.2348,13.2545,10432,0
2014-02-12,19:00:00,13.2447,13.2545,13.2152,13.2447,23318,0
2014-02-12,20:00:00,13.2348,13.2643,13.1857,13.1955,18117,0
2014-02-12,21:00:00,13.225,13.2447,13.1955,13.2348,11382,0
2014-02-12,22:00:00,13.2545,13.2545,13.1759,13.2447,23861,0
2014-02-13,16:00:00,13.1759,13.1759,13.0776,13.1366,29217,0
2014-02-13,17:00:00,13.1071,13.1857,13.0875,13.1759,22321,0
2014-02-13,18:00:00,13.1857,13.2054,13.1661,13.1661,14783,0
2014-02-13,19:00:00,13.1661,13.1759,13.0973,13.0973,16142,0
2014-02-13,20:00:00,13.0973,13.1366,13.0973,13.1071,12967,0
2014-02-13,21:00:00,13.1169,13.1366,13.0678,13.0973,24057,0
2014-02-13,22:00:00,13.0776,13.1071,13.0285,13.0678,44353,0
2014-02-14,16:00:00,13.058,13.1071,13.058,13.0875,9258,0
2014-02-14,17:00:00,13.0776,13.1661,13.0678,13.1268,19169,0
2014-02-14,18:00:00,13.1366,13.1759,13.1169,13.1661,14216,0
2014-02-14,19:00:00,13.1366,13.1955,13.1366,13.1857,27381,0
2014-02-14,20:00:00,13.1857,13.2938,13.1857,13.2643,38382,0
2014-02-14,21:00:00,13.2741,13.284,13.225,13.2545,19119,0
2014-02-14,22:00:00,13.2545,13.2741,13.2348,13.2348,34462,0
2014-02-18,16:00:00,13.2348,13.3233,13.2348,13.2938,12286,0
2014-02-18,17:00:00,13.2447,13.3233,13.2447,13.2447,22351,0
2014-02-18,18:00:00,13.2643,13.2938,13.2447,13.2741,12940,0
2014-02-18,19:00:00,13.2938,13.3036,13.2545,13.3036,26342,0
2014-02-18,20:00:00,13.2938,13.3134,13.2741,13.3134,12345,0
2014-02-18,21:00:00,13.2938,13.3233,13.2741,13.3134,33056,0
2014-02-18,22:00:00,13.3036,13.3626,13.2938,13.3134,30499,0
2014-02-19,16:00:00,13.3233,13.3331,13.3134,13.3233,9982,0
2014-02-19,17:00:00,13.3134,13.3429,13.3036,13.3134,33432,0
2014-02-19,18:00:00,13.3036,13.3134,13.284,13.284,25140,0
2014-02-19,19:00:00,13.284,13.2938,13.2643,13.2741,25926,0
2014-02-19,20:00:00,13.2741,13.2938,13.2643,13.2643,22637,0
2014-02-19,21:00:00,13.2741,13.2938,13.2643,13.2643,15564,0
2014-02-19,22:00:00,13.2447,13.3429,13.2447,13.3429,21979,0
2014-02-20,16:00:00,13.3429,13.3429,13.3036,13.3233,7430,0
2014-02-20,17:00:00,13.3233,13.3527,13.3134,13.3429,16199,0
2014-02-20,18:00:00,13.3429,13.3626,13.3134,13.3429,31570,0
2014-02-20,19:00:00,13.3429,13.3527,13.3233,13.3429,50738,0
2014-02-20,20:00:00,13.3429,13.3626,13.3134,13.3134,34107,0
2014-02-20,21:00:00,13.3331,13.3429,13.2938,13.3134,62753,0
2014-02-20,22:00:00,13.3036,13.3134,13.0973,13.1661,236502,0
2014-02-21,16:00:00,13.2348,13.2643,13.2054,13.2643,19126,0
2014-02-21,17:00:00,13.2741,13.3527,13.2741,13.3429,17815,0
2014-02-21,18:00:00,13.3429,13.3527,13.3233,13.3429,21719,0
2014-02-21,19:00:00,13.3527,13.3527,13.3233,13.3233,21303,0
2014-02-21,20:00:00,13.3233,13.3626,13.3233,13.3233,33218,0
2014-02-21,21:00:00,13.3233,13.3527,13.3036,13.3331,27289,0
2014-02-21,22:00:00,13.3331,13.3331,13.2938,13.3134,26476,0
2014-02-24,16:00:00,13.4706,13.4903,13.4215,13.4903,27992,0
2014-02-24,17:00:00,13.4706,13.4805,13.4412,13.4608,23368,0
2014-02-24,18:00:00,13.451,13.5099,13.451,13.5001,39949,0
2014-02-24,19:00:00,13.5099,13.5296,13.4903,13.5198,15492,0
2014-02-24,20:00:00,13.5198,13.5394,13.4903,13.5296,24583,0
2014-02-24,21:00:00,13.5296,13.5492,13.4903,13.5296,24488,0
2014-02-24,22:00:00,13.5296,13.5492,13.4903,13.5099,39807,0
2014-02-25,16:00:00,13.618,13.6377,13.5689,13.6279,80848,0
2014-02-25,17:00:00,13.618,13.6279,13.5787,13.5885,29847,0
2014-02-25,18:00:00,13.5885,13.6377,13.5885,13.5984,31610,0
2014-02-25,19:00:00,13.5984,13.6082,13.5198,13.5296,57216,0
2014-02-25,20:00:00,13.5296,13.5492,13.5198,13.5394,11259,0
2014-02-25,21:00:00,13.5394,13.5885,13.5296,13.5492,33855,0
2014-02-25,22:00:00,13.5591,13.5787,13.5001,13.5591,42907,0
2014-02-26,16:00:00,13.5099,13.5198,13.4412,13.5099,20946,0
2014-02-26,17:00:00,13.5198,13.5885,13.5099,13.5885,36381,0
2014-02-26,18:00:00,13.5984,13.677,13.5885,13.6279,81732,0
2014-02-26,19:00:00,13.6279,13.7065,13.5984,13.6573,38767,0
2014-02-26,20:00:00,13.6672,13.7065,13.5984,13.6966,33532,0
2014-02-26,21:00:00,13.677,13.7065,13.6279,13.6279,44269,0
2014-02-26,22:00:00,13.6279,13.7163,13.5984,13.5984,59883,0
2014-02-27,16:00:00,13.6868,13.7458,13.6868,13.7065,11764,0
2014-02-27,17:00:00,13.6966,13.7065,13.6672,13.6966,37616,0
2014-02-27,18:00:00,13.6868,13.7065,13.6672,13.677,15614,0
2014-02-27,19:00:00,13.677,13.677,13.6082,13.6475,19451,0
2014-02-27,20:00:00,13.6377,13.7261,13.6377,13.7065,11763,0
2014-02-27,21:00:00,13.7261,13.7556,13.7065,13.7261,27488,0
2014-02-27,22:00:00,13.7458,13.7851,13.7163,13.7654,29835,0
2014-02-28,16:00:00,13.8047,13.8047,13.7851,13.8047,21492,0
2014-02-28,17:00:00,13.8047,13.8931,13.7949,13.7949,31731,0
2014-02-28,18:00:00,13.8047,13.844,13.7851,13.8047,17932,0
2014-02-28,19:00:00,13.8244,13.8244,13.7752,13.8047,42993,0
2014-02-28,20:00:00,13.7949,13.8244,13.7752,13.7752,31532,0
2014-02-28,21:00:00,13.7851,13.8244,13.7359,13.7458,39869,0
2014-02-28,22:00:00,13.7458,13.7556,13.6082,13.6672,38627,0
2014-03-03,16:00:00,13.5394,13.5394,13.4412,13.5099,13027,0
2014-03-03,17:00:00,13.5001,13.5984,13.4903,13.5885,16856,0
2014-03-03,18:00:00,13.5787,13.5885,13.5001,13.5001,23472,0
2014-03-03,19:00:00,13.4903,13.5198,13.451,13.5099,26710,0
2014-03-03,20:00:00,13.5099,13.5198,13.5001,13.5099,9531,0
2014-03-03,21:00:00,13.5001,13.5099,13.4706,13.4805,20639,0
2014-03-03,22:00:00,13.4706,13.5492,13.4706,13.5198,36655,0
2014-03-04,16:00:00,13.6868,13.7065,13.6279,13.677,9177,0
2014-03-04,17:00:00,13.6868,13.6966,13.5689,13.6279,14579,0
2014-03-04,18:00:00,13.6082,13.6377,13.5689,13.5885,8291,0
2014-03-04,19:00:00,13.5984,13.6377,13.5787,13.618,19377,0
2014-03-04,20:00:00,13.618,13.6377,13.6082,13.6082,17609,0
2014-03-04,21:00:00,13.6082,13.6475,13.5787,13.6082,15960,0
2014-03-04,22:00:00,13.6377,13.6868,13.5787,13.5787,87099,0
2014-03-05,16:00:00,13.6573,13.6573,13.5984,13.618,18375,0
2014-03-05,17:00:00,13.618,13.677,13.618,13.677,7513,0
2014-03-05,18:00:00,13.677,13.6868,13.6475,13.677,18080,0
2014-03-05,19:00:00,13.677,13.6868,13.5885,13.5885,26524,0
2014-03-05,20:00:00,13.5885,13.6573,13.5296,13.6573,23301,0
2014-03-05,21:00:00,13.6377,13.6672,13.5492,13.6573,58370,0
2014-03-05,22:00:00,13.6377,13.7556,13.6377,13.6868,65686,0
2014-03-06,16:00:00,13.6377,13.677,13.6279,13.6279,6346,0
2014-03-06,17:00:00,13.6573,13.7458,13.6573,13.7359,17618,0
2014-03-06,18:00:00,13.7359,13.7556,13.7359,13.7556,14915,0
2014-03-06,19:00:00,13.7458,13.8145,13.7359,13.8145,27568,0
2014-03-06,20:00:00,13.7949,13.8145,13.7752,13.8145,14717,0
2014-03-06,21:00:00,13.7949,13.8145,13.7556,13.7949,22370,0
2014-03-06,22:00:00,13.7949,13.8145,13.7752,13.7752,47919,0
2014-03-07,16:00:00,13.8047,13.8244,13.6966,13.7359,16937,0
2014-03-07,17:00:00,13.7359,13.7359,13.6868,13.6966,8901,0
2014-03-07,18:00:00,13.6868,13.7065,13.618,13.6672,17303,0
2014-03-07,19:00:00,13.6475,13.6573,13.618,13.6377,9218,0
2014-03-07,20:00:00,13.6475,13.6672,13.6279,13.6279,20491,0
2014-03-07,21:00:00,13.6475,13.6475,13.6082,13.6475,16334,0
2014-03-07,22:00:00,13.618,13.6573,13.618,13.6279,22524,0
2014-03-10,15:00:00,13.5689,13.5689,13.4805,13.4805,8376,0
2014-03-10,16:00:00,13.4903,13.5885,13.4805,13.5787,21109,0
2014-03-10,17:00:00,13.5591,13.6573,13.5591,13.6377,14521,0
2014-03-10,18:00:00,13.6475,13.677,13.5984,13.6082,10150,0
2014-03-10,19:00:00,13.5984,13.6082,13.5787,13.5885,13940,0
2014-03-10,20:00:00,13.5885,13.6082,13.5787,13.5885,6110,0
2014-03-10,21:00:00,13.5885,13.6377,13.5885,13.6377,22308,0
2014-03-11,15:00:00,13.6279,13.7163,13.618,13.6966,20000,0
2014-03-11,16:00:00,13.7065,13.7163,13.677,13.6966,28895,0
2014-03-11,17:00:00,13.7163,13.7163,13.6475,13.677,14971,0
2014-03-11,18:00:00,13.6672,13.6868,13.6573,13.6672,16056,0
2014-03-11,19:00:00,13.6868,13.7065,13.6573,13.7065,21075,0
2014-03-11,20:00:00,13.7065,13.7065,13.6377,13.677,18673,0
2014-03-11,21:00:00,13.6475,13.677,13.6082,13.618,30288,0
2014-03-12,15:00:00,13.6082,13.6573,13.5787,13.5787,3868,0
2014-03-12,16:00:00,13.5787,13.6573,13.5787,13.6279,5981,0
2014-03-12,17:00:00,13.618,13.6966,13.6082,13.677,8417,0
2014-03-12,18:00:00,13.677,13.6966,13.677,13.6966,6037,0
2014-03-12,19:00:00,13.6966,13.6966,13.677,13.6868,7957,0
2014-03-12,20:00:00,13.6868,13.7261,13.677,13.7163,31623,0
2014-03-12,21:00:00,13.7163,13.7359,13.6868,13.7163,31630,0
2014-03-13,15:00:00,13.7359,13.7654,13.7261,13.7556,8482,0
2014-03-13,16:00:00,13.7654,13.7752,13.6573,13.677,25880,0
2014-03-13,17:00:00,13.6573,13.7163,13.6573,13.6868,27778,0
2014-03-13,18:00:00,13.6672,13.7065,13.6475,13.6475,19029,0
2014-03-13,19:00:00,13.6475,13.677,13.5394,13.6082,39158,0
2014-03-13,20:00:00,13.6082,13.6573,13.6082,13.6377,30732,0
2014-03-13,21:00:00,13.6279,13.6475,13.5787,13.5787,34560,0
2014-03-14,15:00:00,13.5885,13.6377,13.5787,13.6377,8826,0
2014-03-14,16:00:00,13.6377,13.6377,13.6082,13.6082,15836,0
2014-03-14,17:00:00,13.618,13.618,13.5787,13.5885,18930,0
2014-03-14,18:00:00,13.5885,13.6082,13.5885,13.5984,24480,0
2014-03-14,19:00:00,13.5984,13.6279,13.5885,13.618,31506,0
2014-03-14,20:00:00,13.6082,13.6573,13.6082,13.6475,10071,0
2014-03-14,21:00:00,13.6279,13.6573,13.6082,13.6573,18192,0
2014-03-17,15:00:00,13.7261,13.7556,13.6672,13.6966,35450,0
2014-03-17,16:00:00,13.6966,13.7065,13.6966,13.6966,18791,0
2014-03-17,17:00:00,13.7065,13.7163,13.677,13.7065,24374,0
2014-03-17,18:00:00,13.7065,13.7065,13.677,13.6966,5717,0
2014-03-17,19:00:00,13.6966,13.7065,13.677,13.6966,18037,0
2014-03-17,20:00:00,13.7065,13.7163,13.6868,13.7065,22818,0
2014-03-17,21:00:00,13.7065,13.7163,13.6868,13.6966,30706,0
2014-03-18,15:00:00,13.7556,13.8047,13.7359,13.7949,26413,0
2014-03-18,16:00:00,13.7851,13.9521,13.7851,13.8833,32382,0
2014-03-18,17:00:00,13.8735,13.903,13.8735,13.8931,18253,0
2014-03-18,18:00:00,13.8637,14.0012,13.8637,13.9128,38936,0
2014-03-18,19:00:00,13.9226,13.9521,13.8735,13.8735,19360,0
2014-03-18,20:00:00,13.8833,13.9324,13.844,13.8637,17234,0
2014-03-18,21:00:00,13.8538,13.9521,13.8538,13.9324,33384,0
2014-03-19,15:00:00,13.9718,13.9816,13.9128,13.9128,6829,0
2014-03-19,16:00:00,13.9619,13.9816,13.9521,13.9816,13591,0
2014-03-19,17:00:00,13.9816,13.9816,13.9226,13.9619,15382,0
2014-03-19,18:00:00,13.9619,13.9718,13.9619,13.9718,8942,0
2014-03-19,19:00:00,13.9718,13.9718,13.9324,13.9324,8321,0
2014-03-19,20:00:00,13.9718,13.9718,13.8145,13.8145,24577,0
2014-03-19,21:00:00,13.8145,13.8342,13.7752,13.7851,10584,0
2014-03-20,15:00:00,13.7654,13.7851,13.7458,13.7556,4106,0
2014-03-20,16:00:00,13.8047,13.8833,13.7752,13.7949,16238,0
2014-03-20,17:00:00,13.8145,13.9324,13.8145,13.8538,28197,0
2014-03-20,18:00:00,13.8735,13.8931,13.8538,13.8833,14471,0
2014-03-20,19:00:00,13.8735,13.8735,13.844,13.8735,16377,0
2014-03-20,20:00:00,13.8637,13.903,13.844,13.8833,10709,0
2014-03-20,21:00:00,13.8735,13.9619,13.844,13.844,38110,0
2014-03-21,15:00:00,13.9619,14.1191,13.9619,14.0798,50995,0
2014-03-21,16:00:00,14.0405,14.0602,14.0209,14.0307,9855,0
2014-03-21,17:00:00,14.0209,14.0209,13.9619,13.9619,19834,0
2014-03-21,18:00:00,13.9619,14.0307,13.9619,14.0209,7325,0
2014-03-21,19:00:00,14.0307,14.0602,14.0012,14.0405,13155,0
2014-03-21,20:00:00,14.0209,14.0602,13.9914,13.9914,15894,0
2014-03-21,21:00:00,14.0209,14.0602,14.0012,14.0602,11962,0
2014-03-24,15:00:00,14.0995,14.1388,14.0602,14.1093,9548,0
2014-03-24,16:00:00,14.0995,14.1584,14.07,14.0798,33260,0
2014-03-24,17:00:00,14.0798,14.1191,14.0405,14.0504,24022,0
2014-03-24,18:00:00,14.0405,14.07,14.0209,14.0405,25463,0
2014-03-24,19:00:00,14.0307,14.0307,14.0111,14.0209,10184,0
2014-03-24,20:00:00,14.0209,14.0405,13.9816,14.0012,23371,0
2014-03-24,21:00:00,13.9914,14.0209,13.9816,13.9816,31029,0
2014-03-25,15:00:00,14.0995,14.1683,14.0602,14.129,37815,0
2014-03-25,16:00:00,14.1486,14.1486,14.0995,14.129,15582,0
2014-03-25,17:00:00,14.1093,14.129,14.0602,14.0995,19725,0
2014-03-25,18:00:00,14.0897,14.1191,14.0798,14.0995,8990,0
2014-03-25,19:00:00,14.1191,14.1781,14.1191,14.1191,28664,0
2014-03-25,20:00:00,14.1584,14.1584,13.9619,14.0111,50337,0
2014-03-25,21:00:00,14.0111,14.0995,14.0111,14.07,28076,0
2014-03-26,15:00:00,14.15,14.17,14.09,14.12,8862,0
2014-03-26,16:00:00,14.13,14.14,14.09,14.13,22407,0
2014-03-26,17:00:00,14.14,14.2,14.04,14.16,13874,0
2014-03-26,18:00:00,14.16,14.17,14.13,14.15,16363,0
2014-03-26,19:00:00,14.16,14.16,14.14,14.15,12123,0
2014-03-26,20:00:00,14.15,14.17,14.11,14.11,17059,0
2014-03-26,21:00:00,14.11,14.13,14.09,14.1,42011,0
2014-03-27,15:00:00,14.1,14.14,14.06,14.06,5459,0
2014-03-27,16:00:00,14.06,14.09,14.04,14.08,20790,0
2014-03-27,17:00:00,14.08,14.09,14.02,14.03,25105,0
2014-03-27,18:00:00,14.02,14.03,13.97,13.97,20780,0
2014-03-27,19:00:00,13.98,13.99,13.93,13.94,20830,0
2014-03-27,20:00:00,13.94,14,13.94,13.94,18265,0
2014-03-27,21:00:00,13.94,13.98,13.94,13.98,25628,0
2014-03-28,15:00:00,14.06,14.2,14.06,14.13,26446,0
2014-03-28,16:00:00,14.14,14.14,14.08,14.14,19789,0
2014-03-28,17:00:00,14.11,14.14,14.1,14.12,10489,0
2014-03-28,18:00:00,14.1,14.15,14.1,14.14,17968,0
2014-03-28,19:00:00,14.14,14.15,14.09,14.11,14532,0
2014-03-28,20:00:00,14.1,14.15,14.09,14.15,15442,0
2014-03-28,21:00:00,14.15,14.2,14.14,14.19,14715,0
2014-03-31,16:00:00,14.22,14.22,14.18,14.2,13060,0
2014-03-31,17:00:00,14.2,14.2,14.06,14.08,40785,0
2014-03-31,18:00:00,14.09,14.09,14.04,14.04,35172,0
2014-03-31,19:00:00,14.05,14.06,14.02,14.04,20709,0
2014-03-31,20:00:00,14.03,14.04,14.03,14.04,23704,0
2014-03-31,21:00:00,14.03,14.04,14.03,14.03,9132,0
2014-03-31,22:00:00,14.03,14.07,14.02,14.02,45936,0
2014-04-01,16:00:00,14.12,14.18,14.11,14.17,10623,0
2014-04-01,17:00:00,14.17,14.21,14.14,14.15,22715,0
2014-04-01,18:00:00,14.16,14.17,14.14,14.17,4618,0
2014-04-01,19:00:00,14.14,14.15,14.11,14.13,17420,0
2014-04-01,20:00:00,14.12,14.15,14.11,14.14,29422,0
2014-04-01,21:00:00,14.12,14.15,14.11,14.14,30083,0
2014-04-01,22:00:00,14.14,14.15,14.1,14.11,22547,0
2014-04-02,16:00:00,14.17,14.25,14.17,14.25,7745,0
2014-04-02,17:00:00,14.25,14.25,14.18,14.19,23202,0
2014-04-02,18:00:00,14.2,14.28,14.19,14.21,28299,0
2014-04-02,19:00:00,14.2,14.23,14.2,14.22,12605,0
2014-04-02,20:00:00,14.22,14.25,14.19,14.2,39615,0
2014-04-02,21:00:00,14.19,14.25,14.17,14.22,22098,0
2014-04-02,22:00:00,14.23,14.23,14.12,14.18,22040,0
2014-04-03,16:00:00,14.23,14.23,14.17,14.18,8414,0
2014-04-03,17:00:00,14.19,14.19,14.16,14.16,6849,0
2014-04-03,18:00:00,14.16,14.17,14.05,14.05,12227,0
2014-04-03,19:00:00,14.05,14.09,14.03,14.03,26720,0
2014-04-03,20:00:00,14.06,14.06,14.03,14.03,16056,0
2014-04-03,21:00:00,14.04,14.24,14.04,14.19,43169,0
2014-04-03,22:00:00,14.19,14.21,14.19,14.19,34931,0
2014-04-04,16:00:00,14.26,14.26,14.2,14.21,13052,0
2014-04-04,17:00:00,14.21,14.22,14.15,14.15,17196,0
2014-04-04,18:00:00,14.16,14.18,14.1,14.1,37158,0
2014-04-04,19:00:00,14.12,14.14,14.1,14.1,14475,0
2014-04-04,20:00:00,14.1,14.11,14.08,14.08,19391,0
2014-04-04,21:00:00,14.08,14.11,14.08,14.11,13907,0
2014-04-04,22:00:00,14.1,14.12,14.05,14.05,40456,0
2014-04-07,16:00:00,14.06,14.1,14.04,14.1,17288,0
2014-04-07,17:00:00,14.06,14.1,14.04,14.06,23629,0
2014-04-07,18:00:00,14.07,14.12,14.05,14.08,19398,0
2014-04-07,19:00:00,14.08,14.09,14.05,14.07,18944,0
2014-04-07,20:00:00,14.08,14.08,14.05,14.05,7798,0
2014-04-07,21:00:00,14.06,14.08,14.05,14.05,10843,0
2014-04-07,22:00:00,14.06,14.08,14,14.07,42124,0
2014-04-08,16:00:00,14.17,14.24,14.12,14.18,11147,0
2014-04-08,17:00:00,14.18,14.25,14.18,14.22,38363,0
2014-04-08,18:00:00,14.22,14.22,14.2,14.21,10421,0
2014-04-08,19:00:00,14.21,14.25,14.21,14.23,14635,0
2014-04-08,20:00:00,14.24,14.29,14.22,14.25,46073,0
2014-04-08,21:00:00,14.25,14.29,14.23,14.28,27555,0
2014-04-08,22:00:00,14.28,14.3,14.24,14.27,42978,0
2014-04-09,16:00:00,14.25,14.29,14.25,14.26,7459,0
2014-04-09,17:00:00,14.27,14.3,14.18,14.29,28990,0
2014-04-09,18:00:00,14.3,14.36,14.29,14.34,19523,0
2014-04-09,19:00:00,14.34,14.35,14.3,14.33,13240,0
2014-04-09,20:00:00,14.32,14.32,14.27,14.27,7333,0
2014-04-09,21:00:00,14.27,14.33,14.25,14.32,16313,0
2014-04-09,22:00:00,14.31,14.33,14.31,14.32,19349,0
2014-04-10,16:00:00,14.35,14.35,14.28,14.31,3422,0
2014-04-10,17:00:00,14.31,14.31,14.3,14.3,9058,0
2014-04-10,18:00:00,14.31,14.35,14.31,14.32,11167,0
2014-04-10,19:00:00,14.32,14.32,14.25,14.28,18981,0
2014-04-10,20:00:00,14.28,14.29,14.25,14.28,11309,0
2014-04-10,21:00:00,14.29,14.35,14.28,14.34,10888,0
2014-04-10,22:00:00,14.34,14.4,14.25,14.34,34527,0
2014-04-11,16:00:00,14.31,14.34,14.28,14.33,12849,0
2014-04-11,17:00:00,14.33,14.36,14.31,14.33,31930,0
2014-04-11,18:00:00,14.34,14.36,14.32,14.32,6911,0
2014-04-11,19:00:00,14.32,14.36,14.32,14.35,12588,0
2014-04-11,20:00:00,14.35,14.38,14.34,14.38,23633,0
2014-04-11,21:00:00,14.39,14.4,14.35,14.37,22650,0
2014-04-11,22:00:00,14.36,14.38,14.17,14.19,49360,0
2014-04-14,16:00:00,14.23,14.24,14.19,14.2,10218,0
2014-04-14,17:00:00,14.2,14.33,14.2,14.23,30364,0
2014-04-14,18:00:00,14.22,14.25,14.22,14.24,10933,0
2014-04-14,19:00:00,14.25,14.27,14.25,14.27,7832,0
2014-04-14,20:00:00,14.27,14.28,14.26,14.27,17345,0
2014-04-14,21:00:00,14.27,14.27,14.2,14.22,21381,0
2014-04-14,22:00:00,14.22,14.24,14.17,14.24,16954,0
2014-04-15,16:00:00,14.23,14.23,14.23,14.23,1000,0
2014-04-15,17:00:00,14.22,14.24,14.17,14.21,15654,0
2014-04-15,18:00:00,14.21,14.21,14.1,14.13,17299,0
2014-04-15,19:00:00,14.1,14.13,14.1,14.11,15378,0
2014-04-15,20:00:00,14.11,14.17,14.1,14.14,28068,0
2014-04-15,21:00:00,14.15,14.16,14.14,14.15,10000,0
2014-04-15,22:00:00,14.18,14.19,14.16,14.17,21570,0
2014-04-16,16:00:00,14.28,14.28,14.23,14.24,8940,0
2014-04-16,17:00:00,14.21,14.22,14.17,14.17,11298,0
2014-04-16,18:00:00,14.17,14.18,14.14,14.18,13401,0
2014-04-16,19:00:00,14.18,14.23,14.15,14.2,12189,0
2014-04-16,20:00:00,14.21,14.21,14.2,14.2,6972,0
2014-04-16,21:00:00,14.2,14.2,14.15,14.16,9266,0
2014-04-16,22:00:00,14.15,14.21,14.14,14.2,36318,0
2014-04-17,16:00:00,14.2,14.2,14.17,14.17,4448,0
2014-04-17,17:00:00,14.2,14.21,14.14,14.2,22280,0
2014-04-17,18:00:00,14.16,14.19,14.16,14.19,4576,0
2014-04-17,19:00:00,14.17,14.17,14.11,14.12,8202,0
2014-04-17,20:00:00,14.12,14.14,14.1,14.13,11073,0
2014-04-17,21:00:00,14.11,14.14,14.07,14.07,20597,0
2014-04-17,22:00:00,14.07,14.11,14.07,14.08,17412,0
2014-04-21,16:00:00,14.1,14.12,14.09,14.1,13575,0
2014-04-21,17:00:00,14.1,14.22,14.1,14.19,29880,0
2014-04-21,18:00:00,14.2,14.22,14.2,14.22,10039,0
2014-04-21,19:00:00,14.22,14.24,14.22,14.24,12024,0
2014-04-21,20:00:00,14.23,14.27,14.18,14.2,25931,0
2014-04-21,21:00:00,14.21,14.21,14.18,14.21,32280,0
2014-04-21,22:00:00,14.21,14.22,14.17,14.2,22749,0
2014-04-22,16:00:00,14.27,14.34,14.25,14.34,11639,0
2014-04-22,17:00:00,14.33,14.34,14.3,14.3,9136,0
2014-04-22,18:00:00,14.3,14.34,14.3,14.33,20323,0
2014-04-22,19:00:00,14.33,14.35,14.33,14.33,5334,0
2014-04-22,20:00:00,14.34,14.34,14.33,14.33,12752,0
2014-04-22,21:00:00,14.34,14.41,14.34,14.35,55777,0
2014-04-22,22:00:00,14.35,14.41,14.32,14.35,72771,0
2014-04-23,16:00:00,14.36,14.38,14.36,14.37,2980,0
2014-04-23,17:00:00,14.35,14.35,14.32,14.33,10446,0
2014-04-23,18:00:00,14.34,14.34,14.3,14.32,44598,0
2014-04-23,19:00:00,14.3,14.31,14.27,14.28,14444,0
2014-04-23,20:00:00,14.27,14.29,14.27,14.28,4519,0
2014-04-23,21:00:00,14.27,14.34,14.27,14.33,20487,0
2014-04-23,22:00:00,14.33,14.33,14.3,14.32,10407,0
2014-04-24,16:00:00,14.37,14.38,14.33,14.37,3600,0
2014-04-24,17:00:00,14.33,14.37,14.3,14.37,17210,0
2014-04-24,18:00:00,14.36,14.4,14.34,14.36,23258,0
2014-04-24,19:00:00,14.38,14.39,14.33,14.37,8688,0
2014-04-24,20:00:00,14.36,14.38,14.33,14.37,17983,0
2014-04-24,21:00:00,14.37,14.38,14.36,14.36,22245,0
2014-04-24,22:00:00,14.37,14.38,14.36,14.38,25299,0
2014-04-25,16:00:00,14.33,14.34,14.32,14.33,6512,0
2014-04-25,17:00:00,14.33,14.35,14.3,14.31,32121,0
2014-04-25,18:00:00,14.32,14.38,14.32,14.37,23697,0
2014-04-25,19:00:00,14.36,14.37,14.32,14.35,12297,0
2014-04-25,20:00:00,14.36,14.36,14.32,14.32,12756,0
2014-04-25,21:00:00,14.33,14.37,14.3,14.35,24964,0
2014-04-25,22:00:00,14.36,14.38,14.31,14.37,13780,0
2014-04-28,16:00:00,14.42,14.45,14.37,14.39,18169,0
2014-04-28,17:00:00,14.4,14.44,14.4,14.44,15063,0
2014-04-28,18:00:00,14.42,14.42,14.39,14.39,15426,0
2014-04-28,19:00:00,14.4,14.42,14.36,14.38,14801,0
2014-04-28,20:00:00,14.4,14.42,14.33,14.42,26376,0
2014-04-28,21:00:00,14.41,14.43,14.39,14.41,21817,0
2014-04-28,22:00:00,14.41,14.43,14.39,14.42,33485,0
2014-04-29,16:00:00,14.46,14.48,14.44,14.45,7282,0
2014-04-29,17:00:00,14.44,14.46,14.42,14.46,8370,0
2014-04-29,18:00:00,14.46,14.47,14.43,14.45,22682,0
2014-04-29,19:00:00,14.47,14.48,14.45,14.45,14096,0
2014-04-29,20:00:00,14.46,14.47,14.45,14.46,18458,0
2014-04-29,21:00:00,14.47,14.48,14.44,14.44,16319,0
2014-04-29,22:00:00,14.46,14.48,14.42,14.42,29168,0
2014-04-30,16:00:00,14.44,14.45,14.43,14.44,2684,0
2014-04-30,17:00:00,14.46,14.49,14.45,14.48,9514,0
2014-04-30,18:00:00,14.49,14.5,14.44,14.49,32165,0
2014-04-30,19:00:00,14.48,14.5,14.45,14.48,27689,0
2014-04-30,20:00:00,14.48,14.49,14.47,14.48,7013,0
2014-04-30,21:00:00,14.48,14.5,14.44,14.45,18707,0
2014-04-30,22:00:00,14.47,14.47,14.41,14.45,23270,0
2014-05-01,16:00:00,14.46,14.47,14.38,14.47,7233,0
2014-05-01,17:00:00,14.46,14.48,14.46,14.48,11169,0
2014-05-01,18:00:00,14.49,14.55,14.48,14.52,41740,0
2014-05-01,19:00:00,14.52,14.52,14.5,14.5,5230,0
2014-05-01,20:00:00,14.52,14.52,14.47,14.47,5815,0
2014-05-01,21:00:00,14.48,14.5,14.46,14.49,22635,0
2014-05-01,22:00:00,14.5,14.55,14.49,14.51,21464,0
2014-05-02,16:00:00,14.43,14.48,14.38,14.4,5650,0
2014-05-02,17:00:00,14.4,14.4,14.36,14.37,18708,0
2014-05-02,18:00:00,14.38,14.4,14.38,14.4,24258,0
2014-05-02,19:00:00,14.4,14.45,14.39,14.4,25242,0
2014-05-02,20:00:00,14.4,14.43,14.4,14.42,12667,0
2014-05-02,21:00:00,14.42,14.52,14.41,14.49,24853,0
2014-05-02,22:00:00,14.49,14.64,14.45,14.5,58759,0
2014-05-05,16:00:00,14.45,14.5,14.41,14.41,12261,0
2014-05-05,17:00:00,14.41,14.44,14.34,14.34,20044,0
2014-05-05,18:00:00,14.35,14.36,14.32,14.35,36575,0
2014-05-05,19:00:00,14.34,14.36,14.32,14.33,29071,0
2014-05-05,20:00:00,14.33,14.33,14.32,14.32,7768,0
2014-05-05,21:00:00,14.32,14.33,14.25,14.27,35231,0
2014-05-05,22:00:00,14.27,14.31,14.23,14.25,35857,0
2014-05-06,16:00:00,14.28,14.33,14.25,14.3,7949,0
2014-05-06,17:00:00,14.34,14.35,14.3,14.3,20130,0
2014-05-06,18:00:00,14.31,14.35,14.31,14.35,36441,0
2014-05-06,19:00:00,14.32,14.45,14.32,14.35,20553,0
2014-05-06,20:00:00,14.34,14.38,14.31,14.33,17451,0
2014-05-06,21:00:00,14.31,14.35,14.3,14.34,21516,0
2014-05-06,22:00:00,14.31,14.35,14.25,14.3,24508,0
2014-05-07,16:00:00,14.27,14.3,14.27,14.3,11900,0
2014-05-07,17:00:00,14.29,14.39,14.29,14.38,18217,0
2014-05-07,18:00:00,14.35,14.42,14.32,14.41,17152,0
2014-05-07,19:00:00,14.37,14.42,14.34,14.34,11683,0
2014-05-07,20:00:00,14.35,14.39,14.35,14.38,9064,0
2014-05-07,21:00:00,14.36,14.39,14.31,14.37,26654,0
2014-05-07,22:00:00,14.36,14.4,14.32,14.35,34066,0
