Date,Time,Open,High,Low,Close,Volume,OpenInt
2014-02-10,16:00:00,43.1615,43.9565,42.9528,43.7876,1006761,0
2014-02-10,17:00:00,43.7876,44.3044,43.4497,43.6683,1858577,0
2014-02-10,18:00:00,43.6584,44.2646,43.4894,44.2646,944520,0
2014-02-10,19:00:00,44.2646,44.2944,43.7876,43.8671,811377,0
2014-02-10,20:00:00,43.8671,43.877,43.5292,43.5987,1018112,0
2014-02-10,21:00:00,43.6087,43.6981,43.4795,43.5192,1472513,0
2014-02-10,22:00:00,43.5292,43.7876,43.5093,43.7776,2259027,0
2014-02-11,16:00:00,43.5093,43.8174,43.3503,43.3801,662560,0
2014-02-11,17:00:00,43.3801,43.7776,43.2211,43.7478,1423042,0
2014-02-11,18:00:00,43.7478,44.0658,43.6981,43.9665,795121,0
2014-02-11,19:00:00,43.9665,44.046,43.8472,43.9764,570220,0
2014-02-11,20:00:00,43.9764,44.1354,43.8571,43.9366,522547,0
2014-02-11,21:00:00,43.9466,43.9565,43.6683,43.6882,781881,0
2014-02-11,22:00:00,43.6882,43.8472,43.6683,43.7279,2107777,0
2014-02-12,16:00:00,43.6782,44.1652,43.6584,43.9665,410728,0
2014-02-12,17:00:00,43.9665,43.9764,43.4894,43.5292,546295,0
2014-02-12,18:00:00,43.5192,43.718,43.3404,43.718,750325,0
2014-02-12,19:00:00,43.718,43.7776,43.6683,43.7677,555687,0
2014-02-12,20:00:00,43.7677,43.8373,43.718,43.7478,386985,0
2014-02-12,21:00:00,43.7379,43.7677,43.6981,43.7379,523535,0
2014-02-12,22:00:00,43.7478,43.8273,43.7081,43.7975,1362705,0
2014-02-13,16:00:00,43.4994,43.7876,43.4894,43.7677,234480,0
2014-02-13,17:00:00,43.7279,44.0658,43.6981,43.887,360546,0
2014-02-13,18:00:00,43.877,43.9366,43.6087,43.6286,542943,0
2014-02-13,19:00:00,43.6286,43.7279,43.549,43.6385,286090,0
2014-02-13,20:00:00,43.6385,43.7578,43.6385,43.7081,245222,0
2014-02-13,21:00:00,43.6981,43.7478,43.5888,43.5988,321661,0
2014-02-13,22:00:00,43.5888,43.6584,43.4894,43.5789,910784,0
2014-02-14,16:00:00,43.6286,43.8472,43.5988,43.8273,211194,0
2014-02-14,17:00:00,43.8074,44.2149,43.7677,44.1752,458452,0
2014-02-14,18:00:00,44.1752,44.2745,43.9466,44.0658,748429,0
2014-02-14,19:00:00,44.0559,44.1056,43.9068,43.9267,498414,0
2014-02-14,20:00:00,43.9366,44.0261,43.877,44.0261,991245,0
2014-02-14,21:00:00,44.0261,44.1155,44.0062,44.0658,375675,0
2014-02-14,22:00:00,44.0559,44.0758,43.877,43.9168,814080,0
2014-02-18,16:00:00,44.9205,46.3019,44.8211,45.1193,2568697,0
2014-02-18,17:00:00,45.1193,45.3975,45.0497,45.1193,1617578,0
2014-02-18,18:00:00,45.1392,45.2783,44.9801,45.1392,1002147,0
2014-02-18,19:00:00,45.1491,45.159,44.9603,45,582972,0
2014-02-18,20:00:00,44.9901,45.3677,44.9901,45.3479,604900,0
2014-02-18,21:00:00,45.328,45.5168,45.328,45.4174,806181,0
2014-02-18,22:00:00,45.4075,45.4472,45.3379,45.3876,1634029,0
2014-02-19,16:00:00,45.0895,46.1032,45.0895,46.0833,1231792,0
2014-02-19,17:00:00,46.0833,46.4709,46.0435,46.3417,1487639,0
2014-02-19,18:00:00,46.3417,47.4945,46.2821,47.1268,2984152,0
2014-02-19,19:00:00,47.1467,47.3554,46.8783,47.1169,1567460,0
2014-02-19,20:00:00,47.1169,47.1268,46.6597,46.7293,1134190,0
2014-02-19,21:00:00,46.7293,46.928,46.6597,46.7094,1058545,0
2014-02-19,22:00:00,46.7193,46.7392,46.4212,46.451,2247588,0
2014-02-20,16:00:00,46.47,46.86,46.42,46.83,947169,0
2014-02-20,17:00:00,46.83,49.23,46.72,48.86,4443570,0
2014-02-20,18:00:00,48.86,48.97,47.64,47.71,2945442,0
2014-02-20,19:00:00,47.68,47.83,47.59,47.73,1393764,0
2014-02-20,20:00:00,47.73,48.24,47.68,48.18,1358343,0
2014-02-20,21:00:00,48.17,48.25,47.7,48.02,820846,0
2014-02-20,22:00:00,48.02,48.28,47.93,48.2,2694735,0
2014-02-21,16:00:00,48.4,48.51,47.98,47.98,901581,0
2014-02-21,17:00:00,47.98,48.98,47.92,48.83,1252740,0
2014-02-21,18:00:00,48.82,48.94,48.47,48.56,1106506,0
2014-02-21,19:00:00,48.56,48.67,48.44,48.51,524164,0
2014-02-21,20:00:00,48.51,48.63,48.49,48.58,668269,0
2014-02-21,21:00:00,48.58,48.61,48.4,48.47,693232,0
2014-02-21,22:00:00,48.48,48.57,48.43,48.45,1459020,0
2014-02-24,16:00:00,47.92,48.49,47.89,48.4,709721,0
2014-02-24,17:00:00,48.38,48.54,48.07,48.3,872991,0
2014-02-24,18:00:00,48.3,48.55,48.19,48.48,479163,0
2014-02-24,19:00:00,48.48,48.53,48.25,48.28,287504,0
2014-02-24,20:00:00,48.28,48.28,48.13,48.2,497859,0
2014-02-24,21:00:00,48.2,48.26,48.13,48.13,525586,0
2014-02-24,22:00:00,48.14,48.28,47.99,48.2,1601066,0
2014-02-25,16:00:00,48.07,48.27,48.07,48.2,950460,0
2014-02-25,17:00:00,48.16,48.84,48.16,48.66,1155674,0
2014-02-25,18:00:00,48.66,48.75,48.03,48.07,830407,0
2014-02-25,19:00:00,48.07,48.3,48.05,48.19,496800,0
2014-02-25,20:00:00,48.2,48.49,48.12,48.27,810873,0
2014-02-25,21:00:00,48.26,48.32,48.18,48.2,408554,0
2014-02-25,22:00:00,48.2,48.36,48.14,48.33,818511,0
2014-02-26,16:00:00,48.19,48.63,48.1,48.58,592411,0
2014-02-26,17:00:00,48.57,48.75,48.43,48.49,699626,0
2014-02-26,18:00:00,48.49,48.94,48.37,48.61,2506267,0
2014-02-26,19:00:00,48.61,48.61,48.37,48.41,450211,0
2014-02-26,20:00:00,48.41,48.49,48.34,48.37,394530,0
2014-02-26,21:00:00,48.39,48.42,48.11,48.3,425668,0
2014-02-26,22:00:00,48.3,48.31,48.04,48.16,979885,0
2014-02-27,16:00:00,48.3,48.98,48.26,48.52,2048037,0
2014-02-27,17:00:00,48.54,48.64,48.02,48.41,1281198,0
2014-02-27,18:00:00,48.41,48.59,48.25,48.59,495089,0
2014-02-27,19:00:00,48.59,48.63,48.41,48.44,411634,0
2014-02-27,20:00:00,48.45,48.85,48.4,48.69,860544,0
2014-02-27,21:00:00,48.69,49.1,48.64,49.06,1177544,0
2014-02-27,22:00:00,49.07,49.4,49,49.29,2302272,0
2014-02-28,16:00:00,49.46,50.42,49.43,50.06,1581452,0
2014-02-28,17:00:00,50.04,50.27,49.71,50.22,1350882,0
2014-02-28,18:00:00,50.23,50.44,50.18,50.38,1461077,0
2014-02-28,19:00:00,50.37,50.58,50.35,50.5,1582387,0
2014-02-28,20:00:00,50.5,50.7,50.4,50.48,3554206,0
2014-02-28,21:00:00,50.48,50.49,49.81,49.81,2263174,0
2014-02-28,22:00:00,49.82,50.1,49.58,49.89,2348550,0
2014-03-03,16:00:00,49.18,49.55,49.13,49.41,622278,0
2014-03-03,17:00:00,49.4,49.46,49.24,49.26,943730,0
2014-03-03,18:00:00,49.26,49.3,48.61,48.65,939362,0
2014-03-03,19:00:00,48.64,48.81,48.59,48.73,540877,0
2014-03-03,20:00:00,48.72,48.94,48.7,48.9,529780,0
2014-03-03,21:00:00,48.9,49.04,48.8,48.94,604433,0
2014-03-03,22:00:00,48.94,48.95,48.69,48.79,1126695,0
2014-03-04,16:00:00,49.18,49.18,48.77,48.87,1120268,0
2014-03-04,17:00:00,48.88,49.23,48.77,49.14,2065889,0
2014-03-04,18:00:00,49.14,49.45,48.71,48.75,1073242,0
2014-03-04,19:00:00,48.81,49.58,48.52,49.24,811595,0
2014-03-04,20:00:00,49.24,49.34,49.06,49.1,498849,0
2014-03-04,21:00:00,49.09,49.17,49.09,49.16,420195,0
2014-03-04,22:00:00,49.15,49.41,49.1,49.41,1484294,0
2014-03-05,16:00:00,49.31,50.15,49.28,50.02,1004525,0
2014-03-05,17:00:00,50.04,50.28,49.8,50.03,1195534,0
2014-03-05,18:00:00,50.03,50.1,49.9,49.93,610891,0
2014-03-05,19:00:00,49.93,49.95,49.65,49.92,539678,0
2014-03-05,20:00:00,49.92,50,49.9,49.93,386051,0
2014-03-05,21:00:00,49.93,50.25,49.84,49.87,2033885,0
2014-03-05,22:00:00,49.87,49.87,49.61,49.8,2369715,0
2014-03-06,16:00:00,50.54,51.41,50.33,50.95,1777475,0
2014-03-06,17:00:00,50.98,51.22,50.57,50.66,1603981,0
2014-03-06,18:00:00,50.66,50.7,50.52,50.6,740248,0
2014-03-06,19:00:00,50.6,50.69,50.43,50.53,861597,0
2014-03-06,20:00:00,50.52,50.53,49.93,50.07,1223419,0
2014-03-06,21:00:00,50.07,50.08,49.88,49.89,1427220,0
2014-03-06,22:00:00,49.89,50,49.77,49.82,2125034,0
2014-03-07,16:00:00,50.3,50.7,49.37,49.58,2333027,0
2014-03-07,17:00:00,49.62,50,49.47,49.73,2161872,0
2014-03-07,18:00:00,49.74,49.99,49.56,49.92,834147,0
2014-03-07,19:00:00,49.92,49.92,49.69,49.84,913650,0
2014-03-07,20:00:00,49.85,49.85,49.57,49.58,592224,0
2014-03-07,21:00:00,49.59,49.67,49.38,49.39,911981,0
2014-03-07,22:00:00,49.4,49.45,49.23,49.3,2644714,0
2014-03-10,15:00:00,49.71,49.71,49.09,49.42,610530,0
2014-03-10,16:00:00,49.42,49.75,49.34,49.55,764732,0
2014-03-10,17:00:00,49.54,49.8,49.42,49.78,1290175,0
2014-03-10,18:00:00,49.79,50,49.76,49.99,742841,0
2014-03-10,19:00:00,49.99,50.29,49.98,50.11,690087,0
2014-03-10,20:00:00,50.11,50.12,49.85,50,671885,0
2014-03-10,21:00:00,50,50.06,49.93,50.02,871257,0
2014-03-11,15:00:00,50,50.12,49.6,49.91,763234,0
2014-03-11,16:00:00,49.91,50.06,49.72,49.75,734997,0
2014-03-11,17:00:00,49.75,49.78,49.55,49.59,548165,0
2014-03-11,18:00:00,49.6,49.7,49.48,49.62,334983,0
2014-03-11,19:00:00,49.62,49.69,49.59,49.67,457741,0
2014-03-11,20:00:00,49.66,49.73,49.52,49.52,444672,0
2014-03-11,21:00:00,49.52,49.54,49.26,49.26,1474677,0
2014-03-12,15:00:00,49.17,49.29,48.59,48.6,389633,0
2014-03-12,16:00:00,48.59,48.89,48.34,48.82,769788,0
2014-03-12,17:00:00,48.82,48.86,48.58,48.82,694201,0
2014-03-12,18:00:00,48.81,48.95,48.75,48.94,505344,0
2014-03-12,19:00:00,48.95,48.99,48.75,48.84,358710,0
2014-03-12,20:00:00,48.85,49.06,48.79,48.81,544389,0
2014-03-12,21:00:00,48.8,48.87,48.71,48.76,1062651,0
2014-03-13,15:00:00,48.94,49.14,48.58,48.69,409175,0
2014-03-13,16:00:00,48.69,49.01,48.43,48.88,1045967,0
2014-03-13,17:00:00,48.88,48.96,48.42,48.53,1385207,0
2014-03-13,18:00:00,48.53,48.6,48.34,48.51,759439,0
2014-03-13,19:00:00,48.51,48.51,48.16,48.2,871582,0
2014-03-13,20:00:00,48.19,48.24,47.91,48.12,1256288,0
2014-03-13,21:00:00,48.12,48.12,47.8,47.96,2372102,0
2014-03-14,15:00:00,48.56,49,48.5,48.91,1662785,0
2014-03-14,16:00:00,48.91,48.95,48.65,48.75,1091237,0
2014-03-14,17:00:00,48.75,48.84,48.67,48.8,976155,0
2014-03-14,18:00:00,48.81,48.98,48.79,48.91,929342,0
2014-03-14,19:00:00,48.92,49.07,48.77,48.81,638092,0
2014-03-14,20:00:00,48.81,49.24,48.75,49,1308873,0
2014-03-14,21:00:00,49,49,48.8,48.88,1704966,0
2014-03-17,15:00:00,49.01,49.46,49.01,49.23,757068,0
2014-03-17,16:00:00,49.22,49.39,49.21,49.31,694293,0
2014-03-17,17:00:00,49.29,49.38,49.22,49.32,389777,0
2014-03-17,18:00:00,49.33,49.54,49.29,49.29,374162,0
2014-03-17,19:00:00,49.29,49.34,49.24,49.24,303813,0
2014-03-17,20:00:00,49.23,49.35,49.23,49.27,313734,0
2014-03-17,21:00:00,49.28,49.36,49.24,49.36,1067882,0
2014-03-18,15:00:00,49.36,49.45,49.2,49.39,222956,0
2014-03-18,16:00:00,49.39,49.92,49.39,49.77,994855,0
2014-03-18,17:00:00,49.77,49.79,49.55,49.63,546214,0
2014-03-18,18:00:00,49.64,49.73,49.49,49.63,341285,0
2014-03-18,19:00:00,49.62,49.9,49.59,49.85,330655,0
2014-03-18,20:00:00,49.86,50.11,49.82,50.1,800975,0
2014-03-18,21:00:00,50.1,50.2,49.89,49.91,2317340,0
2014-03-19,15:00:00,50.49,50.56,50.26,50.52,507531,0
2014-03-19,16:00:00,50.53,50.65,50.11,50.64,911123,0
2014-03-19,17:00:00,50.64,50.82,50.41,50.61,1307358,0
2014-03-19,18:00:00,50.61,50.72,50.54,50.62,500810,0
2014-03-19,19:00:00,50.62,50.76,50.51,50.57,1544069,0
2014-03-19,20:00:00,50.58,50.58,50.19,50.36,704649,0
2014-03-19,21:00:00,50.36,50.36,50.01,50.22,1407806,0
2014-03-20,15:00:00,50.02,50.25,49.98,50.19,581181,0
2014-03-20,16:00:00,50.19,50.34,49.99,50.13,1866018,0
2014-03-20,17:00:00,50.14,50.42,50.09,50.2,828298,0
2014-03-20,18:00:00,50.2,50.26,50.15,50.26,437710,0
2014-03-20,19:00:00,50.25,50.35,50.15,50.16,1065296,0
2014-03-20,20:00:00,50.15,50.22,49.8,49.87,542192,0
2014-03-20,21:00:00,49.87,49.92,49.74,49.83,972825,0
2014-03-21,15:00:00,49.68,50.08,49.56,49.63,242179,0
2014-03-21,16:00:00,49.64,49.71,49.36,49.59,535188,0
2014-03-21,17:00:00,49.58,49.87,49.56,49.73,480301,0
2014-03-21,18:00:00,49.73,49.74,49.27,49.42,565743,0
2014-03-21,19:00:00,49.43,49.59,49.37,49.52,477408,0
2014-03-21,20:00:00,49.53,49.76,49.46,49.7,928517,0
2014-03-21,21:00:00,49.69,49.69,49.31,49.41,1596172,0
2014-03-24,15:00:00,49.64,49.8,48.82,48.87,636234,0
2014-03-24,16:00:00,48.87,48.88,48.3,48.51,1283513,0
2014-03-24,17:00:00,48.5,48.84,48.39,48.82,841872,0
2014-03-24,18:00:00,48.82,48.86,48.63,48.84,400286,0
2014-03-24,19:00:00,48.85,49.14,48.75,49.01,434412,0
2014-03-24,20:00:00,49.01,49.21,48.94,49.15,369988,0
2014-03-24,21:00:00,49.14,49.3,49.06,49.13,680050,0
2014-03-25,15:00:00,49.29,49.64,49.29,49.48,600819,0
2014-03-25,16:00:00,49.48,49.52,49.15,49.2,595185,0
2014-03-25,17:00:00,49.19,49.43,49.1,49.17,459492,0
2014-03-25,18:00:00,49.16,49.5,49.08,49.48,326702,0
2014-03-25,19:00:00,49.47,49.55,49.42,49.42,311640,0
2014-03-25,20:00:00,49.41,49.46,49.33,49.4,286035,0
2014-03-25,21:00:00,49.41,49.62,49.38,49.6,1096044,0
2014-03-26,15:00:00,49.82,50.23,49.74,49.89,581643,0
2014-03-26,16:00:00,49.87,50,49.85,49.94,492690,0
2014-03-26,17:00:00,49.94,49.98,49.35,49.61,607361,0
2014-03-26,18:00:00,49.58,49.63,49.29,49.39,1394844,0
2014-03-26,19:00:00,49.39,49.4,48.82,48.99,548876,0
2014-03-26,20:00:00,48.99,49,48.62,48.7,754111,0
2014-03-26,21:00:00,48.69,48.95,48.53,48.88,1664878,0
2014-03-27,15:00:00,48.64,49,48.5,48.87,401847,0
2014-03-27,16:00:00,48.87,49.31,48.74,48.99,924658,0
2014-03-27,17:00:00,48.98,49.31,48.88,49.18,624403,0
2014-03-27,18:00:00,49.18,49.28,48.84,48.94,544277,0
2014-03-27,19:00:00,48.93,49.04,48.84,48.94,413583,0
2014-03-27,20:00:00,48.94,49.06,48.86,49.04,313243,0
2014-03-27,21:00:00,49.05,49.32,49.01,49.14,794267,0
2014-03-28,15:00:00,49.38,49.99,49.37,49.88,687528,0
2014-03-28,16:00:00,49.89,50.18,49.79,49.98,898147,0
2014-03-28,17:00:00,49.97,49.97,49.58,49.65,502861,0
2014-03-28,18:00:00,49.66,49.87,49.53,49.64,424887,0
2014-03-28,19:00:00,49.66,49.78,49.22,49.26,611664,0
2014-03-28,20:00:00,49.26,49.33,49.06,49.3,327221,0
2014-03-28,21:00:00,49.31,49.47,49.27,49.45,650163,0
2014-03-31,16:00:00,49.6,52,49.6,51.6,2775206,0
2014-03-31,17:00:00,51.56,51.85,51.39,51.76,3042150,0
2014-03-31,18:00:00,51.76,51.85,51.34,51.72,1983226,0
2014-03-31,19:00:00,51.7,52.75,51.5,52.56,1826726,0
2014-03-31,20:00:00,52.56,52.68,52.36,52.51,999773,0
2014-03-31,21:00:00,52.51,52.94,52.47,52.87,1161293,0
2014-03-31,22:00:00,52.87,52.88,52.67,52.84,2382629,0
2014-04-01,16:00:00,52.55,52.8,51.63,52.47,1254457,0
2014-04-01,17:00:00,52.48,52.7,52.39,52.5,1482025,0
2014-04-01,18:00:00,52.5,52.55,52.29,52.35,1103139,0
2014-04-01,19:00:00,52.35,52.8,52.3,52.61,525816,0
2014-04-01,20:00:00,52.61,52.68,52.43,52.52,471875,0
2014-04-01,21:00:00,52.52,52.76,52.47,52.71,539635,0
2014-04-01,22:00:00,52.72,53.1,52.7,53.07,2875250,0
2014-04-02,16:00:00,53.08,53.61,53.05,53.6,678053,0
2014-04-02,17:00:00,53.6,54.7,53.48,54.23,3581882,0
2014-04-02,18:00:00,54.24,54.36,53.98,54.22,1606166,0
2014-04-02,19:00:00,54.22,54.34,53.82,53.82,841142,0
2014-04-02,20:00:00,53.82,53.86,53.32,53.47,1565606,0
2014-04-02,21:00:00,53.48,53.62,53.05,53.16,1139695,0
2014-04-02,22:00:00,53.15,53.39,53.13,53.32,1785711,0
2014-04-03,16:00:00,52.95,53.32,52.64,53.23,870649,0
2014-04-03,17:00:00,53.23,53.4,53.03,53.28,1191107,0
2014-04-03,18:00:00,53.27,53.35,53.01,53.34,805438,0
2014-04-03,19:00:00,53.34,53.57,53.29,53.51,651973,0
2014-04-03,20:00:00,53.5,53.87,53.45,53.83,504774,0
2014-04-03,21:00:00,53.83,53.9,53.08,53.76,2344652,0
2014-04-03,22:00:00,53.77,54.1,53.76,54.06,1917808,0
2014-04-04,16:00:00,54.32,54.62,53.8,54.25,858649,0
2014-04-04,17:00:00,54.24,54.39,53.68,53.86,1592163,0
2014-04-04,18:00:00,53.86,53.87,52.76,53.05,1432448,0
2014-04-04,19:00:00,53.05,53.06,52.61,52.85,825426,0
2014-04-04,20:00:00,52.87,53.11,52.84,52.95,585372,0
2014-04-04,21:00:00,52.95,53.01,52.69,52.89,1190530,0
2014-04-04,22:00:00,52.88,53.15,52.79,53,1151021,0
2014-04-07,16:00:00,52.72,53.38,52.67,53.06,951456,0
2014-04-07,17:00:00,53.06,53.46,52.95,53.09,1354697,0
2014-04-07,18:00:00,53.08,53.08,52.32,52.38,1193774,0
2014-04-07,19:00:00,52.35,52.43,52.11,52.15,749045,0
2014-04-07,20:00:00,52.15,52.38,51.77,51.83,1090238,0
2014-04-07,21:00:00,51.83,51.9,51.42,51.78,1524532,0
2014-04-07,22:00:00,51.78,51.8,51.49,51.51,2237165,0
2014-04-08,16:00:00,51.77,52.02,49.76,49.82,2036018,0
2014-04-08,17:00:00,49.83,50.59,49.77,50.53,3149946,0
2014-04-08,18:00:00,50.53,51.1,50.47,50.95,2004885,0
2014-04-08,19:00:00,50.95,51.1,50.84,50.98,1494426,0
2014-04-08,20:00:00,50.98,51.1,50.73,50.96,1318952,0
2014-04-08,21:00:00,50.96,51.11,50.9,50.96,952681,0
2014-04-08,22:00:00,50.97,51.04,50.83,50.9,1650032,0
2014-04-09,16:00:00,51.2,51.35,50.9,51.21,773509,0
2014-04-09,17:00:00,51.21,51.6,51,51.42,877789,0
2014-04-09,18:00:00,51.43,51.83,51.31,51.71,880566,0
2014-04-09,19:00:00,51.7,51.96,51.68,51.95,458115,0
2014-04-09,20:00:00,51.95,52.09,51.52,51.59,654663,0
2014-04-09,21:00:00,51.59,52.46,51.59,52.24,871288,0
2014-04-09,22:00:00,52.23,52.35,52.13,52.19,1230243,0
2014-04-10,16:00:00,52.25,52.63,52.25,52.48,812473,0
2014-04-10,17:00:00,52.49,52.57,51.85,51.95,1636795,0
2014-04-10,18:00:00,51.95,52.06,51.57,51.7,579266,0
2014-04-10,19:00:00,51.69,51.71,51.34,51.34,319538,0
2014-04-10,20:00:00,51.36,51.38,51.06,51.27,511556,0
2014-04-10,21:00:00,51.26,51.31,51.06,51.11,654608,0
2014-04-10,22:00:00,51.11,51.19,50.88,51.01,1702901,0
2014-04-11,16:00:00,50.41,50.7,49.62,50.64,1114429,0
2014-04-11,17:00:00,50.66,50.81,50.1,50.39,1411605,0
2014-04-11,18:00:00,50.37,50.87,50.37,50.57,762348,0
2014-04-11,19:00:00,50.56,50.83,50.55,50.75,334317,0
2014-04-11,20:00:00,50.75,50.8,50.39,50.46,321961,0
2014-04-11,21:00:00,50.45,50.48,50.1,50.18,871830,0
2014-04-11,22:00:00,50.18,50.37,50.03,50.33,1718302,0
2014-04-14,16:00:00,50.33,50.67,50.01,50.03,676228,0
2014-04-14,17:00:00,50.02,50.15,49.67,50.04,995031,0
2014-04-14,18:00:00,50.04,50.11,49.52,49.58,1285773,0
2014-04-14,19:00:00,49.59,49.59,49.27,49.42,1084771,0
2014-04-14,20:00:00,49.43,49.5,49.15,49.45,770692,0
2014-04-14,21:00:00,49.45,49.51,49.24,49.28,676493,0
2014-04-14,22:00:00,49.29,50,49.29,49.95,1701997,0
2014-04-15,16:00:00,50.21,50.63,49.66,50.55,1003432,0
2014-04-15,17:00:00,50.53,50.57,49.52,49.66,860636,0
2014-04-15,18:00:00,49.66,49.75,49.23,49.3,425460,0
2014-04-15,19:00:00,49.29,49.31,49.01,49.02,528963,0
2014-04-15,20:00:00,49.01,49.11,48.89,49.06,822476,0
2014-04-15,21:00:00,49.06,49.46,49.02,49.37,1375436,0
2014-04-15,22:00:00,49.36,49.79,49.31,49.61,1625526,0
2014-04-16,16:00:00,50.04,50.3,50.04,50.19,672010,0
2014-04-16,17:00:00,50.2,50.49,50.02,50.07,1365406,0
2014-04-16,18:00:00,50.09,50.46,50.07,50.35,661705,0
2014-04-16,19:00:00,50.35,50.52,50.28,50.33,963996,0
2014-04-16,20:00:00,50.34,50.38,50.18,50.21,336084,0
2014-04-16,21:00:00,50.23,50.32,50.11,50.21,596733,0
2014-04-16,22:00:00,50.21,50.21,49.9,49.91,1899954,0
2014-04-17,16:00:00,50.14,50.41,50.04,50.37,770719,0
2014-04-17,17:00:00,50.35,50.53,50.27,50.53,1072038,0
2014-04-17,18:00:00,50.53,50.64,50.34,50.37,418252,0
2014-04-17,19:00:00,50.37,50.8,50.32,50.7,439217,0
2014-04-17,20:00:00,50.7,50.91,50.65,50.88,395424,0
2014-04-17,21:00:00,50.89,50.94,50.72,50.8,568354,0
2014-04-17,22:00:00,50.81,50.97,50.76,50.86,1172673,0
2014-04-21,16:00:00,49.97,51.28,49.97,50.98,846062,0
2014-04-21,17:00:00,51.02,51.08,50.46,50.81,1196967,0
2014-04-21,18:00:00,50.81,51.13,50.8,51.02,284051,0
2014-04-21,19:00:00,51.03,51.25,50.92,51.05,381350,0
2014-04-21,20:00:00,51.04,51.13,50.98,51.1,846765,0
2014-04-21,21:00:00,51.09,51.09,50.77,50.77,602872,0
2014-04-21,22:00:00,50.78,50.87,50.63,50.67,1347962,0
2014-04-22,16:00:00,50.79,51.64,50.79,51.38,2033163,0
2014-04-22,17:00:00,51.37,52.06,51.24,51.7,1022059,0
2014-04-22,18:00:00,51.7,52,51.68,51.84,650383,0
2014-04-22,19:00:00,51.84,52.18,51.73,51.95,786627,0
2014-04-22,20:00:00,51.95,52.01,51.9,51.92,320157,0
2014-04-22,21:00:00,51.91,51.94,51.67,51.7,528587,0
2014-04-22,22:00:00,51.7,51.71,51.37,51.45,1233795,0
2014-04-23,16:00:00,51.19,51.73,51.18,51.73,796982,0
2014-04-23,17:00:00,51.72,51.73,51.23,51.48,585273,0
2014-04-23,18:00:00,51.48,51.57,51.28,51.4,444317,0
2014-04-23,19:00:00,51.38,51.43,51.17,51.28,318193,0
2014-04-23,20:00:00,51.28,51.3,50.87,50.9,303619,0
2014-04-23,21:00:00,50.91,50.97,50.69,50.77,457662,0
2014-04-23,22:00:00,50.77,50.9,50.67,50.67,1195435,0
2014-04-24,16:00:00,50.51,50.57,50.01,50.28,554458,0
2014-04-24,17:00:00,50.28,50.29,50.06,50.1,587337,0
2014-04-24,18:00:00,50.12,50.44,50.1,50.38,565172,0
2014-04-24,19:00:00,50.38,50.45,50.2,50.37,331913,0
2014-04-24,20:00:00,50.36,50.53,50.17,50.19,291179,0
2014-04-24,21:00:00,50.2,50.24,50.09,50.19,372025,0
2014-04-24,22:00:00,50.19,50.24,49.8,49.84,1418679,0
2014-04-25,16:00:00,49.78,50.07,49.25,49.31,1162536,0
2014-04-25,17:00:00,49.3,49.7,49.07,49.1,1274841,0
2014-04-25,18:00:00,49.1,49.2,48.68,48.9,1280039,0
2014-04-25,19:00:00,48.9,49.2,48.83,48.97,1851741,0
2014-04-25,20:00:00,48.98,49.02,48.47,48.5,829516,0
2014-04-25,21:00:00,48.51,48.75,48.35,48.48,825337,0
2014-04-25,22:00:00,48.47,48.8,48.4,48.69,1288868,0
2014-04-28,16:00:00,48.67,49.24,48.67,49.11,1297993,0
2014-04-28,17:00:00,49.09,49.83,49.09,49.59,2303389,0
2014-04-28,18:00:00,49.59,49.67,49.15,49.22,1264785,0
2014-04-28,19:00:00,49.22,49.45,49.14,49.17,608684,0
2014-04-28,20:00:00,49.17,49.17,48.73,48.96,993538,0
2014-04-28,21:00:00,48.98,49.39,48.89,49.28,1486380,0
2014-04-28,22:00:00,49.29,49.43,49.23,49.32,1545801,0
2014-04-29,16:00:00,49.19,49.44,49.13,49.36,560306,0
2014-04-29,17:00:00,49.37,49.45,49.16,49.28,849907,0
2014-04-29,18:00:00,49.29,49.31,49.19,49.19,443867,0
2014-04-29,19:00:00,49.19,49.2,49.1,49.16,389224,0
2014-04-29,20:00:00,49.17,49.57,49.08,49.49,716136,0
2014-04-29,21:00:00,49.5,49.62,49.46,49.6,1169893,0
2014-04-29,22:00:00,49.6,49.71,49.54,49.56,1947291,0
2014-04-30,16:00:00,49.59,49.91,49.43,49.52,436252,0
2014-04-30,17:00:00,49.49,49.67,49.14,49.15,1449817,0
2014-04-30,18:00:00,49.15,49.44,48.72,48.84,712271,0
2014-04-30,19:00:00,48.86,49.11,48.86,48.89,605332,0
2014-04-30,20:00:00,48.9,49.04,48.66,49.03,1153613,0
2014-04-30,21:00:00,49.03,49.04,48.83,48.96,645636,0
2014-04-30,22:00:00,48.96,49.04,48.74,48.86,2499668,0
2014-05-01,16:00:00,49.46,50.1,49.31,49.97,2066584,0
2014-05-01,17:00:00,49.96,50.25,49.79,50.05,3057968,0
2014-05-01,18:00:00,50.06,51.22,50.04,50.86,4008829,0
2014-05-01,19:00:00,50.88,51.11,50.8,50.9,771370,0
2014-05-01,20:00:00,50.9,51.17,50.79,51.09,862143,0
2014-05-01,21:00:00,51.09,51.15,50.57,50.83,1094712,0
2014-05-01,22:00:00,50.8,51.01,50.59,50.97,1641576,0
2014-05-02,16:00:00,50.74,50.94,50.03,50.14,746569,0
2014-05-02,17:00:00,50.14,50.33,49.85,50.17,2327908,0
2014-05-02,18:00:00,50.16,50.46,49.99,50.11,1016403,0
2014-05-02,19:00:00,50.08,50.08,49.42,49.43,649289,0
2014-05-02,20:00:00,49.42,49.49,49.08,49.33,713862,0
2014-05-02,21:00:00,49.32,49.83,49.25,49.8,621868,0
2014-05-02,22:00:00,49.8,50.01,49.77,49.86,1512976,0
2014-05-05,16:00:00,49.75,50.09,49.4,50.05,499989,0
2014-05-05,17:00:00,50.05,50.29,49.95,50.27,562381,0
2014-05-05,18:00:00,50.3,50.44,50.05,50.4,527185,0
2014-05-05,19:00:00,50.4,50.47,50.2,50.4,221881,0
2014-05-05,20:00:00,50.4,50.5,50.28,50.43,328153,0
2014-05-05,21:00:00,50.43,50.64,50.23,50.3,578094,0
2014-05-05,22:00:00,50.3,50.69,50.18,50.65,1680372,0
2014-05-06,16:00:00,51.5,51.52,50.79,50.9,1348112,0
2014-05-06,17:00:00,50.92,51.19,50.76,50.91,1192631,0
2014-05-06,18:00:00,50.93,51.01,50.75,50.96,489650,0
2014-05-06,19:00:00,50.96,50.97,50.52,50.69,409428,0
2014-05-06,20:00:00,50.69,50.69,50.18,50.26,500524,0
2014-05-06,21:00:00,50.23,50.23,49.77,49.78,776503,0
2014-05-06,22:00:00,49.78,49.86,49.57,49.58,1288316,0
2014-05-07,16:00:00,49.65,49.87,49.58,49.68,587718,0
2014-05-07,17:00:00,49.69,49.81,49.29,49.45,687866,0
2014-05-07,18:00:00,49.46,50.44,49.37,50.33,1027017,0
2014-05-07,19:00:00,50.32,50.34,49.91,49.96,408302,0
2014-05-07,20:00:00,49.94,50.03,49.82,49.94,344267,0
2014-05-07,21:00:00,49.94,50.1,49.93,50.05,367052,0
2014-05-07,22:00:00,50.05,50.65,50.01,50.38,2706748,0
