Date,Time,Open,High,Low,Close,Volume,OpenInt
2014-02-10,16:00:00,52.1994,52.1994,51.3825,51.8009,31014,0
2014-02-10,17:00:00,51.8009,51.8009,51.4423,51.522,24086,0
2014-02-10,18:00:00,51.5319,51.6116,51.4124,51.4224,36747,0
2014-02-10,19:00:00,51.3825,51.6116,51.1633,51.5917,39143,0
2014-02-10,20:00:00,51.5817,51.7411,51.5718,51.7013,20987,0
2014-02-10,21:00:00,51.6714,51.7511,51.5917,51.7112,37689,0
2014-02-10,22:00:00,51.7013,51.771,51.5618,51.6017,73377,0
2014-02-11,16:00:00,51.7013,51.7212,51.2331,51.7212,14968,0
2014-02-11,17:00:00,51.6814,51.9902,51.2929,51.771,28930,0
2014-02-11,18:00:00,51.771,52.2791,51.6913,52.2791,27101,0
2014-02-11,19:00:00,52.2492,52.3189,51.9105,52.0699,40702,0
2014-02-11,20:00:00,52.1396,52.2591,52.0499,52.1695,30646,0
2014-02-11,21:00:00,52.1695,52.289,52.0699,52.1296,57902,0
2014-02-11,22:00:00,52.1097,52.1496,51.9902,52.0101,122984,0
2014-02-12,16:00:00,52.3488,52.3687,52.1795,52.2293,6145,0
2014-02-12,17:00:00,52.1894,52.2492,51.8706,51.9404,37542,0
2014-02-12,18:00:00,51.9802,51.9802,51.5319,51.5817,22012,0
2014-02-12,19:00:00,51.5419,51.6913,51.4423,51.6415,26273,0
2014-02-12,20:00:00,51.6017,51.7013,51.5718,51.6017,22552,0
2014-02-12,21:00:00,51.6017,51.8009,51.5718,51.8009,23899,0
2014-02-12,22:00:00,51.7909,52.03,51.7909,52.0101,56814,0
2014-02-13,16:00:00,51.522,51.9404,51.4224,51.8806,41091,0
2014-02-13,17:00:00,51.9503,52.3488,51.8109,52.2791,30523,0
2014-02-13,18:00:00,52.289,52.4883,51.9603,52.0499,59888,0
2014-02-13,19:00:00,52.0699,52.289,52.0101,52.289,29424,0
2014-02-13,20:00:00,52.289,52.3986,52.2492,52.3189,39458,0
2014-02-13,21:00:00,52.3089,52.3289,52.1795,52.2691,52277,0
2014-02-13,22:00:00,52.2591,52.3488,52.1396,52.1795,153558,0
2014-02-14,16:00:00,52.03,52.1695,51.8208,51.8308,29891,0
2014-02-14,17:00:00,51.8408,52.2492,51.8408,52.0998,32122,0
2014-02-14,18:00:00,52.1097,52.4584,52.0798,52.3886,45666,0
2014-02-14,19:00:00,52.3787,52.4883,52.289,52.4185,25672,0
2014-02-14,20:00:00,52.4484,52.4584,52.2492,52.3588,22110,0
2014-02-14,21:00:00,52.3388,52.548,52.3189,52.4185,264759,0
2014-02-14,22:00:00,52.4285,52.548,52.3189,52.5082,173140,0
2014-02-18,16:00:00,52.7971,52.9067,52.6078,52.817,30711,0
2014-02-18,17:00:00,52.7672,53.604,52.5978,53.604,289889,0
2014-02-18,18:00:00,53.6239,54.2814,53.584,53.7036,134176,0
2014-02-18,19:00:00,53.7036,53.7036,53.4147,53.4745,38145,0
2014-02-18,20:00:00,53.4844,53.7235,53.2653,53.3948,88500,0
2014-02-18,21:00:00,53.4745,53.4745,52.9465,52.9565,40151,0
2014-02-18,22:00:00,52.9365,53.3051,52.9365,53.2254,112454,0
2014-02-19,16:00:00,53.1557,54.8691,53.076,54.8093,122390,0
2014-02-19,17:00:00,54.9687,55.7756,54.4906,55.4668,222501,0
2014-02-19,18:00:00,55.4668,55.8055,55.2377,55.6461,72048,0
2014-02-19,19:00:00,55.6561,55.7856,55.0683,55.0883,88411,0
2014-02-19,20:00:00,55.0683,55.4867,54.9986,55.2078,33313,0
2014-02-19,21:00:00,55.1779,55.3074,55.1181,55.168,41859,0
2014-02-19,22:00:00,55.2078,55.3074,54.9887,55.2477,149776,0
2014-02-20,16:00:00,55.0883,55.676,54.889,55.3473,52672,0
2014-02-20,17:00:00,55.2377,55.5863,54.9687,54.9787,101961,0
2014-02-20,18:00:00,54.9986,55.1082,54.6001,54.7695,67561,0
2014-02-20,19:00:00,54.7894,54.8591,54.6798,54.8193,21600,0
2014-02-20,20:00:00,54.8492,54.9588,54.7794,54.7994,20750,0
2014-02-20,21:00:00,54.7894,54.9887,54.7794,54.8293,46503,0
2014-02-20,22:00:00,54.8591,55.1281,54.8591,54.9388,128412,0
2014-02-21,16:00:00,54.9388,55.4369,54.7695,55.1181,57371,0
2014-02-21,17:00:00,55.168,55.3572,54.9289,55.2576,38746,0
2014-02-21,18:00:00,55.2676,55.3572,55.1978,55.2775,26747,0
2014-02-21,19:00:00,55.3174,55.6362,55.3074,55.3473,15981,0
2014-02-21,20:00:00,55.3473,55.3473,55.1779,55.2377,21666,0
2014-02-21,21:00:00,55.2576,55.2676,55.1082,55.2178,22694,0
2014-02-21,22:00:00,55.2277,55.3174,55.0185,55.0285,112214,0
2014-02-24,16:00:00,55.0883,55.7258,55.0385,55.7258,29393,0
2014-02-24,17:00:00,55.6561,55.6561,55.2576,55.3473,29044,0
2014-02-24,18:00:00,55.3672,55.666,55.2975,55.417,26402,0
2014-02-24,19:00:00,55.427,55.6162,55.427,55.5664,13351,0
2014-02-24,20:00:00,55.686,55.686,55.5365,55.6162,15351,0
2014-02-24,21:00:00,55.5863,55.6561,55.5365,55.5664,49568,0
2014-02-24,22:00:00,55.5664,55.5764,55.158,55.2277,87029,0
2014-02-25,16:00:00,55.2775,55.7159,55.1082,55.2377,21571,0
2014-02-25,17:00:00,55.1879,55.5764,55.1381,55.3074,40967,0
2014-02-25,18:00:00,55.2078,55.5365,55.0783,55.417,13632,0
2014-02-25,19:00:00,55.4369,55.4369,55.0086,55.0185,16454,0
2014-02-25,20:00:00,54.9986,55.1879,54.9986,55.168,19265,0
2014-02-25,21:00:00,55.158,55.2676,54.9986,55.0783,29257,0
2014-02-25,22:00:00,55.0783,55.0783,54.909,55.0683,56560,0
2014-02-26,16:00:00,55.2277,55.6063,54.8791,55.0982,6667,0
2014-02-26,17:00:00,55.2377,55.8553,55.2377,55.8254,14026,0
2014-02-26,18:00:00,55.8553,56.0147,55.7955,55.9549,15635,0
2014-02-26,19:00:00,56.0346,56.2438,55.925,55.9848,38554,0
2014-02-26,20:00:00,55.9549,56.0944,55.8354,55.945,21959,0
2014-02-26,21:00:00,55.925,55.9549,55.3074,55.3772,37288,0
2014-02-26,22:00:00,55.3274,55.4568,55.1879,55.4369,59686,0
2014-02-27,16:00:00,55.3174,55.3373,54.9588,55.1381,10540,0
2014-02-27,17:00:00,55.2078,55.3274,54.6599,55.1381,24845,0
2014-02-27,18:00:00,55.1381,55.3274,55.1381,55.2676,19268,0
2014-02-27,19:00:00,55.3074,55.5067,55.2178,55.3473,14265,0
2014-02-27,20:00:00,55.3772,55.4469,55.3174,55.3473,23390,0
2014-02-27,21:00:00,55.3871,55.427,55.0783,55.3274,27240,0
2014-02-27,22:00:00,55.3473,55.417,55.2975,55.3772,112475,0
2014-02-28,16:00:00,55.5365,55.7358,55.2277,55.666,10026,0
2014-02-28,17:00:00,55.676,55.9549,55.5764,55.8752,45749,0
2014-02-28,18:00:00,55.9051,55.925,55.7159,55.8354,27520,0
2014-02-28,19:00:00,55.8354,56.0247,55.8055,55.9848,14847,0
2014-02-28,20:00:00,56.0645,56.2339,55.8254,55.9549,38516,0
2014-02-28,21:00:00,55.935,56.1741,55.8055,55.8055,22586,0
2014-02-28,22:00:00,55.7856,55.8852,55.4568,55.7955,89591,0
2014-03-03,16:00:00,55.5166,55.5365,55.2875,55.5365,24895,0
2014-03-03,17:00:00,55.5166,55.8254,55.3473,55.4967,39029,0
2014-03-03,18:00:00,55.5166,55.666,55.3373,55.5266,33312,0
2014-03-03,19:00:00,55.4867,55.666,55.417,55.6362,70606,0
2014-03-03,20:00:00,55.7756,55.8852,55.7358,55.8653,13727,0
2014-03-03,21:00:00,55.8653,56.194,55.8653,55.945,22996,0
2014-03-03,22:00:00,55.945,55.9948,55.4768,55.5067,92301,0
2014-03-04,16:00:00,56.3634,56.7618,56.2139,56.5626,18945,0
2014-03-04,17:00:00,56.6522,57.2798,56.5626,57.2699,37802,0
2014-03-04,18:00:00,57.2798,57.3297,57.1304,57.2898,27946,0
2014-03-04,19:00:00,57.2699,57.5488,57.2599,57.3197,55576,0
2014-03-04,20:00:00,57.3396,57.4392,57.0507,57.1802,49108,0
2014-03-04,21:00:00,57.2101,57.3197,57.1304,57.25,29839,0
2014-03-04,22:00:00,57.23,57.3695,57.0906,57.3297,111334,0
2014-03-05,16:00:00,57.1802,57.7381,57.1404,57.4293,56831,0
2014-03-05,17:00:00,57.4492,57.5588,57.1802,57.5289,66408,0
2014-03-05,18:00:00,57.5289,57.758,57.509,57.758,62028,0
2014-03-05,19:00:00,57.7281,57.9174,57.7281,57.8576,55628,0
2014-03-05,20:00:00,57.8377,58.1266,57.7979,58.0867,40168,0
2014-03-05,21:00:00,58.0668,58.1864,57.8775,57.8775,45650,0
2014-03-05,22:00:00,57.9373,57.9373,57.5886,57.7281,146924,0
2014-03-06,16:00:00,58.027,58.1664,57.5488,58.1664,66321,0
2014-03-06,17:00:00,58.1664,58.2561,57.8576,57.8676,49241,0
2014-03-06,18:00:00,57.8477,58.1864,57.8477,58.1465,42886,0
2014-03-06,19:00:00,58.1166,58.2561,58.027,58.2162,22587,0
2014-03-06,20:00:00,58.2162,58.2162,57.9074,57.9672,18527,0
2014-03-06,21:00:00,57.9273,58.6844,57.9074,58.6048,72059,0
2014-03-06,22:00:00,58.5848,58.9733,58.4155,58.6147,166385,0
2014-03-07,16:00:00,59.1526,59.5411,57.1105,57.8875,86166,0
2014-03-07,17:00:00,57.8277,58.2162,57.5388,58.1764,173957,0
2014-03-07,18:00:00,58.1067,58.4852,57.6982,58.1664,100260,0
2014-03-07,19:00:00,58.0369,58.3457,57.9174,58.2063,35241,0
2014-03-07,20:00:00,58.2362,59.0431,58.1366,58.9335,56807,0
2014-03-07,21:00:00,58.9335,59.332,58.2561,59.2921,92303,0
2014-03-07,22:00:00,59.3021,59.7005,59.1427,59.4614,447436,0
2014-03-10,15:00:00,59.1327,59.7703,58.6346,59.7603,81567,0
2014-03-10,16:00:00,59.7404,59.9097,59.1526,59.4515,79168,0
2014-03-10,17:00:00,59.4614,59.6308,59.2722,59.312,53166,0
2014-03-10,18:00:00,59.2821,59.4316,59.1626,59.3917,38289,0
2014-03-10,19:00:00,59.4216,59.4515,58.9933,59.2224,43346,0
2014-03-10,20:00:00,59.2024,59.2024,58.6546,58.7841,68425,0
2014-03-10,21:00:00,58.7741,59.322,58.6844,58.8638,196218,0
2014-03-11,15:00:00,58.9136,59.0829,58.3557,58.6645,67881,0
2014-03-11,16:00:00,58.6745,59.2024,58.5251,59.1427,66225,0
2014-03-11,17:00:00,59.1427,59.1427,58.6247,58.6546,30867,0
2014-03-11,18:00:00,58.6546,58.8936,58.4852,58.7741,70733,0
2014-03-11,19:00:00,58.7741,58.8737,58.7741,58.804,20569,0
2014-03-11,20:00:00,58.7741,58.9434,58.6147,58.6147,66567,0
2014-03-11,21:00:00,58.6247,58.7542,58.4852,58.7342,106418,0
2014-03-12,15:00:00,58.0967,58.535,58.0967,58.4155,20483,0
2014-03-12,16:00:00,58.3557,58.6247,58.3358,58.4852,51737,0
2014-03-12,17:00:00,58.4852,58.8239,58.3457,58.3756,200896,0
2014-03-12,18:00:00,58.3756,58.5051,58.1864,58.2162,48399,0
2014-03-12,19:00:00,58.2162,58.2362,58.027,58.0768,54308,0
2014-03-12,20:00:00,58.0668,58.6147,58.0569,58.4254,136990,0
2014-03-12,21:00:00,58.4155,58.4653,58.007,58.4653,246745,0
2014-03-13,15:00:00,58.5848,58.8538,58.1764,58.3358,24455,0
2014-03-13,16:00:00,58.3059,58.8139,58.1864,58.4055,104994,0
2014-03-13,17:00:00,58.3657,58.4155,58.1266,58.2561,30376,0
2014-03-13,18:00:00,58.2461,58.3358,58.017,58.1067,67121,0
2014-03-13,19:00:00,58.0369,58.2162,57.7879,58.1963,36549,0
2014-03-13,20:00:00,58.2461,58.266,57.7779,57.8377,54454,0
2014-03-13,21:00:00,57.8975,58.017,57.6883,57.8277,253419,0
2014-03-14,15:00:00,57.6285,58.3358,57.4691,58.1764,16261,0
2014-03-14,16:00:00,58.2063,58.8139,58.1664,58.5948,106826,0
2014-03-14,17:00:00,58.6147,58.6944,58.1067,58.4553,33699,0
2014-03-14,18:00:00,58.4753,58.4753,57.9074,58.017,21521,0
2014-03-14,19:00:00,58.0369,58.1266,57.8078,57.8676,18123,0
2014-03-14,20:00:00,57.9772,58.0668,57.8178,57.9572,28708,0
2014-03-14,21:00:00,57.9572,58.007,57.7879,57.9971,83679,0
2014-03-17,15:00:00,58.1166,59.1726,58.1166,58.8438,36891,0
2014-03-17,16:00:00,58.9634,59.3419,58.9235,59.2423,68332,0
2014-03-17,17:00:00,59.2124,59.581,59.053,59.332,123628,0
2014-03-17,18:00:00,59.332,59.4017,59.1028,59.2622,29739,0
2014-03-17,19:00:00,59.2722,59.5212,59.2224,59.4614,101402,0
2014-03-17,20:00:00,59.4614,59.591,59.312,59.3818,27299,0
2014-03-17,21:00:00,59.4017,59.4614,59.1825,59.2821,125032,0
2014-03-18,15:00:00,59.1726,59.6408,59.1726,59.4316,12952,0
2014-03-18,16:00:00,59.4117,59.5312,59.2523,59.2622,36022,0
2014-03-18,17:00:00,59.2323,59.332,59.1427,59.2921,92660,0
2014-03-18,18:00:00,59.3021,59.3818,59.2323,59.2523,24667,0
2014-03-18,19:00:00,59.2224,59.3519,59.2124,59.322,50041,0
2014-03-18,20:00:00,59.3618,59.3618,59.2024,59.2423,44229,0
2014-03-18,21:00:00,59.2622,59.4814,59.2323,59.3917,192190,0
2014-03-19,15:00:00,59.3818,59.5113,59.1925,59.4913,11660,0
2014-03-19,16:00:00,59.5013,59.571,59.2821,59.5013,39846,0
2014-03-19,17:00:00,59.4714,59.4913,59.1427,59.2722,41255,0
2014-03-19,18:00:00,59.2722,59.3718,59.2323,59.2921,58794,0
2014-03-19,19:00:00,59.2722,59.332,59.1925,59.2921,15258,0
2014-03-19,20:00:00,59.2622,59.3718,59.1726,59.2124,25383,0
2014-03-19,21:00:00,59.1925,59.2821,58.9235,59.1626,91485,0
2014-03-20,15:00:00,59.0331,59.2622,58.8438,59.2423,13632,0
2014-03-20,16:00:00,59.1726,59.5113,59.1327,59.1626,25827,0
2014-03-20,17:00:00,59.1726,59.5511,59.1228,59.4316,42255,0
2014-03-20,18:00:00,59.4515,59.4913,59.3818,59.4913,19307,0
2014-03-20,19:00:00,59.5212,59.6308,59.4117,59.571,17042,0
2014-03-20,20:00:00,59.6009,59.7603,59.571,59.7603,36682,0
2014-03-20,21:00:00,59.7703,59.83,59.6009,59.7802,137605,0
2014-03-21,15:00:00,59.9695,59.9695,59.6009,59.6009,289396,0
2014-03-21,16:00:00,59.6009,59.8599,59.591,59.6408,72445,0
2014-03-21,17:00:00,59.6906,60.2982,59.6607,60.1289,40502,0
2014-03-21,18:00:00,60.1189,60.5274,60.1189,60.4477,25909,0
2014-03-21,19:00:00,60.4178,60.7864,60.4178,60.7465,52407,0
2014-03-21,20:00:00,60.7465,60.7664,60.5274,60.617,37055,0
2014-03-21,21:00:00,60.6071,60.6071,60.2982,60.3381,248564,0
2014-03-24,15:00:00,60.4178,60.4178,60.0293,60.2584,93839,0
2014-03-24,16:00:00,60.3182,60.4975,59.3021,59.7902,51466,0
2014-03-24,17:00:00,59.7902,59.7902,59.5411,59.6009,50259,0
2014-03-24,18:00:00,59.591,59.6806,59.4415,59.6507,39168,0
2014-03-24,19:00:00,59.6607,59.9496,59.6009,59.9097,42804,0
2014-03-24,20:00:00,59.9396,60.0293,59.7205,59.7703,36907,0
2014-03-24,21:00:00,59.7802,59.9894,59.7404,59.8201,74679,0
2014-03-25,15:00:00,60.1588,60.3779,59.8699,60.3779,21623,0
2014-03-25,16:00:00,60.3779,60.5373,60.089,60.1986,107999,0
2014-03-25,17:00:00,60.1787,60.3281,59.9894,60.1189,67372,0
2014-03-25,18:00:00,60.0691,60.089,59.8998,59.9695,56825,0
2014-03-25,19:00:00,59.9695,60.0691,59.7205,59.7603,30852,0
2014-03-25,20:00:00,59.7503,59.7902,59.7005,59.7503,45252,0
2014-03-25,21:00:00,59.7503,59.9894,59.7304,59.84,111491,0
2014-03-26,15:00:00,59.66,60.23,59.66,59.92,15999,0
2014-03-26,16:00:00,59.92,60.01,59.73,59.84,32356,0
2014-03-26,17:00:00,59.87,60.02,59.87,60,31836,0
2014-03-26,18:00:00,60.02,60.07,59.89,59.99,21891,0
2014-03-26,19:00:00,59.97,60.01,59.71,59.78,50046,0
2014-03-26,20:00:00,59.8,59.94,59.69,59.82,29000,0
2014-03-26,21:00:00,59.83,59.98,59.77,59.8,136181,0
2014-03-27,15:00:00,59.75,60.05,59.44,59.81,27804,0
2014-03-27,16:00:00,59.77,60.1,59.65,59.72,47409,0
2014-03-27,17:00:00,59.75,59.77,59.05,59.2,43611,0
2014-03-27,18:00:00,59.19,59.47,59.15,59.25,29104,0
2014-03-27,19:00:00,59.23,59.37,59.15,59.32,38245,0
2014-03-27,20:00:00,59.32,59.51,59.27,59.45,185295,0
2014-03-27,21:00:00,59.42,59.52,59.28,59.46,102678,0
2014-03-28,15:00:00,59.63,60.1,59.46,60.03,18862,0
2014-03-28,16:00:00,59.99,60.42,59.95,60.05,25200,0
2014-03-28,17:00:00,60.03,60.05,59.92,60.04,20819,0
2014-03-28,18:00:00,60.04,60.13,59.71,60.07,24160,0
2014-03-28,19:00:00,60.07,60.22,59.91,60.22,19332,0
2014-03-28,20:00:00,60.19,60.31,60.15,60.25,50661,0
2014-03-28,21:00:00,60.24,60.51,60.2,60.48,124512,0
2014-03-31,16:00:00,60.73,60.73,60.09,60.09,32908,0
2014-03-31,17:00:00,60.23,60.82,60.21,60.58,51729,0
2014-03-31,18:00:00,60.58,60.83,60.52,60.83,22362,0
2014-03-31,19:00:00,60.8,61,60.8,61,18100,0
2014-03-31,20:00:00,60.96,61.24,60.78,60.82,43450,0
2014-03-31,21:00:00,60.81,60.81,60.67,60.76,17784,0
2014-03-31,22:00:00,60.8,61.09,60.75,61.06,102695,0
2014-04-01,16:00:00,60.95,61.74,60.91,61.57,20148,0
2014-04-01,17:00:00,61.63,62.96,61.63,62.89,832310,0
2014-04-01,18:00:00,62.9,63.21,62.87,63.12,149053,0
2014-04-01,19:00:00,63.1,63.29,63.02,63.26,42215,0
2014-04-01,20:00:00,63.23,63.43,63.19,63.31,87684,0
2014-04-01,21:00:00,63.36,63.63,63.35,63.6,84361,0
2014-04-01,22:00:00,63.57,64.04,63.57,64.01,257680,0
2014-04-02,16:00:00,63.6,63.88,63.25,63.25,62669,0
2014-04-02,17:00:00,63.19,63.3,62.9,63.11,90338,0
2014-04-02,18:00:00,63.12,63.19,62.82,62.83,58273,0
2014-04-02,19:00:00,62.83,62.85,62.64,62.66,58657,0
2014-04-02,20:00:00,62.7,62.75,62.53,62.75,39264,0
2014-04-02,21:00:00,62.79,63.17,62.65,63.05,54781,0
2014-04-02,22:00:00,63.04,63.07,62.78,63.04,247258,0
2014-04-03,16:00:00,63.03,63.03,62.6,62.85,16997,0
2014-04-03,17:00:00,62.83,62.9,62.65,62.74,47960,0
2014-04-03,18:00:00,62.74,62.83,62.65,62.74,39116,0
2014-04-03,19:00:00,62.69,62.81,62.61,62.75,36630,0
2014-04-03,20:00:00,62.74,62.96,62.63,62.93,45323,0
2014-04-03,21:00:00,62.91,62.97,62.84,62.94,45722,0
2014-04-03,22:00:00,62.93,63.64,62.88,63.41,367164,0
2014-04-04,16:00:00,64.09,64.41,63.24,63.65,60671,0
2014-04-04,17:00:00,63.65,64.71,63.6,64.36,58821,0
2014-04-04,18:00:00,64.34,64.45,63.51,63.59,77053,0
2014-04-04,19:00:00,63.56,63.56,62.38,62.42,97445,0
2014-04-04,20:00:00,62.4,62.52,62.13,62.29,64052,0
2014-04-04,21:00:00,62.26,62.37,61.85,62.36,80277,0
2014-04-04,22:00:00,62.4,62.85,62.32,62.59,92334,0
2014-04-07,16:00:00,62.37,62.37,61.25,61.59,49434,0
2014-04-07,17:00:00,61.54,62,61.45,61.83,98479,0
2014-04-07,18:00:00,61.8,62.04,61.77,61.94,70050,0
2014-04-07,19:00:00,61.87,62.13,61.76,62.03,55530,0
2014-04-07,20:00:00,61.97,62.14,61.84,61.87,58553,0
2014-04-07,21:00:00,61.84,62.07,61.65,62.04,64331,0
2014-04-07,22:00:00,62,62.18,61.9,62.03,156944,0
2014-04-08,16:00:00,61.78,62.15,61.37,61.88,58197,0
2014-04-08,17:00:00,61.95,62.45,61.83,62.38,72460,0
2014-04-08,18:00:00,62.4,62.73,62.14,62.16,32515,0
2014-04-08,19:00:00,62.14,62.47,62.13,62.4,37121,0
2014-04-08,20:00:00,62.41,62.54,62.28,62.43,45790,0
2014-04-08,21:00:00,62.45,62.45,62.19,62.33,34437,0
2014-04-08,22:00:00,62.33,62.63,62.3,62.59,178215,0
2014-04-09,16:00:00,62.65,62.74,62.34,62.62,36774,0
2014-04-09,17:00:00,62.57,63.56,62.55,63.38,86439,0
2014-04-09,18:00:00,63.33,63.98,63.32,63.98,69410,0
2014-04-09,19:00:00,64,64.28,63.68,63.68,114493,0
2014-04-09,20:00:00,63.72,63.97,63.64,63.95,69101,0
2014-04-09,21:00:00,63.96,64.55,63.94,64.21,91684,0
2014-04-09,22:00:00,64.21,64.27,64.12,64.16,153969,0
2014-04-10,16:00:00,64.04,64.04,63.49,63.63,17098,0
2014-04-10,17:00:00,63.73,64.03,63.49,63.55,50328,0
2014-04-10,18:00:00,63.36,63.48,62.92,63.2,49732,0
2014-04-10,19:00:00,63.16,63.2,62.7,62.87,39966,0
2014-04-10,20:00:00,62.88,62.96,62.61,62.71,52610,0
2014-04-10,21:00:00,62.74,63.01,62.49,62.92,91953,0
2014-04-10,22:00:00,62.91,62.93,62.47,62.48,120509,0
2014-04-11,16:00:00,62,62.2,61.12,62.2,38462,0
2014-04-11,17:00:00,62.17,62.39,61.55,62.39,39710,0
2014-04-11,18:00:00,62.29,62.3,61.51,61.61,21650,0
2014-04-11,19:00:00,61.7,61.76,61.5,61.54,15902,0
2014-04-11,20:00:00,61.52,61.52,61.02,61.05,26992,0
2014-04-11,21:00:00,61.05,61.1,60.37,60.76,60200,0
2014-04-11,22:00:00,60.76,60.97,60.59,60.82,127096,0
2014-04-14,16:00:00,61.32,61.32,60.72,60.81,20003,0
2014-04-14,17:00:00,60.8,61.63,60.71,61.51,46147,0
2014-04-14,18:00:00,61.53,61.56,61.15,61.18,28693,0
2014-04-14,19:00:00,61.16,61.51,61.15,61.48,22202,0
2014-04-14,20:00:00,61.48,61.48,61.08,61.1,75729,0
2014-04-14,21:00:00,61.07,61.15,60.81,61.03,29492,0
2014-04-14,22:00:00,60.96,61.42,60.62,61.15,315931,0
2014-04-15,16:00:00,61.49,62.14,61.27,62.05,21805,0
2014-04-15,17:00:00,62.1,62.17,61.28,61.51,53994,0
2014-04-15,18:00:00,61.51,61.54,61.05,61.31,51400,0
2014-04-15,19:00:00,61.33,61.41,60.91,61.05,27550,0
2014-04-15,20:00:00,61.03,62.09,60.95,62.07,68649,0
2014-04-15,21:00:00,62.11,63.03,62.1,62.87,97145,0
2014-04-15,22:00:00,62.88,63.35,62.78,62.84,215346,0
2014-04-16,16:00:00,63.39,63.39,62.97,63,25935,0
2014-04-16,17:00:00,63.07,63.6,62.7,62.78,39771,0
2014-04-16,18:00:00,62.7,62.93,62.51,62.6,26374,0
2014-04-16,19:00:00,62.61,62.75,62.39,62.39,32993,0
2014-04-16,20:00:00,62.33,62.57,62.12,62.46,34121,0
2014-04-16,21:00:00,62.46,62.5,62.21,62.28,48516,0
2014-04-16,22:00:00,62.33,62.75,62.22,62.62,108356,0
2014-04-17,16:00:00,63.07,63.07,62.23,62.61,12400,0
2014-04-17,17:00:00,62.61,63.15,62.48,63.12,53268,0
2014-04-17,18:00:00,63.17,63.36,62.83,63.36,167797,0
2014-04-17,19:00:00,63.41,63.79,63.41,63.68,35207,0
2014-04-17,20:00:00,63.63,63.72,63.41,63.54,50644,0
2014-04-17,21:00:00,63.5,63.61,63.47,63.53,44732,0
2014-04-17,22:00:00,63.53,63.65,63.22,63.22,100922,0
2014-04-21,16:00:00,63.47,63.47,62.02,62.4,59610,0
2014-04-21,17:00:00,62.37,62.6,61.61,61.77,99450,0
2014-04-21,18:00:00,61.77,62.05,61.7,61.96,65326,0
2014-04-21,19:00:00,61.94,62.2,61.9,62.17,41973,0
2014-04-21,20:00:00,62.15,62.47,62.14,62.46,112802,0
2014-04-21,21:00:00,62.46,62.76,62.46,62.56,87330,0
2014-04-21,22:00:00,62.56,62.67,62.14,62.41,230902,0
2014-04-22,16:00:00,62.39,62.62,62.39,62.52,63071,0
2014-04-22,17:00:00,62.52,62.84,62.41,62.67,109015,0
2014-04-22,18:00:00,62.71,62.8,62.32,62.5,76412,0
2014-04-22,19:00:00,62.5,62.71,62.27,62.3,43269,0
2014-04-22,20:00:00,62.31,62.38,62.11,62.12,62716,0
2014-04-22,21:00:00,62.13,62.68,62.13,62.59,56840,0
2014-04-22,22:00:00,62.58,62.58,62.21,62.31,105143,0
2014-04-23,16:00:00,62.07,62.36,61.58,61.77,56160,0
2014-04-23,17:00:00,61.76,61.76,61.23,61.32,90842,0
2014-04-23,18:00:00,61.35,61.44,60.88,61.1,133841,0
2014-04-23,19:00:00,61.19,61.3,60.96,61.17,30538,0
2014-04-23,20:00:00,61.22,61.32,60.91,61.03,38099,0
2014-04-23,21:00:00,61.01,61.01,60.76,60.98,129531,0
2014-04-23,22:00:00,60.94,61.07,60.8,60.84,215081,0
2014-04-24,16:00:00,61.33,61.38,60.26,60.34,24225,0
2014-04-24,17:00:00,60.33,60.71,59.92,60.47,71343,0
2014-04-24,18:00:00,60.46,60.92,60.42,60.56,58533,0
2014-04-24,19:00:00,60.58,60.72,60.49,60.67,22100,0
2014-04-24,20:00:00,60.64,60.73,60.36,60.43,50835,0
2014-04-24,21:00:00,60.44,60.69,60.44,60.56,56019,0
2014-04-24,22:00:00,60.52,60.77,60.39,60.4,244756,0
2014-04-25,16:00:00,60.1,60.22,59.89,59.94,44514,0
2014-04-25,17:00:00,59.92,60.2,59.7,59.96,61782,0
2014-04-25,18:00:00,59.96,60.26,59.78,59.98,44020,0
2014-04-25,19:00:00,59.99,60.19,59.91,60.02,86560,0
2014-04-25,20:00:00,59.98,60.01,59.89,59.89,38442,0
2014-04-25,21:00:00,59.9,60.07,59.79,59.85,32138,0
2014-04-25,22:00:00,59.91,60.12,59.88,60.02,80834,0
2014-04-28,16:00:00,60.26,60.26,59.67,60.18,31519,0
2014-04-28,17:00:00,60.41,60.69,59.91,59.91,30921,0
2014-04-28,18:00:00,59.91,60.01,59.32,59.44,64004,0
2014-04-28,19:00:00,59.46,59.7,59.44,59.59,42601,0
2014-04-28,20:00:00,59.43,59.47,59.02,59.32,62681,0
2014-04-28,21:00:00,59.36,59.97,59.32,59.91,59324,0
2014-04-28,22:00:00,59.89,60.33,59.89,60.19,134040,0
2014-04-29,16:00:00,60.18,60.57,59.97,60.35,12261,0
2014-04-29,17:00:00,60.36,60.46,59.86,60.01,33518,0
2014-04-29,18:00:00,60.04,60.26,59.96,60.1,18974,0
2014-04-29,19:00:00,60.13,60.39,60.1,60.32,15595,0
2014-04-29,20:00:00,60.3,60.41,60.05,60.21,26241,0
2014-04-29,21:00:00,60.2,60.49,60.16,60.33,87920,0
2014-04-29,22:00:00,60.32,60.33,60.07,60.16,55798,0
2014-04-30,16:00:00,60.07,60.08,59.45,60.03,27913,0
2014-04-30,17:00:00,59.98,60.9,59.97,60.82,40971,0
2014-04-30,18:00:00,60.78,60.81,60.23,60.31,18234,0
2014-04-30,19:00:00,60.27,60.6,60.25,60.6,25271,0
2014-04-30,20:00:00,60.62,60.97,60.62,60.97,30775,0
2014-04-30,21:00:00,60.97,61.04,60.63,60.9,81097,0
2014-04-30,22:00:00,60.94,60.95,60.61,60.87,159771,0
2014-05-01,16:00:00,60.93,61.23,60.59,60.81,27614,0
2014-05-01,17:00:00,60.84,61.57,60.69,61.46,55498,0
2014-05-01,18:00:00,61.45,61.75,61.26,61.72,37866,0
2014-05-01,19:00:00,61.67,61.76,61.22,61.41,26531,0
2014-05-01,20:00:00,61.39,61.39,60.77,60.77,34892,0
2014-05-01,21:00:00,60.8,60.99,60.73,60.95,41624,0
2014-05-01,22:00:00,60.95,61.26,60.88,61.21,120599,0
2014-05-02,16:00:00,61.42,61.78,61.42,61.61,12336,0
2014-05-02,17:00:00,61.71,61.82,61.1,61.35,39467,0
2014-05-02,18:00:00,61.41,61.54,61.14,61.34,48613,0
2014-05-02,19:00:00,61.35,61.72,61.31,61.63,28469,0
2014-05-02,20:00:00,61.66,61.74,61.34,61.34,26392,0
2014-05-02,21:00:00,61.33,61.55,61.29,61.46,27775,0
2014-05-02,22:00:00,61.46,61.53,61.29,61.31,117306,0
2014-05-05,16:00:00,60.88,60.99,60.42,60.9,18753,0
2014-05-05,17:00:00,60.95,61.25,60.71,60.96,42766,0
2014-05-05,18:00:00,60.94,61.17,60.68,61.09,43604,0
2014-05-05,19:00:00,61.09,61.33,61.06,61.14,23464,0
2014-05-05,20:00:00,61.14,61.22,60.91,61.15,32993,0
2014-05-05,21:00:00,61.15,61.23,60.98,61.17,29998,0
2014-05-05,22:00:00,61.2,61.2,61.06,61.1,96511,0
2014-05-06,16:00:00,59.92,61.07,59.92,60.91,50263,0
2014-05-06,17:00:00,60.94,61.75,60.9,61.25,69987,0
2014-05-06,18:00:00,61.24,61.41,61.18,61.41,46403,0
2014-05-06,19:00:00,61.44,61.44,61,61.02,22474,0
2014-05-06,20:00:00,61,61.03,60.55,60.55,52589,0
2014-05-06,21:00:00,60.52,60.7,60.41,60.53,66292,0
2014-05-06,22:00:00,60.48,60.76,60.42,60.64,127590,0
2014-05-07,16:00:00,60.94,60.94,60.26,60.26,21497,0
2014-05-07,17:00:00,60.21,60.71,59.95,60.38,57975,0
2014-05-07,18:00:00,60.35,61.04,60.28,60.86,28025,0
2014-05-07,19:00:00,60.83,60.83,60.32,60.35,36290,0
2014-05-07,20:00:00,60.3,60.65,60.3,60.33,50820,0
2014-05-07,21:00:00,60.31,60.64,60.3,60.53,33148,0
2014-05-07,22:00:00,60.49,60.81,60.38,60.75,115136,0
