Date,Time,Open,High,Low,Close,Volume,OpenInt
2014-02-10,16:00:00,28.1743,28.1743,27.9419,28.0194,9373,0
2014-02-10,17:00:00,27.9613,28.1646,27.9128,28.0774,13515,0
2014-02-10,18:00:00,28.0484,28.1743,28,28.1743,7952,0
2014-02-10,19:00:00,28.1646,28.2614,28.0484,28.1646,6615,0
2014-02-10,20:00:00,28.1743,28.3679,28.0968,28.2517,7117,0
2014-02-10,21:00:00,28.3292,28.4066,28.2323,28.3098,8612,0
2014-02-10,22:00:00,28.3001,28.3582,28.1839,28.2323,18041,0
2014-02-11,16:00:00,28.1743,28.2227,28.0871,28.2227,2169,0
2014-02-11,17:00:00,28.2033,28.4647,28.1839,28.4066,11062,0
2014-02-11,18:00:00,28.3969,28.4647,28.3098,28.426,3615,0
2014-02-11,19:00:00,28.4357,28.5131,28.3195,28.3485,7594,0
2014-02-11,20:00:00,28.4841,28.5809,28.4841,28.5422,2995,0
2014-02-11,21:00:00,28.5518,28.6583,28.4744,28.5712,7618,0
2014-02-11,22:00:00,28.6003,28.6196,28.3679,28.4744,28243,0
2014-02-12,16:00:00,28.5615,28.5615,28.2614,28.3389,3414,0
2014-02-12,17:00:00,28.426,28.5325,28.2614,28.3195,4235,0
2014-02-12,18:00:00,28.3292,28.3292,28.0871,28.1743,3250,0
2014-02-12,19:00:00,28.1646,28.2808,28.1162,28.1743,4549,0
2014-02-12,20:00:00,28.1936,28.2227,28.0871,28.1452,5267,0
2014-02-12,21:00:00,28.1258,28.1646,28.029,28.0484,10162,0
2014-02-12,22:00:00,28.0484,28.1549,27.8257,27.8935,47418,0
2014-02-13,16:00:00,27.7289,27.7773,27.7289,27.7289,6186,0
2014-02-13,17:00:00,27.7482,28.0194,27.6998,28.0194,6287,0
2014-02-13,18:00:00,28.0387,28.0968,27.9613,27.9903,7018,0
2014-02-13,19:00:00,28.0581,28.0581,27.9419,27.9709,3813,0
2014-02-13,20:00:00,28.029,28.1936,28.029,28.1743,10750,0
2014-02-13,21:00:00,28.1936,28.3001,28.1743,28.3001,4944,0
2014-02-13,22:00:00,28.3292,28.3485,28.2614,28.3195,29006,0
2014-02-14,16:00:00,28.3582,28.5906,28.1549,28.3679,4448,0
2014-02-14,17:00:00,28.3195,28.6971,28.1839,28.5906,21677,0
2014-02-14,18:00:00,28.668,28.8617,28.639,28.8036,15849,0
2014-02-14,19:00:00,28.7261,28.9294,28.6196,28.852,18969,0
2014-02-14,20:00:00,28.852,29.0166,28.7455,28.9875,15455,0
2014-02-14,21:00:00,29.0069,29.1134,28.9682,29.1134,14301,0
2014-02-14,22:00:00,29.1134,29.4716,29.0456,29.3845,60984,0
2014-02-18,16:00:00,29.1037,29.2877,29.065,29.065,5883,0
2014-02-18,17:00:00,29.094,29.3361,28.9682,29.3167,6541,0
2014-02-18,18:00:00,29.3361,29.5975,29.307,29.5878,10985,0
2014-02-18,19:00:00,29.5007,29.5878,29.4232,29.5588,5460,0
2014-02-18,20:00:00,29.5103,29.5781,29.307,29.3554,6408,0
2014-02-18,21:00:00,29.3167,29.4716,29.3167,29.4039,9512,0
2014-02-18,22:00:00,29.4135,29.5975,29.3651,29.4135,118977,0
2014-02-19,16:00:00,29.2199,29.4039,29.0844,29.2877,9774,0
2014-02-19,17:00:00,29.3845,29.4619,29.3264,29.4619,8668,0
2014-02-19,18:00:00,29.4135,29.5878,29.1908,29.2296,31059,0
2014-02-19,19:00:00,29.1908,29.2489,29.0263,29.0263,7136,0
2014-02-19,20:00:00,29.0844,29.1715,29.0553,29.1715,5482,0
2014-02-19,21:00:00,29.1715,29.2005,29.065,29.1231,6978,0
2014-02-19,22:00:00,29.0553,29.1134,28.7164,28.7939,32451,0
2014-02-20,16:00:00,28.8229,29.0456,28.8229,29.0456,2906,0
2014-02-20,17:00:00,28.9198,28.9682,28.7358,28.9198,14808,0
2014-02-20,18:00:00,28.9488,28.9682,28.7842,28.8617,5781,0
2014-02-20,19:00:00,28.8229,28.881,28.8036,28.852,4565,0
2014-02-20,20:00:00,28.8617,28.9101,28.8617,28.8617,4378,0
2014-02-20,21:00:00,28.881,28.8907,28.8036,28.8326,4976,0
2014-02-20,22:00:00,28.8907,28.9778,28.7552,28.8036,47301,0
2014-02-21,16:00:00,28.8617,28.9004,28.7649,28.881,11463,0
2014-02-21,17:00:00,28.8907,28.9294,28.639,28.8423,17804,0
2014-02-21,18:00:00,28.8423,28.881,28.8036,28.8036,9794,0
2014-02-21,19:00:00,28.8326,28.8326,28.5712,28.7358,11321,0
2014-02-21,20:00:00,28.6487,28.7939,28.6293,28.6583,10034,0
2014-02-21,21:00:00,28.6583,28.7745,28.639,28.6971,15515,0
2014-02-21,22:00:00,28.668,28.852,28.5906,28.6777,49231,0
2014-02-24,16:00:00,28.7552,28.852,28.668,28.668,4247,0
2014-02-24,17:00:00,28.7842,28.7842,28.639,28.639,5976,0
2014-02-24,18:00:00,28.7552,28.7745,28.7068,28.7745,6633,0
2014-02-24,19:00:00,28.7649,28.8326,28.6874,28.8036,8976,0
2014-02-24,20:00:00,28.8229,28.9101,28.6777,28.7939,6290,0
2014-02-24,21:00:00,28.7939,28.9391,28.7455,28.9101,13596,0
2014-02-24,22:00:00,28.8617,28.881,28.7164,28.7552,66277,0
2014-02-25,16:00:00,28.7358,28.7358,28.7358,28.7358,2781,0
2014-02-25,17:00:00,28.6777,28.8713,28.6777,28.8617,9078,0
2014-02-25,18:00:00,28.8617,29.0166,28.852,28.8617,17826,0
2014-02-25,19:00:00,28.9101,28.9585,28.8229,28.8617,6932,0
2014-02-25,20:00:00,28.881,28.9294,28.852,28.852,9056,0
2014-02-25,21:00:00,28.852,28.852,28.6874,28.6874,11316,0
2014-02-25,22:00:00,28.7455,28.7649,28.6293,28.7261,16934,0
2014-02-26,16:00:00,28.7358,28.8326,28.7261,28.7261,5037,0
2014-02-26,17:00:00,28.668,29.065,28.639,28.8326,12823,0
2014-02-26,18:00:00,28.8907,28.9778,28.8326,28.9198,13004,0
2014-02-26,19:00:00,28.8907,29.1521,28.8907,29.0553,6698,0
2014-02-26,20:00:00,29.0553,29.0747,28.8907,28.9004,9440,0
2014-02-26,21:00:00,28.8423,28.9198,28.7068,28.9101,12507,0
2014-02-26,22:00:00,28.9004,28.9198,28.6583,28.7649,62691,0
2014-02-27,16:00:00,28.6583,28.8326,28.6583,28.8132,4719,0
2014-02-27,17:00:00,28.8326,28.881,28.7455,28.8617,7565,0
2014-02-27,18:00:00,28.8713,28.881,28.8326,28.852,4841,0
2014-02-27,19:00:00,28.8617,28.8907,28.7455,28.7455,4429,0
2014-02-27,20:00:00,28.7745,28.9101,28.7552,28.8423,5735,0
2014-02-27,21:00:00,28.7842,28.8326,28.6874,28.7552,12219,0
2014-02-27,22:00:00,28.7552,28.9101,28.7261,28.8326,31810,0
2014-02-28,16:00:00,28.97,29.01,28.84,28.9,11719,0
2014-02-28,17:00:00,28.9,29.3,28.9,29.26,6582,0
2014-02-28,18:00:00,29.19,29.3,29.16,29.27,6200,0
2014-02-28,19:00:00,29.24,29.3,29.2,29.29,5500,0
2014-02-28,20:00:00,29.25,29.44,29.25,29.37,8869,0
2014-02-28,21:00:00,29.36,29.4,29.24,29.28,6074,0
2014-02-28,22:00:00,29.16,29.22,29,29.1,43484,0
2014-03-03,16:00:00,28.12,28.38,27.75,27.83,152735,0
2014-03-03,17:00:00,27.87,28.19,27.75,28.19,35438,0
2014-03-03,18:00:00,28.18,28.27,28.03,28.18,26856,0
2014-03-03,19:00:00,28.18,28.37,28.16,28.29,21810,0
2014-03-03,20:00:00,28.32,28.64,28.3,28.59,32854,0
2014-03-03,21:00:00,28.59,28.88,28.57,28.8,31069,0
2014-03-03,22:00:00,28.79,28.88,28.68,28.84,106178,0
2014-03-04,16:00:00,28.97,29.54,28.97,29.4,13337,0
2014-03-04,17:00:00,29.42,29.74,29.42,29.68,29319,0
2014-03-04,18:00:00,29.79,29.84,29.6,29.84,19296,0
2014-03-04,19:00:00,29.81,29.93,29.7,29.88,27625,0
2014-03-04,20:00:00,29.86,29.88,29.62,29.65,19191,0
2014-03-04,21:00:00,29.63,29.81,29.51,29.79,24101,0
2014-03-04,22:00:00,29.8,29.8,29.38,29.53,886178,0
2014-03-05,16:00:00,29.44,29.51,29.14,29.14,7777,0
2014-03-05,17:00:00,29.23,29.26,29.12,29.25,15674,0
2014-03-05,18:00:00,29.25,29.45,29.2,29.24,14208,0
2014-03-05,19:00:00,29.27,29.31,29.19,29.27,9918,0
2014-03-05,20:00:00,29.25,29.3,29.18,29.19,7416,0
2014-03-05,21:00:00,29.22,29.25,29,29,18315,0
2014-03-05,22:00:00,29.01,29.06,28.84,28.98,71231,0
2014-03-06,16:00:00,28.98,28.98,28.62,28.72,12346,0
2014-03-06,17:00:00,28.7,28.88,28.56,28.66,23433,0
2014-03-06,18:00:00,28.73,28.81,28.68,28.7,12800,0
2014-03-06,19:00:00,28.72,28.85,28.69,28.78,12444,0
2014-03-06,20:00:00,28.73,28.84,28.72,28.79,15075,0
2014-03-06,21:00:00,28.8,28.88,28.72,28.82,15200,0
2014-03-06,22:00:00,28.86,28.87,28.72,28.8,56917,0
2014-03-07,16:00:00,29.02,29.08,28.88,28.94,15972,0
2014-03-07,17:00:00,28.95,29.1,28.9,28.9,23215,0
2014-03-07,18:00:00,28.85,29.01,28.77,28.98,10100,0
2014-03-07,19:00:00,28.99,29.14,28.96,29.01,9903,0
2014-03-07,20:00:00,29,29.09,29,29.09,5600,0
2014-03-07,21:00:00,29.12,29.13,29.01,29.06,9438,0
2014-03-07,22:00:00,29.08,29.09,29.02,29.09,47055,0
2014-03-10,15:00:00,29,29.07,28.93,29.01,5060,0
2014-03-10,16:00:00,29.07,29.07,28.89,28.9,13936,0
2014-03-10,17:00:00,28.91,28.96,28.86,28.87,7640,0
2014-03-10,18:00:00,28.86,29.02,28.86,28.93,6800,0
2014-03-10,19:00:00,29,29.03,28.95,28.99,8700,0
2014-03-10,20:00:00,29,29.17,28.96,29.17,16544,0
2014-03-10,21:00:00,29.12,29.17,29.04,29.08,63846,0
2014-03-11,15:00:00,29.15,29.15,29.04,29.06,5086,0
2014-03-11,16:00:00,28.96,29.14,28.92,29.02,11900,0
2014-03-11,17:00:00,29.03,29.08,28.91,28.94,9200,0
2014-03-11,18:00:00,28.87,28.92,28.73,28.8,16452,0
2014-03-11,19:00:00,28.8,29.05,28.74,29.05,10101,0
2014-03-11,20:00:00,28.99,29.08,28.88,28.91,14716,0
2014-03-11,21:00:00,28.87,29.01,28.81,28.94,67435,0
2014-03-12,15:00:00,28.78,28.84,28.75,28.77,12536,0
2014-03-12,16:00:00,28.82,29.04,28.82,28.9,17248,0
2014-03-12,17:00:00,28.89,29.11,28.86,29.11,18400,0
2014-03-12,18:00:00,29.09,29.17,28.98,29.17,15892,0
2014-03-12,19:00:00,29.22,29.23,29.12,29.19,7700,0
2014-03-12,20:00:00,29.19,29.25,29.14,29.2,13499,0
2014-03-12,21:00:00,29.22,29.36,29.18,29.36,66443,0
2014-03-13,15:00:00,29.56,29.56,29.38,29.38,35410,0
2014-03-13,16:00:00,29.29,29.36,29.1,29.11,11400,0
2014-03-13,17:00:00,29.16,29.39,29.15,29.35,8589,0
2014-03-13,18:00:00,29.3,29.38,29.05,29.23,7400,0
2014-03-13,19:00:00,29.17,29.23,29.07,29.17,8800,0
2014-03-13,20:00:00,29.17,29.19,29.04,29.13,7106,0
2014-03-13,21:00:00,29.11,29.25,29.03,29.16,55804,0
2014-03-14,15:00:00,29.18,29.18,29.18,29.18,700,0
2014-03-14,16:00:00,29.18,29.39,29.14,29.31,8302,0
2014-03-14,17:00:00,29.37,29.43,29.24,29.43,14242,0
2014-03-14,18:00:00,29.47,29.49,29.35,29.45,7050,0
2014-03-14,19:00:00,29.44,29.49,29.42,29.49,4400,0
2014-03-14,20:00:00,29.48,29.57,29.46,29.46,8745,0
2014-03-14,21:00:00,29.45,29.52,29.38,29.51,49868,0
2014-03-17,15:00:00,29.62,30.05,29.62,29.89,7233,0
2014-03-17,16:00:00,29.91,29.99,29.51,29.52,20915,0
2014-03-17,17:00:00,29.53,29.64,29.4,29.46,7742,0
2014-03-17,18:00:00,29.49,29.6,29.42,29.52,8800,0
2014-03-17,19:00:00,29.52,29.52,29.41,29.45,10401,0
2014-03-17,20:00:00,29.4,29.47,29.32,29.36,16965,0
2014-03-17,21:00:00,29.39,29.47,29.34,29.39,76035,0
2014-03-18,15:00:00,29.58,29.58,29.4,29.4,800,0
2014-03-18,16:00:00,29.39,29.59,29.39,29.55,4100,0
2014-03-18,17:00:00,29.51,29.58,29.47,29.56,5479,0
2014-03-18,18:00:00,29.55,29.61,29.52,29.52,3900,0
2014-03-18,19:00:00,29.53,29.74,29.52,29.74,4100,0
2014-03-18,20:00:00,29.73,29.77,29.68,29.7,5078,0
2014-03-18,21:00:00,29.68,29.7,29.52,29.62,54645,0
2014-03-19,15:00:00,29.39,29.51,29.37,29.42,2753,0
2014-03-19,16:00:00,29.4,29.58,29.32,29.57,16030,0
2014-03-19,17:00:00,29.57,29.59,29.52,29.57,7875,0
2014-03-19,18:00:00,29.57,29.57,29.4,29.4,4600,0
2014-03-19,19:00:00,29.38,29.57,29.38,29.5,9170,0
2014-03-19,20:00:00,29.43,29.43,29.29,29.29,8100,0
2014-03-19,21:00:00,29.32,29.32,28.91,29.22,54713,0
2014-03-20,15:00:00,29.17,29.2,29.11,29.11,2288,0
2014-03-20,16:00:00,29.14,29.35,29.1,29.15,13035,0
2014-03-20,17:00:00,29.13,29.22,29.11,29.17,6950,0
2014-03-20,18:00:00,29.17,29.37,29.14,29.29,5100,0
2014-03-20,19:00:00,29.27,29.42,29.27,29.42,8905,0
2014-03-20,20:00:00,29.39,29.51,29.36,29.41,13644,0
2014-03-20,21:00:00,29.41,29.41,29.28,29.39,57437,0
2014-03-21,15:00:00,29.53,29.53,29.53,29.53,1000,0
2014-03-21,16:00:00,29.5,29.81,29.45,29.73,15309,0
2014-03-21,17:00:00,29.78,29.91,29.76,29.83,12000,0
2014-03-21,18:00:00,29.83,29.83,29.73,29.74,6845,0
2014-03-21,19:00:00,29.75,29.75,29.61,29.65,10892,0
2014-03-21,20:00:00,29.64,29.66,29.53,29.63,8800,0
2014-03-21,21:00:00,29.62,29.69,29.42,29.52,443058,0
2014-03-24,15:00:00,29.56,29.75,29.56,29.75,10032,0
2014-03-24,16:00:00,29.68,29.68,29.39,29.54,8300,0
2014-03-24,17:00:00,29.52,29.52,29.36,29.45,8500,0
2014-03-24,18:00:00,29.45,29.45,29.23,29.27,6905,0
2014-03-24,19:00:00,29.33,29.51,29.31,29.51,4545,0
2014-03-24,20:00:00,29.48,29.53,29.24,29.29,16014,0
2014-03-24,21:00:00,29.26,29.5,29.21,29.38,65127,0
2014-03-25,15:00:00,29.51,29.62,29.51,29.62,900,0
2014-03-25,16:00:00,29.59,29.67,29.52,29.58,5810,0
2014-03-25,17:00:00,29.57,29.64,29.51,29.53,5964,0
2014-03-25,18:00:00,29.53,29.64,29.46,29.57,4400,0
2014-03-25,19:00:00,29.56,29.72,29.55,29.63,3420,0
2014-03-25,20:00:00,29.66,29.79,29.59,29.63,6641,0
2014-03-25,21:00:00,29.63,29.69,29.56,29.63,26099,0
2014-03-26,15:00:00,29.73,29.78,29.72,29.77,400,0
2014-03-26,16:00:00,29.74,29.79,29.66,29.66,2501,0
2014-03-26,17:00:00,29.71,29.82,29.71,29.73,1039,0
2014-03-26,18:00:00,29.75,29.82,29.72,29.74,3100,0
2014-03-26,19:00:00,29.74,29.75,29.55,29.62,9467,0
2014-03-26,20:00:00,29.61,29.62,29.51,29.61,8090,0
2014-03-26,21:00:00,29.65,29.67,29.38,29.43,26624,0
2014-03-27,15:00:00,29.42,29.55,29.42,29.5,3100,0
2014-03-27,16:00:00,29.49,29.64,29.41,29.58,12900,0
2014-03-27,17:00:00,29.56,29.56,29.38,29.43,15297,0
2014-03-27,18:00:00,29.53,29.57,29.44,29.57,9800,0
2014-03-27,19:00:00,29.51,29.55,29.41,29.48,7642,0
2014-03-27,20:00:00,29.4,29.44,29.32,29.33,12670,0
2014-03-27,21:00:00,29.39,29.47,29.3,29.41,45425,0
2014-03-28,15:00:00,29.65,29.65,29.39,29.39,1100,0
2014-03-28,16:00:00,29.45,29.69,29.45,29.56,12144,0
2014-03-28,17:00:00,29.6,29.69,29.36,29.48,9254,0
2014-03-28,18:00:00,29.54,29.66,29.47,29.47,3400,0
2014-03-28,19:00:00,29.53,29.53,29.42,29.42,3800,0
2014-03-28,20:00:00,29.42,29.48,29.36,29.39,4300,0
2014-03-28,21:00:00,29.43,29.46,29.33,29.41,36195,0
2014-03-31,16:00:00,29.5,29.54,29.44,29.54,3107,0
2014-03-31,17:00:00,29.52,29.67,29.48,29.66,13096,0
2014-03-31,18:00:00,29.74,29.78,29.53,29.72,16246,0
2014-03-31,19:00:00,29.73,30.06,29.73,30.02,9009,0
2014-03-31,20:00:00,30.01,30.09,29.94,29.94,7010,0
2014-03-31,21:00:00,29.91,30.06,29.91,29.92,8200,0
2014-03-31,22:00:00,29.94,30,29.89,29.94,64966,0
2014-04-01,16:00:00,29.92,30.21,29.92,30.11,6686,0
2014-04-01,17:00:00,30.1,30.19,30.03,30.03,7450,0
2014-04-01,18:00:00,30.03,30.03,29.96,29.97,3900,0
2014-04-01,19:00:00,29.93,29.94,29.87,29.94,3300,0
2014-04-01,20:00:00,29.91,29.94,29.87,29.89,4600,0
2014-04-01,21:00:00,29.93,30.1,29.93,30.1,9377,0
2014-04-01,22:00:00,30.08,30.21,30.05,30.11,36744,0
2014-04-02,16:00:00,30.24,30.24,30.07,30.07,2274,0
2014-04-02,17:00:00,30.09,30.14,30.01,30.14,5100,0
2014-04-02,18:00:00,30.14,30.19,30.04,30.19,5850,0
2014-04-02,19:00:00,30.2,30.2,30.1,30.18,3383,0
2014-04-02,20:00:00,30.18,30.25,30.04,30.04,4498,0
2014-04-02,21:00:00,30.13,30.15,30.09,30.12,4900,0
2014-04-02,22:00:00,30.1,30.26,30.02,30.11,38242,0
2014-04-03,16:00:00,30.04,30.04,30.02,30.02,1800,0
2014-04-03,17:00:00,30.03,30.04,29.84,29.95,7580,0
2014-04-03,18:00:00,29.98,29.98,29.81,29.83,12624,0
2014-04-03,19:00:00,29.83,29.95,29.83,29.95,4900,0
2014-04-03,20:00:00,29.95,29.97,29.88,29.94,8600,0
2014-04-03,21:00:00,29.94,29.98,29.9,29.94,7980,0
2014-04-03,22:00:00,30.02,30.12,29.88,30.01,41506,0
2014-04-04,16:00:00,30.25,30.25,29.94,30,9117,0
2014-04-04,17:00:00,30.04,30.04,29.81,29.81,8774,0
2014-04-04,18:00:00,29.8,29.8,29.47,29.59,14925,0
2014-04-04,19:00:00,29.65,29.65,29.42,29.5,6400,0
2014-04-04,20:00:00,29.51,29.73,29.42,29.5,9806,0
2014-04-04,21:00:00,29.5,29.55,29.31,29.45,14394,0
2014-04-04,22:00:00,29.49,29.62,29.32,29.38,35884,0
2014-04-07,16:00:00,29.32,29.51,29.13,29.51,8816,0
2014-04-07,17:00:00,29.5,29.5,29.27,29.46,7970,0
2014-04-07,18:00:00,29.41,29.52,29.33,29.38,12263,0
2014-04-07,19:00:00,29.48,29.5,29.36,29.45,7551,0
2014-04-07,20:00:00,29.45,29.45,29.22,29.28,11288,0
2014-04-07,21:00:00,29.29,29.35,29.13,29.28,18396,0
2014-04-07,22:00:00,29.27,29.37,29.15,29.26,89387,0
2014-04-08,16:00:00,29.27,29.37,29.2,29.28,4623,0
2014-04-08,17:00:00,29.23,29.59,29.23,29.54,19201,0
2014-04-08,18:00:00,29.48,29.61,29.38,29.42,9876,0
2014-04-08,19:00:00,29.43,29.46,29.36,29.39,3600,0
2014-04-08,20:00:00,29.36,29.51,29.35,29.43,4282,0
2014-04-08,21:00:00,29.43,29.44,29.31,29.4,7050,0
2014-04-08,22:00:00,29.35,29.44,29.3,29.37,28338,0
2014-04-09,16:00:00,29.46,29.47,29.35,29.38,1842,0
2014-04-09,17:00:00,29.35,29.4,29.27,29.27,5200,0
2014-04-09,18:00:00,29.24,29.39,29.24,29.34,5788,0
2014-04-09,19:00:00,29.37,29.4,29.33,29.33,3365,0
2014-04-09,20:00:00,29.38,29.49,29.34,29.44,4539,0
2014-04-09,21:00:00,29.49,29.55,29.41,29.49,6271,0
2014-04-09,22:00:00,29.52,29.57,29.38,29.52,49646,0
2014-04-10,16:00:00,29.41,29.54,29.38,29.54,14645,0
2014-04-10,17:00:00,29.54,29.7,29.51,29.58,19597,0
2014-04-10,18:00:00,29.51,29.51,29.29,29.33,11800,0
2014-04-10,19:00:00,29.29,29.29,29.11,29.13,8963,0
2014-04-10,20:00:00,29.13,29.27,29.01,29.11,10900,0
2014-04-10,21:00:00,29.2,29.21,29.04,29.04,5300,0
2014-04-10,22:00:00,29.11,29.21,28.99,29.1,39270,0
2014-04-11,16:00:00,29.2,29.2,29.05,29.05,2200,0
2014-04-11,17:00:00,29.07,29.17,28.91,29.03,9159,0
2014-04-11,18:00:00,29.02,29.07,28.76,28.76,8300,0
2014-04-11,19:00:00,28.83,28.92,28.69,28.8,13000,0
2014-04-11,20:00:00,28.79,29.01,28.72,28.88,6100,0
2014-04-11,21:00:00,28.9,28.97,28.85,28.9,5127,0
2014-04-11,22:00:00,28.87,29.02,28.85,28.86,30293,0
2014-04-14,16:00:00,29.14,29.58,29.04,29.05,5012,0
2014-04-14,17:00:00,29.08,29.25,29.06,29.24,5686,0
2014-04-14,18:00:00,29.2,29.26,29.11,29.17,6087,0
2014-04-14,19:00:00,29.16,29.31,29.13,29.22,3900,0
2014-04-14,20:00:00,29.21,29.25,29.08,29.08,4700,0
2014-04-14,21:00:00,29.01,29.04,28.77,28.87,7842,0
2014-04-14,22:00:00,28.82,29.01,28.65,28.96,50273,0
2014-04-15,16:00:00,28.88,29.03,28.88,29.03,2600,0
2014-04-15,17:00:00,28.71,28.75,28.29,28.49,12036,0
2014-04-15,18:00:00,28.38,28.76,28.34,28.57,7300,0
2014-04-15,19:00:00,28.61,28.63,28.39,28.5,4497,0
2014-04-15,20:00:00,28.44,28.53,28.32,28.51,5000,0
2014-04-15,21:00:00,28.53,28.63,28.46,28.51,10854,0
2014-04-15,22:00:00,28.45,28.66,28.45,28.52,36095,0
2014-04-16,16:00:00,28.33,28.63,28.33,28.63,2710,0
2014-04-16,17:00:00,28.67,28.89,28.57,28.84,5560,0
2014-04-16,18:00:00,28.86,28.97,28.74,28.84,8733,0
2014-04-16,19:00:00,28.9,29,28.79,28.79,6500,0
2014-04-16,20:00:00,28.77,28.8,28.58,28.58,10331,0
2014-04-16,21:00:00,28.71,28.71,28.53,28.59,13770,0
2014-04-16,22:00:00,28.66,28.81,28.66,28.76,34976,0
2014-04-17,16:00:00,28.69,28.76,28.67,28.71,10972,0
2014-04-17,17:00:00,28.73,28.78,28.42,28.58,17019,0
2014-04-17,18:00:00,28.62,28.84,28.62,28.74,3350,0
2014-04-17,19:00:00,28.75,28.75,28.64,28.74,2800,0
2014-04-17,20:00:00,28.77,28.88,28.7,28.7,2400,0
2014-04-17,21:00:00,28.76,28.91,28.76,28.82,2225,0
2014-04-17,22:00:00,28.82,28.95,28.77,28.83,10280,0
2014-04-21,16:00:00,28.68,28.75,28.62,28.75,11398,0
2014-04-21,17:00:00,28.69,28.78,28.65,28.65,9290,0
2014-04-21,18:00:00,28.64,28.8,28.64,28.76,4578,0
2014-04-21,19:00:00,28.77,28.8,28.65,28.74,4800,0
2014-04-21,20:00:00,28.7,28.7,28.57,28.57,2300,0
2014-04-21,21:00:00,28.59,28.69,28.59,28.62,8083,0
2014-04-21,22:00:00,28.62,28.64,28.55,28.62,22937,0
2014-04-22,16:00:00,28.81,28.85,28.67,28.67,32367,0
2014-04-22,17:00:00,28.8,28.81,28.65,28.69,10029,0
2014-04-22,18:00:00,28.71,28.99,28.71,28.92,11004,0
2014-04-22,19:00:00,28.93,29.18,28.9,29.08,14734,0
2014-04-22,20:00:00,29.06,29.22,28.93,28.96,7019,0
2014-04-22,21:00:00,29.05,29.14,29,29,8211,0
2014-04-22,22:00:00,29,29.05,28.9,28.95,39941,0
2014-04-23,16:00:00,28.83,29.09,28.83,28.84,2616,0
2014-04-23,17:00:00,28.92,29.11,28.89,28.96,10490,0
2014-04-23,18:00:00,29,29.07,28.83,28.95,8534,0
2014-04-23,19:00:00,28.95,29.03,28.92,28.97,7886,0
2014-04-23,20:00:00,28.92,28.95,28.9,28.94,4400,0
2014-04-23,21:00:00,28.91,28.93,28.81,28.85,6200,0
2014-04-23,22:00:00,28.79,28.93,28.52,28.52,98011,0
2014-04-24,16:00:00,28.52,28.67,28.51,28.66,3600,0
2014-04-24,17:00:00,28.61,28.73,28.58,28.59,9054,0
2014-04-24,18:00:00,28.65,28.79,28.65,28.74,4900,0
2014-04-24,19:00:00,28.73,28.77,28.65,28.69,4314,0
2014-04-24,20:00:00,28.72,28.72,28.5,28.53,4949,0
2014-04-24,21:00:00,28.52,28.58,28.39,28.39,7100,0
2014-04-24,22:00:00,28.46,28.46,28.27,28.29,23855,0
2014-04-25,16:00:00,28.1,28.29,28.1,28.23,18986,0
2014-04-25,17:00:00,28.27,28.29,28.01,28.05,7966,0
2014-04-25,18:00:00,28.05,28.18,27.95,28.07,15524,0
2014-04-25,19:00:00,28.02,28.09,27.86,27.91,11040,0
2014-04-25,20:00:00,27.92,28.12,27.82,27.94,17506,0
2014-04-25,21:00:00,27.95,28.09,27.9,27.93,7019,0
2014-04-25,22:00:00,27.99,28.17,27.89,27.98,35378,0
2014-04-28,16:00:00,28.19,28.42,28.09,28.39,11042,0
2014-04-28,17:00:00,28.39,28.45,28.22,28.24,5199,0
2014-04-28,18:00:00,28.25,28.32,28.16,28.16,8268,0
2014-04-28,19:00:00,28.18,28.37,28.15,28.3,11006,0
2014-04-28,20:00:00,28.32,28.32,28.05,28.12,8170,0
2014-04-28,21:00:00,28.12,28.24,28.01,28.14,7840,0
2014-04-28,22:00:00,28.15,28.45,28.15,28.29,19985,0
2014-04-29,16:00:00,28.47,28.54,28.36,28.46,3564,0
2014-04-29,17:00:00,28.46,28.49,28.25,28.35,7136,0
2014-04-29,18:00:00,28.35,28.35,28.14,28.26,6906,0
2014-04-29,19:00:00,28.2,28.38,28.2,28.31,10600,0
2014-04-29,20:00:00,28.32,28.36,28.13,28.33,7000,0
2014-04-29,21:00:00,28.3,28.33,28.2,28.23,8500,0
2014-04-29,22:00:00,28.21,28.41,28.08,28.19,54349,0
2014-04-30,16:00:00,28.02,28.11,27.95,28.02,5488,0
2014-04-30,17:00:00,28.02,28.13,27.98,28.11,12128,0
2014-04-30,18:00:00,28.02,28.05,27.87,27.87,7191,0
2014-04-30,19:00:00,27.9,28.14,27.9,28.1,5000,0
2014-04-30,20:00:00,28.13,28.14,27.93,27.96,11456,0
2014-04-30,21:00:00,27.93,28.23,27.86,28.22,8938,0
2014-04-30,22:00:00,28.2,28.29,28.08,28.19,56863,0
2014-05-01,16:00:00,28.22,28.22,27.76,27.76,16193,0
2014-05-01,17:00:00,27.76,27.81,27.54,27.74,19536,0
2014-05-01,18:00:00,27.79,27.82,27.7,27.77,10967,0
2014-05-01,19:00:00,27.85,27.97,27.85,27.9,9775,0
2014-05-01,20:00:00,27.82,27.86,27.75,27.75,9093,0
2014-05-01,21:00:00,27.75,27.84,27.75,27.75,6250,0
2014-05-01,22:00:00,27.77,27.87,27.75,27.85,45416,0
2014-05-02,16:00:00,27.87,27.92,27.8,27.8,10293,0
2014-05-02,17:00:00,27.91,28.16,27.9,28.01,8900,0
2014-05-02,18:00:00,27.99,27.99,27.93,27.95,3547,0
2014-05-02,19:00:00,27.93,27.99,27.93,27.96,2900,0
2014-05-02,20:00:00,27.95,28,27.88,27.99,11649,0
2014-05-02,21:00:00,27.99,28.04,27.91,27.97,8214,0
2014-05-02,22:00:00,28.02,28.02,27.79,27.84,25847,0
2014-05-05,16:00:00,27.71,27.73,27.51,27.67,8445,0
2014-05-05,17:00:00,27.66,27.82,27.66,27.79,3000,0
2014-05-05,18:00:00,27.81,27.85,27.7,27.75,4866,0
2014-05-05,19:00:00,27.77,27.78,27.62,27.62,3870,0
2014-05-05,20:00:00,27.73,27.76,27.6,27.69,5326,0
2014-05-05,21:00:00,27.69,27.8,27.62,27.73,8674,0
2014-05-05,22:00:00,27.78,27.84,27.69,27.8,42709,0
2014-05-06,16:00:00,27.68,27.68,27.57,27.57,2925,0
2014-05-06,17:00:00,27.54,27.93,27.51,27.79,12084,0
2014-05-06,18:00:00,27.72,27.88,27.63,27.86,8594,0
2014-05-06,19:00:00,27.83,27.83,27.69,27.71,3551,0
2014-05-06,20:00:00,27.8,27.81,27.51,27.53,8565,0
2014-05-06,21:00:00,27.51,27.59,27.45,27.54,12279,0
2014-05-06,22:00:00,27.55,27.7,27.39,27.4,47694,0
2014-05-07,16:00:00,27.52,27.6,27.45,27.46,5423,0
2014-05-07,17:00:00,27.48,27.69,27.35,27.68,15098,0
2014-05-07,18:00:00,27.54,27.7,27.54,27.65,7600,0
2014-05-07,19:00:00,27.58,27.64,27.42,27.42,9258,0
2014-05-07,20:00:00,27.41,27.55,27.4,27.45,7365,0
2014-05-07,21:00:00,27.41,27.61,27.41,27.61,11642,0
2014-05-07,22:00:00,27.6,27.77,27.5,27.74,40832,0
