Date,Time,Open,High,Low,Close,Volume,OpenInt
2014-02-10,16:00:00,39.8016,39.8114,39.6636,39.6636,5719,0
2014-02-10,17:00:00,39.7818,39.7818,39.565,39.5748,6362,0
2014-02-10,18:00:00,39.5847,39.7523,39.5748,39.7326,5475,0
2014-02-10,19:00:00,39.7227,39.8705,39.7227,39.7523,2536,0
2014-02-10,20:00:00,39.7227,39.8213,39.703,39.8114,1725,0
2014-02-10,21:00:00,39.8016,39.8508,39.7128,39.841,3120,0
2014-02-10,22:00:00,39.9001,40.0775,39.8311,40.0578,22329,0
2014-02-11,16:00:00,39.9395,40.1465,39.8114,40.0578,5276,0
2014-02-11,17:00:00,39.979,40.1367,39.8508,39.8508,10404,0
2014-02-11,18:00:00,39.9494,40.5408,39.9494,40.5408,7063,0
2014-02-11,19:00:00,40.7281,40.9548,40.4127,40.6098,5276,0
2014-02-11,20:00:00,40.8562,40.8759,40.6197,40.7182,3098,0
2014-02-11,21:00:00,40.4817,40.8759,40.393,40.8759,5427,0
2014-02-11,22:00:00,40.8661,40.8661,40.4225,40.5309,55396,0
2014-02-12,16:00:00,40.6985,40.8759,40.4028,40.4028,3652,0
2014-02-12,17:00:00,40.5605,40.5605,40.2352,40.462,2522,0
2014-02-12,18:00:00,40.4127,40.4127,40.3141,40.3535,6390,0
2014-02-12,19:00:00,40.3535,40.4422,40.3141,40.4225,2658,0
2014-02-12,20:00:00,40.4718,40.4718,40.4718,40.4718,1319,0
2014-02-12,21:00:00,40.4521,40.4718,40.3141,40.3141,6839,0
2014-02-12,22:00:00,40.4422,40.4915,40.3141,40.3535,17291,0
2014-02-13,16:00:00,40.1268,40.4718,39.5946,40.4718,6173,0
2014-02-13,17:00:00,40.7379,40.9055,40.5704,40.5704,4565,0
2014-02-13,18:00:00,40.6689,40.9055,40.6591,40.7379,6944,0
2014-02-13,19:00:00,40.7971,40.7971,40.7084,40.7478,7609,0
2014-02-13,20:00:00,40.7872,40.9449,40.7872,40.8661,8062,0
2014-02-13,21:00:00,40.8267,40.9055,40.8069,40.8365,12225,0
2014-02-13,22:00:00,40.9449,41.1618,40.9449,40.9745,21377,0
2014-02-14,16:00:00,41.0928,41.0928,40.6197,40.6197,6195,0
2014-02-14,17:00:00,40.6492,41.0435,40.6492,41.0435,4320,0
2014-02-14,18:00:00,41.0139,41.3885,40.9646,41.3688,5312,0
2014-02-14,19:00:00,41.3688,41.3983,41.2998,41.3786,4087,0
2014-02-14,20:00:00,41.3983,41.5363,41.3293,41.5363,2693,0
2014-02-14,21:00:00,41.5068,41.5955,41.3392,41.4476,10768,0
2014-02-14,22:00:00,41.4279,41.4279,41.0238,41.1125,13661,0
2014-02-18,16:00:00,41.1519,41.2604,40.9351,41.2604,1844,0
2014-02-18,17:00:00,41.2702,41.2702,41.0928,41.2111,4858,0
2014-02-18,18:00:00,41.2308,41.5462,41.2308,41.5068,9749,0
2014-02-18,19:00:00,41.5462,41.5462,41.3491,41.5462,5615,0
2014-02-18,20:00:00,41.4279,41.4279,41.3885,41.3885,13696,0
2014-02-18,21:00:00,41.3885,41.5856,41.3885,41.5856,3131,0
2014-02-18,22:00:00,41.6349,41.8419,41.5758,41.6842,37395,0
2014-02-19,16:00:00,41.6349,41.8912,41.6349,41.8912,4632,0
2014-02-19,17:00:00,41.8912,42.1179,41.8123,41.9503,7864,0
2014-02-19,18:00:00,41.8912,42.1278,41.8912,42.1278,4417,0
2014-02-19,19:00:00,41.9897,42.0883,41.8912,41.8912,4261,0
2014-02-19,20:00:00,41.8222,41.9503,41.8222,41.8321,2841,0
2014-02-19,21:00:00,41.8025,41.8025,41.3983,41.3983,6515,0
2014-02-19,22:00:00,41.2308,41.3392,41.1026,41.2111,26763,0
2014-02-20,16:00:00,41.8912,41.8912,41.5166,41.5166,5300,0
2014-02-20,17:00:00,41.3885,41.4181,41.1914,41.3491,6087,0
2014-02-20,18:00:00,41.2801,41.625,41.2801,41.625,3449,0
2014-02-20,19:00:00,41.5462,41.5659,41.3786,41.5659,3901,0
2014-02-20,20:00:00,41.4378,41.5462,41.4378,41.4378,10138,0
2014-02-20,21:00:00,41.4674,41.5068,41.1618,41.2012,6392,0
2014-02-20,22:00:00,41.2702,41.4575,41.2604,41.4181,29412,0
2014-02-21,16:00:00,41.6152,41.6152,41.2209,41.3293,23874,0
2014-02-21,18:00:00,41.4969,41.4969,41.4969,41.4969,2232,0
2014-02-21,19:00:00,41.6546,41.6546,41.2406,41.4871,3997,0
2014-02-21,20:00:00,41.3293,41.5955,41.2406,41.4279,4890,0
2014-02-21,21:00:00,41.2308,41.3885,41.2209,41.2702,4768,0
2014-02-21,22:00:00,41.4674,41.4674,41.1716,41.2505,23155,0
2014-02-24,16:00:00,41.2505,41.9306,41.2505,41.4279,4081,0
2014-02-24,17:00:00,41.7236,42.0095,41.4279,41.7729,3663,0
2014-02-24,18:00:00,41.7433,41.8123,41.6448,41.7433,2609,0
2014-02-24,19:00:00,41.9996,41.9996,41.7828,41.8419,2015,0
2014-02-24,20:00:00,41.9503,41.9503,41.6152,41.7532,6207,0
2014-02-24,21:00:00,41.6546,41.7631,41.6546,41.7335,2727,0
2014-02-24,22:00:00,41.4181,41.5856,40.9154,41.0534,36616,0
2014-02-25,16:00:00,41.5068,41.5068,41.3688,41.3688,2192,0
2014-02-25,17:00:00,41.1026,41.3688,41.0632,41.3688,3145,0
2014-02-25,18:00:00,41.5462,41.6349,41.3983,41.4378,5245,0
2014-02-25,19:00:00,41.4772,41.4772,41.3983,41.4575,3955,0
2014-02-25,20:00:00,41.4575,41.5462,41.4575,41.5462,3085,0
2014-02-25,21:00:00,41.2209,41.3096,41.0041,41.0632,4606,0
2014-02-25,22:00:00,41.0632,41.1125,40.9351,41.1125,12037,0
2014-02-26,16:00:00,40.9252,41.1815,40.9252,41.1224,2232,0
2014-02-26,17:00:00,41.1224,41.5758,40.9055,41.5659,7102,0
2014-02-26,18:00:00,41.5758,41.6448,41.4082,41.4279,11883,0
2014-02-26,19:00:00,41.4575,41.7039,41.4575,41.6546,3957,0
2014-02-26,20:00:00,41.6546,41.8419,41.625,41.6546,4145,0
2014-02-26,21:00:00,41.5462,41.7532,41.4082,41.5955,4501,0
2014-02-26,22:00:00,41.5955,41.8123,41.5265,41.7236,15948,0
2014-02-27,16:00:00,41.4674,41.5561,41.4674,41.5561,11058,0
2014-02-27,17:00:00,41.8321,41.8616,41.5659,41.625,2293,0
2014-02-27,18:00:00,41.5955,41.7236,41.5659,41.5659,9898,0
2014-02-27,19:00:00,41.7335,41.8123,41.7236,41.7236,4471,0
2014-02-27,20:00:00,41.7236,41.7236,41.3195,41.3195,6290,0
2014-02-27,21:00:00,41.6448,41.6448,41.3491,41.6448,8421,0
2014-02-27,22:00:00,41.8123,41.8912,41.5659,41.7828,25362,0
2014-02-28,16:00:00,41.7729,41.7729,41.5462,41.5462,14922,0
2014-02-28,17:00:00,41.625,42.0883,41.625,42.0785,3700,0
2014-02-28,18:00:00,41.8419,42.039,41.8419,41.8419,5783,0
2014-02-28,19:00:00,41.9208,42.1376,41.9208,42.1376,6030,0
2014-02-28,20:00:00,41.9897,42.1278,41.8616,42.1278,4716,0
2014-02-28,21:00:00,41.8813,42.177,41.8813,41.9897,13087,0
2014-02-28,22:00:00,41.9799,42.0095,41.9306,41.97,30479,0
2014-03-03,16:00:00,42.522,42.522,41.7926,42.2362,5884,0
2014-03-03,17:00:00,42.0489,42.1376,41.4871,41.6842,4058,0
2014-03-03,18:00:00,41.6152,41.9306,41.5462,41.8321,3247,0
2014-03-03,19:00:00,41.9897,41.9897,41.8321,41.9897,2029,0
2014-03-03,20:00:00,41.9897,42.2263,41.8518,41.9405,4974,0
2014-03-03,21:00:00,41.9799,42.246,41.8518,42.1475,4620,0
2014-03-03,22:00:00,41.9405,42.4037,41.9405,42.4037,23268,0
2014-03-04,16:00:00,42.4629,43.5471,42.4629,43.3894,6685,0
2014-03-04,17:00:00,43.3993,43.6555,43.3993,43.6555,14650,0
2014-03-04,18:00:00,43.6654,43.6654,43.5077,43.5866,6797,0
2014-03-04,19:00:00,43.6161,43.6161,43.4486,43.6063,6503,0
2014-03-04,20:00:00,43.6063,43.6063,43.2021,43.3993,6913,0
2014-03-04,21:00:00,43.1627,43.2908,42.7882,42.8867,8015,0
2014-03-04,22:00:00,43.212,43.5176,42.8867,43.2416,38688,0
2014-03-05,16:00:00,43.5668,43.5668,43.3204,43.3697,2131,0
2014-03-05,17:00:00,43.5077,43.5668,43.3894,43.4683,6840,0
2014-03-05,18:00:00,43.5077,43.5077,43.1331,43.281,5943,0
2014-03-05,19:00:00,43.1726,43.3598,43.1627,43.1824,3937,0
2014-03-05,20:00:00,43.2711,43.3598,43.2514,43.3106,6708,0
2014-03-05,21:00:00,43.35,43.35,43.212,43.2711,3160,0
2014-03-05,22:00:00,43.2514,43.6063,43.2021,43.5767,31623,0
2014-03-06,16:00:00,43.419,43.419,43.0247,43.0247,4263,0
2014-03-06,17:00:00,43.0247,43.2711,43.0247,43.2711,6160,0
2014-03-06,18:00:00,43.1627,43.2021,43.1134,43.1233,3247,0
2014-03-06,19:00:00,43.2514,43.2514,43.1134,43.2219,2333,0
2014-03-06,20:00:00,43.3598,43.3598,43.0444,43.0444,2689,0
2014-03-06,21:00:00,43.2514,43.4288,43.2514,43.419,7116,0
2014-03-06,22:00:00,43.4387,43.4978,43.1529,43.3303,28462,0
2014-03-07,16:00:00,43.6161,43.6161,42.9557,43.3106,3669,0
2014-03-07,17:00:00,42.9459,43.143,42.8572,43.143,4971,0
2014-03-07,18:00:00,43.0149,43.0641,42.8966,42.8966,2942,0
2014-03-07,19:00:00,43.0247,43.3697,42.9459,43.3697,8975,0
2014-03-07,20:00:00,43.2514,43.3598,43.0247,43.1726,5447,0
2014-03-07,21:00:00,43.2908,43.2908,43.0839,43.1529,10429,0
2014-03-07,22:00:00,43.1036,43.281,42.9853,43.1331,35619,0
2014-03-10,15:00:00,42.936,43.3598,42.936,43.3598,11089,0
2014-03-10,16:00:00,43.1036,43.2317,43.074,43.212,3784,0
2014-03-10,17:00:00,43.2317,43.35,43.074,43.1529,6029,0
2014-03-10,18:00:00,43.1627,43.1627,42.7389,42.9262,9626,0
2014-03-10,19:00:00,42.8867,43.1331,42.8769,42.9459,5231,0
2014-03-10,20:00:00,43.0149,43.35,42.9163,43.1134,7343,0
2014-03-10,21:00:00,43.1726,43.3106,43.1036,43.1824,30587,0
2014-03-11,15:00:00,43.074,43.5767,43.074,43.5767,3510,0
2014-03-11,16:00:00,43.4091,43.4091,43.2416,43.3204,4971,0
2014-03-11,17:00:00,43.1627,43.5176,43.143,43.3894,5456,0
2014-03-11,18:00:00,43.3598,43.3598,43.0346,43.2711,3429,0
2014-03-11,19:00:00,43.1233,43.143,43.0149,43.0149,3044,0
2014-03-11,20:00:00,43.0346,43.1036,42.9064,43.1036,1116,0
2014-03-11,21:00:00,43.074,43.1134,42.9557,42.9656,21539,0
2014-03-12,15:00:00,42.9557,42.9557,42.9557,42.9557,406,0
2014-03-12,16:00:00,43.2317,43.5274,42.9656,43.1529,7825,0
2014-03-12,17:00:00,43.1331,43.1726,42.9163,43.005,15109,0
2014-03-12,18:00:00,43.0247,43.0444,42.9064,42.9064,2355,0
2014-03-12,19:00:00,42.9163,43.0641,42.6797,42.7093,5798,0
2014-03-12,20:00:00,42.867,43.0346,42.8572,43.005,3434,0
2014-03-12,21:00:00,42.9064,43.2021,42.7487,43.005,19270,0
2014-03-13,15:00:00,43.26,43.26,42.95,42.95,5652,0
2014-03-13,16:00:00,42.92,42.95,42.81,42.81,4272,0
2014-03-13,17:00:00,42.79,42.94,42.78,42.94,15416,0
2014-03-13,18:00:00,42.81,43,42.8,43,4962,0
2014-03-13,19:00:00,42.84,42.94,42.84,42.94,2800,0
2014-03-13,20:00:00,42.79,42.93,42.59,42.9,9303,0
2014-03-13,21:00:00,42.67,42.91,42.55,42.85,18476,0
2014-03-14,15:00:00,42.5,42.95,42.5,42.86,4625,0
2014-03-14,16:00:00,42.95,42.95,42.5,42.66,10437,0
2014-03-14,17:00:00,42.49,42.77,42.49,42.53,2020,0
2014-03-14,18:00:00,42.45,42.48,42.2,42.35,4325,0
2014-03-14,19:00:00,42.35,42.45,42.17,42.23,3926,0
2014-03-14,20:00:00,42.36,42.52,42.36,42.51,3840,0
2014-03-14,21:00:00,42.5,42.6,42.34,42.39,12348,0
2014-03-17,15:00:00,42.2,42.33,42.01,42.2,4091,0
2014-03-17,16:00:00,42.36,42.54,42.34,42.46,2116,0
2014-03-17,17:00:00,42.38,42.38,42.2,42.2,7600,0
2014-03-17,18:00:00,42.25,42.4,42.23,42.25,2400,0
2014-03-17,19:00:00,42.36,42.41,42.2,42.21,4696,0
2014-03-17,20:00:00,42.2,42.52,42.2,42.34,4800,0
2014-03-17,21:00:00,42.4,42.47,42.23,42.46,19477,0
2014-03-18,15:00:00,42.22,42.22,42.22,42.22,1500,0
2014-03-18,16:00:00,42.28,42.53,42.28,42.48,4340,0
2014-03-18,17:00:00,42.46,42.5,42.46,42.5,1580,0
2014-03-18,18:00:00,42.61,42.61,42.23,42.23,3620,0
2014-03-18,19:00:00,42.39,42.59,42.3,42.43,5000,0
2014-03-18,20:00:00,42.59,42.68,42.39,42.49,9109,0
2014-03-18,21:00:00,42.44,42.56,42.27,42.54,29903,0
2014-03-19,15:00:00,42.4,42.4,42.4,42.4,2541,0
2014-03-19,16:00:00,42.5,42.5,41.97,42.02,7187,0
2014-03-19,17:00:00,42.11,42.11,41.9,42.02,5163,0
2014-03-19,18:00:00,42.1,42.11,41.75,41.75,5453,0
2014-03-19,19:00:00,41.75,41.88,41.75,41.88,2524,0
2014-03-19,20:00:00,41.76,41.76,41.37,41.39,7100,0
2014-03-19,21:00:00,41.42,41.5,41.18,41.44,23432,0
2014-03-20,15:00:00,41.2,41.2,41.16,41.16,2743,0
2014-03-20,16:00:00,41.2,41.22,40.96,41.14,6528,0
2014-03-20,17:00:00,40.96,41.36,40.89,41.16,1453,0
2014-03-20,18:00:00,40.96,41.36,40.96,41.33,2790,0
2014-03-20,19:00:00,41.17,41.38,41.09,41.09,1733,0
2014-03-20,20:00:00,41.14,41.48,41.14,41.47,5125,0
2014-03-20,21:00:00,41.44,41.48,41.26,41.28,14230,0
2014-03-21,15:00:00,41.27,41.84,41.27,41.55,35547,0
2014-03-21,16:00:00,41.7,41.84,41.63,41.7,4152,0
2014-03-21,17:00:00,41.9,41.9,41.69,41.69,1010,0
2014-03-21,18:00:00,41.75,42.15,41.75,42.02,3500,0
2014-03-21,19:00:00,41.95,42.16,41.82,42.02,2700,0
2014-03-21,20:00:00,41.84,41.85,41.54,41.68,3872,0
2014-03-21,21:00:00,41.84,42.34,41.65,42.18,320148,0
2014-03-24,15:00:00,42.1,42.5,41.99,42.23,5886,0
2014-03-24,16:00:00,42.04,42.12,41.34,41.68,7289,0
2014-03-24,17:00:00,41.96,41.98,41.23,41.23,14896,0
2014-03-24,18:00:00,41.31,41.55,41.21,41.34,5700,0
2014-03-24,19:00:00,41.45,41.76,41.45,41.76,3250,0
2014-03-24,20:00:00,41.81,42.07,41.8,41.8,5525,0
2014-03-24,21:00:00,41.77,41.88,41.53,41.78,22052,0
2014-03-25,15:00:00,41.92,42.11,41.7,41.93,3994,0
2014-03-25,16:00:00,42.12,42.12,41.63,41.63,7336,0
2014-03-25,17:00:00,41.5,41.89,41.5,41.89,1700,0
2014-03-25,18:00:00,41.77,41.99,41.77,41.99,1900,0
2014-03-25,19:00:00,41.83,42.02,41.69,41.69,3800,0
2014-03-25,20:00:00,41.77,42.07,41.77,42.07,2830,0
2014-03-25,21:00:00,42.03,42.31,41.91,42.11,17252,0
2014-03-26,15:00:00,41.75,42.4,41.75,42.11,1270,0
2014-03-26,16:00:00,41.71,41.96,41.41,41.61,4180,0
2014-03-26,17:00:00,41.39,41.77,41.39,41.62,1296,0
2014-03-26,18:00:00,41.54,42,41.54,41.79,675,0
2014-03-26,19:00:00,42,42.1,41.64,41.64,1200,0
2014-03-26,20:00:00,41.55,41.99,41.55,41.99,522,0
2014-03-26,21:00:00,41.76,41.9,41.5,41.71,12526,0
2014-03-27,15:00:00,41.62,41.92,41.02,41.9,7512,0
2014-03-27,16:00:00,41.76,41.88,41.76,41.86,2450,0
2014-03-27,17:00:00,41.85,41.9,41.76,41.81,4899,0
2014-03-27,18:00:00,41.85,41.93,41.71,41.79,5799,0
2014-03-27,19:00:00,41.85,41.85,41.74,41.8,2630,0
2014-03-27,20:00:00,41.69,41.69,41.27,41.27,4997,0
2014-03-27,21:00:00,41.28,41.83,41.21,41.69,12826,0
2014-03-28,15:00:00,41.56,41.67,41.43,41.65,6705,0
2014-03-28,16:00:00,41.66,42.17,41.66,42.17,4424,0
2014-03-28,17:00:00,42,42,41.85,41.98,2115,0
2014-03-28,18:00:00,41.92,41.96,41.84,41.88,3876,0
2014-03-28,20:00:00,41.94,42,41.71,41.71,4550,0
2014-03-28,21:00:00,41.8,41.89,41.7,41.76,8938,0
2014-03-31,16:00:00,41.76,41.79,41.26,41.53,6200,0
2014-03-31,17:00:00,41.77,42.03,41.7,41.91,6411,0
2014-03-31,18:00:00,41.91,42.03,41.85,41.99,9100,0
2014-03-31,19:00:00,41.76,42.36,41.76,42.36,8300,0
2014-03-31,20:00:00,42.3,42.41,42.1,42.22,4550,0
2014-03-31,21:00:00,41.99,42.18,41.87,42.18,4600,0
2014-03-31,22:00:00,42.03,42.36,42.03,42.24,27794,0
2014-04-01,16:00:00,42.18,42.3,42.13,42.3,1400,0
2014-04-01,17:00:00,42.54,42.54,42.3,42.3,8522,0
2014-04-01,18:00:00,42.02,42.08,41.79,42.08,5412,0
2014-04-01,19:00:00,41.87,42.19,41.87,42.19,2100,0
2014-04-01,20:00:00,42,42.15,41.9,42.13,4502,0
2014-04-01,21:00:00,42.28,42.42,42.15,42.35,3300,0
2014-04-01,22:00:00,42.15,42.51,42.15,42.47,36860,0
2014-04-02,16:00:00,41.89,42.08,41.89,42.08,1830,0
2014-04-02,17:00:00,42.28,42.36,42.27,42.36,3800,0
2014-04-02,18:00:00,42.28,42.37,42.11,42.11,4034,0
2014-04-02,19:00:00,42.26,42.33,42.19,42.19,918,0
2014-04-02,20:00:00,42.23,42.4,42.23,42.33,2983,0
2014-04-02,21:00:00,42.27,42.38,42.12,42.37,1600,0
2014-04-02,22:00:00,42.33,42.41,42.25,42.29,8400,0
2014-04-03,16:00:00,42.39,42.39,42.39,42.39,3000,0
2014-04-03,17:00:00,42.26,42.26,42.25,42.25,2800,0
2014-04-03,18:00:00,42.14,42.35,42.07,42.17,4104,0
2014-04-03,19:00:00,42.2,42.3,42.03,42.3,5275,0
2014-04-03,20:00:00,42.23,42.57,42.23,42.57,5136,0
2014-04-03,21:00:00,42.41,42.41,42.28,42.31,1734,0
2014-04-03,22:00:00,42.3,42.61,42.2,42.52,30190,0
2014-04-04,16:00:00,42.86,42.86,42.53,42.6,6900,0
2014-04-04,17:00:00,42.64,42.64,42.64,42.64,500,0
2014-04-04,18:00:00,42.74,42.9,42.46,42.67,4415,0
2014-04-04,19:00:00,42.33,42.6,42.12,42.51,4100,0
2014-04-04,20:00:00,42.1,42.67,42.1,42.41,4500,0
2014-04-04,21:00:00,42.05,42.61,41.83,42.61,12379,0
2014-04-04,22:00:00,41.92,42.28,41.87,42.28,39057,0
2014-04-07,16:00:00,42.21,42.47,42.01,42.47,4206,0
2014-04-07,17:00:00,42.22,42.34,42.03,42.22,4424,0
2014-04-07,18:00:00,42.22,42.22,42.01,42.01,4000,0
2014-04-07,19:00:00,42.25,42.34,42.06,42.34,6003,0
2014-04-07,20:00:00,42.12,42.26,42.02,42.26,4200,0
2014-04-07,21:00:00,42.23,42.59,42.07,42.45,4531,0
2014-04-07,22:00:00,42.41,42.52,42.4,42.42,17466,0
2014-04-08,16:00:00,42.52,42.7,42.4,42.68,6944,0
2014-04-08,17:00:00,42.47,42.49,42.47,42.49,1800,0
2014-04-08,18:00:00,42.48,42.64,42.48,42.5,2750,0
2014-04-08,19:00:00,42.51,42.51,42.47,42.47,1876,0
2014-04-08,20:00:00,42.48,42.63,42.48,42.48,3615,0
2014-04-08,22:00:00,42.47,42.77,42.43,42.51,29880,0
2014-04-09,16:00:00,42.41,42.71,42.4,42.55,2025,0
2014-04-09,17:00:00,42.71,42.72,42.39,42.39,5230,0
2014-04-09,18:00:00,42.25,42.44,42.19,42.38,6323,0
2014-04-09,19:00:00,42.4,42.4,42.27,42.27,700,0
2014-04-09,20:00:00,42.26,42.31,42.03,42.31,2308,0
2014-04-09,21:00:00,42.12,42.64,42.12,42.37,4075,0
2014-04-09,22:00:00,42.4,42.68,42.21,42.45,16232,0
2014-04-10,16:00:00,42.59,42.89,42.55,42.89,3197,0
2014-04-10,17:00:00,42.87,42.87,42.47,42.47,3500,0
2014-04-10,18:00:00,42.53,42.69,42.1,42.23,4000,0
2014-04-10,19:00:00,42.27,42.47,41.97,41.97,2050,0
2014-04-10,20:00:00,42.17,42.33,42.12,42.12,4600,0
2014-04-10,21:00:00,42.35,42.35,41.93,42.22,11070,0
2014-04-10,22:00:00,42.2,42.89,42.07,42.48,26134,0
2014-04-11,16:00:00,42.06,42.46,41.81,41.87,5379,0
2014-04-11,17:00:00,41.85,42.28,41.78,42.28,9563,0
2014-04-11,18:00:00,42.05,42.45,42.05,42.3,4050,0
2014-04-11,19:00:00,42.3,42.65,42.3,42.65,5100,0
2014-04-11,20:00:00,42.58,42.75,42.34,42.55,9238,0
2014-04-11,21:00:00,42.54,42.9,42.54,42.87,12913,0
2014-04-11,22:00:00,42.9,42.9,42.24,42.56,36562,0
2014-04-14,16:00:00,42.99,42.99,42.8,42.8,1700,0
2014-04-14,17:00:00,42.95,42.95,42.75,42.75,2860,0
2014-04-14,18:00:00,42.89,42.89,42.62,42.66,4309,0
2014-04-14,19:00:00,42.66,42.8,42.66,42.75,1700,0
2014-04-14,20:00:00,42.67,42.7,42.35,42.69,11480,0
2014-04-14,21:00:00,42.57,42.58,42.57,42.57,900,0
2014-04-14,22:00:00,42.55,42.6,42.01,42.1,31965,0
2014-04-15,16:00:00,42.13,42.37,42.13,42.31,5497,0
2014-04-15,17:00:00,42.21,42.38,42,42.14,6834,0
2014-04-15,18:00:00,42.07,42.39,41.93,42.31,3469,0
2014-04-15,19:00:00,42.32,42.36,41.92,41.92,2415,0
2014-04-15,20:00:00,42.1,42.28,41.94,42.12,3979,0
2014-04-15,21:00:00,42.25,42.27,42.1,42.1,5042,0
2014-04-15,22:00:00,42.1,42.31,42,42.1,22806,0
2014-04-16,16:00:00,42.06,42.31,42.06,42.29,2313,0
2014-04-16,17:00:00,42.03,42.25,42.03,42.12,3673,0
2014-04-16,18:00:00,42.33,42.33,42.06,42.06,1600,0
2014-04-16,19:00:00,42.33,42.33,42.07,42.07,1000,0
2014-04-16,20:00:00,42.17,42.33,42.12,42.26,11564,0
2014-04-16,21:00:00,42.17,42.31,42.05,42.06,1860,0
2014-04-16,22:00:00,42.25,42.5,42.25,42.45,8414,0
2014-04-17,16:00:00,42.22,42.34,42.18,42.18,13525,0
2014-04-17,17:00:00,42.16,42.25,42.07,42.25,6389,0
2014-04-17,18:00:00,42.43,42.45,42.19,42.37,1984,0
2014-04-17,19:00:00,42.32,42.38,42.18,42.37,2756,0
2014-04-17,20:00:00,42.39,42.43,42.39,42.43,500,0
2014-04-17,21:00:00,42.42,42.53,42.21,42.52,6300,0
2014-04-17,22:00:00,42.26,42.69,42.26,42.69,5680,0
2014-04-21,16:00:00,41.99,42.66,41.99,42.12,31666,0
2014-04-21,17:00:00,42.46,42.48,42.1,42.34,11918,0
2014-04-21,18:00:00,42.31,42.51,42.31,42.51,3560,0
2014-04-21,19:00:00,42.3,42.32,42.05,42.32,6383,0
2014-04-21,20:00:00,42.32,42.32,42.23,42.29,3700,0
2014-04-21,21:00:00,42.29,42.33,42.12,42.23,5508,0
2014-04-21,22:00:00,42.35,42.39,42.22,42.39,13328,0
2014-04-22,16:00:00,42.43,42.43,42.43,42.43,990,0
2014-04-22,17:00:00,42.4,42.41,42.1,42.14,5995,0
2014-04-22,18:00:00,42.23,42.35,42.2,42.23,6759,0
2014-04-22,19:00:00,42.29,42.29,42.2,42.2,1872,0
2014-04-22,20:00:00,42.17,42.25,42.13,42.25,2180,0
2014-04-22,21:00:00,42.22,42.29,42.08,42.23,4075,0
2014-04-22,22:00:00,42.18,42.27,42,42.25,14425,0
2014-04-23,16:00:00,42.67,42.67,42.09,42.16,1888,0
2014-04-23,17:00:00,42.11,42.32,42.1,42.1,8035,0
2014-04-23,18:00:00,42.26,42.28,42.26,42.28,900,0
2014-04-23,19:00:00,42.17,42.42,42.16,42.16,5255,0
2014-04-23,20:00:00,42.19,42.37,42.19,42.37,2315,0
2014-04-23,21:00:00,42.2,42.2,42.01,42.01,3180,0
2014-04-23,22:00:00,42.1,42.16,41.93,42.06,68161,0
2014-04-24,16:00:00,41.96,41.99,41.92,41.99,6700,0
2014-04-24,18:00:00,42.21,42.21,42.11,42.11,8300,0
2014-04-24,19:00:00,42.01,42.17,42.01,42.17,1700,0
2014-04-24,20:00:00,42.15,42.15,41.99,41.99,3396,0
2014-04-24,21:00:00,41.99,42.03,41.9,41.9,10072,0
2014-04-24,22:00:00,41.99,42.2,41.95,42.18,19492,0
2014-04-25,16:00:00,41.95,42.43,41.95,42.43,1902,0
2014-04-25,17:00:00,42.18,42.36,42.18,42.21,1300,0
2014-04-25,18:00:00,42.34,42.34,41.73,41.73,6856,0
2014-04-25,19:00:00,41.81,42.04,41.81,41.88,1088,0
2014-04-25,20:00:00,41.8,41.92,41.73,41.88,8499,0
2014-04-25,21:00:00,41.86,41.91,41.7,41.76,5723,0
2014-04-25,22:00:00,41.75,41.88,41.58,41.73,19762,0
2014-04-28,16:00:00,41.76,41.76,41.76,41.76,26598,0
2014-04-28,17:00:00,42.2,42.51,41.83,42.25,5299,0
2014-04-28,18:00:00,42.45,42.45,41.88,41.97,4266,0
2014-04-28,19:00:00,42.15,42.34,41.89,42.34,9002,0
2014-04-28,20:00:00,42.3,42.33,42.08,42.33,7900,0
2014-04-28,21:00:00,42.31,42.43,42.06,42.18,4668,0
2014-04-28,22:00:00,42.03,42.34,41.97,42.04,18307,0
2014-04-29,16:00:00,42.34,42.75,42.34,42.61,4400,0
2014-04-29,17:00:00,42.7,42.74,42.3,42.5,4743,0
2014-04-29,18:00:00,42.45,42.5,42.3,42.45,7300,0
2014-04-29,19:00:00,42.43,42.58,42.3,42.3,8355,0
2014-04-29,20:00:00,42.4,42.41,42.26,42.4,7892,0
2014-04-29,21:00:00,42.25,42.26,42.11,42.11,6748,0
2014-04-29,22:00:00,42.33,42.41,42.14,42.23,25399,0
2014-04-30,16:00:00,41.97,42.14,41.92,41.92,1803,0
2014-04-30,17:00:00,42.03,42.34,41.86,42.1,14041,0
2014-04-30,18:00:00,42.1,42.1,41.87,41.88,5624,0
2014-04-30,19:00:00,41.92,42.12,41.92,42.12,4788,0
2014-04-30,20:00:00,42.05,42.07,41.92,41.98,5847,0
2014-04-30,21:00:00,42.1,42.22,41.9,42.22,9932,0
2014-04-30,22:00:00,42.39,42.52,42.1,42.43,52040,0
2014-05-01,16:00:00,42.39,42.53,41.92,42,6838,0
2014-05-01,17:00:00,41.93,42.13,41.91,41.99,12308,0
2014-05-01,18:00:00,42.03,42.17,41.97,42.03,5474,0
2014-05-01,19:00:00,42.15,42.28,42.11,42.24,6106,0
2014-05-01,20:00:00,42.25,42.4,42.17,42.17,4195,0
2014-05-01,21:00:00,42.35,42.35,42.06,42.08,3800,0
2014-05-01,22:00:00,42,42.51,42,42.51,20508,0
2014-05-02,16:00:00,42.41,42.48,42.27,42.29,15453,0
2014-05-02,17:00:00,42.29,42.68,42.29,42.68,12750,0
2014-05-02,18:00:00,42.67,42.67,42.42,42.42,4353,0
2014-05-02,19:00:00,42.55,42.58,42.32,42.44,4060,0
2014-05-02,20:00:00,42.52,42.55,42.33,42.44,6238,0
2014-05-02,21:00:00,42.47,42.62,42.42,42.57,3822,0
2014-05-02,22:00:00,42.61,42.7,42.41,42.69,15613,0
2014-05-05,16:00:00,42.54,42.7,42.41,42.44,5174,0
2014-05-05,17:00:00,42.44,42.78,42.44,42.62,2910,0
2014-05-05,18:00:00,42.7,42.77,42.46,42.6,5618,0
2014-05-05,19:00:00,42.61,42.74,42.52,42.65,5588,0
2014-05-05,20:00:00,42.45,42.57,42.39,42.56,4838,0
2014-05-05,21:00:00,42.48,42.56,42.42,42.56,1200,0
2014-05-05,22:00:00,42.56,42.79,42.56,42.7,14779,0
2014-05-06,16:00:00,42.8,42.8,42.35,42.35,2100,0
2014-05-06,17:00:00,42.42,42.74,42.31,42.49,3950,0
2014-05-06,18:00:00,42.52,42.57,42.33,42.57,2429,0
2014-05-06,19:00:00,42.65,42.65,42.65,42.65,600,0
2014-05-06,20:00:00,42.47,42.69,42.43,42.45,4928,0
2014-05-06,21:00:00,42.44,42.49,42.38,42.45,4000,0
2014-05-06,22:00:00,42.4,42.49,42.03,42.2,18877,0
2014-05-07,16:00:00,42.17,42.48,42.16,42.39,9531,0
2014-05-07,17:00:00,42.28,42.72,42.25,42.51,4900,0
2014-05-07,18:00:00,42.61,42.61,42.49,42.61,3100,0
2014-05-07,19:00:00,42.61,42.61,42.51,42.51,5710,0
2014-05-07,20:00:00,42.61,42.75,42.54,42.6,9650,0
2014-05-07,21:00:00,42.72,42.8,42.37,42.37,13192,0
2014-05-07,22:00:00,42.69,43.24,42.61,43.21,42078,0
