Date,Time,Open,High,Low,Close,Volume,OpenInt
2014-02-10,16:00:00,13.871,13.871,13.726,13.794,3879,0
2014-02-10,17:00:00,13.813,13.92,13.726,13.726,8055,0
2014-02-10,18:00:00,13.736,13.775,13.736,13.746,5802,0
2014-02-10,19:00:00,13.765,13.862,13.755,13.755,11938,0
2014-02-10,20:00:00,13.775,13.881,13.775,13.862,4541,0
2014-02-10,21:00:00,13.91,13.91,13.726,13.765,7058,0
2014-02-10,22:00:00,13.775,13.852,13.726,13.784,7442,0
2014-02-11,16:00:00,13.929,14.094,13.784,13.833,10072,0
2014-02-11,17:00:00,13.813,14.016,13.813,13.958,11042,0
2014-02-11,18:00:00,13.968,14.016,13.736,13.862,34713,0
2014-02-11,19:00:00,13.891,13.997,13.891,13.997,2802,0
2014-02-11,20:00:00,13.997,13.997,13.929,13.929,6942,0
2014-02-11,21:00:00,13.92,14.007,13.92,13.968,5974,0
2014-02-11,22:00:00,13.92,13.997,13.775,13.842,17348,0
2014-02-12,16:00:00,13.92,14.026,13.92,14.026,631,0
2014-02-12,17:00:00,13.842,13.949,13.823,13.92,8381,0
2014-02-12,18:00:00,13.91,13.958,13.862,13.958,7748,0
2014-02-12,19:00:00,13.968,13.968,13.958,13.958,3335,0
2014-02-12,20:00:00,13.968,14.016,13.968,14.016,1060,0
2014-02-12,21:00:00,13.987,14.007,13.9,13.9,3026,0
2014-02-12,22:00:00,13.92,13.949,13.871,13.949,3517,0
2014-02-13,16:00:00,13.949,14.132,13.949,14.113,10889,0
2014-02-13,17:00:00,14.152,14.161,14.074,14.074,9546,0
2014-02-13,18:00:00,14.074,14.084,14.045,14.084,6778,0
2014-02-13,19:00:00,14.074,14.355,14.074,14.239,37118,0
2014-02-13,20:00:00,14.258,14.345,14.229,14.345,10314,0
2014-02-13,21:00:00,14.403,14.403,14.258,14.258,9575,0
2014-02-13,22:00:00,14.258,14.258,14.142,14.171,14712,0
2014-02-14,16:00:00,14.335,14.335,14.21,14.21,1130,0
2014-02-14,17:00:00,14.2,14.297,14.171,14.297,15926,0
2014-02-14,18:00:00,14.297,14.355,14.219,14.258,20867,0
2014-02-14,19:00:00,14.21,14.219,14.171,14.219,1500,0
2014-02-14,20:00:00,14.21,14.258,14.19,14.258,8426,0
2014-02-14,21:00:00,14.239,14.277,14.229,14.258,6355,0
2014-02-14,22:00:00,14.248,14.297,14.21,14.297,6778,0
2014-02-18,16:00:00,14.355,14.432,14.316,14.403,19438,0
2014-02-18,17:00:00,14.422,14.422,14.384,14.403,9904,0
2014-02-18,18:00:00,14.413,14.422,14.384,14.413,3600,0
2014-02-18,19:00:00,14.413,14.432,14.364,14.403,26136,0
2014-02-18,20:00:00,14.355,14.413,14.355,14.413,7010,0
2014-02-18,21:00:00,14.403,14.422,14.355,14.374,13001,0
2014-02-18,22:00:00,14.355,14.384,14.335,14.364,3424,0
2014-02-19,16:00:00,14.432,14.442,14.384,14.413,4552,0
2014-02-19,17:00:00,14.364,14.393,14.355,14.384,4511,0
2014-02-19,18:00:00,14.374,14.442,14.374,14.432,15591,0
2014-02-19,19:00:00,14.422,14.442,14.355,14.442,13975,0
2014-02-19,20:00:00,14.422,14.5,14.413,14.461,4035,0
2014-02-19,21:00:00,14.461,14.471,14.364,14.422,7493,0
2014-02-19,22:00:00,14.413,14.432,14.316,14.326,10018,0
2014-02-20,16:00:00,14.355,14.384,14.258,14.364,3190,0
2014-02-20,17:00:00,14.316,14.316,14.171,14.258,12326,0
2014-02-20,18:00:00,14.268,14.374,14.268,14.374,8603,0
2014-02-20,19:00:00,14.374,14.451,14.355,14.393,5749,0
2014-02-20,20:00:00,14.384,14.384,14.306,14.316,9981,0
2014-02-20,21:00:00,14.393,14.413,14.306,14.413,5508,0
2014-02-20,22:00:00,14.345,14.432,14.248,14.326,13923,0
2014-02-21,16:00:00,14.326,14.384,14.326,14.345,6174,0
2014-02-21,17:00:00,14.345,14.413,14.326,14.413,8116,0
2014-02-21,18:00:00,14.393,14.432,14.384,14.403,5328,0
2014-02-21,19:00:00,14.345,14.5,14.345,14.49,6543,0
2014-02-21,20:00:00,14.393,14.732,14.393,14.606,15831,0
2014-02-21,21:00:00,14.519,14.519,14.413,14.461,9177,0
2014-02-21,22:00:00,14.48,14.558,14.413,14.471,13522,0
2014-02-24,16:00:00,14.703,14.722,14.616,14.654,7981,0
2014-02-24,17:00:00,14.664,14.712,14.519,14.693,15049,0
2014-02-24,18:00:00,14.712,14.712,14.616,14.664,6548,0
2014-02-24,19:00:00,14.683,14.703,14.577,14.703,2793,0
2014-02-24,20:00:00,14.712,14.722,14.645,14.645,15403,0
2014-02-24,21:00:00,14.674,14.683,14.596,14.616,18988,0
2014-02-24,22:00:00,14.674,14.683,14.519,14.538,28133,0
2014-02-25,16:00:00,14.567,14.664,14.422,14.596,18607,0
2014-02-25,17:00:00,14.645,14.645,14.49,14.519,18765,0
2014-02-25,18:00:00,14.519,14.567,14.471,14.567,6894,0
2014-02-25,19:00:00,14.509,14.625,14.509,14.548,3466,0
2014-02-25,20:00:00,14.596,14.635,14.548,14.577,931,0
2014-02-25,21:00:00,14.558,14.625,14.558,14.625,1500,0
2014-02-25,22:00:00,14.558,14.645,14.558,14.596,9563,0
2014-02-26,16:00:00,14.712,14.722,14.635,14.635,5787,0
2014-02-26,17:00:00,14.664,14.712,14.5,14.683,9591,0
2014-02-26,18:00:00,14.722,14.732,14.606,14.712,4557,0
2014-02-26,19:00:00,14.703,14.703,14.664,14.683,3931,0
2014-02-26,20:00:00,14.703,14.703,14.606,14.606,12455,0
2014-02-26,21:00:00,14.654,14.674,14.606,14.674,8024,0
2014-02-26,22:00:00,14.683,14.712,14.645,14.693,18970,0
2014-02-27,16:00:00,14.693,14.693,14.635,14.654,4997,0
2014-02-27,17:00:00,14.683,14.683,14.645,14.664,10560,0
2014-02-27,18:00:00,14.674,14.693,14.664,14.683,6655,0
2014-02-27,19:00:00,14.683,14.693,14.664,14.664,5400,0
2014-02-27,20:00:00,14.693,14.712,14.664,14.703,20617,0
2014-02-27,21:00:00,14.683,14.751,14.674,14.751,20759,0
2014-02-27,22:00:00,14.77,14.78,14.732,14.732,14164,0
2014-02-28,16:00:00,14.828,14.877,14.703,14.751,6347,0
2014-02-28,17:00:00,14.867,14.877,14.78,14.877,3811,0
2014-02-28,18:00:00,14.857,14.877,14.848,14.857,6110,0
2014-02-28,19:00:00,14.838,14.867,14.79,14.828,10206,0
2014-02-28,20:00:00,14.828,14.838,14.761,14.838,3994,0
2014-02-28,21:00:00,14.838,14.838,14.761,14.761,7957,0
2014-02-28,22:00:00,14.79,14.819,14.751,14.819,10990,0
2014-03-03,16:00:00,14.77,14.877,14.77,14.78,3934,0
2014-03-03,17:00:00,14.867,14.867,14.77,14.857,17859,0
2014-03-03,18:00:00,14.857,14.867,14.79,14.819,14234,0
2014-03-03,19:00:00,14.828,14.935,14.828,14.915,19152,0
2014-03-03,20:00:00,14.935,14.935,14.877,14.877,11404,0
2014-03-03,21:00:00,14.896,14.896,14.886,14.896,8792,0
2014-03-03,22:00:00,14.886,14.886,14.857,14.867,8711,0
2014-03-04,16:00:00,14.944,14.954,14.886,14.925,12527,0
2014-03-04,17:00:00,14.935,14.935,14.799,14.809,21616,0
2014-03-04,18:00:00,14.857,14.877,14.79,14.877,27004,0
2014-03-04,19:00:00,14.877,14.877,14.867,14.867,7967,0
2014-03-04,20:00:00,14.867,14.877,14.828,14.867,6742,0
2014-03-04,21:00:00,14.857,14.877,14.838,14.877,4454,0
2014-03-04,22:00:00,14.877,14.877,14.838,14.848,8317,0
2014-03-05,16:00:00,14.809,14.809,14.78,14.78,8586,0
2014-03-05,17:00:00,14.77,14.809,14.77,14.799,20569,0
2014-03-05,18:00:00,14.78,14.848,14.78,14.848,13449,0
2014-03-05,19:00:00,14.819,14.877,14.819,14.838,16795,0
2014-03-05,20:00:00,14.838,14.838,14.799,14.828,3721,0
2014-03-05,21:00:00,14.848,14.848,14.799,14.848,9482,0
2014-03-05,22:00:00,14.838,14.838,14.799,14.799,4236,0
2014-03-06,16:00:00,14.877,14.915,14.848,14.886,7901,0
2014-03-06,17:00:00,14.886,14.915,14.838,14.867,6227,0
2014-03-06,18:00:00,14.867,14.886,14.838,14.886,18892,0
2014-03-06,19:00:00,14.886,14.896,14.867,14.886,4555,0
2014-03-06,20:00:00,14.886,14.886,14.867,14.886,4681,0
2014-03-06,21:00:00,14.886,14.886,14.77,14.877,6874,0
2014-03-06,22:00:00,14.886,14.886,14.828,14.828,10701,0
2014-03-07,16:00:00,14.915,14.915,14.79,14.819,3865,0
2014-03-07,17:00:00,14.819,14.877,14.79,14.799,7500,0
2014-03-07,18:00:00,14.877,14.877,14.799,14.848,7655,0
2014-03-07,19:00:00,14.819,14.819,14.799,14.819,9145,0
2014-03-07,20:00:00,14.799,14.809,14.79,14.809,13242,0
2014-03-07,21:00:00,14.809,14.848,14.78,14.79,14348,0
2014-03-07,22:00:00,14.838,14.838,14.77,14.77,8291,0
2014-03-10,15:00:00,14.906,14.925,14.828,14.915,4388,0
2014-03-10,16:00:00,14.896,14.915,14.896,14.896,6879,0
2014-03-10,17:00:00,14.935,14.944,14.925,14.935,3829,0
2014-03-10,18:00:00,14.925,14.925,14.828,14.877,5069,0
2014-03-10,19:00:00,14.838,14.877,14.828,14.867,4973,0
2014-03-10,20:00:00,14.799,14.857,14.79,14.848,5081,0
2014-03-10,21:00:00,14.848,14.877,14.809,14.848,7035,0
2014-03-11,15:00:00,14.925,14.935,14.857,14.857,6578,0
2014-03-11,16:00:00,14.925,14.964,14.896,14.896,13069,0
2014-03-11,17:00:00,14.964,14.964,14.857,14.857,6399,0
2014-03-11,18:00:00,14.877,14.896,14.857,14.867,3207,0
2014-03-11,19:00:00,14.886,14.886,14.809,14.819,7811,0
2014-03-11,20:00:00,14.838,14.838,14.751,14.77,9353,0
2014-03-11,21:00:00,14.741,14.741,14.529,14.654,20932,0
2014-03-12,15:00:00,14.558,14.693,14.558,14.596,683,0
2014-03-12,16:00:00,14.558,14.654,14.529,14.654,3579,0
2014-03-12,17:00:00,14.664,14.732,14.567,14.596,2840,0
2014-03-12,18:00:00,14.606,14.722,14.596,14.625,1697,0
2014-03-12,19:00:00,14.654,14.712,14.635,14.635,4926,0
2014-03-12,20:00:00,14.654,14.693,14.654,14.683,1210,0
2014-03-12,21:00:00,14.664,14.683,14.635,14.654,8809,0
2014-03-13,15:00:00,14.712,14.732,14.693,14.732,3088,0
2014-03-13,16:00:00,14.703,14.857,14.703,14.732,12042,0
2014-03-13,17:00:00,14.838,14.838,14.732,14.799,17456,0
2014-03-13,18:00:00,14.741,14.799,14.732,14.741,9659,0
2014-03-13,19:00:00,14.741,14.77,14.732,14.751,7516,0
2014-03-13,20:00:00,14.741,14.77,14.645,14.664,12362,0
2014-03-13,21:00:00,14.664,14.761,14.645,14.712,8838,0
2014-03-14,15:00:00,14.712,14.79,14.693,14.77,6039,0
2014-03-14,16:00:00,14.78,14.944,14.751,14.761,4597,0
2014-03-14,17:00:00,14.79,14.857,14.761,14.761,5150,0
2014-03-14,18:00:00,14.761,14.799,14.761,14.79,2238,0
2014-03-14,19:00:00,14.78,14.78,14.77,14.78,1345,0
2014-03-14,20:00:00,14.79,14.799,14.78,14.79,1966,0
2014-03-14,21:00:00,14.799,14.799,14.732,14.732,9995,0
2014-03-17,15:00:00,14.877,14.906,14.877,14.877,1161,0
2014-03-17,16:00:00,14.848,15.08,14.77,14.78,9964,0
2014-03-17,17:00:00,14.857,14.857,14.78,14.848,5512,0
2014-03-17,18:00:00,14.848,14.964,14.809,14.906,7519,0
2014-03-17,19:00:00,14.877,14.877,14.79,14.857,4718,0
2014-03-17,20:00:00,14.848,14.857,14.78,14.79,9538,0
2014-03-17,21:00:00,14.79,14.79,14.683,14.683,19124,0
2014-03-18,15:00:00,14.964,14.964,14.886,14.886,3398,0
2014-03-18,16:00:00,14.77,14.906,14.77,14.79,9124,0
2014-03-18,17:00:00,14.78,14.819,14.78,14.78,4622,0
2014-03-18,18:00:00,14.78,14.867,14.78,14.809,3222,0
2014-03-18,19:00:00,14.857,14.877,14.819,14.838,4064,0
2014-03-18,20:00:00,14.828,14.867,14.79,14.867,5824,0
2014-03-18,21:00:00,14.838,14.867,14.77,14.79,13654,0
2014-03-19,15:00:00,14.877,14.877,14.703,14.732,2646,0
2014-03-19,16:00:00,14.79,14.809,14.674,14.809,6255,0
2014-03-19,17:00:00,14.674,14.857,14.674,14.809,6135,0
2014-03-19,18:00:00,14.828,14.838,14.761,14.838,2576,0
2014-03-19,19:00:00,14.799,14.867,14.799,14.867,6652,0
2014-03-19,20:00:00,14.838,14.867,14.751,14.78,10151,0
2014-03-19,21:00:00,14.78,14.78,14.703,14.703,4267,0
2014-03-20,15:00:00,14.674,14.819,14.674,14.79,931,0
2014-03-20,16:00:00,14.819,14.819,14.77,14.77,1655,0
2014-03-20,17:00:00,14.693,14.751,14.664,14.664,5521,0
2014-03-20,18:00:00,14.664,14.693,14.606,14.606,8027,0
2014-03-20,19:00:00,14.548,14.741,14.548,14.693,20278,0
2014-03-20,20:00:00,14.77,14.877,14.751,14.867,14189,0
2014-03-20,21:00:00,14.848,14.886,14.79,14.838,21495,0
2014-03-21,15:00:00,14.935,14.983,14.819,14.983,1361,0
2014-03-21,16:00:00,14.983,14.983,14.799,14.799,3376,0
2014-03-21,17:00:00,14.799,14.906,14.693,14.896,7315,0
2014-03-21,18:00:00,14.857,14.857,14.819,14.838,1371,0
2014-03-21,19:00:00,14.828,14.838,14.819,14.819,1943,0
2014-03-21,20:00:00,14.79,14.799,14.79,14.799,5814,0
2014-03-21,21:00:00,14.77,14.848,14.712,14.819,3310,0
2014-03-24,15:00:00,14.79,14.79,14.78,14.78,1552,0
2014-03-24,16:00:00,14.954,14.954,14.886,14.915,7825,0
2014-03-24,17:00:00,14.896,14.935,14.828,14.935,7695,0
2014-03-24,18:00:00,14.828,14.877,14.828,14.877,5386,0
2014-03-24,19:00:00,14.867,14.867,14.751,14.819,7295,0
2014-03-24,20:00:00,14.751,14.809,14.741,14.809,2845,0
2014-03-24,21:00:00,14.78,14.819,14.741,14.78,8507,0
2014-03-25,15:00:00,14.838,14.964,14.819,14.848,7650,0
2014-03-25,16:00:00,14.838,14.925,14.838,14.838,6174,0
2014-03-25,17:00:00,14.838,14.848,14.741,14.828,4276,0
2014-03-25,18:00:00,14.761,14.838,14.741,14.741,5435,0
2014-03-25,19:00:00,14.78,14.848,14.741,14.79,2168,0
2014-03-25,20:00:00,14.819,14.819,14.761,14.78,4192,0
2014-03-25,21:00:00,14.761,14.79,14.596,14.674,14602,0
2014-03-26,15:00:00,14.625,14.722,14.567,14.606,9007,0
2014-03-26,16:00:00,14.596,14.635,14.5,14.529,9251,0
2014-03-26,17:00:00,14.548,14.616,14.5,14.587,16199,0
2014-03-26,18:00:00,14.558,14.558,14.5,14.538,6789,0
2014-03-26,19:00:00,14.5,14.538,14.403,14.5,8179,0
2014-03-26,20:00:00,14.432,14.509,14.374,14.432,9496,0
2014-03-26,21:00:00,14.355,14.451,14.258,14.316,19405,0
2014-03-27,15:00:00,14.219,14.219,14.065,14.152,24441,0
2014-03-27,16:00:00,14.181,14.345,14.113,14.181,27515,0
2014-03-27,17:00:00,14.152,14.181,14.074,14.074,12701,0
2014-03-27,18:00:00,14.074,14.21,14.074,14.181,16147,0
2014-03-27,19:00:00,14.181,14.345,14.181,14.2,22856,0
2014-03-27,20:00:00,14.171,14.171,14.074,14.084,68687,0
2014-03-27,21:00:00,14.074,14.103,14.036,14.055,55828,0
2014-03-28,15:00:00,14.065,14.335,14.065,14.219,6223,0
2014-03-28,16:00:00,14.239,14.239,14.016,14.026,36261,0
2014-03-28,17:00:00,14.074,14.094,14.036,14.084,4691,0
2014-03-28,18:00:00,14.055,14.132,14.026,14.045,12772,0
2014-03-28,19:00:00,14.045,14.065,14.036,14.055,10892,0
2014-03-28,20:00:00,14.055,14.181,13.987,14.026,24755,0
2014-03-28,21:00:00,14.026,14.055,13.939,13.949,28560,0
2014-03-31,16:00:00,14.258,14.258,13.929,13.929,19651,0
2014-03-31,17:00:00,14.007,14.142,13.968,14.123,7226,0
2014-03-31,18:00:00,14.161,14.161,14.016,14.065,7932,0
2014-03-31,19:00:00,14.045,14.074,14.036,14.065,10903,0
2014-03-31,20:00:00,14.065,14.074,14.016,14.016,10030,0
2014-03-31,21:00:00,14.036,14.055,13.978,14.026,9268,0
2014-03-31,22:00:00,14.026,14.084,14.026,14.036,6272,0
2014-04-01,16:00:00,14.152,14.161,14.132,14.132,1550,0
2014-04-01,17:00:00,14.142,14.142,14.094,14.132,7126,0
2014-04-01,18:00:00,14.142,14.2,14.123,14.2,4626,0
2014-04-01,19:00:00,14.21,14.219,14.181,14.219,5398,0
2014-04-01,20:00:00,14.219,14.258,14.219,14.219,7123,0
2014-04-01,21:00:00,14.239,14.287,14.239,14.287,4345,0
2014-04-01,22:00:00,14.287,14.287,14.21,14.21,13105,0
2014-04-02,16:00:00,14.19,14.355,14.19,14.326,4840,0
2014-04-02,17:00:00,14.393,14.49,14.393,14.49,10443,0
2014-04-02,18:00:00,14.471,14.577,14.461,14.577,8546,0
2014-04-02,19:00:00,14.538,14.577,14.509,14.509,2739,0
2014-04-02,20:00:00,14.548,14.548,14.509,14.509,1220,0
2014-04-02,21:00:00,14.538,14.538,14.509,14.529,5118,0
2014-04-02,22:00:00,14.538,14.596,14.529,14.548,8764,0
2014-04-03,16:00:00,14.625,14.664,14.596,14.645,2529,0
2014-04-03,17:00:00,14.645,14.674,14.596,14.635,13154,0
2014-04-03,18:00:00,14.645,14.674,14.616,14.654,8250,0
2014-04-03,19:00:00,14.645,14.645,14.606,14.645,7708,0
2014-04-03,20:00:00,14.625,14.732,14.616,14.732,9880,0
2014-04-03,21:00:00,14.654,14.712,14.645,14.674,5465,0
2014-04-03,22:00:00,14.664,14.703,14.606,14.664,11366,0
2014-04-04,16:00:00,14.712,14.732,14.645,14.674,5388,0
2014-04-04,17:00:00,14.664,14.857,14.664,14.78,18265,0
2014-04-04,18:00:00,14.867,14.886,14.732,14.877,8228,0
2014-04-04,19:00:00,14.79,14.79,14.693,14.732,1892,0
2014-04-04,20:00:00,14.732,14.877,14.625,14.79,48148,0
2014-04-04,21:00:00,14.79,14.954,14.703,14.703,10066,0
2014-04-04,22:00:00,14.77,14.848,14.732,14.741,7648,0
2014-04-07,16:00:00,14.838,14.838,14.741,14.751,2005,0
2014-04-07,17:00:00,14.819,14.828,14.722,14.809,11429,0
2014-04-07,18:00:00,14.809,14.896,14.809,14.886,9715,0
2014-04-07,19:00:00,14.886,14.915,14.848,14.886,18560,0
2014-04-07,20:00:00,14.886,14.906,14.828,14.838,8500,0
2014-04-07,21:00:00,14.857,14.877,14.78,14.828,8000,0
2014-04-07,22:00:00,14.877,14.877,14.809,14.848,13310,0
2014-04-08,16:00:00,14.838,14.838,14.674,14.712,1869,0
2014-04-08,17:00:00,14.722,14.741,14.712,14.741,4508,0
2014-04-08,18:00:00,14.761,14.819,14.761,14.79,6303,0
2014-04-08,19:00:00,14.78,14.896,14.78,14.877,6993,0
2014-04-08,20:00:00,14.838,14.906,14.838,14.906,4461,0
2014-04-08,21:00:00,14.915,14.915,14.838,14.838,5697,0
2014-04-08,22:00:00,14.838,14.886,14.838,14.857,7997,0
2014-04-09,16:00:00,14.954,14.954,14.838,14.838,15754,0
2014-04-09,17:00:00,14.809,14.857,14.809,14.838,2803,0
2014-04-09,18:00:00,14.838,14.886,14.809,14.838,5377,0
2014-04-09,19:00:00,14.877,14.944,14.867,14.935,6301,0
2014-04-09,20:00:00,14.935,14.954,14.906,14.906,3740,0
2014-04-09,21:00:00,14.906,14.954,14.906,14.915,5723,0
2014-04-09,22:00:00,14.954,14.954,14.915,14.915,7311,0
2014-04-10,16:00:00,14.954,14.954,14.886,14.886,9167,0
2014-04-10,17:00:00,14.886,14.886,14.819,14.877,12267,0
2014-04-10,18:00:00,14.886,14.886,14.732,14.751,19771,0
2014-04-10,19:00:00,14.77,14.828,14.741,14.77,7513,0
2014-04-10,20:00:00,14.77,14.915,14.77,14.915,10023,0
2014-04-10,21:00:00,14.886,14.906,14.877,14.906,4129,0
2014-04-10,22:00:00,14.877,14.906,14.867,14.906,4694,0
2014-04-11,16:00:00,14.838,14.857,14.683,14.761,11350,0
2014-04-11,17:00:00,14.857,14.925,14.693,14.886,4751,0
2014-04-11,18:00:00,14.906,14.915,14.877,14.906,6166,0
2014-04-11,19:00:00,14.886,14.896,14.78,14.896,11376,0
2014-04-11,20:00:00,14.886,14.896,14.867,14.886,1661,0
2014-04-11,21:00:00,14.896,14.925,14.886,14.915,12967,0
2014-04-11,22:00:00,14.906,14.915,14.857,14.857,11332,0
2014-04-14,16:00:00,14.886,14.886,14.596,14.741,54946,0
2014-04-14,17:00:00,14.77,14.857,14.761,14.857,5530,0
2014-04-14,18:00:00,14.848,14.877,14.819,14.838,5973,0
2014-04-14,19:00:00,14.867,14.886,14.838,14.886,4667,0
2014-04-14,20:00:00,14.848,14.886,14.838,14.838,21067,0
2014-04-14,21:00:00,14.828,14.848,14.77,14.78,4107,0
2014-04-14,22:00:00,14.79,14.838,14.78,14.799,8616,0
2014-04-15,16:00:00,14.906,14.915,14.896,14.906,6865,0
2014-04-15,17:00:00,14.886,14.896,14.819,14.877,8408,0
2014-04-15,18:00:00,14.857,14.906,14.848,14.877,10888,0
2014-04-15,19:00:00,14.867,14.896,14.857,14.877,3152,0
2014-04-15,20:00:00,14.896,14.906,14.886,14.906,9715,0
2014-04-15,21:00:00,14.896,14.906,14.886,14.896,5368,0
2014-04-15,22:00:00,14.906,14.906,14.886,14.896,12593,0
2014-04-16,16:00:00,14.925,14.954,14.857,14.857,4094,0
2014-04-16,17:00:00,14.915,14.915,14.867,14.867,3784,0
2014-04-16,18:00:00,14.867,14.886,14.838,14.886,5888,0
2014-04-16,19:00:00,14.867,14.877,14.857,14.867,4993,0
2014-04-16,20:00:00,14.867,14.867,14.857,14.867,2430,0
2014-04-16,21:00:00,14.877,14.886,14.877,14.886,1084,0
2014-04-16,22:00:00,14.857,14.915,14.857,14.886,15863,0
2014-04-17,16:00:00,14.915,14.944,14.838,14.867,8064,0
2014-04-17,17:00:00,14.906,14.935,14.886,14.925,3772,0
2014-04-17,18:00:00,14.925,14.935,14.896,14.915,9212,0
2014-04-17,19:00:00,14.915,14.935,14.896,14.906,16153,0
2014-04-17,20:00:00,14.896,14.906,14.886,14.896,11147,0
2014-04-17,21:00:00,14.896,14.906,14.886,14.886,8019,0
2014-04-17,22:00:00,14.906,14.915,14.886,14.886,14642,0
2014-04-21,16:00:00,15.041,15.08,14.838,14.935,11850,0
2014-04-21,17:00:00,14.935,14.944,14.886,14.944,24536,0
2014-04-21,18:00:00,14.944,14.964,14.906,14.935,13038,0
2014-04-21,19:00:00,14.935,14.954,14.915,14.935,13828,0
2014-04-21,20:00:00,14.935,14.935,14.886,14.915,10549,0
2014-04-21,21:00:00,14.896,14.915,14.896,14.915,2190,0
2014-04-21,22:00:00,14.915,14.925,14.867,14.886,16387,0
2014-04-22,16:00:00,15.06,15.06,14.886,14.925,10190,0
2014-04-22,17:00:00,14.896,14.954,14.886,14.906,13786,0
2014-04-22,18:00:00,14.857,14.886,14.838,14.867,36565,0
2014-04-22,19:00:00,14.838,14.906,14.838,14.906,49960,0
2014-04-22,20:00:00,14.906,14.935,14.906,14.935,26944,0
2014-04-22,21:00:00,14.935,14.935,14.867,14.867,51637,0
2014-04-22,22:00:00,14.867,14.886,14.838,14.867,16927,0
2014-04-23,16:00:00,14.886,14.935,14.886,14.906,14320,0
2014-04-23,17:00:00,14.935,14.935,14.886,14.925,51835,0
2014-04-23,18:00:00,14.935,14.983,14.886,14.983,24021,0
2014-04-23,19:00:00,14.983,14.993,14.954,14.983,16935,0
2014-04-23,20:00:00,14.983,15.002,14.954,14.973,13493,0
2014-04-23,21:00:00,14.973,14.973,14.915,14.935,17602,0
2014-04-23,22:00:00,14.925,14.935,14.867,14.877,42149,0
2014-04-24,16:00:00,15.031,15.051,14.896,14.935,8231,0
2014-04-24,17:00:00,14.915,14.964,14.896,14.935,40270,0
2014-04-24,18:00:00,14.964,14.983,14.935,14.935,22834,0
2014-04-24,19:00:00,14.935,14.973,14.915,14.944,20708,0
2014-04-24,20:00:00,14.944,14.944,14.857,14.925,21197,0
2014-04-24,21:00:00,14.935,14.944,14.906,14.915,20477,0
2014-04-24,22:00:00,14.906,14.925,14.838,14.857,38626,0
2014-04-25,16:00:00,14.944,14.944,14.828,14.915,13185,0
2014-04-25,17:00:00,14.925,14.925,14.838,14.915,21022,0
2014-04-25,18:00:00,14.896,14.925,14.867,14.896,31619,0
2014-04-25,19:00:00,14.896,14.906,14.857,14.857,29536,0
2014-04-25,20:00:00,14.857,14.944,14.838,14.925,26035,0
2014-04-25,21:00:00,14.935,14.973,14.906,14.973,26888,0
2014-04-25,22:00:00,14.944,15.08,14.944,15.07,46009,0
2014-04-28,16:00:00,14.84,15.06,14.79,14.97,33299,0
2014-04-28,17:00:00,14.91,15,14.87,14.92,29077,0
2014-04-28,18:00:00,14.9,14.96,14.8,14.88,34695,0
2014-04-28,19:00:00,14.89,14.89,14.82,14.87,8926,0
2014-04-28,20:00:00,14.86,14.86,14.67,14.83,50721,0
2014-04-28,21:00:00,14.77,14.86,14.7,14.82,15673,0
2014-04-28,22:00:00,14.81,14.95,14.79,14.84,22008,0
2014-04-29,16:00:00,14.88,14.88,14.8,14.84,3653,0
2014-04-29,17:00:00,14.81,14.94,14.76,14.93,14343,0
2014-04-29,18:00:00,14.93,14.93,14.81,14.88,10852,0
2014-04-29,19:00:00,14.88,14.9,14.82,14.9,8601,0
2014-04-29,20:00:00,14.89,14.9,14.82,14.85,7480,0
2014-04-29,21:00:00,14.86,14.87,14.82,14.87,2700,0
2014-04-29,22:00:00,14.83,14.86,14.79,14.82,20519,0
2014-04-30,16:00:00,14.78,14.79,14.65,14.69,17865,0
2014-04-30,17:00:00,14.65,14.76,14.63,14.71,4063,0
2014-04-30,18:00:00,14.73,14.79,14.69,14.7,19363,0
2014-04-30,19:00:00,14.73,14.75,14.71,14.75,1954,0
2014-04-30,20:00:00,14.74,14.74,14.63,14.63,6033,0
2014-04-30,21:00:00,14.62,14.64,14.41,14.55,68811,0
2014-04-30,22:00:00,14.55,14.55,14.5,14.51,15685,0
2014-05-01,16:00:00,14.67,14.73,14.56,14.64,8300,0
2014-05-01,17:00:00,14.58,14.65,14.57,14.58,7376,0
2014-05-01,18:00:00,14.61,14.64,14.56,14.64,11941,0
2014-05-01,19:00:00,14.7,14.7,14.63,14.65,3837,0
2014-05-01,20:00:00,14.61,14.63,14.6,14.6,8567,0
2014-05-01,21:00:00,14.59,14.64,14.55,14.63,13000,0
2014-05-01,22:00:00,14.6,14.6,14.55,14.6,5859,0
2014-05-02,16:00:00,14.63,14.65,14.58,14.58,6030,0
2014-05-02,17:00:00,14.55,14.65,14.55,14.59,6298,0
2014-05-02,18:00:00,14.56,14.56,14.44,14.56,6965,0
2014-05-02,19:00:00,14.57,14.57,14.52,14.53,5080,0
2014-05-02,20:00:00,14.53,14.55,14.52,14.54,4285,0
2014-05-02,21:00:00,14.54,14.54,14.5,14.53,3557,0
2014-05-02,22:00:00,14.52,14.53,14.5,14.5,6911,0
2014-05-05,16:00:00,14.5,14.54,14.41,14.41,6395,0
2014-05-05,17:00:00,14.45,14.51,14.41,14.51,13937,0
2014-05-05,18:00:00,14.51,14.56,14.51,14.51,12430,0
2014-05-05,19:00:00,14.52,14.52,14.45,14.45,6899,0
2014-05-05,20:00:00,14.45,14.49,14.45,14.49,4996,0
2014-05-05,21:00:00,14.49,14.5,14.41,14.42,12578,0
2014-05-05,22:00:00,14.42,14.43,14.37,14.38,35164,0
2014-05-06,16:00:00,14.44,14.5,14.39,14.4,8912,0
2014-05-06,17:00:00,14.44,14.48,14.44,14.45,5412,0
2014-05-06,18:00:00,14.46,14.51,14.46,14.5,6040,0
2014-05-06,19:00:00,14.5,14.63,14.49,14.53,42786,0
2014-05-06,20:00:00,14.57,14.61,14.55,14.57,3599,0
2014-05-06,21:00:00,14.56,14.59,14.55,14.55,6400,0
2014-05-06,22:00:00,14.55,14.64,14.55,14.59,12029,0
2014-05-07,16:00:00,14.71,14.71,14.63,14.63,5200,0
2014-05-07,17:00:00,14.63,14.71,14.6,14.65,13311,0
2014-05-07,18:00:00,14.69,14.7,14.66,14.7,7645,0
2014-05-07,19:00:00,14.68,14.71,14.65,14.7,14370,0
2014-05-07,20:00:00,14.68,14.68,14.66,14.66,5520,0
2014-05-07,21:00:00,14.65,14.7,14.65,14.7,3653,0
2014-05-07,22:00:00,14.7,14.7,14.66,14.66,9532,0
