Date,Time,Open,High,Low,Close,Volume,OpenInt
2014-02-10,16:00:00,88.02,88.02,87.33,87.7,50765,0
2014-02-10,17:00:00,87.89,87.98,87,87.15,221859,0
2014-02-10,18:00:00,87.15,87.56,87.09,87.45,37705,0
2014-02-10,19:00:00,87.43,87.53,87.26,87.48,19415,0
2014-02-10,20:00:00,87.46,87.57,87.37,87.49,35741,0
2014-02-10,21:00:00,87.48,87.76,87.48,87.68,34215,0
2014-02-10,22:00:00,87.69,87.77,87.58,87.68,103332,0
2014-02-11,16:00:00,88.03,89.66,88.01,89.1,69356,0
2014-02-11,17:00:00,89.09,89.17,88.29,88.48,83780,0
2014-02-11,18:00:00,88.45,89.02,88.33,88.87,59492,0
2014-02-11,19:00:00,88.93,89.32,88.82,89.2,61165,0
2014-02-11,20:00:00,89.22,89.6,89.18,89.47,65897,0
2014-02-11,21:00:00,89.48,89.68,89.42,89.68,46477,0
2014-02-11,22:00:00,89.69,89.87,89.37,89.43,353378,0
2014-02-12,16:00:00,89.72,90,89.13,89.74,38702,0
2014-02-12,17:00:00,89.69,89.78,89.27,89.27,61933,0
2014-02-12,18:00:00,89.27,90.06,89.27,89.75,59757,0
2014-02-12,19:00:00,89.71,90.04,89.64,90.01,54547,0
2014-02-12,20:00:00,90.01,90.48,90.01,90.27,63223,0
2014-02-12,21:00:00,90.29,90.29,89.68,89.78,61108,0
2014-02-12,22:00:00,89.78,90.21,89.76,90,172247,0
2014-02-13,16:00:00,88.62,91.35,88.62,91.17,164142,0
2014-02-13,17:00:00,91.06,93.42,90.53,93.27,187288,0
2014-02-13,18:00:00,93.29,93.6,92.69,93.37,109718,0
2014-02-13,19:00:00,93.32,94.39,93.13,94.06,78518,0
2014-02-13,20:00:00,94.04,95.32,94.04,95.24,120475,0
2014-02-13,21:00:00,95.26,95.68,94.46,95.05,137282,0
2014-02-13,22:00:00,95.07,95.12,94.51,94.81,256608,0
2014-02-14,16:00:00,94.53,96.15,94.53,95.93,82749,0
2014-02-14,17:00:00,95.98,96.82,95.1,95.12,123009,0
2014-02-14,18:00:00,95.11,95.68,94.86,95.34,160614,0
2014-02-14,19:00:00,95.37,95.83,95.18,95.72,83294,0
2014-02-14,20:00:00,95.74,95.87,95.44,95.85,56758,0
2014-02-14,21:00:00,95.85,96.11,95.79,95.81,96404,0
2014-02-14,22:00:00,95.81,96.41,95.77,96.37,273055,0
2014-02-18,16:00:00,96.34,97.34,96.04,96.09,38733,0
2014-02-18,17:00:00,96.03,96.5,95.71,96.45,58159,0
2014-02-18,18:00:00,96.44,96.99,96.4,96.89,57015,0
2014-02-18,19:00:00,96.9,97.11,96.9,97.07,48091,0
2014-02-18,20:00:00,97.1,97.2,96.82,96.93,44433,0
2014-02-18,21:00:00,96.9,97.26,96.79,97.22,52522,0
2014-02-18,22:00:00,97.22,97.53,97.14,97.4,167558,0
2014-02-19,16:00:00,96.94,98.25,96.94,97.04,90529,0
2014-02-19,17:00:00,97.12,98.07,96.95,97.96,61122,0
2014-02-19,18:00:00,97.95,98.07,97.72,97.78,90755,0
2014-02-19,19:00:00,97.79,97.8,97.26,97.64,72817,0
2014-02-19,20:00:00,97.7,98.28,97.7,97.97,51109,0
2014-02-19,21:00:00,97.96,98.07,97.61,97.86,89379,0
2014-02-19,22:00:00,97.89,98.02,97.22,97.26,176216,0
2014-02-20,16:00:00,97.49,98.56,97.39,98.56,21262,0
2014-02-20,17:00:00,98.41,99,97.97,98.83,79991,0
2014-02-20,18:00:00,98.85,99.01,98.6,98.79,54291,0
2014-02-20,19:00:00,98.74,98.74,98.52,98.59,47380,0
2014-02-20,20:00:00,98.63,98.84,98.53,98.59,36540,0
2014-02-20,21:00:00,98.59,98.7,98.43,98.65,62502,0
2014-02-20,22:00:00,98.63,99.37,98.63,99.22,192500,0
2014-02-21,16:00:00,99.5,99.5,98.86,99.02,23558,0
2014-02-21,17:00:00,99.11,99.27,98.52,99.01,64393,0
2014-02-21,18:00:00,99.01,99.53,98.91,99.43,46161,0
2014-02-21,19:00:00,99.46,99.78,99.46,99.66,30960,0
2014-02-21,20:00:00,99.55,99.76,99.4,99.58,45561,0
2014-02-21,21:00:00,99.54,99.54,98.9,99.05,46477,0
2014-02-21,22:00:00,99.07,99.3,99.07,99.21,120346,0
2014-02-24,16:00:00,99.17,100.12,99.16,100.12,20833,0
2014-02-24,17:00:00,100.06,100.77,99.88,100.75,49172,0
2014-02-24,18:00:00,100.77,101.25,100.59,101.23,76240,0
2014-02-24,19:00:00,101.23,101.31,100.97,101,94414,0
2014-02-24,20:00:00,100.93,101.16,100.83,100.83,48864,0
2014-02-24,21:00:00,100.84,100.94,100.55,100.62,77225,0
2014-02-24,22:00:00,100.58,100.58,100.07,100.08,214412,0
2014-02-25,16:00:00,100.35,100.56,99.46,99.76,43222,0
2014-02-25,17:00:00,99.64,100.06,99.45,99.8,83716,0
2014-02-25,18:00:00,99.8,99.98,99.51,99.83,83587,0
2014-02-25,19:00:00,99.73,100.03,99.7,99.88,39830,0
2014-02-25,20:00:00,99.84,100.28,99.8,100.19,42582,0
2014-02-25,21:00:00,100.23,100.56,100.11,100.54,49026,0
2014-02-25,22:00:00,100.52,100.71,100.34,100.71,145244,0
2014-02-26,16:00:00,100.66,101.32,100.31,100.42,12805,0
2014-02-26,17:00:00,100.48,101.43,100.47,100.91,130559,0
2014-02-26,18:00:00,101.02,101.13,100.55,100.7,135857,0
2014-02-26,19:00:00,100.73,100.85,100.56,100.74,85481,0
2014-02-26,20:00:00,100.68,101.27,100.59,100.98,43135,0
2014-02-26,21:00:00,101.04,101.09,100.1,100.1,145207,0
2014-02-26,22:00:00,100.15,100.38,99.97,100.2,181153,0
2014-02-27,16:00:00,99.46,100.19,99.24,100.02,45619,0
2014-02-27,17:00:00,100.05,100.49,99.8,100.42,56691,0
2014-02-27,18:00:00,100.43,101.09,100.42,101,65173,0
2014-02-27,19:00:00,101.07,101.23,100.89,100.95,37007,0
2014-02-27,20:00:00,100.98,101.05,100.86,100.9,54656,0
2014-02-27,21:00:00,100.96,101.07,100.79,101.02,48245,0
2014-02-27,22:00:00,101.03,101.26,100.93,101.13,131569,0
2014-02-28,16:00:00,101.3,101.42,101,101.3,28408,0
2014-02-28,17:00:00,101.28,102.42,101.25,102.11,107277,0
2014-02-28,18:00:00,102.15,102.96,101.89,102.89,72858,0
2014-02-28,19:00:00,102.86,103.15,102.71,102.9,70337,0
2014-02-28,20:00:00,102.92,103,102.63,103,63673,0
2014-02-28,21:00:00,102.99,103.13,102.45,102.56,77064,0
2014-02-28,22:00:00,102.57,102.65,101.76,102.45,596268,0
2014-03-03,16:00:00,100.5,101.05,100.13,100.35,53755,0
2014-03-03,17:00:00,100.35,100.35,99.7,99.96,72344,0
2014-03-03,18:00:00,99.99,100.2,99.5,99.67,66207,0
2014-03-03,19:00:00,99.67,100.48,99.38,100.47,75856,0
2014-03-03,20:00:00,100.51,101.33,100.46,101.25,56698,0
2014-03-03,21:00:00,101.27,101.74,101.13,101.36,49280,0
2014-03-03,22:00:00,101.29,101.35,100.98,101.08,132255,0
2014-03-04,16:00:00,102.01,102.76,101.83,101.88,32210,0
2014-03-04,17:00:00,101.98,102.27,101.83,102.1,61403,0
2014-03-04,18:00:00,102.1,102.13,101.69,101.94,47784,0
2014-03-04,19:00:00,101.93,102.24,101.86,101.91,47378,0
2014-03-04,20:00:00,101.98,102.51,101.93,102.41,98780,0
2014-03-04,21:00:00,102.44,102.67,102.35,102.63,35109,0
2014-03-04,22:00:00,102.67,102.71,102.32,102.36,157282,0
2014-03-05,16:00:00,102.42,102.92,102.36,102.92,23173,0
2014-03-05,17:00:00,102.96,103.21,102.7,102.75,49935,0
2014-03-05,18:00:00,102.76,102.87,102.56,102.69,66101,0
2014-03-05,19:00:00,102.71,103.11,102.46,103.11,44868,0
2014-03-05,20:00:00,103.14,103.41,103.03,103.2,71669,0
2014-03-05,21:00:00,103.2,103.5,103.13,103.25,39303,0
2014-03-05,22:00:00,103.23,103.29,102.96,103.04,120365,0
2014-03-06,16:00:00,103.67,103.95,103.4,103.83,19398,0
2014-03-06,17:00:00,103.95,104.08,103.36,103.42,63780,0
2014-03-06,18:00:00,103.53,103.87,103.53,103.71,54025,0
2014-03-06,19:00:00,103.71,103.99,103.71,103.93,29712,0
2014-03-06,20:00:00,103.91,104.11,103.91,103.94,65005,0
2014-03-06,21:00:00,103.93,104.39,103.92,104.27,68486,0
2014-03-06,22:00:00,104.21,104.27,103.62,103.68,170566,0
2014-03-07,16:00:00,104.04,104.31,103.9,104.01,40337,0
2014-03-07,17:00:00,103.93,104.19,103.82,103.98,63899,0
2014-03-07,18:00:00,103.86,103.96,103.46,103.9,33311,0
2014-03-07,19:00:00,103.97,104.15,103.83,103.97,25803,0
2014-03-07,20:00:00,103.98,104.03,103.86,103.88,51713,0
2014-03-07,21:00:00,103.93,104.01,103.86,103.97,56604,0
2014-03-07,22:00:00,103.99,104.22,103.86,103.87,125890,0
2014-03-10,15:00:00,103.77,104.1,103.51,103.95,24809,0
2014-03-10,16:00:00,103.85,103.89,102.82,102.88,63664,0
2014-03-10,17:00:00,102.89,103.7,102.87,103.53,33080,0
2014-03-10,18:00:00,103.53,104,103.49,103.99,42225,0
2014-03-10,19:00:00,103.98,104.05,103.68,103.86,89723,0
2014-03-10,20:00:00,103.86,104.23,103.81,104.23,59248,0
2014-03-10,21:00:00,104.21,104.47,103.86,104.37,155448,0
2014-03-11,15:00:00,105,105,104.42,104.78,40055,0
2014-03-11,16:00:00,104.78,105.96,104.63,105.87,93862,0
2014-03-11,17:00:00,105.89,106.1,105.4,105.49,88678,0
2014-03-11,18:00:00,105.45,105.45,105,105.27,64523,0
2014-03-11,19:00:00,105.25,105.28,104.69,104.82,101915,0
2014-03-11,20:00:00,104.81,104.83,104.2,104.33,85861,0
2014-03-11,21:00:00,104.31,104.63,103.91,104.61,204414,0
2014-03-12,15:00:00,103.95,104.1,102.89,102.89,30589,0
2014-03-12,16:00:00,102.87,103.53,102.72,103.08,103401,0
2014-03-12,17:00:00,103.1,103.26,102.96,102.96,159649,0
2014-03-12,18:00:00,102.92,103.13,102.69,103.09,110064,0
2014-03-12,19:00:00,103.06,103.12,102.82,103.12,124424,0
2014-03-12,20:00:00,103.13,103.97,103.13,103.9,73636,0
2014-03-12,21:00:00,103.94,104.17,103.69,104.14,136858,0
2014-03-13,15:00:00,104.43,105.28,104.19,104.41,25265,0
2014-03-13,16:00:00,104.45,104.49,103.64,103.64,44251,0
2014-03-13,17:00:00,103.62,103.99,103.57,103.73,50899,0
2014-03-13,18:00:00,103.6,103.78,102.85,102.89,199867,0
2014-03-13,19:00:00,102.85,103.14,102.49,103,50886,0
2014-03-13,20:00:00,102.96,103,102.52,102.54,42787,0
2014-03-13,21:00:00,102.54,102.76,102.08,102.56,132209,0
2014-03-14,15:00:00,100.8,103.25,100.8,102.43,26584,0
2014-03-14,16:00:00,102.53,103.39,102.52,103.31,54968,0
2014-03-14,17:00:00,103.29,103.68,102.83,103.63,61834,0
2014-03-14,18:00:00,103.63,103.63,103.17,103.24,42586,0
2014-03-14,19:00:00,103.29,103.5,103.04,103.47,42656,0
2014-03-14,20:00:00,103.47,103.58,103.12,103.12,65407,0
2014-03-14,21:00:00,103.1,103.19,102.58,102.69,126023,0
2014-03-17,15:00:00,103.99,104.67,103.72,104.39,38846,0
2014-03-17,16:00:00,104.38,104.78,104.05,104.15,61202,0
2014-03-17,17:00:00,104.14,104.68,104.12,104.68,57630,0
2014-03-17,18:00:00,104.68,104.76,104.36,104.49,52092,0
2014-03-17,19:00:00,104.5,104.77,104.31,104.73,39623,0
2014-03-17,20:00:00,104.73,105.07,104.59,105.02,44458,0
2014-03-17,21:00:00,105.03,105.08,104.52,104.64,171928,0
2014-03-18,15:00:00,104.1,104.75,104.05,104.32,21688,0
2014-03-18,16:00:00,104.38,104.69,104.23,104.45,63251,0
2014-03-18,17:00:00,104.45,104.84,104.45,104.72,51997,0
2014-03-18,18:00:00,104.75,104.8,104.52,104.63,24348,0
2014-03-18,19:00:00,104.56,104.65,104.49,104.49,42384,0
2014-03-18,20:00:00,104.5,104.5,104.3,104.35,64283,0
2014-03-18,21:00:00,104.36,104.61,104.26,104.53,113607,0
2014-03-19,15:00:00,104.61,105.38,104.14,105.38,32055,0
2014-03-19,16:00:00,105.46,105.58,105,105.55,53684,0
2014-03-19,17:00:00,105.5,105.77,105.02,105.02,33984,0
2014-03-19,18:00:00,105.07,105.3,104.89,105.17,49759,0
2014-03-19,19:00:00,105.22,105.3,105.06,105.3,22574,0
2014-03-19,20:00:00,105.21,105.35,104.93,105.02,48318,0
2014-03-19,21:00:00,105.01,105.13,104.25,104.95,101520,0
2014-03-20,15:00:00,104.31,104.65,103.67,104.22,46283,0
2014-03-20,16:00:00,104.16,105.31,104.16,104.87,53234,0
2014-03-20,17:00:00,104.85,104.86,104.46,104.7,44138,0
2014-03-20,18:00:00,104.7,104.91,104.63,104.88,37253,0
2014-03-20,19:00:00,104.89,104.98,104.72,104.85,47775,0
2014-03-20,20:00:00,104.85,104.99,104.82,104.94,31677,0
2014-03-20,21:00:00,104.94,105.04,104.82,105.02,103319,0
2014-03-21,15:00:00,105.97,105.97,105.16,105.19,19981,0
2014-03-21,16:00:00,105.19,106.24,105.07,106.18,65042,0
2014-03-21,17:00:00,106.32,106.72,106.3,106.72,55690,0
2014-03-21,18:00:00,106.65,106.69,106.46,106.46,58141,0
2014-03-21,19:00:00,106.46,106.49,105.64,105.9,49860,0
2014-03-21,20:00:00,105.88,106.05,105.33,105.9,44369,0
2014-03-21,21:00:00,105.91,105.92,105.22,105.34,169201,0
2014-03-24,15:00:00,104.76,105.73,104.55,104.62,26996,0
2014-03-24,16:00:00,104.61,104.61,103.65,103.67,72862,0
2014-03-24,17:00:00,103.71,103.71,102.66,102.71,129305,0
2014-03-24,18:00:00,102.67,102.88,102.32,102.55,73101,0
2014-03-24,19:00:00,102.59,103.34,102.45,103.3,65194,0
2014-03-24,20:00:00,103.26,103.51,102.96,103.24,104836,0
2014-03-24,21:00:00,103.3,103.8,102.99,103.41,292180,0
2014-03-25,15:00:00,104.98,105.93,104.66,105.62,55499,0
2014-03-25,16:00:00,105.65,106.17,105.24,105.74,96068,0
2014-03-25,17:00:00,105.68,105.89,104.98,105.15,90058,0
2014-03-25,18:00:00,105.15,105.18,104.58,104.95,26360,0
2014-03-25,19:00:00,104.87,105.32,104.6,104.7,41569,0
2014-03-25,20:00:00,104.7,105.09,104.63,104.86,71570,0
2014-03-25,21:00:00,104.87,105.19,104.82,105,134894,0
2014-03-26,15:00:00,105.89,105.89,104.89,105.15,10750,0
2014-03-26,16:00:00,105.03,105.25,104.5,104.67,26953,0
2014-03-26,17:00:00,104.63,104.92,104.44,104.58,10804,0
2014-03-26,18:00:00,104.5,104.72,104.4,104.7,14818,0
2014-03-26,19:00:00,104.71,104.76,103.58,103.79,17072,0
2014-03-26,20:00:00,103.75,104.63,103.54,104.56,63990,0
2014-03-26,21:00:00,104.54,104.54,103.62,103.69,60710,0
2014-03-27,15:00:00,103.63,103.65,102.95,103.56,18137,0
2014-03-27,16:00:00,103.57,103.71,102.31,102.57,84649,0
2014-03-27,17:00:00,102.52,102.68,101.77,101.8,86703,0
2014-03-27,18:00:00,101.82,102.35,101.65,102.19,87679,0
2014-03-27,19:00:00,102.22,102.43,101.77,101.81,77642,0
2014-03-27,20:00:00,101.78,102.12,101.67,102.12,89455,0
2014-03-27,21:00:00,102.1,102.49,101.89,102.45,195786,0
2014-03-28,15:00:00,102.7,103.86,102.41,103.86,26834,0
2014-03-28,16:00:00,103.87,105.11,103.87,104.92,76118,0
2014-03-28,17:00:00,104.96,105,104.37,104.54,43445,0
2014-03-28,18:00:00,104.55,104.96,104.37,104.53,35812,0
2014-03-28,19:00:00,104.51,104.73,104.36,104.61,29970,0
2014-03-28,20:00:00,104.61,104.62,103.86,104.34,49298,0
2014-03-28,21:00:00,104.32,104.5,104.14,104.44,90805,0
2014-03-31,16:00:00,105.26,105.5,104.7,105.29,28447,0
2014-03-31,17:00:00,105.23,106.19,105.07,106.12,55207,0
2014-03-31,18:00:00,106.08,106.34,105.55,105.62,193073,0
2014-03-31,19:00:00,105.61,105.81,105.54,105.66,37685,0
2014-03-31,20:00:00,105.63,105.64,105.38,105.54,36921,0
2014-03-31,21:00:00,105.6,105.76,105.53,105.68,51396,0
2014-03-31,22:00:00,105.66,105.76,105.47,105.56,725631,0
2014-04-01,16:00:00,106.28,106.9,106,106.56,20933,0
2014-04-01,17:00:00,106.54,107.16,106.54,107.1,61888,0
2014-04-01,18:00:00,107.03,107.16,106.69,106.93,75963,0
2014-04-01,19:00:00,106.89,107.18,106.82,107.04,42485,0
2014-04-01,20:00:00,107.03,107.24,106.95,107.04,56769,0
2014-04-01,21:00:00,107,107.37,106.97,107.22,41128,0
2014-04-01,22:00:00,107.23,107.65,107.13,107.62,150305,0
2014-04-02,16:00:00,108.18,109,107.66,108.87,74390,0
2014-04-02,17:00:00,108.7,108.93,108.21,108.29,55499,0
2014-04-02,18:00:00,108.31,108.33,107.8,108.09,34465,0
2014-04-02,19:00:00,107.99,108.24,107.9,107.97,43170,0
2014-04-02,20:00:00,107.99,108.06,107.28,107.5,56793,0
2014-04-02,21:00:00,107.49,107.51,107.38,107.5,57374,0
2014-04-02,22:00:00,107.5,107.54,107.38,107.43,99846,0
2014-04-03,16:00:00,107.42,107.7,107.22,107.61,78485,0
2014-04-03,17:00:00,107.7,108.28,107.27,107.74,117284,0
2014-04-03,18:00:00,107.75,107.82,107.27,107.46,62328,0
2014-04-03,19:00:00,107.67,107.67,106.93,107.25,28209,0
2014-04-03,20:00:00,107.2,107.47,107.07,107.22,54506,0
2014-04-03,21:00:00,107.27,107.47,106.8,106.94,56651,0
2014-04-03,22:00:00,106.95,107.22,106.72,106.8,413191,0
2014-04-04,16:00:00,107.21,107.73,106.6,106.93,21789,0
2014-04-04,17:00:00,106.88,107.44,106.6,106.96,60298,0
2014-04-04,18:00:00,106.9,107.07,105.18,105.44,55739,0
2014-04-04,19:00:00,105.39,105.39,104.45,104.55,32732,0
2014-04-04,20:00:00,104.55,104.9,104.36,104.69,33208,0
2014-04-04,21:00:00,104.73,104.78,104.37,104.74,36000,0
2014-04-04,22:00:00,104.78,105.2,104.57,104.97,153767,0
2014-04-07,16:00:00,104.62,105.22,103.56,103.85,28249,0
2014-04-07,17:00:00,103.86,103.93,102.99,102.99,82191,0
2014-04-07,18:00:00,103.02,103.16,101.87,101.9,67196,0
2014-04-07,19:00:00,101.94,102.35,101.12,102.18,100771,0
2014-04-07,20:00:00,102.15,102.25,101.23,101.37,85393,0
2014-04-07,21:00:00,101.39,102.06,101.1,102.06,57872,0
2014-04-07,22:00:00,102.06,102.75,101.88,102.29,121557,0
2014-04-08,16:00:00,103.8,104.57,103.32,103.4,67552,0
2014-04-08,17:00:00,103.4,103.54,102.27,103.21,72529,0
2014-04-08,18:00:00,103.24,104.17,103.2,103.54,56871,0
2014-04-08,19:00:00,103.5,104.18,103.43,103.62,34323,0
2014-04-08,20:00:00,103.65,104.4,103.42,104.4,45278,0
2014-04-08,21:00:00,104.36,104.37,103.61,103.65,52100,0
2014-04-08,22:00:00,103.62,104.69,103.6,104.48,230645,0
2014-04-09,16:00:00,104.96,105.16,104.2,104.94,32255,0
2014-04-09,17:00:00,104.89,105.65,104.89,105.33,48014,0
2014-04-09,18:00:00,105.29,106,105.09,105.91,57107,0
2014-04-09,19:00:00,105.89,106.42,105.89,105.96,44852,0
2014-04-09,20:00:00,105.97,106.29,105.95,106.12,48167,0
2014-04-09,21:00:00,106.16,106.72,106.16,106.24,57751,0
2014-04-09,22:00:00,106.18,106.81,106.07,106.62,171463,0
2014-04-10,16:00:00,106.08,106.26,105.65,106.08,16704,0
2014-04-10,17:00:00,105.99,106.49,105.36,105.36,35600,0
2014-04-10,18:00:00,105.41,105.45,104.79,104.93,40051,0
2014-04-10,19:00:00,104.92,104.95,104.26,104.28,33238,0
2014-04-10,20:00:00,104.29,104.55,103.91,104.54,32300,0
2014-04-10,21:00:00,104.53,104.76,104.07,104.15,49846,0
2014-04-10,22:00:00,104.14,104.26,103.55,103.91,132934,0
2014-04-11,16:00:00,102.9,104.04,102.9,103.55,15295,0
2014-04-11,17:00:00,103.52,103.52,102.36,103.16,98817,0
2014-04-11,18:00:00,103.11,103.35,102.66,102.73,38902,0
2014-04-11,19:00:00,102.8,103.2,102.6,102.71,84722,0
2014-04-11,20:00:00,102.75,102.8,102.01,102.26,55617,0
2014-04-11,21:00:00,102.24,102.35,101.45,101.83,58099,0
2014-04-11,22:00:00,101.77,102.52,101.61,102.06,132847,0
2014-04-14,16:00:00,103,103,102,102.36,29244,0
2014-04-14,17:00:00,102.4,103.48,102.24,103.42,28868,0
2014-04-14,18:00:00,103.45,103.53,102.84,102.84,42692,0
2014-04-14,19:00:00,102.87,103.25,102.83,103.25,17514,0
2014-04-14,20:00:00,103.19,103.23,102.78,102.86,39390,0
2014-04-14,21:00:00,102.84,103.13,102.33,102.37,51398,0
2014-04-14,22:00:00,102.34,102.59,101.69,102.3,143422,0
2014-04-15,16:00:00,102.74,103.13,102.52,103.08,22653,0
2014-04-15,17:00:00,103.14,103.24,101.02,101.14,76275,0
2014-04-15,18:00:00,101.09,101.72,100.82,101.05,56491,0
2014-04-15,19:00:00,101.15,101.15,100.4,100.5,42393,0
2014-04-15,20:00:00,100.54,101.09,100.31,100.79,80699,0
2014-04-15,21:00:00,100.77,102.09,100.75,101.62,116541,0
2014-04-15,22:00:00,101.69,102.19,101.5,101.88,202013,0
2014-04-16,16:00:00,103.81,104.7,103.1,104.38,76892,0
2014-04-16,17:00:00,104.38,106.42,104.38,106.3,259065,0
2014-04-16,18:00:00,106.13,106.4,105.9,106.11,82325,0
2014-04-16,19:00:00,106.21,106.67,106.13,106.45,89800,0
2014-04-16,20:00:00,106.38,106.89,106.14,106.86,197736,0
2014-04-16,21:00:00,106.89,107.36,106.36,107.36,109008,0
2014-04-16,22:00:00,107.38,107.5,106.95,107.23,252681,0
2014-04-17,16:00:00,106.96,107.46,106.1,107.46,92957,0
2014-04-17,17:00:00,107.47,109.53,107.35,109.31,129803,0
2014-04-17,18:00:00,109.3,109.59,108.79,108.79,100446,0
2014-04-17,19:00:00,108.79,109.01,108.31,108.32,91131,0
2014-04-17,20:00:00,108.35,109,108.25,108.34,88244,0
2014-04-17,21:00:00,108.41,108.41,107.84,108.13,89406,0
2014-04-17,22:00:00,108.08,108.31,107.37,107.37,153615,0
2014-04-21,16:00:00,107.6,107.6,106.94,107.6,22876,0
2014-04-21,17:00:00,107.7,107.93,106.43,106.71,42164,0
2014-04-21,18:00:00,106.69,107.58,106.69,107.4,14759,0
2014-04-21,19:00:00,107.46,107.47,107.08,107.24,16174,0
2014-04-21,20:00:00,107.39,107.67,107.18,107.63,25118,0
2014-04-21,21:00:00,107.63,108.74,107.57,108.53,74618,0
2014-04-21,22:00:00,108.55,108.71,108.25,108.46,161099,0
2014-04-22,16:00:00,108.85,109.59,108.55,109.35,63729,0
2014-04-22,17:00:00,109.14,109.48,108.92,109.48,56613,0
2014-04-22,18:00:00,109.5,110.07,109.4,109.48,110534,0
2014-04-22,19:00:00,109.47,109.74,109.15,109.2,77819,0
2014-04-22,20:00:00,109.2,109.21,108.59,108.59,76794,0
2014-04-22,21:00:00,108.59,108.94,108.58,108.87,77415,0
2014-04-22,22:00:00,108.79,108.89,108.04,108.16,190867,0
2014-04-23,16:00:00,108.27,109.7,108.23,109.7,40500,0
2014-04-23,17:00:00,109.68,110.28,109.1,109.94,88467,0
2014-04-23,18:00:00,109.92,109.94,109.09,109.63,80896,0
2014-04-23,19:00:00,109.58,109.58,108.97,109.25,41488,0
2014-04-23,20:00:00,109.23,109.3,108.78,109.24,74549,0
2014-04-23,21:00:00,109.2,109.2,108.72,108.79,66685,0
2014-04-23,22:00:00,108.79,109.07,108.7,108.88,206902,0
2014-04-24,16:00:00,109.5,109.5,107.99,108.72,33970,0
2014-04-24,17:00:00,108.67,109,108.33,108.74,144962,0
2014-04-24,18:00:00,108.71,109.29,108.65,108.95,83547,0
2014-04-24,19:00:00,108.81,109.02,108.4,108.85,53072,0
2014-04-24,20:00:00,108.96,109.06,108.46,108.52,52018,0
2014-04-24,21:00:00,108.38,108.96,108.38,108.62,34429,0
2014-04-24,22:00:00,108.55,108.9,108.34,108.52,252290,0
2014-04-25,16:00:00,108.5,109.99,107.5,109.52,236001,0
2014-04-25,17:00:00,109.47,110.79,108.72,109.26,278897,0
2014-04-25,18:00:00,109.24,110.03,108.96,109.69,161632,0
2014-04-25,19:00:00,109.58,109.97,109.17,109.18,104581,0
2014-04-25,20:00:00,109.16,109.97,108.91,109.62,116762,0
2014-04-25,21:00:00,109.59,109.61,109.11,109.34,169006,0
2014-04-25,22:00:00,109.35,109.37,108.24,108.83,302222,0
2014-04-28,16:00:00,109.92,110.24,106,106.86,68936,0
2014-04-28,17:00:00,106.89,108.44,106.64,108.03,179431,0
2014-04-28,18:00:00,108.06,108.29,106.12,106.13,136672,0
2014-04-28,19:00:00,106.19,106.42,105.18,105.31,84349,0
2014-04-28,20:00:00,105.32,105.51,104.5,104.65,167374,0
2014-04-28,21:00:00,104.75,105.46,104.21,104.95,85060,0
2014-04-28,22:00:00,104.94,106.42,104.93,105.89,205352,0
2014-04-29,16:00:00,106.4,106.53,105.38,105.62,40243,0
2014-04-29,17:00:00,105.47,105.81,104.35,105.07,64922,0
2014-04-29,18:00:00,104.93,105.9,104.93,105.76,68873,0
2014-04-29,19:00:00,105.78,106.14,105.7,105.77,72333,0
2014-04-29,20:00:00,105.8,106.05,105.56,106.05,53103,0
2014-04-29,21:00:00,106.03,106.14,105.87,106.07,47515,0
2014-04-29,22:00:00,106.08,106.18,105.92,106.14,172777,0
2014-04-30,16:00:00,106.25,106.45,105.32,105.85,46260,0
2014-04-30,17:00:00,105.91,106.13,105.36,105.89,60188,0
2014-04-30,18:00:00,105.94,105.97,105.44,105.78,67773,0
2014-04-30,19:00:00,105.79,106.74,105.79,106.73,103874,0
2014-04-30,20:00:00,106.7,106.99,106.67,106.78,93698,0
2014-04-30,21:00:00,106.82,107.4,106.6,107.14,116071,0
2014-04-30,22:00:00,107.23,107.27,106.54,107.01,1129138,0
2014-05-01,16:00:00,107.11,107.35,106.48,106.63,40188,0
2014-05-01,17:00:00,106.63,107.54,106.33,107.25,74854,0
2014-05-01,18:00:00,107.25,107.79,106.94,107.55,117185,0
2014-05-01,19:00:00,107.47,107.71,107.18,107.35,67523,0
2014-05-01,20:00:00,107.36,107.46,106.22,106.39,79655,0
2014-05-01,21:00:00,106.37,107.08,106.3,106.6,136340,0
2014-05-01,22:00:00,106.58,106.86,106.45,106.82,245993,0
2014-05-02,16:00:00,107.16,108.03,106.84,107.33,29242,0
2014-05-02,17:00:00,107.38,108.1,106.79,107.09,40394,0
2014-05-02,18:00:00,107.03,107.54,106.9,107.15,43156,0
2014-05-02,19:00:00,107.23,108.12,107.19,108,76562,0
2014-05-02,20:00:00,108.02,108.12,107.25,107.25,78865,0
2014-05-02,21:00:00,107.17,107.34,106.87,106.92,61227,0
2014-05-02,22:00:00,106.91,107.05,106.32,106.49,191442,0
2014-05-05,16:00:00,105.72,105.72,104.77,105.59,36542,0
2014-05-05,17:00:00,105.63,106.73,105.51,106.24,48926,0
2014-05-05,18:00:00,106.16,106.58,105.99,106.35,46525,0
2014-05-05,19:00:00,106.37,106.6,106.27,106.32,37521,0
2014-05-05,20:00:00,106.22,106.31,105.49,105.64,86125,0
2014-05-05,21:00:00,105.65,106.11,105.59,106.11,80986,0
2014-05-05,22:00:00,106.11,106.16,105.57,105.86,134253,0
2014-05-06,16:00:00,105.69,105.94,104.92,105.55,13204,0
2014-05-06,17:00:00,105.61,105.93,105.02,105.13,41651,0
2014-05-06,18:00:00,105.09,105.56,105.09,105.41,47599,0
2014-05-06,19:00:00,105.39,105.39,105.1,105.24,27247,0
2014-05-06,20:00:00,105.24,105.32,104.59,104.7,34023,0
2014-05-06,21:00:00,104.62,104.77,104.35,104.49,35498,0
2014-05-06,22:00:00,104.51,105.02,104.42,104.52,100620,0
2014-05-07,16:00:00,104.74,105.12,104.33,104.5,17762,0
2014-05-07,17:00:00,104.5,104.79,103.58,103.75,60831,0
2014-05-07,18:00:00,103.7,104.73,103.66,104.62,81297,0
2014-05-07,19:00:00,104.54,104.63,104.01,104.01,28946,0
2014-05-07,20:00:00,104.02,104.44,104.01,104.09,26367,0
2014-05-07,21:00:00,103.98,104.41,103.9,104.26,53888,0
2014-05-07,22:00:00,104.3,105.15,104.09,105.09,169399,0
