Date,Time,Open,High,Low,Close,Volume,OpenInt
2014-02-10,16:00:00,13.69,13.76,13.62,13.74,504753,0
2014-02-10,17:00:00,13.73,13.8,13.71,13.76,752008,0
2014-02-10,18:00:00,13.77,13.77,13.66,13.67,501472,0
2014-02-10,19:00:00,13.67,13.72,13.65,13.68,460178,0
2014-02-10,20:00:00,13.69,13.74,13.67,13.74,413197,0
2014-02-10,21:00:00,13.74,13.78,13.72,13.75,633430,0
2014-02-10,22:00:00,13.75,13.75,13.68,13.72,1081565,0
2014-02-11,16:00:00,13.75,13.89,13.73,13.82,571768,0
2014-02-11,17:00:00,13.83,13.83,13.71,13.77,1049838,0
2014-02-11,18:00:00,13.78,13.83,13.76,13.79,824133,0
2014-02-11,19:00:00,13.79,13.89,13.79,13.82,818733,0
2014-02-11,20:00:00,13.82,13.92,13.81,13.92,508567,0
2014-02-11,21:00:00,13.92,13.95,13.85,13.95,1246080,0
2014-02-11,22:00:00,13.94,13.97,13.88,13.9,1381191,0
2014-02-12,16:00:00,13.95,14.1,13.95,14.03,656233,0
2014-02-12,17:00:00,14.03,14.14,13.98,14.14,1589077,0
2014-02-12,18:00:00,14.14,14.21,14.05,14.2,1408990,0
2014-02-12,19:00:00,14.21,14.37,14.18,14.35,2140504,0
2014-02-12,20:00:00,14.35,14.69,14.28,14.44,8916992,0
2014-02-12,21:00:00,14.44,14.51,14.37,14.39,1388724,0
2014-02-12,22:00:00,14.39,14.47,14.34,14.44,3923155,0
2014-02-13,16:00:00,14.36,14.69,14.28,14.69,2981245,0
2014-02-13,17:00:00,14.68,14.69,14.55,14.67,3278196,0
2014-02-13,18:00:00,14.67,14.85,14.66,14.76,4311503,0
2014-02-13,19:00:00,14.75,14.81,14.67,14.79,1753474,0
2014-02-13,20:00:00,14.8,14.82,14.73,14.74,678801,0
2014-02-13,21:00:00,14.74,14.77,14.71,14.77,1301553,0
2014-02-13,22:00:00,14.77,14.9,14.75,14.86,4237248,0
2014-02-14,16:00:00,14.86,14.99,14.81,14.87,689053,0
2014-02-14,17:00:00,14.87,14.88,14.77,14.83,1408360,0
2014-02-14,18:00:00,14.83,14.83,14.71,14.73,579936,0
2014-02-14,19:00:00,14.73,14.88,14.67,14.88,852380,0
2014-02-14,20:00:00,14.88,14.89,14.82,14.85,684755,0
2014-02-14,21:00:00,14.85,14.89,14.84,14.86,623434,0
2014-02-14,22:00:00,14.87,14.87,14.76,14.78,1147542,0
2014-02-18,16:00:00,14.82,14.83,14.57,14.6,526622,0
2014-02-18,17:00:00,14.6,14.67,14.55,14.6,817024,0
2014-02-18,18:00:00,14.6,14.72,14.58,14.68,697720,0
2014-02-18,19:00:00,14.68,14.78,14.66,14.78,622683,0
2014-02-18,20:00:00,14.78,14.79,14.7,14.74,385798,0
2014-02-18,21:00:00,14.74,14.84,14.69,14.83,805523,0
2014-02-18,22:00:00,14.83,14.91,14.82,14.82,1959480,0
2014-02-19,16:00:00,14.78,14.93,14.78,14.93,341178,0
2014-02-19,17:00:00,14.92,15,14.92,14.96,1664241,0
2014-02-19,18:00:00,14.95,15.01,14.94,14.99,1220198,0
2014-02-19,19:00:00,14.99,15.05,14.93,14.93,1327333,0
2014-02-19,20:00:00,14.93,15.05,14.93,15.04,783969,0
2014-02-19,21:00:00,15.05,15.06,15.01,15.03,778648,0
2014-02-19,22:00:00,15.03,15.04,14.92,14.95,1771280,0
2014-02-20,16:00:00,14.95,14.99,14.84,14.85,735500,0
2014-02-20,17:00:00,14.84,14.97,14.8,14.95,753609,0
2014-02-20,18:00:00,14.96,15.04,14.95,15.02,618999,0
2014-02-20,19:00:00,15.02,15.02,14.97,14.98,508116,0
2014-02-20,20:00:00,14.98,15.06,14.95,15.05,802700,0
2014-02-20,21:00:00,15.05,15.1,14.96,15.09,1647644,0
2014-02-20,22:00:00,15.09,15.21,15.08,15.14,2449495,0
2014-02-21,16:00:00,15.17,15.19,15.06,15.16,357040,0
2014-02-21,17:00:00,15.17,15.27,15.15,15.16,896807,0
2014-02-21,18:00:00,15.16,15.19,15.07,15.08,997784,0
2014-02-21,19:00:00,15.07,15.09,15.04,15.08,380032,0
2014-02-21,20:00:00,15.08,15.08,15.03,15.04,443672,0
2014-02-21,21:00:00,15.04,15.05,15,15.04,480478,0
2014-02-21,22:00:00,15.04,15.07,14.99,15,1294962,0
2014-02-24,16:00:00,15.08,15.33,15.06,15.32,1104046,0
2014-02-24,17:00:00,15.32,15.48,15.24,15.43,2071517,0
2014-02-24,18:00:00,15.43,15.58,15.42,15.55,1731173,0
2014-02-24,19:00:00,15.55,15.56,15.45,15.47,780220,0
2014-02-24,20:00:00,15.47,15.5,15.46,15.49,450495,0
2014-02-24,21:00:00,15.48,15.6,15.44,15.58,1121596,0
2014-02-24,22:00:00,15.59,15.66,15.58,15.6,3239348,0
2014-02-25,16:00:00,15.59,15.6,15.38,15.41,725365,0
2014-02-25,17:00:00,15.4,15.42,15.28,15.35,1316021,0
2014-02-25,18:00:00,15.35,15.51,15.35,15.39,815548,0
2014-02-25,19:00:00,15.39,15.52,15.39,15.51,952106,0
2014-02-25,20:00:00,15.51,15.63,15.5,15.61,1069977,0
2014-02-25,21:00:00,15.62,15.66,15.52,15.63,1256098,0
2014-02-25,22:00:00,15.61,15.63,15.52,15.58,1718118,0
2014-02-26,16:00:00,15.99,16.6,15.92,15.94,2929248,0
2014-02-26,17:00:00,15.95,16.07,15.73,15.91,3587103,0
2014-02-26,18:00:00,15.9,16.08,15.88,16.03,2225108,0
2014-02-26,19:00:00,16.02,16.08,15.98,16.06,1102631,0
2014-02-26,20:00:00,16.05,16.12,16.03,16.11,1459353,0
2014-02-26,21:00:00,16.11,16.15,16.02,16.04,2318649,0
2014-02-26,22:00:00,16.04,16.1,15.99,16.06,3454610,0
2014-02-27,16:00:00,16.28,16.44,16.05,16.13,2039999,0
2014-02-27,17:00:00,16.13,16.2,15.99,16.16,2102223,0
2014-02-27,18:00:00,16.16,16.29,16.11,16.25,1395391,0
2014-02-27,19:00:00,16.25,16.27,16.18,16.27,945635,0
2014-02-27,20:00:00,16.27,16.4,16.26,16.27,2035271,0
2014-02-27,21:00:00,16.26,16.34,16.25,16.34,1563561,0
2014-02-27,22:00:00,16.33,16.34,16.22,16.28,2186200,0
2014-02-28,16:00:00,16.35,16.5,16.28,16.47,656307,0
2014-02-28,17:00:00,16.47,16.57,16.4,16.46,1438043,0
2014-02-28,18:00:00,16.47,16.58,16.43,16.58,1674952,0
2014-02-28,19:00:00,16.57,16.73,16.56,16.72,1324980,0
2014-02-28,20:00:00,16.71,16.77,16.71,16.75,755681,0
2014-02-28,21:00:00,16.74,16.77,16.63,16.66,1307654,0
2014-02-28,22:00:00,16.66,16.73,16.6,16.67,2442867,0
2014-03-03,16:00:00,16.1,16.45,15.96,16.31,2101067,0
2014-03-03,17:00:00,16.31,16.36,16.14,16.2,3214349,0
2014-03-03,18:00:00,16.2,16.21,16.04,16.04,1026229,0
2014-03-03,19:00:00,16.05,16.14,16.01,16.1,2533683,0
2014-03-03,20:00:00,16.11,16.23,16.07,16.23,1587194,0
2014-03-03,21:00:00,16.23,16.33,16.19,16.3,1327816,0
2014-03-03,22:00:00,16.3,16.3,16.21,16.26,2303106,0
2014-03-04,16:00:00,16.5,16.66,16.48,16.61,1914776,0
2014-03-04,17:00:00,16.62,16.8,16.59,16.76,1667094,0
2014-03-04,18:00:00,16.76,16.81,16.73,16.77,1314300,0
2014-03-04,19:00:00,16.78,16.84,16.74,16.78,844921,0
2014-03-04,20:00:00,16.78,16.93,16.72,16.78,1844361,0
2014-03-04,21:00:00,16.78,16.96,16.76,16.89,1196599,0
2014-03-04,22:00:00,16.89,16.9,16.81,16.85,1688805,0
2014-03-05,16:00:00,16.79,16.95,16.73,16.85,777406,0
2014-03-05,17:00:00,16.85,17.05,16.83,17.04,1668789,0
2014-03-05,18:00:00,17.04,17.08,16.99,17,943481,0
2014-03-05,19:00:00,17,17,16.82,16.9,978356,0
2014-03-05,20:00:00,16.91,16.95,16.85,16.87,785038,0
2014-03-05,21:00:00,16.86,16.89,16.85,16.87,647204,0
2014-03-05,22:00:00,16.87,16.97,16.85,16.97,2094540,0
2014-03-06,16:00:00,16.98,17.05,16.97,17.02,570647,0
2014-03-06,17:00:00,17.01,17.22,17,17.2,1435464,0
2014-03-06,18:00:00,17.2,17.42,17.2,17.41,1561714,0
2014-03-06,19:00:00,17.4,17.5,17.38,17.45,1652825,0
2014-03-06,20:00:00,17.44,17.48,17.3,17.31,1121636,0
2014-03-06,21:00:00,17.3,17.32,17.19,17.23,1048207,0
2014-03-06,22:00:00,17.23,17.26,17.18,17.21,1660769,0
2014-03-07,16:00:00,17.33,17.49,17.3,17.45,1857297,0
2014-03-07,17:00:00,17.45,17.53,17.4,17.44,2430968,0
2014-03-07,18:00:00,17.45,17.45,17.24,17.27,1395631,0
2014-03-07,19:00:00,17.27,17.34,17.23,17.28,856237,0
2014-03-07,20:00:00,17.28,17.29,17.17,17.19,946387,0
2014-03-07,21:00:00,17.19,17.28,17.14,17.21,1154889,0
2014-03-07,22:00:00,17.21,17.22,17.05,17.07,3316551,0
2014-03-10,15:00:00,16.99,17.09,16.87,16.94,1254121,0
2014-03-10,16:00:00,16.94,17.02,16.91,16.96,950663,0
2014-03-10,17:00:00,16.96,17.07,16.95,17.04,696836,0
2014-03-10,18:00:00,17.03,17.15,17.01,17.14,590738,0
2014-03-10,19:00:00,17.13,17.14,17.06,17.13,510682,0
2014-03-10,20:00:00,17.13,17.21,17.12,17.2,608019,0
2014-03-10,21:00:00,17.2,17.23,17.16,17.2,1522762,0
2014-03-11,15:00:00,17.12,17.33,17.1,17.13,798849,0
2014-03-11,16:00:00,17.12,17.29,17.11,17.27,528987,0
2014-03-11,17:00:00,17.27,17.29,17.1,17.1,637695,0
2014-03-11,18:00:00,17.09,17.11,17,17.05,679820,0
2014-03-11,19:00:00,17.04,17.05,16.88,16.95,644635,0
2014-03-11,20:00:00,16.95,16.96,16.73,16.75,1152828,0
2014-03-11,21:00:00,16.74,16.82,16.7,16.77,1844787,0
2014-03-12,15:00:00,16.62,16.65,16.47,16.52,1382175,0
2014-03-12,16:00:00,16.51,16.61,16.44,16.5,1753170,0
2014-03-12,17:00:00,16.5,16.56,16.41,16.47,1561575,0
2014-03-12,18:00:00,16.48,16.5,16.46,16.49,651565,0
2014-03-12,19:00:00,16.49,16.49,16.43,16.47,555549,0
2014-03-12,20:00:00,16.48,16.53,16.47,16.53,1149496,0
2014-03-12,21:00:00,16.53,16.62,16.51,16.59,2140932,0
2014-03-13,15:00:00,16.58,16.7,16.49,16.49,612248,0
2014-03-13,16:00:00,16.49,16.6,16.49,16.52,718962,0
2014-03-13,17:00:00,16.53,16.54,16.42,16.45,658355,0
2014-03-13,18:00:00,16.44,16.45,16.24,16.25,1311061,0
2014-03-13,19:00:00,16.26,16.31,16.18,16.24,1387359,0
2014-03-13,20:00:00,16.24,16.25,16.15,16.23,1150909,0
2014-03-13,21:00:00,16.23,16.34,16.21,16.28,2976174,0
2014-03-14,15:00:00,16.29,16.48,16.14,16.15,1062756,0
2014-03-14,16:00:00,16.15,16.25,16.02,16.13,2499397,0
2014-03-14,17:00:00,16.13,16.25,16.12,16.24,1142388,0
2014-03-14,18:00:00,16.24,16.24,16.12,16.21,1092791,0
2014-03-14,19:00:00,16.21,16.23,16.12,16.15,907617,0
2014-03-14,20:00:00,16.15,16.19,16.1,16.11,756091,0
2014-03-14,21:00:00,16.12,16.16,16.06,16.09,3306571,0
2014-03-17,15:00:00,16.13,16.34,16.09,16.19,1040087,0
2014-03-17,16:00:00,16.19,16.44,16.18,16.39,1784348,0
2014-03-17,17:00:00,16.4,16.5,16.36,16.49,1659607,0
2014-03-17,18:00:00,16.49,16.52,16.43,16.45,558194,0
2014-03-17,19:00:00,16.45,16.57,16.44,16.54,961290,0
2014-03-17,20:00:00,16.54,16.61,16.48,16.55,835403,0
2014-03-17,21:00:00,16.56,16.56,16.44,16.5,2789909,0
2014-03-18,15:00:00,16.53,16.61,16.4,16.52,1066057,0
2014-03-18,16:00:00,16.52,16.65,16.48,16.6,969496,0
2014-03-18,17:00:00,16.61,16.66,16.51,16.58,1152244,0
2014-03-18,18:00:00,16.58,16.68,16.56,16.65,613902,0
2014-03-18,19:00:00,16.66,16.78,16.65,16.71,868107,0
2014-03-18,20:00:00,16.71,16.72,16.66,16.71,1034785,0
2014-03-18,21:00:00,16.71,16.72,16.68,16.7,2206028,0
2014-03-19,15:00:00,16.66,16.68,16.59,16.64,782616,0
2014-03-19,16:00:00,16.64,16.85,16.63,16.8,1349289,0
2014-03-19,17:00:00,16.81,16.84,16.64,16.7,862408,0
2014-03-19,18:00:00,16.69,16.82,16.69,16.8,665092,0
2014-03-19,19:00:00,16.8,16.86,16.8,16.85,552775,0
2014-03-19,20:00:00,16.86,16.86,16.72,16.77,670965,0
2014-03-19,21:00:00,16.77,16.79,16.65,16.74,1880983,0
2014-03-20,15:00:00,16.69,16.77,16.64,16.74,543160,0
2014-03-20,16:00:00,16.74,16.91,16.74,16.79,1227914,0
2014-03-20,17:00:00,16.8,16.81,16.72,16.78,614333,0
2014-03-20,18:00:00,16.78,16.91,16.78,16.87,725106,0
2014-03-20,19:00:00,16.87,16.89,16.85,16.89,673848,0
2014-03-20,20:00:00,16.88,16.92,16.86,16.9,769024,0
2014-03-20,21:00:00,16.89,16.9,16.81,16.84,1683556,0
2014-03-21,15:00:00,16.88,16.92,16.69,16.75,1617406,0
2014-03-21,16:00:00,16.75,16.82,16.73,16.74,1031870,0
2014-03-21,17:00:00,16.74,16.94,16.69,16.85,1439471,0
2014-03-21,18:00:00,16.85,16.91,16.84,16.88,977425,0
2014-03-21,19:00:00,16.89,16.94,16.83,16.89,883942,0
2014-03-21,20:00:00,16.89,16.9,16.72,16.8,1524311,0
2014-03-21,21:00:00,16.8,16.85,16.74,16.78,12626658,0
2014-03-24,15:00:00,16.82,17.04,16.82,16.96,799872,0
2014-03-24,16:00:00,16.96,16.97,16.75,16.82,764517,0
2014-03-24,17:00:00,16.81,16.84,16.72,16.75,1303541,0
2014-03-24,18:00:00,16.74,16.81,16.71,16.79,643348,0
2014-03-24,19:00:00,16.79,16.87,16.78,16.87,643660,0
2014-03-24,20:00:00,16.87,16.91,16.81,16.84,924199,0
2014-03-24,21:00:00,16.84,16.94,16.83,16.92,1975754,0
2014-03-25,15:00:00,16.95,17.04,16.94,16.98,630325,0
2014-03-25,16:00:00,16.99,17.05,16.94,16.98,1479687,0
2014-03-25,17:00:00,16.98,17.06,16.97,17.01,560699,0
2014-03-25,18:00:00,17.01,17.04,16.96,17,671600,0
2014-03-25,19:00:00,17,17.02,16.97,17,333802,0
2014-03-25,20:00:00,17.01,17.01,16.97,17.01,428626,0
2014-03-25,21:00:00,17.01,17.04,16.98,16.98,1361720,0
2014-03-26,15:00:00,16.98,17.11,16.98,17.02,297105,0
2014-03-26,16:00:00,17.02,17.05,16.9,16.91,885323,0
2014-03-26,17:00:00,16.91,16.95,16.89,16.95,1341649,0
2014-03-26,18:00:00,16.94,16.99,16.93,16.94,757880,0
2014-03-26,19:00:00,16.94,16.96,16.75,16.84,1033950,0
2014-03-26,20:00:00,16.84,16.86,16.77,16.81,841814,0
2014-03-26,21:00:00,16.81,16.85,16.75,16.8,2202784,0
2014-03-27,15:00:00,16.73,16.95,16.67,16.93,362350,0
2014-03-27,16:00:00,16.93,17.1,16.92,17.08,1084433,0
2014-03-27,17:00:00,17.09,17.1,16.96,17,575710,0
2014-03-27,18:00:00,17,17.01,16.9,16.92,312700,0
2014-03-27,19:00:00,16.91,16.98,16.87,16.94,997632,0
2014-03-27,20:00:00,16.93,16.98,16.93,16.95,343165,0
2014-03-27,21:00:00,16.94,16.99,16.89,16.98,904546,0
2014-03-28,15:00:00,17.06,17.33,17.05,17.2,990952,0
2014-03-28,16:00:00,17.2,17.33,17.17,17.26,1582991,0
2014-03-28,17:00:00,17.25,17.39,17.24,17.36,1272466,0
2014-03-28,18:00:00,17.37,17.38,17.3,17.36,779641,0
2014-03-28,19:00:00,17.36,17.38,17.26,17.35,1129789,0
2014-03-28,20:00:00,17.35,17.36,17.29,17.33,877338,0
2014-03-28,21:00:00,17.33,17.36,17.29,17.36,1854223,0
2014-03-31,16:00:00,17.39,17.4,17.22,17.35,806187,0
2014-03-31,17:00:00,17.35,17.37,17.18,17.25,1452702,0
2014-03-31,18:00:00,17.25,17.26,17.12,17.14,1582292,0
2014-03-31,19:00:00,17.14,17.3,17.1,17.26,1459179,0
2014-03-31,20:00:00,17.25,17.31,17.23,17.28,1119447,0
2014-03-31,21:00:00,17.28,17.36,17.26,17.33,689929,0
2014-03-31,22:00:00,17.32,17.37,17.3,17.36,2324749,0
2014-04-01,16:00:00,17.4,17.45,17.33,17.34,496220,0
2014-04-01,17:00:00,17.34,17.37,17.22,17.37,1116076,0
2014-04-01,18:00:00,17.37,17.38,17.28,17.29,828732,0
2014-04-01,19:00:00,17.29,17.37,17.28,17.33,556898,0
2014-04-01,20:00:00,17.33,17.38,17.31,17.34,710989,0
2014-04-01,21:00:00,17.35,17.38,17.31,17.36,987084,0
2014-04-01,22:00:00,17.36,17.48,17.32,17.47,2151961,0
2014-04-02,16:00:00,17.47,17.49,17.39,17.43,399682,0
2014-04-02,17:00:00,17.44,17.54,17.41,17.5,1244859,0
2014-04-02,18:00:00,17.5,17.52,17.45,17.52,490706,0
2014-04-02,19:00:00,17.51,17.59,17.51,17.56,603295,0
2014-04-02,20:00:00,17.56,17.56,17.41,17.47,759630,0
2014-04-02,21:00:00,17.47,17.52,17.45,17.52,495613,0
2014-04-02,22:00:00,17.52,17.56,17.48,17.48,1093883,0
2014-04-03,16:00:00,17.25,17.47,17.22,17.4,1784193,0
2014-04-03,17:00:00,17.4,17.42,17.26,17.29,2264014,0
2014-04-03,18:00:00,17.3,17.36,17.25,17.33,1138820,0
2014-04-03,19:00:00,17.32,17.35,17.26,17.26,646955,0
2014-04-03,20:00:00,17.27,17.34,17.23,17.25,1157106,0
2014-04-03,21:00:00,17.25,17.33,17.22,17.28,872278,0
2014-04-03,22:00:00,17.29,17.32,17.2,17.25,1664813,0
2014-04-04,16:00:00,17.39,17.49,17.31,17.48,801348,0
2014-04-04,17:00:00,17.48,17.75,17.48,17.74,1674405,0
2014-04-04,18:00:00,17.75,17.75,17.47,17.47,804175,0
2014-04-04,19:00:00,17.48,17.49,17.21,17.21,1565300,0
2014-04-04,20:00:00,17.21,17.25,17.15,17.17,1028968,0
2014-04-04,21:00:00,17.17,17.2,17.07,17.15,2166416,0
2014-04-04,22:00:00,17.15,17.34,17.11,17.31,3465648,0
2014-04-07,16:00:00,17.17,17.29,17.01,17.16,685253,0
2014-04-07,17:00:00,17.16,17.27,17.08,17.11,993097,0
2014-04-07,18:00:00,17.1,17.16,17.06,17.09,607367,0
2014-04-07,19:00:00,17.09,17.16,17.05,17.14,738764,0
2014-04-07,20:00:00,17.14,17.15,16.98,16.99,872800,0
2014-04-07,21:00:00,16.99,17.06,16.97,17.03,2015440,0
2014-04-07,22:00:00,17.03,17.09,17.02,17.03,1236932,0
2014-04-08,16:00:00,16.99,17.27,16.99,17.23,630753,0
2014-04-08,17:00:00,17.24,17.29,17.03,17.15,685262,0
2014-04-08,18:00:00,17.15,17.21,17.14,17.18,638516,0
2014-04-08,19:00:00,17.18,17.2,17.15,17.17,406887,0
2014-04-08,20:00:00,17.17,17.22,17.12,17.14,801643,0
2014-04-08,21:00:00,17.13,17.19,17.05,17.16,720006,0
2014-04-08,22:00:00,17.16,17.21,17.13,17.2,2032401,0
2014-04-09,16:00:00,17.29,17.44,17.1,17.1,1142634,0
2014-04-09,17:00:00,17.1,17.11,16.98,17.05,2148517,0
2014-04-09,18:00:00,17.05,17.2,17.01,17.18,740245,0
2014-04-09,19:00:00,17.18,17.18,17.12,17.18,1073951,0
2014-04-09,20:00:00,17.17,17.22,17.16,17.21,335335,0
2014-04-09,21:00:00,17.21,17.29,17.21,17.22,896798,0
2014-04-09,22:00:00,17.23,17.26,17.18,17.22,2804078,0
2014-04-10,16:00:00,17.23,17.33,17.14,17.25,333223,0
2014-04-10,17:00:00,17.26,17.32,17.06,17.07,811376,0
2014-04-10,18:00:00,17.08,17.11,16.98,16.99,790706,0
2014-04-10,19:00:00,16.99,17,16.83,16.89,1400602,0
2014-04-10,20:00:00,16.89,16.97,16.83,16.95,1091643,0
2014-04-10,21:00:00,16.95,16.96,16.86,16.87,631869,0
2014-04-10,22:00:00,16.87,16.98,16.81,16.97,2137338,0
2014-04-11,16:00:00,16.75,16.88,16.68,16.85,604004,0
2014-04-11,17:00:00,16.85,16.87,16.74,16.84,768821,0
2014-04-11,18:00:00,16.84,16.95,16.83,16.86,791462,0
2014-04-11,19:00:00,16.88,16.92,16.83,16.88,352584,0
2014-04-11,20:00:00,16.88,16.9,16.77,16.77,619044,0
2014-04-11,21:00:00,16.78,16.78,16.68,16.74,807177,0
2014-04-11,22:00:00,16.74,16.81,16.73,16.78,1470654,0
2014-04-14,16:00:00,16.81,16.94,16.73,16.89,564663,0
2014-04-14,17:00:00,16.89,17.22,16.89,17.21,1179765,0
2014-04-14,18:00:00,17.21,17.29,17.16,17.2,851398,0
2014-04-14,19:00:00,17.2,17.25,17.18,17.22,470311,0
2014-04-14,20:00:00,17.22,17.25,17.14,17.21,497686,0
2014-04-14,21:00:00,17.21,17.22,17.12,17.13,430869,0
2014-04-14,22:00:00,17.13,17.15,17.04,17.15,924862,0
2014-04-15,16:00:00,17.16,17.29,17.1,17.1,528116,0
2014-04-15,17:00:00,17.1,17.2,16.94,17,1464012,0
2014-04-15,18:00:00,17,17.01,16.84,16.87,1495771,0
2014-04-15,19:00:00,16.87,16.9,16.79,16.79,1138954,0
2014-04-15,20:00:00,16.79,16.9,16.73,16.86,1064782,0
2014-04-15,21:00:00,16.86,17.04,16.86,17.02,1216269,0
2014-04-15,22:00:00,17.02,17.17,17,17.04,2761768,0
2014-04-16,16:00:00,17.52,17.79,17.36,17.47,5033761,0
2014-04-16,17:00:00,17.47,17.72,17.4,17.66,2944457,0
2014-04-16,18:00:00,17.66,17.89,17.59,17.85,2186874,0
2014-04-16,19:00:00,17.84,17.96,17.8,17.92,1685328,0
2014-04-16,20:00:00,17.92,18.03,17.88,18,1953174,0
2014-04-16,21:00:00,18,18.28,17.98,18.26,2938123,0
2014-04-16,22:00:00,18.27,18.27,18.14,18.2,4358596,0
2014-04-17,16:00:00,18.21,18.27,17.79,17.82,1331724,0
2014-04-17,17:00:00,17.82,18.17,17.82,18.15,1879241,0
2014-04-17,18:00:00,18.15,18.22,18.1,18.12,825963,0
2014-04-17,19:00:00,18.13,18.18,18.08,18.14,455087,0
2014-04-17,20:00:00,18.14,18.22,18.1,18.21,425686,0
2014-04-17,21:00:00,18.2,18.33,18.19,18.26,995637,0
2014-04-17,22:00:00,18.27,18.32,18.19,18.21,1127340,0
2014-04-21,16:00:00,18.22,18.47,18.17,18.4,969423,0
2014-04-21,17:00:00,18.4,18.49,18.24,18.3,1370514,0
2014-04-21,18:00:00,18.3,18.43,18.27,18.34,826348,0
2014-04-21,19:00:00,18.33,18.45,18.31,18.41,1214401,0
2014-04-21,20:00:00,18.41,18.41,18.34,18.41,351137,0
2014-04-21,21:00:00,18.41,18.43,18.32,18.42,692660,0
2014-04-21,22:00:00,18.42,18.42,18.25,18.26,1133108,0
2014-04-22,16:00:00,18.1,18.23,18.06,18.12,505284,0
2014-04-22,17:00:00,18.12,18.3,18.06,18.25,1420497,0
2014-04-22,18:00:00,18.25,18.35,18.23,18.32,824740,0
2014-04-22,19:00:00,18.32,18.36,18.31,18.36,430372,0
2014-04-22,20:00:00,18.36,18.39,18.34,18.36,796651,0
2014-04-22,21:00:00,18.36,18.42,18.35,18.37,713865,0
2014-04-22,22:00:00,18.36,18.39,18.32,18.37,2426000,0
2014-04-23,16:00:00,18.38,18.54,18.33,18.47,573308,0
2014-04-23,17:00:00,18.47,18.68,18.46,18.63,2175821,0
2014-04-23,18:00:00,18.63,18.72,18.59,18.68,1030410,0
2014-04-23,19:00:00,18.69,18.71,18.59,18.63,1111279,0
2014-04-23,20:00:00,18.64,18.65,18.6,18.62,502141,0
2014-04-23,21:00:00,18.62,18.63,18.55,18.58,1507879,0
2014-04-23,22:00:00,18.58,18.59,18.5,18.55,2478850,0
2014-04-24,16:00:00,18.57,18.66,18.3,18.41,1443603,0
2014-04-24,17:00:00,18.42,18.53,18.39,18.39,892560,0
2014-04-24,18:00:00,18.39,18.65,18.37,18.62,1359306,0
2014-04-24,19:00:00,18.62,18.72,18.49,18.59,1141909,0
2014-04-24,20:00:00,18.59,18.64,18.41,18.42,1044654,0
2014-04-24,21:00:00,18.42,18.45,18.33,18.39,1559044,0
2014-04-24,22:00:00,18.39,18.45,18.34,18.41,3300511,0
2014-04-25,16:00:00,20.01,20.15,19.61,19.99,7491935,0
2014-04-25,17:00:00,20,20.58,19.95,20.25,11563023,0
2014-04-25,18:00:00,20.24,20.42,20.14,20.4,3498166,0
2014-04-25,19:00:00,20.39,20.39,20.19,20.32,2210733,0
2014-04-25,20:00:00,20.32,20.45,20.24,20.41,2226323,0
2014-04-25,21:00:00,20.42,20.48,20.3,20.34,2470504,0
2014-04-25,22:00:00,20.34,20.48,20.21,20.47,5846496,0
2014-04-28,16:00:00,20.69,20.85,20.62,20.8,2833075,0
2014-04-28,17:00:00,20.81,21.14,20.8,21.05,5128395,0
2014-04-28,18:00:00,21.05,21.28,21.02,21.26,2714759,0
2014-04-28,19:00:00,21.26,21.41,20.97,21.02,2663794,0
2014-04-28,20:00:00,21.02,21.02,20.54,20.57,3152660,0
2014-04-28,21:00:00,20.57,20.68,20.45,20.57,1537130,0
2014-04-28,22:00:00,20.58,20.84,20.5,20.67,3718816,0
2014-04-29,16:00:00,20.83,21.12,20.75,21.05,1530429,0
2014-04-29,17:00:00,21.06,21.12,20.86,20.92,1628517,0
2014-04-29,18:00:00,20.93,21.14,20.89,21.08,1145903,0
2014-04-29,19:00:00,21.09,21.15,20.95,21.06,973393,0
2014-04-29,20:00:00,21.07,21.07,20.83,20.88,729403,0
2014-04-29,21:00:00,20.89,20.94,20.84,20.88,982377,0
2014-04-29,22:00:00,20.88,20.9,20.72,20.76,2423923,0
2014-04-30,16:00:00,20.57,21.02,20.45,20.78,2537492,0
2014-04-30,17:00:00,20.78,20.81,20.56,20.59,1548535,0
2014-04-30,18:00:00,20.59,20.92,20.59,20.92,926518,0
2014-04-30,19:00:00,20.92,21.12,20.88,20.99,1203102,0
2014-04-30,20:00:00,20.99,21,20.93,20.95,664067,0
2014-04-30,21:00:00,20.95,21.11,20.89,21.03,949560,0
2014-04-30,22:00:00,21.03,21.07,20.94,21,2965811,0
2014-05-01,16:00:00,21.03,21.03,20.69,20.71,803922,0
2014-05-01,17:00:00,20.72,20.99,20.69,20.94,1623469,0
2014-05-01,18:00:00,20.95,21.01,20.91,20.91,748748,0
2014-05-01,19:00:00,20.91,20.93,20.85,20.87,883464,0
2014-05-01,20:00:00,20.87,20.91,20.62,20.63,1100611,0
2014-05-01,21:00:00,20.64,20.67,20.53,20.57,1595070,0
2014-05-01,22:00:00,20.56,20.65,20.54,20.65,2790975,0
2014-05-02,16:00:00,20.7,21.18,20.59,21.15,1339573,0
2014-05-02,17:00:00,21.15,21.3,20.87,20.96,1490784,0
2014-05-02,18:00:00,20.94,20.98,20.85,20.91,730414,0
2014-05-02,19:00:00,20.92,20.92,20.79,20.86,957599,0
2014-05-02,20:00:00,20.86,20.86,20.65,20.65,1028541,0
2014-05-02,21:00:00,20.65,20.73,20.61,20.67,1074859,0
2014-05-02,22:00:00,20.67,20.79,20.66,20.77,2171867,0
2014-05-05,16:00:00,20.6,20.69,20.52,20.64,858728,0
2014-05-05,17:00:00,20.64,21.04,20.52,21.02,1371289,0
2014-05-05,18:00:00,21.03,21.19,20.99,21.09,1681988,0
2014-05-05,19:00:00,21.09,21.17,21.07,21.09,496224,0
2014-05-05,20:00:00,21.09,21.1,21.01,21.06,351531,0
2014-05-05,21:00:00,21.07,21.15,21.01,21.08,763336,0
2014-05-05,22:00:00,21.08,21.1,21.02,21.06,1019680,0
2014-05-06,16:00:00,21.04,21.23,21,21.09,982995,0
2014-05-06,17:00:00,21.09,21.15,21.02,21.04,819378,0
2014-05-06,18:00:00,21.05,21.25,21.03,21.24,582042,0
2014-05-06,19:00:00,21.24,21.29,21.2,21.27,640253,0
2014-05-06,20:00:00,21.27,21.32,21.16,21.21,1346768,0
2014-05-06,21:00:00,21.21,21.22,21.08,21.13,1456803,0
2014-05-06,22:00:00,21.13,21.24,21.1,21.22,1867824,0
2014-05-07,16:00:00,21.24,21.43,21.24,21.37,1279029,0
2014-05-07,17:00:00,21.38,21.4,20.95,21.09,2130748,0
2014-05-07,18:00:00,21.08,21.43,21.06,21.4,1177390,0
2014-05-07,19:00:00,21.4,21.45,21.3,21.31,776783,0
2014-05-07,20:00:00,21.31,21.44,21.27,21.29,587367,0
2014-05-07,21:00:00,21.28,21.41,21.26,21.38,739298,0
2014-05-07,22:00:00,21.38,21.42,21.31,21.41,1392934,0
