Date,Time,Open,High,Low,Close,Volume,OpenInt
2014-02-10,16:00:00,19.886,19.886,19.886,19.886,203,0
2014-02-10,17:00:00,19.787,19.827,19.787,19.827,811,0
2014-02-10,18:00:00,19.827,19.886,19.807,19.886,1875,0
2014-02-10,19:00:00,19.886,19.886,19.876,19.886,1115,0
2014-02-10,20:00:00,19.886,19.886,19.856,19.886,1926,0
2014-02-10,21:00:00,19.886,20.202,19.876,20.073,8110,0
2014-02-10,22:00:00,20.073,20.517,19.827,20.517,17812,0
2014-02-11,16:00:00,20.172,20.389,20.172,20.389,304,0
2014-02-11,17:00:00,20.517,20.517,20.517,20.517,406,0
2014-02-11,18:00:00,20.428,20.645,20.419,20.645,7330,0
2014-02-11,19:00:00,20.527,20.527,20.527,20.527,1014,0
2014-02-11,20:00:00,20.636,20.645,20.29,20.379,7198,0
2014-02-11,21:00:00,20.389,20.517,20.369,20.517,2616,0
2014-02-11,22:00:00,20.567,20.636,20.468,20.636,2005,0
2014-02-12,17:00:00,20.576,20.576,20.576,20.576,483,0
2014-02-12,19:00:00,20.567,20.567,20.34,20.567,2839,0
2014-02-12,20:00:00,20.557,20.567,20.478,20.478,938,0
2014-02-12,21:00:00,20.567,20.567,20.567,20.567,608,0
2014-02-12,22:00:00,20.547,20.567,20.527,20.567,1622,0
2014-02-13,16:00:00,20.517,20.626,20.517,20.626,483,0
2014-02-13,17:00:00,20.517,20.547,20.468,20.488,2534,0
2014-02-13,18:00:00,20.705,20.705,20.468,20.468,2129,0
2014-02-13,19:00:00,20.517,20.576,20.133,20.221,6285,0
2014-02-13,20:00:00,20.31,20.636,20.113,20.419,2230,0
2014-02-13,21:00:00,20.409,20.645,20.389,20.438,3548,0
2014-02-13,22:00:00,20.409,20.596,20.034,20.32,8516,0
2014-02-14,16:00:00,20.369,20.458,20.369,20.458,912,0
2014-02-14,18:00:00,20.32,20.517,20.32,20.517,11438,0
2014-02-14,19:00:00,20.428,20.606,20.428,20.606,884,0
2014-02-14,20:00:00,20.606,21.494,20.586,21.494,17465,0
2014-02-14,21:00:00,21.494,21.701,21.178,21.622,8414,0
2014-02-14,22:00:00,21.661,21.661,21.099,21.395,12814,0
2014-02-18,16:00:00,20.902,20.912,20.715,20.843,6285,0
2014-02-18,17:00:00,20.882,20.961,20.537,20.715,16915,0
2014-02-18,18:00:00,20.537,21.01,20.537,20.715,17133,0
2014-02-18,19:00:00,20.715,20.863,20.567,20.616,15085,0
2014-02-18,20:00:00,20.379,20.882,20.369,20.606,2636,0
2014-02-18,21:00:00,20.665,20.744,20.33,20.468,3143,0
2014-02-18,22:00:00,20.448,20.823,20.399,20.764,5981,0
2014-02-19,16:00:00,20.261,20.389,20.261,20.389,1014,0
2014-02-19,17:00:00,20.734,20.734,20.33,20.488,2180,0
2014-02-19,18:00:00,20.3,20.359,20.271,20.3,3650,0
2014-02-19,19:00:00,20.448,20.705,20.448,20.478,3379,0
2014-02-19,20:00:00,20.478,20.695,20.478,20.616,304,0
2014-02-19,21:00:00,20.616,20.705,20.557,20.685,659,0
2014-02-19,22:00:00,20.576,20.705,20.389,20.428,4623,0
2014-02-20,17:00:00,20.705,20.774,20.665,20.764,8836,0
2014-02-20,18:00:00,20.764,20.774,20.764,20.764,2534,0
2014-02-20,19:00:00,20.764,20.774,20.586,20.586,2895,0
2014-02-20,20:00:00,20.724,20.833,20.724,20.724,2534,0
2014-02-20,21:00:00,20.764,21.247,20.724,20.764,2534,0
2014-02-20,22:00:00,20.823,21.277,20.724,20.774,5069,0
2014-02-21,17:00:00,21.247,21.297,21.247,21.297,304,0
2014-02-21,18:00:00,20.863,21.247,20.863,21.247,608,0
2014-02-21,19:00:00,21.06,21.237,21.06,21.178,406,0
2014-02-21,20:00:00,21.178,21.178,21.03,21.109,3114,0
2014-02-21,21:00:00,21.05,21.287,21.05,21.168,11042,0
2014-02-21,22:00:00,20.991,21.297,20.991,20.991,4722,0
2014-02-24,16:00:00,21.178,21.178,21.178,21.178,101,0
2014-02-24,17:00:00,21.257,21.277,21.099,21.109,2433,0
2014-02-24,18:00:00,21.109,21.297,21.109,21.109,1723,0
2014-02-24,19:00:00,21.178,21.178,21.099,21.099,1419,0
2014-02-24,20:00:00,21.089,21.139,21.04,21.04,2534,0
2014-02-24,21:00:00,20.912,20.951,20.912,20.951,1521,0
2014-02-24,22:00:00,20.902,21.099,20.902,20.981,4982,0
2014-02-25,16:00:00,21.05,21.05,21.05,21.05,101,0
2014-02-25,17:00:00,21.05,21.05,20.517,20.517,6488,0
2014-02-25,18:00:00,20.517,20.715,20.35,20.35,1629,0
2014-02-25,19:00:00,20.685,20.863,20.685,20.863,1318,0
2014-02-25,20:00:00,20.685,20.774,20.685,20.715,1318,0
2014-02-25,21:00:00,20.715,21.03,20.616,20.715,9874,0
2014-02-25,22:00:00,20.715,20.843,20.419,20.448,1791,0
2014-02-26,16:00:00,20.705,21.05,20.655,21.05,2311,0
2014-02-26,17:00:00,20.626,20.715,20.626,20.715,203,0
2014-02-26,18:00:00,21.04,21.04,20.685,20.764,2656,0
2014-02-26,19:00:00,20.715,21.02,20.715,20.724,507,0
2014-02-26,20:00:00,21.02,21.05,20.724,21.03,406,0
2014-02-26,21:00:00,21.02,21.04,20.734,20.872,1926,0
2014-02-26,22:00:00,20.863,21.02,20.182,20.754,1739,0
2014-02-27,17:00:00,20.251,20.764,20.241,20.764,3447,0
2014-02-27,18:00:00,20.616,21.001,20.616,21.001,1622,0
2014-02-27,19:00:00,20.705,20.705,20.705,20.705,608,0
2014-02-27,20:00:00,20.971,21.306,20.971,21.306,2534,0
2014-02-27,22:00:00,20.724,20.823,20.527,20.527,3345,0
2014-02-28,17:00:00,20.34,20.715,20.34,20.35,38634,0
2014-02-28,18:00:00,20.527,20.675,20.379,20.379,2230,0
2014-02-28,19:00:00,20.35,20.468,20.35,20.468,1014,0
2014-02-28,20:00:00,20.409,20.468,20.379,20.468,4748,0
2014-02-28,21:00:00,20.576,20.576,20.31,20.31,21975,0
2014-02-28,22:00:00,20.438,20.882,20.251,20.715,5272,0
2014-03-03,17:00:00,20.774,21.149,20.774,20.784,1723,0
2014-03-03,18:00:00,21.158,21.158,20.261,20.468,4156,0
2014-03-03,19:00:00,20.468,20.468,20.241,20.241,2028,0
2014-03-03,20:00:00,20.468,21.01,20.468,20.488,2534,0
2014-03-03,21:00:00,20.981,20.991,20.596,20.596,4379,0
2014-03-03,22:00:00,20.991,21.06,20.715,20.863,4010,0
2014-03-04,17:00:00,21.01,21.01,21.01,21.01,4361,0
2014-03-04,18:00:00,21.01,21.01,20.715,20.715,2028,0
2014-03-04,19:00:00,21.01,21.01,20.468,20.468,1523,0
2014-03-04,20:00:00,20.695,20.715,20.665,20.665,2129,0
2014-03-04,21:00:00,20.636,20.715,20.616,20.616,9830,0
2014-03-04,22:00:00,20.537,20.537,20.419,20.419,2129,0
2014-03-05,19:00:00,20.715,20.715,20.715,20.715,6083,0
2014-03-05,20:00:00,20.675,20.675,20.675,20.675,1115,0
2014-03-05,21:00:00,20.369,20.369,20.369,20.369,1196,0
2014-03-05,22:00:00,20.616,20.616,20.616,20.616,6488,0
2014-03-06,17:00:00,20.389,20.468,20.33,20.468,811,0
2014-03-06,19:00:00,20.369,20.369,20.369,20.369,406,0
2014-03-06,20:00:00,20.527,21.08,20.083,20.32,14521,0
2014-03-06,21:00:00,20.172,20.369,20.083,20.281,4590,0
2014-03-06,22:00:00,20.419,20.428,20.034,20.034,4636,0
2014-03-07,18:00:00,20.29,20.29,20.29,20.29,13869,0
2014-03-07,21:00:00,20.715,20.715,20.715,20.715,3115,0
2014-03-07,22:00:00,20.567,20.567,20.231,20.251,4402,0
2014-03-10,16:00:00,20.221,20.221,20.221,20.221,203,0
2014-03-10,19:00:00,20.34,20.34,20.34,20.34,558,0
2014-03-11,16:00:00,20.636,20.636,20.636,20.636,1419,0
2014-03-11,17:00:00,20.369,20.369,20.369,20.369,304,0
2014-03-11,18:00:00,20.576,20.586,20.576,20.586,304,0
2014-03-11,19:00:00,20.645,20.655,20.468,20.468,1069,0
2014-03-11,20:00:00,20.488,20.655,20.468,20.488,3244,0
2014-03-11,21:00:00,20.645,20.645,20.586,20.586,449,0
2014-03-12,17:00:00,20.517,20.517,20.34,20.34,2433,0
2014-03-12,21:00:00,20.478,20.517,20.478,20.517,1880,0
2014-03-13,15:00:00,20.419,20.419,20.419,20.419,1926,0
2014-03-13,17:00:00,20.468,20.468,20.419,20.468,3841,0
2014-03-13,18:00:00,20.468,20.468,20.468,20.468,6083,0
2014-03-13,19:00:00,20.419,20.419,20.419,20.419,811,0
2014-03-13,20:00:00,20.468,20.468,20.409,20.458,2401,0
2014-03-13,21:00:00,20.458,20.458,20.458,20.458,3273,0
2014-03-14,16:00:00,20.419,20.419,20.419,20.419,259,0
2014-03-14,17:00:00,20.448,20.557,20.448,20.458,4152,0
2014-03-14,18:00:00,20.557,20.557,20.557,20.557,406,0
2014-03-14,19:00:00,20.715,20.724,20.715,20.715,1115,0
2014-03-14,20:00:00,20.715,20.715,20.715,20.715,608,0
2014-03-14,21:00:00,20.754,21.198,20.715,20.833,4532,0
2014-03-17,15:00:00,21.01,21.198,21.01,21.178,507,0
2014-03-17,16:00:00,20.715,20.902,20.715,20.902,6894,0
2014-03-17,17:00:00,20.902,21.375,20.902,21.375,4359,0
2014-03-17,20:00:00,21.109,21.208,20.774,21.208,10614,0
2014-03-17,21:00:00,21.208,21.208,20.813,21.198,13169,0
2014-03-18,15:00:00,20.734,20.734,20.734,20.734,101,0
2014-03-18,16:00:00,20.764,21.139,20.754,21.109,9124,0
2014-03-18,17:00:00,21.109,21.109,20.843,20.912,1926,0
2014-03-18,18:00:00,20.892,21.03,20.882,20.961,5848,0
2014-03-18,19:00:00,21.01,21.139,20.912,20.961,7518,0
2014-03-18,20:00:00,21.149,21.149,20.961,20.961,11733,0
2014-03-18,21:00:00,20.961,21.01,20.715,20.853,30615,0
2014-03-19,21:00:00,21.02,21.03,21.02,21.03,306,0
2014-03-20,16:00:00,21.089,21.168,21.089,21.089,11673,0
2014-03-20,17:00:00,21.08,21.198,21.08,21.08,42072,0
2014-03-20,18:00:00,21.158,21.158,21.158,21.158,406,0
2014-03-20,19:00:00,21.089,21.089,20.912,20.912,8110,0
2014-03-20,20:00:00,21.109,21.109,21.109,21.109,1338,0
2014-03-20,21:00:00,20.823,21.07,20.774,21.07,14773,0
2014-03-21,15:00:00,20.774,20.774,20.774,20.774,1206,0
2014-03-21,16:00:00,20.803,20.803,20.803,20.803,1825,0
2014-03-21,17:00:00,20.774,20.803,20.557,20.616,2534,0
2014-03-21,18:00:00,20.705,20.705,20.695,20.705,912,0
2014-03-21,20:00:00,20.981,20.981,20.912,20.912,2281,0
2014-03-21,21:00:00,20.892,20.892,20.892,20.892,101,0
2014-03-24,15:00:00,20.784,20.784,20.784,20.784,5170,0
2014-03-24,17:00:00,20.784,20.784,20.596,20.596,936,0
2014-03-24,18:00:00,20.576,20.724,20.576,20.724,5625,0
2014-03-24,19:00:00,20.616,20.616,20.576,20.616,1559,0
2014-03-24,20:00:00,20.626,20.803,20.576,20.803,2636,0
2014-03-24,21:00:00,20.813,20.813,20.576,20.576,5965,0
2014-03-26,16:00:00,20.715,20.715,20.715,20.715,101,0
2014-03-26,17:00:00,20.705,21.04,20.705,20.715,2250,0
2014-03-26,20:00:00,20.488,20.488,20.488,20.488,156,0
2014-03-26,21:00:00,20.34,20.616,20.34,20.616,97,0
2014-03-27,16:00:00,20.567,20.567,20.567,20.567,912,0
2014-03-27,17:00:00,20.991,20.991,20.576,20.576,2433,0
2014-03-27,18:00:00,20.971,20.971,20.567,20.567,945,0
2014-03-27,19:00:00,20.705,20.705,20.705,20.705,710,0
2014-03-27,20:00:00,20.596,20.596,20.567,20.567,1217,0
2014-03-27,21:00:00,20.695,20.724,20.369,20.724,23785,0
2014-03-28,17:00:00,20.902,20.902,20.902,20.902,1926,0
2014-03-28,18:00:00,20.596,20.596,20.044,20.044,6026,0
2014-03-28,19:00:00,20.162,20.665,20.162,20.665,2433,0
2014-03-28,20:00:00,20.576,20.734,20.567,20.567,3345,0
2014-03-28,21:00:00,20.567,20.764,20.547,20.567,5069,0
2014-03-31,17:00:00,20.468,20.872,20.468,20.468,4004,0
2014-03-31,18:00:00,20.468,20.606,20.468,20.468,1860,0
2014-03-31,19:00:00,20.468,20.468,20.31,20.369,3603,0
2014-03-31,20:00:00,20.369,20.419,20.231,20.419,92249,0
2014-03-31,21:00:00,20.665,20.665,20.468,20.478,2839,0
2014-03-31,22:00:00,20.478,20.606,20.468,20.468,111140,0
2014-04-01,16:00:00,20.281,20.438,20.083,20.438,1115,0
2014-04-01,17:00:00,20.103,20.419,20.024,20.34,7873,0
2014-04-01,18:00:00,20.33,20.606,20.32,20.596,6348,0
2014-04-01,19:00:00,20.468,20.576,20.468,20.576,2650,0
2014-04-01,20:00:00,20.596,20.616,20.468,20.616,3244,0
2014-04-01,21:00:00,20.507,20.616,20.468,20.468,3863,0
2014-04-01,22:00:00,20.547,20.705,20.468,20.547,17141,0
2014-04-02,16:00:00,20.152,20.488,20.152,20.488,1723,0
2014-04-02,17:00:00,20.162,20.359,20.034,20.359,1825,0
2014-04-02,18:00:00,20.33,20.438,20.271,20.409,2788,0
2014-04-02,19:00:00,20.468,20.498,20.221,20.221,1482,0
2014-04-02,20:00:00,20.468,20.498,20.221,20.389,2839,0
2014-04-02,21:00:00,20.468,20.547,20.231,20.409,2061,0
2014-04-02,22:00:00,20.231,20.498,20.231,20.419,7728,0
2014-04-03,16:00:00,20.478,20.517,20.044,20.044,2774,0
2014-04-03,17:00:00,20.379,20.754,20.281,20.517,9093,0
2014-04-03,18:00:00,20.3,20.428,20.281,20.399,3954,0
2014-04-03,19:00:00,20.34,20.438,20.3,20.438,5576,0
2014-04-03,20:00:00,20.596,20.724,20.478,20.685,6525,0
2014-04-03,21:00:00,20.517,20.715,20.517,20.715,7502,0
2014-04-03,22:00:00,20.715,20.981,20.715,20.724,5880,0
2014-04-04,16:00:00,21.02,21.02,20.695,21.01,1723,0
2014-04-04,17:00:00,21.07,21.198,20.715,21.149,8536,0
2014-04-04,18:00:00,21.06,21.198,21.001,21.099,13935,0
2014-04-04,19:00:00,21.099,21.109,21.03,21.109,2889,0
2014-04-04,20:00:00,21.109,21.109,21.03,21.06,7806,0
2014-04-04,21:00:00,21.109,21.208,21.06,21.208,11456,0
2014-04-04,22:00:00,21.208,21.681,21.04,21.454,23483,0
2014-04-07,16:00:00,21.74,23.378,21.74,21.79,43518,0
2014-04-07,17:00:00,21.8,22.391,21.652,21.967,40054,0
2014-04-07,18:00:00,21.967,22.48,21.849,22.135,41655,0
2014-04-07,19:00:00,21.849,22.283,21.652,22.283,14093,0
2014-04-07,20:00:00,22.145,22.145,21.652,21.79,12125,0
2014-04-07,21:00:00,21.79,21.8,21.671,21.721,9073,0
2014-04-07,22:00:00,21.8,21.938,21.602,21.819,24492,0
2014-04-08,16:00:00,21.938,21.938,21.701,21.76,4676,0
2014-04-08,17:00:00,21.77,21.809,21.701,21.8,7796,0
2014-04-08,18:00:00,21.74,22.204,21.731,21.888,3650,0
2014-04-08,19:00:00,21.75,22.145,21.75,22.145,8296,0
2014-04-08,20:00:00,21.938,22.441,21.938,22.293,3222,0
2014-04-08,21:00:00,21.987,22.293,21.987,22.283,5752,0
2014-04-08,22:00:00,22.214,23.181,22.026,22.49,29203,0
2014-04-09,16:00:00,22.628,22.628,22.194,22.589,4684,0
2014-04-09,17:00:00,22.194,22.48,21.948,21.948,2839,0
2014-04-09,18:00:00,22.293,22.352,21.997,22.352,21948,0
2014-04-09,19:00:00,22.056,22.48,22.046,22.214,3828,0
2014-04-09,20:00:00,22.234,22.411,21.948,22.283,14091,0
2014-04-09,21:00:00,22.234,22.47,22.174,22.204,8414,0
2014-04-09,22:00:00,22.214,22.431,21.948,22.293,71515,0
2014-04-10,16:00:00,22.194,22.539,22.145,22.145,2839,0
2014-04-10,17:00:00,22.155,22.224,22.105,22.165,2433,0
2014-04-10,18:00:00,22.165,22.391,22.165,22.214,5219,0
2014-04-10,19:00:00,22.204,22.224,22.194,22.194,1825,0
2014-04-10,20:00:00,22.204,22.352,22.194,22.214,2129,0
2014-04-10,21:00:00,22.204,22.283,22.184,22.214,90484,0
2014-04-10,22:00:00,22.214,22.273,22.105,22.145,20501,0
2014-04-11,16:00:00,22.076,22.125,21.997,21.997,1257,0
2014-04-11,17:00:00,21.79,21.888,21.375,21.701,9236,0
2014-04-11,18:00:00,21.464,21.691,21.218,21.218,4402,0
2014-04-11,19:00:00,21.306,21.918,21.306,21.395,1673,0
2014-04-11,20:00:00,21.435,21.573,21.227,21.494,3060,0
2014-04-11,21:00:00,21.494,21.553,21.277,21.484,4562,0
2014-04-11,22:00:00,21.484,21.879,21.405,21.504,6206,0
2014-04-14,16:00:00,22.372,22.539,21.218,21.218,2433,0
2014-04-14,17:00:00,21.938,21.948,21.306,21.888,8073,0
2014-04-14,18:00:00,21.839,21.938,21.76,21.938,6604,0
2014-04-14,19:00:00,21.918,21.918,21.701,21.711,15542,0
2014-04-14,20:00:00,21.75,21.928,21.75,21.849,5425,0
2014-04-14,21:00:00,21.849,22.194,21.849,21.948,9377,0
2014-04-14,22:00:00,21.908,22.007,21.701,21.711,7739,0
2014-04-15,16:00:00,21.8,21.918,21.701,21.731,2433,0
2014-04-15,17:00:00,21.711,22.026,21.711,21.898,2230,0
2014-04-15,18:00:00,21.75,21.888,21.74,21.879,6802,0
2014-04-15,19:00:00,21.849,21.888,21.849,21.849,1014,0
2014-04-15,20:00:00,21.888,21.888,21.731,21.79,1977,0
2014-04-15,21:00:00,21.74,21.898,21.731,21.731,4170,0
2014-04-15,22:00:00,21.74,21.859,21.731,21.859,8333,0
2014-04-16,16:00:00,21.701,22.096,21.701,21.8,3447,0
2014-04-16,17:00:00,21.8,21.938,21.75,21.78,4015,0
2014-04-16,18:00:00,21.77,21.78,21.701,21.701,15428,0
2014-04-16,19:00:00,21.553,21.76,21.553,21.76,6691,0
2014-04-16,20:00:00,21.731,21.829,21.731,21.809,2940,0
2014-04-16,21:00:00,21.79,21.849,21.78,21.849,4562,0
2014-04-16,22:00:00,21.8,21.849,21.711,21.721,8820,0
2014-04-17,16:00:00,21.997,21.997,21.997,21.997,127,0
2014-04-17,17:00:00,21.888,21.997,21.74,21.997,7573,0
2014-04-17,18:00:00,22.086,22.194,22.086,22.194,1496,0
2014-04-17,20:00:00,22.194,22.194,22.184,22.194,608,0
2014-04-17,21:00:00,22.096,22.096,21.997,21.997,1267,0
2014-04-17,22:00:00,21.997,22.194,21.997,22.194,507,0
2014-04-21,16:00:00,22.322,22.885,22.293,22.539,5921,0
2014-04-21,17:00:00,22.539,22.638,22.411,22.599,3041,0
2014-04-21,18:00:00,22.441,22.441,22.441,22.441,1217,0
2014-04-21,19:00:00,22.421,22.618,22.421,22.579,6842,0
2014-04-21,20:00:00,22.589,22.589,22.342,22.342,1014,0
2014-04-21,21:00:00,22.579,22.589,22.165,22.165,3903,0
2014-04-21,22:00:00,21.918,22.441,21.918,22.243,8098,0
2014-04-22,16:00:00,22.618,22.677,22.618,22.677,1318,0
2014-04-22,17:00:00,22.687,22.993,22.628,22.658,7682,0
2014-04-22,18:00:00,22.776,22.796,22.648,22.796,26764,0
2014-04-22,19:00:00,22.776,22.825,22.638,22.638,710,0
2014-04-22,20:00:00,22.638,22.727,22.638,22.638,2028,0
2014-04-22,21:00:00,22.638,22.776,22.263,22.766,2534,0
2014-04-22,22:00:00,22.687,22.786,22.441,22.441,9124,0
2014-04-23,16:00:00,22.46,22.687,22.441,22.687,710,0
2014-04-23,17:00:00,22.441,22.441,22.441,22.441,2129,0
2014-04-23,18:00:00,22.687,22.687,22.668,22.677,710,0
2014-04-23,19:00:00,22.313,22.549,22.313,22.549,1188,0
2014-04-23,21:00:00,22.51,22.687,22.431,22.451,8073,0
2014-04-23,22:00:00,22.589,22.885,22.48,22.885,3569,0
2014-04-24,16:00:00,23.181,23.181,22.638,22.638,1419,0
2014-04-24,17:00:00,22.441,22.687,22.441,22.687,6387,0
2014-04-24,18:00:00,22.441,22.687,22.441,22.687,2332,0
2014-04-24,19:00:00,22.638,22.973,22.638,22.954,1551,0
2014-04-24,20:00:00,22.638,22.885,22.638,22.638,2129,0
2014-04-24,21:00:00,22.638,22.638,22.451,22.539,3447,0
2014-04-24,22:00:00,22.579,22.835,22.47,22.697,6405,0
2014-04-25,17:00:00,22.51,22.687,22.194,22.49,29717,0
2014-04-25,18:00:00,22.066,22.608,22.066,22.49,3650,0
2014-04-25,19:00:00,22.48,22.49,22.48,22.49,203,0
2014-04-25,20:00:00,22.628,22.628,22.056,22.194,4968,0
2014-04-25,21:00:00,22.046,22.253,21.948,22.253,6590,0
2014-04-25,22:00:00,22.253,22.441,22.046,22.194,11811,0
2014-04-28,16:00:00,22.421,22.421,22.046,22.046,510,0
2014-04-28,17:00:00,22.243,22.441,22.243,22.243,1419,0
2014-04-28,18:00:00,22.569,22.569,22.539,22.539,203,0
2014-04-28,19:00:00,22.382,22.589,22.293,22.441,45830,0
2014-04-28,20:00:00,22.599,22.599,22.599,22.599,266,0
2014-04-28,21:00:00,22.52,22.756,22.115,22.115,22411,0
2014-04-28,22:00:00,22.076,22.806,22.066,22.539,4156,0
2014-04-29,16:00:00,22.727,22.727,22.727,22.727,608,0
2014-04-29,17:00:00,22.944,23.062,22.717,22.835,17669,0
2014-04-29,18:00:00,22.687,22.983,22.687,22.687,19746,0
2014-04-29,19:00:00,22.697,22.707,22.687,22.687,1217,0
2014-04-29,20:00:00,22.668,22.668,22.668,22.668,3097,0
2014-04-29,21:00:00,22.835,22.904,22.549,22.687,5474,0
2014-04-29,22:00:00,22.687,22.835,22.608,22.825,9588,0
2014-04-30,16:00:00,22.352,22.668,22.352,22.668,1216,0
2014-04-30,17:00:00,22.668,22.668,22.668,22.668,1010,0
2014-04-30,18:00:00,22.668,22.776,22.421,22.441,5880,0
2014-04-30,19:00:00,22.441,22.559,22.214,22.293,8507,0
2014-04-30,20:00:00,22.243,22.49,22.214,22.391,6372,0
2014-04-30,21:00:00,22.214,22.707,22.056,22.441,17382,0
2014-04-30,22:00:00,22.096,22.687,21.75,21.77,18972,0
2014-05-01,16:00:00,22.16,22.59,22.12,22.13,1210,0
2014-05-01,17:00:00,22.43,22.44,22.27,22.44,3500,0
2014-05-01,18:00:00,22.3,22.42,22.25,22.33,3230,0
2014-05-01,20:00:00,22.5,22.5,22.41,22.47,2300,0
2014-05-01,21:00:00,22.49,22.49,22.4,22.4,2428,0
2014-05-01,22:00:00,22.5,22.5,22.45,22.45,3930,0
2014-05-02,18:00:00,22.16,22.87,22.16,22.57,5978,0
2014-05-02,19:00:00,22.52,22.79,22.34,22.6,5966,0
2014-05-02,20:00:00,22.55,22.6,22.5,22.6,2700,0
2014-05-02,21:00:00,22.53,22.56,22.5,22.5,1900,0
2014-05-02,22:00:00,22.45,22.62,22.45,22.5,2100,0
2014-05-05,16:00:00,22.57,22.57,22.45,22.5,2644,0
2014-05-05,17:00:00,22.46,22.68,22.21,22.35,10212,0
2014-05-05,18:00:00,22.25,22.48,22.25,22.42,3308,0
2014-05-05,19:00:00,22.5,22.5,22.5,22.5,4954,0
2014-05-05,20:00:00,22.5,22.5,22.5,22.5,1300,0
2014-05-05,21:00:00,22.45,22.45,22.45,22.45,2400,0
2014-05-05,22:00:00,22.3,22.32,21.86,22.02,13736,0
2014-05-06,16:00:00,22.02,22.02,22.02,22.02,100,0
2014-05-06,17:00:00,22.2,22.25,22.02,22.1,17792,0
2014-05-06,18:00:00,22.13,22.34,22,22.07,18229,0
2014-05-06,19:00:00,22.02,22.06,20.75,21.15,44971,0
2014-05-06,20:00:00,21.11,21.16,19.69,20.2,70196,0
2014-05-06,21:00:00,20.19,21,20.12,20.81,57144,0
2014-05-06,22:00:00,20.75,21.37,20.75,21.37,8275,0
2014-05-07,16:00:00,21.2,21.25,21.12,21.12,3175,0
2014-05-07,17:00:00,21.14,21.15,20.95,20.95,2466,0
2014-05-07,18:00:00,20.92,20.92,20.6,20.6,1800,0
2014-05-07,19:00:00,20.51,20.7,20.02,20.32,10600,0
2014-05-07,20:00:00,20.38,20.9,20.35,20.6,9400,0
2014-05-07,21:00:00,20.57,20.71,20.3,20.71,9104,0
2014-05-07,22:00:00,20.38,20.48,20.38,20.48,2862,0
