Date,Time,Open,High,Low,Close,Volume,OpenInt
2014-02-10,16:00:00,6.79,7.1,6.79,7.08,112557,0
2014-02-10,17:00:00,7.07,7.13,7.02,7.02,219330,0
2014-02-10,18:00:00,7.01,7.02,6.86,6.86,428138,0
2014-02-10,19:00:00,6.86,6.88,6.82,6.85,197182,0
2014-02-10,20:00:00,6.85,6.86,6.81,6.83,75661,0
2014-02-10,21:00:00,6.82,6.87,6.75,6.86,223451,0
2014-02-10,22:00:00,6.85,6.95,6.84,6.92,356294,0
2014-02-11,16:00:00,6.95,7.03,6.92,6.97,48846,0
2014-02-11,17:00:00,6.96,7.03,6.92,6.98,62951,0
2014-02-11,18:00:00,6.99,7.06,6.99,7.06,62417,0
2014-02-11,19:00:00,7.05,7.16,7.05,7.16,108313,0
2014-02-11,20:00:00,7.16,7.24,7.15,7.2,168360,0
2014-02-11,21:00:00,7.19,7.25,7.19,7.21,80757,0
2014-02-11,22:00:00,7.21,7.22,7.17,7.17,254345,0
2014-02-12,16:00:00,7.18,7.28,7.18,7.26,42837,0
2014-02-12,17:00:00,7.25,7.25,7.13,7.21,201438,0
2014-02-12,18:00:00,7.21,7.27,7.21,7.26,170789,0
2014-02-12,19:00:00,7.26,7.29,7.22,7.24,65893,0
2014-02-12,20:00:00,7.24,7.24,7.21,7.24,151800,0
2014-02-12,21:00:00,7.24,7.27,7.16,7.22,193016,0
2014-02-12,22:00:00,7.21,7.22,7.15,7.18,318049,0
2014-02-13,16:00:00,7.1,7.21,7.05,7.18,32166,0
2014-02-13,17:00:00,7.18,7.25,7.15,7.25,56517,0
2014-02-13,18:00:00,7.25,7.3,7.24,7.29,59598,0
2014-02-13,19:00:00,7.29,7.34,7.28,7.34,85520,0
2014-02-13,20:00:00,7.33,7.38,7.33,7.37,152570,0
2014-02-13,21:00:00,7.38,7.47,7.38,7.45,243090,0
2014-02-13,22:00:00,7.44,7.47,7.39,7.45,488683,0
2014-02-14,16:00:00,7.43,7.43,7.32,7.38,91205,0
2014-02-14,17:00:00,7.39,7.39,7.25,7.27,107562,0
2014-02-14,18:00:00,7.28,7.32,7.24,7.3,85484,0
2014-02-14,19:00:00,7.3,7.34,7.28,7.3,66536,0
2014-02-14,20:00:00,7.3,7.3,7.23,7.28,95638,0
2014-02-14,21:00:00,7.27,7.32,7.26,7.29,83270,0
2014-02-14,22:00:00,7.29,7.3,7.25,7.27,227700,0
2014-02-18,16:00:00,7.27,7.34,7.24,7.26,50083,0
2014-02-18,17:00:00,7.27,7.33,7.21,7.33,78872,0
2014-02-18,18:00:00,7.32,7.38,7.31,7.31,115229,0
2014-02-18,19:00:00,7.31,7.37,7.31,7.36,32284,0
2014-02-18,20:00:00,7.37,7.37,7.29,7.31,74211,0
2014-02-18,21:00:00,7.3,7.33,7.29,7.32,70165,0
2014-02-18,22:00:00,7.32,7.36,7.32,7.34,460446,0
2014-02-19,16:00:00,7.29,7.35,7.29,7.35,16151,0
2014-02-19,17:00:00,7.36,7.37,7.27,7.31,81435,0
2014-02-19,18:00:00,7.31,7.36,7.28,7.31,80316,0
2014-02-19,19:00:00,7.29,7.31,7.24,7.27,62317,0
2014-02-19,20:00:00,7.27,7.37,7.26,7.37,50191,0
2014-02-19,21:00:00,7.35,7.4,7.33,7.33,72740,0
2014-02-19,22:00:00,7.35,7.36,7.27,7.29,190325,0
2014-02-20,16:00:00,7.29,7.37,7.29,7.33,13571,0
2014-02-20,17:00:00,7.3,7.47,7.3,7.47,89937,0
2014-02-20,18:00:00,7.47,7.52,7.47,7.48,72152,0
2014-02-20,19:00:00,7.47,7.49,7.43,7.43,52393,0
2014-02-20,20:00:00,7.44,7.47,7.42,7.45,55237,0
2014-02-20,21:00:00,7.45,7.49,7.43,7.49,106073,0
2014-02-20,22:00:00,7.5,7.52,7.47,7.5,392907,0
2014-02-21,16:00:00,7.51,7.61,7.5,7.56,26360,0
2014-02-21,17:00:00,7.57,7.59,7.5,7.52,119072,0
2014-02-21,18:00:00,7.52,7.55,7.46,7.53,103292,0
2014-02-21,19:00:00,7.54,7.6,7.53,7.57,98340,0
2014-02-21,20:00:00,7.57,7.62,7.57,7.61,67791,0
2014-02-21,21:00:00,7.61,7.63,7.56,7.61,120192,0
2014-02-21,22:00:00,7.61,7.64,7.6,7.61,304542,0
2014-02-24,16:00:00,7.6,7.68,7.55,7.56,115237,0
2014-02-24,17:00:00,7.56,7.57,7.46,7.48,125673,0
2014-02-24,18:00:00,7.48,7.51,7.46,7.47,88642,0
2014-02-24,19:00:00,7.47,7.56,7.47,7.52,69989,0
2014-02-24,20:00:00,7.52,7.52,7.46,7.46,61988,0
2014-02-24,21:00:00,7.46,7.53,7.45,7.52,137585,0
2014-02-24,22:00:00,7.51,7.52,7.43,7.45,514876,0
2014-02-25,16:00:00,7.42,7.47,7.41,7.43,20882,0
2014-02-25,17:00:00,7.42,7.55,7.42,7.55,84553,0
2014-02-25,18:00:00,7.55,7.61,7.53,7.55,64193,0
2014-02-25,19:00:00,7.55,7.59,7.51,7.53,95556,0
2014-02-25,20:00:00,7.53,7.55,7.45,7.53,167281,0
2014-02-25,21:00:00,7.54,7.58,7.49,7.56,95337,0
2014-02-25,22:00:00,7.56,7.58,7.53,7.57,184144,0
2014-02-26,16:00:00,7.56,7.63,7.52,7.55,33846,0
2014-02-26,17:00:00,7.57,7.68,7.55,7.66,62270,0
2014-02-26,18:00:00,7.67,7.74,7.65,7.71,148555,0
2014-02-26,19:00:00,7.73,7.73,7.7,7.73,68026,0
2014-02-26,20:00:00,7.72,7.91,7.71,7.85,232236,0
2014-02-26,21:00:00,7.86,7.87,7.76,7.78,106953,0
2014-02-26,22:00:00,7.78,7.82,7.78,7.82,317949,0
2014-02-27,16:00:00,7.8,7.89,7.72,7.77,52549,0
2014-02-27,17:00:00,7.81,7.82,7.72,7.76,90121,0
2014-02-27,18:00:00,7.76,7.8,7.65,7.67,111378,0
2014-02-27,19:00:00,7.67,7.74,7.67,7.72,63537,0
2014-02-27,20:00:00,7.71,7.75,7.69,7.7,59259,0
2014-02-27,21:00:00,7.7,7.73,7.67,7.71,49094,0
2014-02-27,22:00:00,7.71,7.8,7.69,7.79,257761,0
2014-02-28,16:00:00,7.75,7.8,7.69,7.72,28723,0
2014-02-28,17:00:00,7.74,7.78,7.68,7.71,55382,0
2014-02-28,18:00:00,7.7,7.74,7.65,7.72,68251,0
2014-02-28,19:00:00,7.73,7.8,7.72,7.76,38069,0
2014-02-28,20:00:00,7.76,7.83,7.76,7.81,51735,0
2014-02-28,21:00:00,7.8,7.86,7.77,7.77,97272,0
2014-02-28,22:00:00,7.78,7.8,7.68,7.8,255443,0
2014-03-03,16:00:00,7.69,7.78,7.6,7.65,93764,0
2014-03-03,17:00:00,7.66,7.69,7.48,7.5,140330,0
2014-03-03,18:00:00,7.5,7.58,7.41,7.42,220654,0
2014-03-03,19:00:00,7.42,7.45,7.35,7.45,175740,0
2014-03-03,20:00:00,7.45,7.58,7.43,7.49,165479,0
2014-03-03,21:00:00,7.49,7.58,7.48,7.56,59972,0
2014-03-03,22:00:00,7.56,7.66,7.53,7.66,313534,0
2014-03-04,16:00:00,7.75,7.91,7.75,7.9,127729,0
2014-03-04,17:00:00,7.9,8,7.84,7.96,359107,0
2014-03-04,18:00:00,7.96,7.98,7.93,7.95,184788,0
2014-03-04,19:00:00,7.95,7.99,7.93,7.99,163868,0
2014-03-04,20:00:00,7.98,7.98,7.86,7.88,162451,0
2014-03-04,21:00:00,7.88,7.9,7.83,7.86,171897,0
2014-03-04,22:00:00,7.86,7.91,7.84,7.88,628368,0
2014-03-05,16:00:00,7.88,7.9,7.78,7.79,48558,0
2014-03-05,17:00:00,7.81,7.89,7.78,7.81,73887,0
2014-03-05,18:00:00,7.81,7.82,7.77,7.79,144052,0
2014-03-05,19:00:00,7.8,7.83,7.79,7.83,103626,0
2014-03-05,20:00:00,7.83,7.85,7.82,7.84,54049,0
2014-03-05,21:00:00,7.84,7.9,7.83,7.85,116856,0
2014-03-05,22:00:00,7.85,7.85,7.78,7.8,587999,0
2014-03-06,16:00:00,7.81,7.86,7.75,7.77,91896,0
2014-03-06,17:00:00,7.76,7.81,7.74,7.8,203899,0
2014-03-06,18:00:00,7.8,7.8,7.74,7.75,91710,0
2014-03-06,19:00:00,7.75,7.8,7.72,7.8,181701,0
2014-03-06,20:00:00,7.8,7.81,7.73,7.74,346294,0
2014-03-06,21:00:00,7.74,7.79,7.74,7.76,191168,0
2014-03-06,22:00:00,7.75,7.77,7.67,7.69,868813,0
2014-03-07,16:00:00,7.57,7.69,7.26,7.46,770827,0
2014-03-07,17:00:00,7.45,7.89,7.42,7.8,765359,0
2014-03-07,18:00:00,7.79,7.9,7.65,7.71,484651,0
2014-03-07,19:00:00,7.71,7.81,7.68,7.8,202465,0
2014-03-07,20:00:00,7.79,7.8,7.74,7.76,187430,0
2014-03-07,21:00:00,7.75,7.77,7.67,7.68,221182,0
2014-03-07,22:00:00,7.68,7.71,7.59,7.63,809524,0
2014-03-10,15:00:00,7.63,7.69,7.57,7.67,122237,0
2014-03-10,16:00:00,7.67,7.71,7.64,7.69,214505,0
2014-03-10,17:00:00,7.68,7.81,7.67,7.75,146268,0
2014-03-10,18:00:00,7.75,7.76,7.72,7.75,144243,0
2014-03-10,19:00:00,7.75,7.76,7.71,7.71,140572,0
2014-03-10,20:00:00,7.72,7.79,7.69,7.78,141408,0
2014-03-10,21:00:00,7.79,7.79,7.69,7.75,470195,0
2014-03-11,15:00:00,7.78,7.81,7.69,7.78,71422,0
2014-03-11,16:00:00,7.79,7.87,7.76,7.83,112491,0
2014-03-11,17:00:00,7.84,7.94,7.78,7.92,194923,0
2014-03-11,18:00:00,7.91,7.97,7.91,7.96,848237,0
2014-03-11,19:00:00,7.96,8.11,7.96,8.11,463063,0
2014-03-11,20:00:00,8.11,8.28,8.11,8.14,487489,0
2014-03-11,21:00:00,8.14,8.21,8.1,8.17,1245216,0
2014-03-12,15:00:00,8.12,8.12,8,8.05,50582,0
2014-03-12,16:00:00,8.05,8.08,7.98,8.07,283433,0
2014-03-12,17:00:00,8.07,8.07,7.97,8,266649,0
2014-03-12,18:00:00,8,8.04,8,8.01,86607,0
2014-03-12,19:00:00,8.01,8.03,8,8.03,97178,0
2014-03-12,20:00:00,8.03,8.06,7.98,7.99,104532,0
2014-03-12,21:00:00,7.99,8.01,7.96,8,764849,0
2014-03-13,15:00:00,8.03,8.08,8,8.08,51041,0
2014-03-13,16:00:00,8.1,8.11,8,8,115561,0
2014-03-13,17:00:00,8,8.06,8,8.06,138317,0
2014-03-13,18:00:00,8.05,8.05,7.99,8,91484,0
2014-03-13,19:00:00,8,8,7.94,7.99,65955,0
2014-03-13,20:00:00,7.98,7.99,7.94,7.96,170229,0
2014-03-13,21:00:00,7.96,7.96,7.91,7.93,378693,0
2014-03-14,15:00:00,7.91,8.03,7.86,8.01,69283,0
2014-03-14,16:00:00,8,8.09,7.99,8.02,91722,0
2014-03-14,17:00:00,8.02,8.03,7.96,8.02,167775,0
2014-03-14,18:00:00,8.02,8.02,7.92,7.94,61056,0
2014-03-14,19:00:00,7.94,7.97,7.91,7.96,57834,0
2014-03-14,20:00:00,7.96,7.99,7.89,7.9,61048,0
2014-03-14,21:00:00,7.9,7.95,7.9,7.92,229695,0
2014-03-17,15:00:00,8,8.19,8,8.14,85221,0
2014-03-17,16:00:00,8.15,8.15,8.04,8.07,66772,0
2014-03-17,17:00:00,8.06,8.08,8.03,8.06,72448,0
2014-03-17,18:00:00,8.06,8.11,8.04,8.1,57011,0
2014-03-17,19:00:00,8.1,8.14,8.1,8.12,85042,0
2014-03-17,20:00:00,8.12,8.13,8.07,8.11,65209,0
2014-03-17,21:00:00,8.1,8.17,8.09,8.16,566164,0
2014-03-18,15:00:00,8.17,8.2,8.13,8.15,47960,0
2014-03-18,16:00:00,8.15,8.24,8.13,8.23,104623,0
2014-03-18,17:00:00,8.23,8.25,8.22,8.25,85633,0
2014-03-18,18:00:00,8.24,8.25,8.2,8.24,62528,0
2014-03-18,19:00:00,8.24,8.25,8.21,8.25,82329,0
2014-03-18,20:00:00,8.25,8.25,8.18,8.21,235026,0
2014-03-18,21:00:00,8.22,8.25,8.2,8.25,418850,0
2014-03-19,15:00:00,8.24,8.25,8.18,8.22,46530,0
2014-03-19,16:00:00,8.22,8.22,8.09,8.09,140272,0
2014-03-19,17:00:00,8.1,8.11,8.03,8.1,115011,0
2014-03-19,18:00:00,8.1,8.1,8.06,8.1,64376,0
2014-03-19,19:00:00,8.1,8.1,8.07,8.1,58896,0
2014-03-19,20:00:00,8.09,8.11,8.06,8.1,138569,0
2014-03-19,21:00:00,8.1,8.11,8.03,8.11,390005,0
2014-03-20,15:00:00,8.07,8.14,8.05,8.11,62788,0
2014-03-20,16:00:00,8.12,8.2,8.11,8.19,83013,0
2014-03-20,17:00:00,8.19,8.24,8.14,8.15,360747,0
2014-03-20,18:00:00,8.14,8.16,8.1,8.12,76473,0
2014-03-20,19:00:00,8.12,8.15,8.1,8.15,134238,0
2014-03-20,20:00:00,8.15,8.18,8.12,8.15,104531,0
2014-03-20,21:00:00,8.15,8.19,8.1,8.13,522934,0
2014-03-21,15:00:00,8.17,8.18,8.08,8.13,25266,0
2014-03-21,16:00:00,8.12,8.21,8.09,8.18,101878,0
2014-03-21,17:00:00,8.18,8.24,8.16,8.22,117648,0
2014-03-21,18:00:00,8.22,8.24,8.16,8.18,102850,0
2014-03-21,19:00:00,8.19,8.19,8.09,8.11,117891,0
2014-03-21,20:00:00,8.12,8.13,8.04,8.08,102202,0
2014-03-21,21:00:00,8.09,8.11,8.01,8.08,742981,0
2014-03-24,15:00:00,8.11,8.16,8.08,8.12,84403,0
2014-03-24,16:00:00,8.11,8.12,7.93,7.95,248962,0
2014-03-24,17:00:00,7.94,7.95,7.9,7.94,224203,0
2014-03-24,18:00:00,7.93,7.99,7.92,7.92,140164,0
2014-03-24,19:00:00,7.92,8.02,7.92,8.02,154705,0
2014-03-24,20:00:00,8.03,8.03,7.99,8,132429,0
2014-03-24,21:00:00,8,8.02,7.96,7.99,418630,0
2014-03-25,15:00:00,8.06,8.12,8,8.08,65010,0
2014-03-25,16:00:00,8.08,8.11,7.94,7.97,269370,0
2014-03-25,17:00:00,7.96,7.96,7.81,7.83,128059,0
2014-03-25,18:00:00,7.83,7.86,7.77,7.86,78457,0
2014-03-25,19:00:00,7.86,7.93,7.85,7.91,93694,0
2014-03-25,20:00:00,7.92,7.93,7.84,7.85,92194,0
2014-03-25,21:00:00,7.84,7.85,7.76,7.79,388079,0
2014-03-26,15:00:00,7.81,7.93,7.81,7.82,49811,0
2014-03-26,16:00:00,7.81,7.95,7.81,7.82,193624,0
2014-03-26,17:00:00,7.81,7.92,7.81,7.87,140246,0
2014-03-26,18:00:00,7.87,7.88,7.85,7.86,118622,0
2014-03-26,19:00:00,7.87,7.88,7.67,7.7,261380,0
2014-03-26,20:00:00,7.7,7.71,7.62,7.64,356064,0
2014-03-26,21:00:00,7.64,7.65,7.57,7.58,391021,0
2014-03-27,15:00:00,7.58,7.59,7.48,7.57,60612,0
2014-03-27,16:00:00,7.56,7.68,7.51,7.51,363898,0
2014-03-27,17:00:00,7.51,7.51,7.32,7.36,257645,0
2014-03-27,18:00:00,7.36,7.42,7.34,7.35,116186,0
2014-03-27,19:00:00,7.34,7.41,7.29,7.4,385934,0
2014-03-27,20:00:00,7.39,7.4,7.31,7.34,233864,0
2014-03-27,21:00:00,7.34,7.37,7.31,7.32,622465,0
2014-03-28,15:00:00,7.34,7.49,7.32,7.44,66175,0
2014-03-28,16:00:00,7.44,7.48,7.41,7.43,132569,0
2014-03-28,17:00:00,7.44,7.46,7.4,7.42,129626,0
2014-03-28,18:00:00,7.42,7.47,7.41,7.43,156365,0
2014-03-28,19:00:00,7.42,7.43,7.34,7.35,203320,0
2014-03-28,20:00:00,7.35,7.37,7.3,7.36,127576,0
2014-03-28,21:00:00,7.36,7.37,7.32,7.36,336943,0
2014-03-31,16:00:00,7.42,7.42,7.29,7.3,427631,0
2014-03-31,17:00:00,7.3,7.33,7.18,7.2,427581,0
2014-03-31,18:00:00,7.2,7.2,7.11,7.13,144919,0
2014-03-31,19:00:00,7.13,7.34,7.13,7.34,154095,0
2014-03-31,20:00:00,7.34,7.48,7.34,7.43,184207,0
2014-03-31,21:00:00,7.43,7.47,7.43,7.44,121504,0
2014-03-31,22:00:00,7.44,7.53,7.44,7.51,1191455,0
2014-04-01,16:00:00,7.51,7.58,7.43,7.46,144497,0
2014-04-01,17:00:00,7.47,7.84,7.46,7.82,1415961,0
2014-04-01,18:00:00,7.82,7.83,7.65,7.67,484631,0
2014-04-01,19:00:00,7.67,7.73,7.66,7.72,137948,0
2014-04-01,20:00:00,7.73,7.81,7.72,7.78,231910,0
2014-04-01,21:00:00,7.78,7.83,7.75,7.78,164970,0
2014-04-01,22:00:00,7.78,7.89,7.77,7.87,652190,0
2014-04-02,16:00:00,7.87,7.92,7.81,7.85,107510,0
2014-04-02,17:00:00,7.86,7.98,7.82,7.83,274285,0
2014-04-02,18:00:00,7.84,7.88,7.77,7.8,147847,0
2014-04-02,19:00:00,7.8,7.83,7.77,7.81,62445,0
2014-04-02,20:00:00,7.81,7.82,7.75,7.77,56368,0
2014-04-02,21:00:00,7.77,7.78,7.74,7.75,70002,0
2014-04-02,22:00:00,7.75,7.8,7.72,7.77,307121,0
2014-04-03,16:00:00,7.75,7.77,7.69,7.74,21525,0
2014-04-03,17:00:00,7.74,7.81,7.73,7.79,138316,0
2014-04-03,18:00:00,7.79,7.8,7.68,7.72,219010,0
2014-04-03,19:00:00,7.71,7.78,7.67,7.7,171094,0
2014-04-03,20:00:00,7.7,7.71,7.63,7.64,119164,0
2014-04-03,21:00:00,7.64,7.64,7.55,7.58,105591,0
2014-04-03,22:00:00,7.57,7.63,7.54,7.61,280079,0
2014-04-04,16:00:00,7.69,7.71,7.52,7.56,44405,0
2014-04-04,17:00:00,7.55,7.63,7.49,7.51,55793,0
2014-04-04,18:00:00,7.51,7.52,7.26,7.26,157697,0
2014-04-04,19:00:00,7.26,7.27,7.19,7.19,198281,0
2014-04-04,20:00:00,7.19,7.34,7.16,7.33,245538,0
2014-04-04,21:00:00,7.33,7.42,7.32,7.33,170430,0
2014-04-04,22:00:00,7.33,7.34,7.27,7.28,447281,0
2014-04-07,16:00:00,7.21,7.27,7.11,7.16,99416,0
2014-04-07,17:00:00,7.17,7.18,7.07,7.08,213736,0
2014-04-07,18:00:00,7.08,7.1,7,7.05,287790,0
2014-04-07,19:00:00,7.05,7.07,7.01,7.01,555388,0
2014-04-07,20:00:00,7.01,7.02,6.89,6.91,250615,0
2014-04-07,21:00:00,6.91,6.92,6.8,6.89,388843,0
2014-04-07,22:00:00,6.89,6.9,6.8,6.82,523744,0
2014-04-08,16:00:00,6.8,6.94,6.8,6.91,188541,0
2014-04-08,17:00:00,6.91,6.97,6.9,6.97,206126,0
2014-04-08,18:00:00,6.96,7.03,6.92,6.94,199760,0
2014-04-08,19:00:00,6.94,6.95,6.84,6.86,137977,0
2014-04-08,20:00:00,6.86,6.87,6.81,6.86,186136,0
2014-04-08,21:00:00,6.86,6.86,6.79,6.86,209828,0
2014-04-08,22:00:00,6.85,6.93,6.84,6.89,550519,0
2014-04-09,16:00:00,6.91,7,6.85,6.87,48409,0
2014-04-09,17:00:00,6.86,6.92,6.86,6.88,172835,0
2014-04-09,18:00:00,6.88,6.96,6.85,6.96,118247,0
2014-04-09,19:00:00,6.96,7.01,6.94,6.99,145787,0
2014-04-09,20:00:00,6.99,7.02,6.98,7,159765,0
2014-04-09,21:00:00,7,7.07,7,7.02,392619,0
2014-04-09,22:00:00,7.03,7.1,6.99,7.02,715816,0
2014-04-10,16:00:00,7.01,7.08,6.98,7.02,89506,0
2014-04-10,17:00:00,7.02,7.03,6.88,6.88,225497,0
2014-04-10,18:00:00,6.87,6.92,6.83,6.9,143165,0
2014-04-10,19:00:00,6.9,6.93,6.89,6.9,88982,0
2014-04-10,20:00:00,6.9,6.92,6.8,6.85,134889,0
2014-04-10,21:00:00,6.84,6.87,6.74,6.77,103989,0
2014-04-10,22:00:00,6.77,6.82,6.74,6.77,765636,0
2014-04-11,16:00:00,6.67,6.82,6.67,6.81,110152,0
2014-04-11,17:00:00,6.8,6.82,6.66,6.66,493464,0
2014-04-11,18:00:00,6.66,6.68,6.57,6.66,370726,0
2014-04-11,19:00:00,6.66,6.71,6.64,6.67,201799,0
2014-04-11,20:00:00,6.66,6.69,6.6,6.61,256673,0
2014-04-11,21:00:00,6.61,6.69,6.59,6.61,425749,0
2014-04-11,22:00:00,6.6,6.63,6.5,6.51,809093,0
2014-04-14,16:00:00,6.63,6.71,6.53,6.55,60150,0
2014-04-14,17:00:00,6.54,6.61,6.53,6.59,168189,0
2014-04-14,18:00:00,6.6,6.6,6.5,6.51,151530,0
2014-04-14,19:00:00,6.5,6.53,6.49,6.49,500163,0
2014-04-14,20:00:00,6.5,6.5,6.35,6.37,194164,0
2014-04-14,21:00:00,6.38,6.39,6.29,6.3,211219,0
2014-04-14,22:00:00,6.3,6.39,6.21,6.35,892581,0
2014-04-15,16:00:00,6.36,6.59,6.36,6.58,123140,0
2014-04-15,17:00:00,6.58,6.63,6.36,6.39,527599,0
2014-04-15,18:00:00,6.38,6.44,6.36,6.4,312871,0
2014-04-15,19:00:00,6.39,6.4,6.27,6.27,248905,0
2014-04-15,20:00:00,6.27,6.38,6.23,6.38,469265,0
2014-04-15,21:00:00,6.38,6.42,6.31,6.34,258458,0
2014-04-15,22:00:00,6.34,6.4,6.31,6.37,477877,0
2014-04-16,16:00:00,6.44,6.54,6.37,6.4,119368,0
2014-04-16,17:00:00,6.4,6.43,6.31,6.32,138136,0
2014-04-16,18:00:00,6.31,6.37,6.3,6.36,74567,0
2014-04-16,19:00:00,6.35,6.4,6.34,6.34,58835,0
2014-04-16,20:00:00,6.34,6.37,6.3,6.37,68389,0
2014-04-16,21:00:00,6.38,6.42,6.35,6.4,92720,0
2014-04-16,22:00:00,6.41,6.42,6.38,6.42,221108,0
2014-04-17,16:00:00,6.38,6.49,6.38,6.48,75049,0
2014-04-17,17:00:00,6.48,6.57,6.47,6.54,121737,0
2014-04-17,18:00:00,6.55,6.61,6.44,6.44,220220,0
2014-04-17,19:00:00,6.44,6.48,6.41,6.41,52395,0
2014-04-17,20:00:00,6.41,6.51,6.41,6.47,150141,0
2014-04-17,21:00:00,6.47,6.51,6.46,6.47,65357,0
2014-04-17,22:00:00,6.47,6.5,6.46,6.5,182567,0
2014-04-21,16:00:00,6.48,6.55,6.4,6.4,93463,0
2014-04-21,17:00:00,6.41,6.44,6.33,6.34,136484,0
2014-04-21,18:00:00,6.35,6.4,6.31,6.34,139196,0
2014-04-21,19:00:00,6.34,6.38,6.33,6.37,59958,0
2014-04-21,20:00:00,6.38,6.41,6.37,6.41,27684,0
2014-04-21,21:00:00,6.41,6.46,6.4,6.44,59283,0
2014-04-21,22:00:00,6.43,6.44,6.4,6.42,120629,0
2014-04-22,16:00:00,6.48,6.51,6.44,6.45,25045,0
2014-04-22,17:00:00,6.46,6.57,6.45,6.57,124768,0
2014-04-22,18:00:00,6.56,6.69,6.56,6.66,147043,0
2014-04-22,19:00:00,6.66,6.7,6.64,6.65,107482,0
2014-04-22,20:00:00,6.66,6.7,6.65,6.69,67967,0
2014-04-22,21:00:00,6.69,6.73,6.68,6.71,76330,0
2014-04-22,22:00:00,6.72,6.72,6.66,6.67,360462,0
2014-04-23,16:00:00,6.66,6.67,6.59,6.63,41372,0
2014-04-23,17:00:00,6.61,6.65,6.52,6.64,134461,0
2014-04-23,18:00:00,6.64,6.65,6.56,6.56,30589,0
2014-04-23,19:00:00,6.56,6.57,6.51,6.53,62781,0
2014-04-23,20:00:00,6.52,6.56,6.51,6.56,77375,0
2014-04-23,21:00:00,6.56,6.57,6.52,6.53,42926,0
2014-04-23,22:00:00,6.52,6.53,6.51,6.52,383546,0
2014-04-24,16:00:00,6.56,6.62,6.37,6.42,68850,0
2014-04-24,17:00:00,6.42,6.5,6.32,6.5,494962,0
2014-04-24,18:00:00,6.5,6.51,6.41,6.43,231751,0
2014-04-24,19:00:00,6.43,6.47,6.4,6.47,129092,0
2014-04-24,20:00:00,6.48,6.48,6.39,6.4,87253,0
2014-04-24,21:00:00,6.41,6.41,6.37,6.38,83690,0
2014-04-24,22:00:00,6.39,6.47,6.38,6.45,280808,0
2014-04-25,16:00:00,6.43,6.48,6.37,6.38,45712,0
2014-04-25,17:00:00,6.38,6.41,6.35,6.36,113124,0
2014-04-25,18:00:00,6.36,6.4,6.33,6.38,105174,0
2014-04-25,19:00:00,6.38,6.44,6.36,6.43,126946,0
2014-04-25,20:00:00,6.42,6.42,6.35,6.36,133982,0
2014-04-25,21:00:00,6.36,6.38,6.34,6.35,102119,0
2014-04-25,22:00:00,6.35,6.41,6.34,6.39,232355,0
2014-04-28,16:00:00,6.44,6.46,6.33,6.42,142503,0
2014-04-28,17:00:00,6.42,6.49,6.4,6.44,279539,0
2014-04-28,18:00:00,6.45,6.46,6.18,6.2,284132,0
2014-04-28,19:00:00,6.21,6.22,6.14,6.22,133194,0
2014-04-28,20:00:00,6.22,6.24,6.18,6.23,236293,0
2014-04-28,21:00:00,6.22,6.34,6.2,6.3,197131,0
2014-04-28,22:00:00,6.29,6.38,6.29,6.34,320211,0
2014-04-29,16:00:00,6.43,6.43,6.31,6.4,158768,0
2014-04-29,17:00:00,6.39,6.45,6.35,6.42,81147,0
2014-04-29,18:00:00,6.42,6.43,6.37,6.38,77544,0
2014-04-29,19:00:00,6.39,6.41,6.35,6.38,83507,0
2014-04-29,20:00:00,6.38,6.41,6.35,6.38,73438,0
2014-04-29,21:00:00,6.38,6.39,6.36,6.38,86237,0
2014-04-29,22:00:00,6.37,6.39,6.36,6.37,606711,0
2014-04-30,16:00:00,6.33,6.38,6.28,6.35,86479,0
2014-04-30,17:00:00,6.35,6.45,6.32,6.41,156151,0
2014-04-30,18:00:00,6.41,6.41,6.35,6.39,59197,0
2014-04-30,19:00:00,6.39,6.45,6.38,6.43,67163,0
2014-04-30,20:00:00,6.43,6.53,6.43,6.5,120218,0
2014-04-30,21:00:00,6.49,6.51,6.42,6.42,260581,0
2014-04-30,22:00:00,6.43,6.44,6.38,6.42,932652,0
2014-05-01,16:00:00,6.38,6.43,6.29,6.31,133506,0
2014-05-01,17:00:00,6.33,6.68,6.32,6.66,591112,0
2014-05-01,18:00:00,6.66,6.69,6.64,6.64,331667,0
2014-05-01,19:00:00,6.65,6.68,6.62,6.65,371958,0
2014-05-01,20:00:00,6.66,6.66,6.55,6.57,168225,0
2014-05-01,21:00:00,6.56,6.68,6.54,6.66,259991,0
2014-05-01,22:00:00,6.66,6.68,6.65,6.68,438386,0
2014-05-02,16:00:00,6.74,6.77,6.7,6.71,233829,0
2014-05-02,17:00:00,6.72,6.86,6.71,6.82,243102,0
2014-05-02,18:00:00,6.81,6.89,6.8,6.86,166319,0
2014-05-02,19:00:00,6.86,6.89,6.82,6.84,191922,0
2014-05-02,20:00:00,6.84,6.85,6.69,6.7,164612,0
2014-05-02,21:00:00,6.69,6.72,6.67,6.69,114237,0
2014-05-02,22:00:00,6.69,6.69,6.62,6.64,356946,0
2014-05-05,16:00:00,6.57,6.62,6.5,6.62,98064,0
2014-05-05,17:00:00,6.62,6.71,6.59,6.69,86928,0
2014-05-05,18:00:00,6.69,6.7,6.63,6.66,70304,0
2014-05-05,19:00:00,6.66,6.8,6.66,6.77,321785,0
2014-05-05,20:00:00,6.77,6.78,6.68,6.71,94841,0
2014-05-05,21:00:00,6.71,6.81,6.71,6.81,101813,0
2014-05-05,22:00:00,6.81,6.81,6.77,6.78,233493,0
2014-05-06,16:00:00,6.76,6.78,6.6,6.72,55338,0
2014-05-06,17:00:00,6.72,6.81,6.67,6.74,148278,0
2014-05-06,18:00:00,6.73,6.78,6.72,6.78,142900,0
2014-05-06,19:00:00,6.77,6.78,6.68,6.7,75702,0
2014-05-06,20:00:00,6.69,6.69,6.59,6.6,186947,0
2014-05-06,21:00:00,6.6,6.63,6.59,6.59,226808,0
2014-05-06,22:00:00,6.59,6.62,6.56,6.56,377352,0
2014-05-07,16:00:00,6.54,6.57,6.39,6.4,83527,0
2014-05-07,17:00:00,6.4,6.41,6.27,6.32,149144,0
2014-05-07,18:00:00,6.32,6.37,6.25,6.35,87860,0
2014-05-07,19:00:00,6.35,6.36,6.29,6.3,101891,0
2014-05-07,20:00:00,6.3,6.37,6.25,6.35,176538,0
2014-05-07,21:00:00,6.34,6.54,6.34,6.54,608259,0
2014-05-07,22:00:00,6.53,6.54,6.5,6.53,692072,0
