Date,Time,Open,High,Low,Close,Volume,OpenInt
2014-02-10,16:00:00,48.5141,48.7523,48.3949,48.7126,143771,0
2014-02-10,17:00:00,48.7324,48.8516,48.6431,48.7324,196769,0
2014-02-10,18:00:00,48.7225,48.9111,48.6878,48.8515,139449,0
2014-02-10,19:00:00,48.8416,48.9111,48.8019,48.8516,117661,0
2014-02-10,20:00:00,48.8416,48.8714,48.7523,48.8714,136643,0
2014-02-10,21:00:00,48.8714,48.9558,48.8516,48.9211,139917,0
2014-02-10,22:00:00,48.9211,48.9409,48.792,48.8615,539697,0
2014-02-11,16:00:00,48.9608,49.1295,48.8283,48.9708,121358,0
2014-02-11,17:00:00,48.9906,49.2487,48.951,49.0551,209816,0
2014-02-11,18:00:00,49.0601,49.1593,49.0005,49.1494,181905,0
2014-02-11,19:00:00,49.1494,49.2189,49.1097,49.2189,123472,0
2014-02-11,20:00:00,49.2189,49.3479,49.2189,49.338,149442,0
2014-02-11,21:00:00,49.3479,49.4472,49.3082,49.4274,139947,0
2014-02-11,22:00:00,49.4373,49.5266,49.3876,49.3876,596934,0
2014-02-12,16:00:00,49.5961,49.745,49.3579,49.7252,195336,0
2014-02-12,17:00:00,49.7351,49.8244,49.5763,49.5961,219019,0
2014-02-12,18:00:00,49.5961,49.6358,49.4274,49.5167,183257,0
2014-02-12,19:00:00,49.5266,49.616,49.4968,49.5763,191317,0
2014-02-12,20:00:00,49.5663,49.6234,49.5266,49.5564,272114,0
2014-02-12,21:00:00,49.5663,49.5763,49.4869,49.5465,308326,0
2014-02-12,22:00:00,49.5465,49.5961,49.5068,49.5266,454382,0
2014-02-13,16:00:00,49.2884,49.8542,49.2685,49.8542,181300,0
2014-02-13,17:00:00,49.8542,50.2116,49.8244,50.2116,281215,0
2014-02-13,18:00:00,50.2116,50.3009,50.1123,50.1223,437451,0
2014-02-13,19:00:00,50.1223,50.152,50.0801,50.1024,209429,0
2014-02-13,20:00:00,50.1322,50.2811,50.1223,50.2414,238226,0
2014-02-13,21:00:00,50.2513,50.3208,50.1471,50.2811,324560,0
2014-02-13,22:00:00,50.2811,50.3307,50.2116,50.3208,484415,0
2014-02-14,16:00:00,50.0726,50.2414,49.9039,49.9833,193091,0
2014-02-14,17:00:00,49.9982,50.2513,49.9138,50.152,510472,0
2014-02-14,18:00:00,50.152,50.5193,50.152,50.4995,250775,0
2014-02-14,19:00:00,50.5094,50.6087,50.4598,50.5888,160564,0
2014-02-14,20:00:00,50.5789,50.6186,50.5491,50.5591,202540,0
2014-02-14,21:00:00,50.569,50.5988,50.4498,50.4697,271128,0
2014-02-14,22:00:00,50.4796,50.5094,50.3704,50.4002,776269,0
2014-02-18,16:00:00,50.3804,50.8867,50.2116,50.837,583658,0
2014-02-18,17:00:00,50.8271,50.9661,50.569,50.7328,644768,0
2014-02-18,18:00:00,50.7328,50.7407,50.5591,50.5789,479394,0
2014-02-18,19:00:00,50.5789,50.6782,50.569,50.6385,247178,0
2014-02-18,20:00:00,50.6385,50.6484,50.569,50.6484,337896,0
2014-02-18,21:00:00,50.6434,50.6881,50.5491,50.569,588655,0
2014-02-18,22:00:00,50.5789,50.9661,50.569,50.8569,4117670,0
2014-02-19,16:00:00,51.4624,51.9489,51.0356,51.9091,924166,0
2014-02-19,17:00:00,51.8992,51.9985,51.6411,51.7682,772413,0
2014-02-19,18:00:00,51.7702,51.8198,51.6411,51.661,544970,0
2014-02-19,19:00:00,51.651,51.651,51.4326,51.5716,529253,0
2014-02-19,20:00:00,51.5816,51.6362,51.3929,51.3929,326461,0
2014-02-19,21:00:00,51.383,51.5716,51.2291,51.2738,465861,0
2014-02-19,22:00:00,51.2738,51.3632,51.0852,51.1944,830923,0
2014-02-20,16:00:00,51.3532,51.4922,51.0951,51.0951,136539,0
2014-02-20,17:00:00,51.1745,51.2242,50.9264,50.9462,349770,0
2014-02-20,18:00:00,50.9561,50.9561,50.6782,50.6881,459134,0
2014-02-20,19:00:00,50.6931,51.0157,50.6385,50.9852,525606,0
2014-02-20,20:00:00,50.9859,51.0256,50.7973,50.8072,289124,0
2014-02-20,21:00:00,50.7973,51.0356,50.7477,50.8569,432228,0
2014-02-20,22:00:00,50.8569,51.2242,50.837,51.0256,1389148,0
2014-02-21,16:00:00,50.9859,51.105,50.7775,50.9958,157036,0
2014-02-21,17:00:00,51.0157,51.2043,50.9462,51.105,223461,0
2014-02-21,18:00:00,51.115,51.2242,51.0455,51.0951,315710,0
2014-02-21,19:00:00,51.0951,51.1944,51.0554,51.0852,124718,0
2014-02-21,20:00:00,51.0852,51.1547,50.9264,51.0256,299075,0
2014-02-21,21:00:00,51.0256,51.0256,50.7179,50.7973,194852,0
2014-02-21,22:00:00,50.7973,50.9065,50.7278,50.7477,425948,0
2014-02-24,16:00:00,50.9164,51.1745,50.8668,51.1547,100733,0
2014-02-24,17:00:00,51.1745,51.2341,50.9363,50.9363,275485,0
2014-02-24,18:00:00,50.9363,51.1249,50.9164,51.0951,125338,0
2014-02-24,19:00:00,51.0951,51.105,50.8172,50.8668,208809,0
2014-02-24,20:00:00,50.8618,50.8668,50.7377,50.837,166465,0
2014-02-24,21:00:00,50.837,50.9363,50.7874,50.7874,258752,0
2014-02-24,22:00:00,50.7874,50.7973,50.5789,50.5888,506966,0
2014-02-25,16:00:00,50.6186,50.6683,50.1421,50.162,145545,0
2014-02-25,17:00:00,50.1719,50.4002,50.1223,50.3506,563562,0
2014-02-25,18:00:00,50.3605,50.6583,50.3208,50.3704,278993,0
2014-02-25,19:00:00,50.3704,50.4101,50.2414,50.3853,386941,0
2014-02-25,20:00:00,50.3903,50.4598,50.2811,50.3208,205441,0
2014-02-25,21:00:00,50.3208,50.4101,50.2811,50.3853,222085,0
2014-02-25,22:00:00,50.3903,50.4449,50.3208,50.43,550868,0
2014-02-26,16:00:00,50.5997,51.03,50.555,50.76,158273,0
2014-02-26,17:00:00,50.78,51.36,50.76,51.06,324284,0
2014-02-26,18:00:00,51.07,51.15,51,51.04,200467,0
2014-02-26,19:00:00,51.03,51.17,51,51.14,134537,0
2014-02-26,20:00:00,51.14,51.14,50.94,50.95,152433,0
2014-02-26,21:00:00,50.955,50.97,50.72,50.83,237342,0
2014-02-26,22:00:00,50.83,50.875,50.73,50.84,306272,0
2014-02-27,16:00:00,50.84,51.2,50.77,51.015,160865,0
2014-02-27,17:00:00,51.02,51.07,50.75,50.9451,179595,0
2014-02-27,18:00:00,50.95,51.03,50.825,50.83,161030,0
2014-02-27,19:00:00,50.85,50.92,50.79,50.86,144081,0
2014-02-27,20:00:00,50.85,50.98,50.83,50.95,147767,0
2014-02-27,21:00:00,50.95,51,50.835,50.88,143941,0
2014-02-27,22:00:00,50.89,51.04,50.86,51.03,502698,0
2014-02-28,16:00:00,51.15,51.15,50.66,50.845,233687,0
2014-02-28,17:00:00,50.85,50.99,50.8,50.845,364929,0
2014-02-28,18:00:00,50.85,50.96,50.805,50.95,220765,0
2014-02-28,19:00:00,50.95,50.96,50.82,50.85,255668,0
2014-02-28,20:00:00,50.85,50.87,50.64,50.69,197401,0
2014-02-28,21:00:00,50.69,50.85,50.66,50.685,170153,0
2014-02-28,22:00:00,50.69,50.85,50.48,50.82,492981,0
2014-03-03,16:00:00,50.47,50.78,50.28,50.71,184495,0
2014-03-03,17:00:00,50.72,50.78,50.3864,50.6,218323,0
2014-03-03,18:00:00,50.6,50.6,50.25,50.28,119497,0
2014-03-03,19:00:00,50.28,50.51,50.23,50.505,128742,0
2014-03-03,20:00:00,50.5,50.6,50.43,50.55,83206,0
2014-03-03,21:00:00,50.55,50.67,50.49,50.55,93153,0
2014-03-03,22:00:00,50.55,50.6,50.39,50.58,429264,0
2014-03-04,16:00:00,50.94,51.26,50.86,51.18,106449,0
2014-03-04,17:00:00,51.2,51.405,51.19,51.34,173524,0
2014-03-04,18:00:00,51.34,51.42,51.16,51.22,343678,0
2014-03-04,19:00:00,51.22,51.265,51.11,51.14,119640,0
2014-03-04,20:00:00,51.13,51.24,51.08,51.13,271794,0
2014-03-04,21:00:00,51.12,51.15,51.04,51.13,194508,0
2014-03-04,22:00:00,51.14,51.24,51.08,51.2,528303,0
2014-03-05,16:00:00,51.26,51.27,50.86,51.06,94768,0
2014-03-05,17:00:00,51.07,51.28,51.01,51.08,179458,0
2014-03-05,18:00:00,51.09,51.28,51.09,51.2599,140474,0
2014-03-05,19:00:00,51.25,51.26,51.12,51.15,97607,0
2014-03-05,20:00:00,51.14,51.16,51.01,51.03,110050,0
2014-03-05,21:00:00,51.03,51.08,50.98,51.08,96416,0
2014-03-05,22:00:00,51.08,51.25,51,51.24,377238,0
2014-03-06,16:00:00,51.29,51.4,51.15,51.24,79446,0
2014-03-06,17:00:00,51.24,51.27,51.09,51.19,166344,0
2014-03-06,18:00:00,51.18,51.38,51.075,51.32,163298,0
2014-03-06,19:00:00,51.29,51.355,51.21,51.25,81575,0
2014-03-06,20:00:00,51.25,51.31,51.22,51.25,131612,0
2014-03-06,21:00:00,51.25,51.535,51.24,51.51,248587,0
2014-03-06,22:00:00,51.51,51.62,51.47,51.58,365477,0
2014-03-07,16:00:00,51.65,51.68,51.26,51.45,103976,0
2014-03-07,17:00:00,51.44,51.63,51.36,51.62,286121,0
2014-03-07,18:00:00,51.61,51.81,51.52,51.8,283985,0
2014-03-07,19:00:00,51.805,51.825,51.71,51.775,308444,0
2014-03-07,20:00:00,51.77,51.775,51.64,51.74,214534,0
2014-03-07,21:00:00,51.735,51.7372,51.625,51.705,267688,0
2014-03-07,22:00:00,51.705,51.83,51.67,51.83,700776,0
2014-03-10,15:00:00,51.9,51.9,51.68,51.7601,91286,0
2014-03-10,16:00:00,51.79,51.815,51.57,51.665,314770,0
2014-03-10,17:00:00,51.665,51.815,51.625,51.7,214216,0
2014-03-10,18:00:00,51.69,51.75,51.65,51.73,128006,0
2014-03-10,19:00:00,51.74,51.74,51.59,51.61,135209,0
2014-03-10,20:00:00,51.6,51.67,51.55,51.665,291209,0
2014-03-10,21:00:00,51.66,51.8,51.595,51.8,719409,0
2014-03-11,15:00:00,51.85,51.89,51.48,51.67,66405,0
2014-03-11,16:00:00,51.68,51.93,51.59,51.885,128370,0
2014-03-11,17:00:00,51.89,51.93,51.77,51.83,149450,0
2014-03-11,18:00:00,51.83,51.83,51.5851,51.5851,136312,0
2014-03-11,19:00:00,51.59,51.68,51.53,51.67,187360,0
2014-03-11,20:00:00,51.67,51.67,51.45,51.51,274120,0
2014-03-11,21:00:00,51.51,51.53,51.37,51.52,711701,0
2014-03-12,15:00:00,51.22,51.55,51.13,51.28,81221,0
2014-03-12,16:00:00,51.27,51.6,51.24,51.57,156364,0
2014-03-12,17:00:00,51.58,51.73,51.52,51.5963,269248,0
2014-03-12,18:00:00,51.59,51.67,51.57,51.64,201523,0
2014-03-12,19:00:00,51.635,51.67,51.52,51.67,96566,0
2014-03-12,20:00:00,51.67,51.721,51.54,51.54,134747,0
2014-03-12,21:00:00,51.54,51.73,51.46,51.73,514020,0
2014-03-13,15:00:00,51.94,51.94,51.71,51.84,98184,0
2014-03-13,16:00:00,51.8333,51.875,51.29,51.37,302678,0
2014-03-13,17:00:00,51.37,51.39,51.15,51.15,177441,0
2014-03-13,18:00:00,51.15,51.19,50.815,50.83,183527,0
2014-03-13,19:00:00,50.83,50.83,50.47,50.4875,395622,0
2014-03-13,20:00:00,50.48,50.51,50.31,50.39,296639,0
2014-03-13,21:00:00,50.38,50.48,50.19,50.45,620096,0
2014-03-14,15:00:00,50.58,50.85,50.33,50.61,271007,0
2014-03-14,16:00:00,50.64,50.75,50.34,50.39,263671,0
2014-03-14,17:00:00,50.4,50.67,50.36,50.62,198752,0
2014-03-14,18:00:00,50.62,50.63,50.27,50.42,155062,0
2014-03-14,19:00:00,50.43,50.445,50.2108,50.27,154051,0
2014-03-14,20:00:00,50.27,50.29,50.12,50.12,209118,0
2014-03-14,21:00:00,50.12,50.1656,50.03,50.09,478622,0
2014-03-17,15:00:00,50.34,50.82,50.3,50.78,88471,0
2014-03-17,16:00:00,50.8,50.9,50.7,50.8,429382,0
2014-03-17,17:00:00,50.8,50.93,50.78,50.85,218162,0
2014-03-17,18:00:00,50.86,50.875,50.7,50.78,256301,0
2014-03-17,19:00:00,50.78,50.82,50.73,50.74,237234,0
2014-03-17,20:00:00,50.74,50.765,50.66,50.705,252732,0
2014-03-17,21:00:00,50.707,50.72,50.62,50.68,1467669,0
2014-03-18,15:00:00,50.87,51.0501,50.71,50.9801,125511,0
2014-03-18,16:00:00,51,51.16,50.95,51.1,215278,0
2014-03-18,17:00:00,51.11,51.19,50.99,51.14,137363,0
2014-03-18,18:00:00,51.14,51.5,51.13,51.39,285021,0
2014-03-18,19:00:00,51.3943,51.5,51.2901,51.5,200154,0
2014-03-18,20:00:00,51.5,51.55,51.46,51.49,215693,0
2014-03-18,21:00:00,51.49,51.51,51.37,51.44,953386,0
2014-03-19,15:00:00,51.44,51.56,51.1912,51.45,97696,0
2014-03-19,16:00:00,51.45,51.59,51.38,51.54,368853,0
2014-03-19,17:00:00,51.54,51.605,51.53,51.555,128412,0
2014-03-19,18:00:00,51.555,51.68,51.55,51.6,180943,0
2014-03-19,19:00:00,51.6,51.64,51.55,51.61,98364,0
2014-03-19,20:00:00,51.6,51.65,51.39,51.63,375879,0
2014-03-19,21:00:00,51.62,51.66,51.18,51.6,1269753,0
2014-03-20,15:00:00,51.44,51.85,51.2,51.8,397303,0
2014-03-20,16:00:00,51.81,52.53,51.71,52.43,1535717,0
2014-03-20,17:00:00,52.42,52.69,52.36,52.63,568596,0
2014-03-20,18:00:00,52.62,53.055,52.55,53.03,403535,0
2014-03-20,19:00:00,53.03,53.07,52.74,52.875,241014,0
2014-03-20,20:00:00,52.875,53.02,52.805,52.97,537996,0
2014-03-20,21:00:00,52.961,53.26,52.96,53.225,1390334,0
2014-03-21,15:00:00,53.37,53.485,53.04,53.28,300276,0
2014-03-21,16:00:00,53.285,53.975,53.28,53.94,957848,0
2014-03-21,17:00:00,53.94,54.31,53.88,54.075,775364,0
2014-03-21,18:00:00,54.07,54.23,54.05,54.17,528302,0
2014-03-21,19:00:00,54.16,54.19,53.66,53.71,639173,0
2014-03-21,20:00:00,53.71,53.72,53.23,53.4,459592,0
2014-03-21,21:00:00,53.4,53.4,53,53.24,1050882,0
2014-03-24,15:00:00,53.17,53.42,53.1,53.32,212966,0
2014-03-24,16:00:00,53.31,53.35,52.86,53.005,392246,0
2014-03-24,17:00:00,53,53.2,52.87,52.97,383495,0
2014-03-24,18:00:00,52.98,53.02,52.74,52.81,237818,0
2014-03-24,19:00:00,52.81,53.33,52.81,53.32,283098,0
2014-03-24,20:00:00,53.33,53.685,53.24,53.6,457666,0
2014-03-24,21:00:00,53.6,53.77,53.35,53.61,939587,0
2014-03-25,15:00:00,53.87,54.14,53.76,53.77,747416,0
2014-03-25,16:00:00,53.78,54.33,53.78,54.11,796322,0
2014-03-25,17:00:00,54.095,54.1,53.62,53.67,496084,0
2014-03-25,18:00:00,53.67,53.83,53.62,53.77,294698,0
2014-03-25,19:00:00,53.77,53.78,53.52,53.54,392935,0
2014-03-25,20:00:00,53.54,53.56,53.36,53.391,284691,0
2014-03-25,21:00:00,53.391,53.55,53.28,53.29,1253699,0
2014-03-26,15:00:00,53.51,53.73,53.27,53.28,138729,0
2014-03-26,16:00:00,53.28,53.46,53.015,53.04,360194,0
2014-03-26,17:00:00,53.04,53.22,52.96,53.04,177622,0
2014-03-26,18:00:00,53.04,53.22,52.97,53.2,149951,0
2014-03-26,19:00:00,53.21,53.27,52.81,52.96,224308,0
2014-03-26,20:00:00,52.96,53.05,52.88,53,307616,0
2014-03-26,21:00:00,53,53.09,52.75,52.76,526253,0
2014-03-27,15:00:00,52.78,53.02,52.7,52.86,158022,0
2014-03-27,16:00:00,52.85,53.16,52.73,52.85,187911,0
2014-03-27,17:00:00,52.86,52.87,52.4,52.5498,170878,0
2014-03-27,18:00:00,52.55,52.61,52.42,52.54,180238,0
2014-03-27,19:00:00,52.53,52.63,52.42,52.47,132442,0
2014-03-27,20:00:00,52.47,52.65,52.39,52.49,148705,0
2014-03-27,21:00:00,52.48,52.66,52.38,52.57,363825,0
2014-03-28,15:00:00,52.85,53.22,52.617,53.13,121207,0
2014-03-28,16:00:00,53.14,53.29,52.88,53.11,261550,0
2014-03-28,17:00:00,53.1,53.1,52.87,53.02,212888,0
2014-03-28,18:00:00,53.02,53.07,52.89,52.92,123600,0
2014-03-28,19:00:00,52.91,52.92,52.79,52.85,122317,0
2014-03-28,20:00:00,52.85,52.86,52.66,52.82,123829,0
2014-03-28,21:00:00,52.83,52.86,52.65,52.84,675309,0
2014-03-31,16:00:00,53.03,53.31,52.87,53.17,128902,0
2014-03-31,17:00:00,53.16,53.38,53.09,53.2837,192684,0
2014-03-31,18:00:00,53.28,53.29,53.02,53.21,139598,0
2014-03-31,19:00:00,53.22,53.35,53.2,53.35,156260,0
2014-03-31,20:00:00,53.35,53.35,53.13,53.15,140498,0
2014-03-31,21:00:00,53.15,53.27,53.14,53.225,100150,0
2014-03-31,22:00:00,53.23,53.32,53.09,53.14,874779,0
2014-04-01,16:00:00,53.48,53.79,53.22,53.79,159138,0
2014-04-01,17:00:00,53.8,53.94,53.64,53.78,304763,0
2014-04-01,18:00:00,53.77,53.91,53.73,53.77,235271,0
2014-04-01,19:00:00,53.78,53.83,53.66,53.73,174595,0
2014-04-01,20:00:00,53.72,53.74,53.61,53.735,143141,0
2014-04-01,21:00:00,53.74,53.93,53.74,53.92,186674,0
2014-04-01,22:00:00,53.92,54.09,53.86,54.08,562895,0
2014-04-02,16:00:00,54.07,54.17,53.885,53.91,114368,0
2014-04-02,17:00:00,53.88,54.24,53.75,54.24,548930,0
2014-04-02,18:00:00,54.25,54.28,53.95,54.04,350322,0
2014-04-02,19:00:00,54.04,54.085,53.96,53.975,229145,0
2014-04-02,20:00:00,53.97,53.975,53.79,53.87,229262,0
2014-04-02,21:00:00,53.87,53.93,53.85,53.93,171208,0
2014-04-02,22:00:00,53.93,54.1,53.925,54.06,311105,0
2014-04-03,16:00:00,54.2,54.4,54.1,54.29,128418,0
2014-04-03,17:00:00,54.302,54.37,54.01,54.27,450242,0
2014-04-03,18:00:00,54.285,54.32,54.15,54.18,229427,0
2014-04-03,19:00:00,54.17,54.35,54.13,54.17,187232,0
2014-04-03,20:00:00,54.16,54.195,54.01,54.04,180380,0
2014-04-03,21:00:00,54.04,54.07,53.79,53.94,314766,0
2014-04-03,22:00:00,53.94,54.06,53.89,53.98,565654,0
2014-04-04,16:00:00,54.25,54.37,54,54.15,207037,0
2014-04-04,17:00:00,54.14,54.2,53.6,53.61,271588,0
2014-04-04,18:00:00,53.6,53.62,52.99,53.27,275243,0
2014-04-04,19:00:00,53.27,53.28,52.88,52.98,305073,0
2014-04-04,20:00:00,52.98,53.06,52.81,52.98,196108,0
2014-04-04,21:00:00,52.97,53.21,52.85,53.07,306527,0
2014-04-04,22:00:00,53.07,53.18,52.905,52.92,570501,0
2014-04-07,16:00:00,52.97,53.49,52.84,53.47,262952,0
2014-04-07,17:00:00,53.48,53.84,53.4,53.7,579423,0
2014-04-07,18:00:00,53.69,53.85,53.205,53.23,317138,0
2014-04-07,19:00:00,53.2,53.45,53.18,53.38,150367,0
2014-04-07,20:00:00,53.39,53.41,53.07,53.12,179585,0
2014-04-07,21:00:00,53.12,53.37,52.9211,53.28,212499,0
2014-04-07,22:00:00,53.2758,53.485,53.09,53.12,879166,0
2014-04-08,16:00:00,52.99,53.59,52.99,53.35,169445,0
2014-04-08,17:00:00,53.4,53.8,53.34,53.74,278580,0
2014-04-08,18:00:00,53.73,53.88,53.7,53.79,348421,0
2014-04-08,19:00:00,53.78,53.96,53.71,53.93,309108,0
2014-04-08,20:00:00,53.928,53.99,53.84,53.91,316511,0
2014-04-08,21:00:00,53.92,53.93,53.67,53.74,283031,0
2014-04-08,22:00:00,53.73,54.01,53.68,53.96,787890,0
2014-04-09,16:00:00,54.16,54.193,53.7,53.78,202469,0
2014-04-09,17:00:00,53.78,54.16,53.75,53.92,245353,0
2014-04-09,18:00:00,53.92,54.03,53.77,53.96,164191,0
2014-04-09,19:00:00,53.97,54.08,53.92,53.92,133028,0
2014-04-09,20:00:00,53.93,53.96,53.77,53.77,114485,0
2014-04-09,21:00:00,53.78,54.15,53.78,54.09,207658,0
2014-04-09,22:00:00,54.07,54.33,54.045,54.3,388434,0
2014-04-10,16:00:00,54.29,54.36,53.92,54.01,108369,0
2014-04-10,17:00:00,54.03,54.33,53.71,53.71,225289,0
2014-04-10,18:00:00,53.69,53.72,53.46,53.48,253282,0
2014-04-10,19:00:00,53.48,53.52,53.07,53.08,243696,0
2014-04-10,20:00:00,53.08,53.19,52.99,53.13,207463,0
2014-04-10,21:00:00,53.12,53.12,52.69,52.76,278306,0
2014-04-10,22:00:00,52.75,52.75,52.49,52.49,609504,0
2014-04-11,16:00:00,52.07,52.93,52.07,52.78,253504,0
2014-04-11,17:00:00,52.78,52.82,52.27,52.69,367017,0
2014-04-11,18:00:00,52.7,52.88,52.475,52.59,223394,0
2014-04-11,19:00:00,52.57,52.75,52.45,52.625,190010,0
2014-04-11,20:00:00,52.625,52.7,52.44,52.51,229709,0
2014-04-11,21:00:00,52.5,52.59,52.13,52.22,275311,0
2014-04-11,22:00:00,52.22,52.34,52.09,52.09,599206,0
2014-04-14,16:00:00,52.65,52.6975,52.14,52.44,197408,0
2014-04-14,17:00:00,52.42,52.73,52.28,52.65,327627,0
2014-04-14,18:00:00,52.645,52.75,52.57,52.61,153897,0
2014-04-14,19:00:00,52.62,52.75,52.54,52.7,140412,0
2014-04-14,20:00:00,52.71,52.71,52.5,52.5,190372,0
2014-04-14,21:00:00,52.5,52.55,52.28,52.28,226574,0
2014-04-14,22:00:00,52.28,52.49,52.06,52.45,533401,0
2014-04-15,16:00:00,52.58,52.84,52.445,52.6,99066,0
2014-04-15,17:00:00,52.64,52.75,52.29,52.49,449637,0
2014-04-15,18:00:00,52.48,52.765,52.31,52.52,386818,0
2014-04-15,19:00:00,52.51,52.53,52.24,52.28,313216,0
2014-04-15,20:00:00,52.28,52.79,52.23,52.75,222729,0
2014-04-15,21:00:00,52.76,53.01,52.71,52.92,270699,0
2014-04-15,22:00:00,52.92,53.29,52.92,53.18,1013054,0
2014-04-16,16:00:00,53.15,53.15,51.79,51.89,584465,0
2014-04-16,17:00:00,51.88,51.91,51.335,51.44,822439,0
2014-04-16,18:00:00,51.44,52.02,51.405,52,361637,0
2014-04-16,19:00:00,52,52.2,51.7501,51.77,294719,0
2014-04-16,20:00:00,51.8,52.1,51.7,52.01,277552,0
2014-04-16,21:00:00,52.01,52.09,51.89,52.037,191096,0
2014-04-16,22:00:00,52.04,52.18,51.93,52.15,1252689,0
2014-04-17,16:00:00,52.09,52.62,52.07,52.55,524850,0
2014-04-17,17:00:00,52.562,52.91,52.49,52.91,411133,0
2014-04-17,18:00:00,52.94,53.13,52.74,53.0053,268946,0
2014-04-17,19:00:00,52.99,53.07,52.87,52.93,205678,0
2014-04-17,20:00:00,52.92,53.15,52.915,53.13,288015,0
2014-04-17,21:00:00,53.12,53.1925,52.9,52.92,273271,0
2014-04-17,22:00:00,52.91,52.97,52.85,52.85,274229,0
2014-04-21,16:00:00,53.07,53.17,52.91,52.95,47621,0
2014-04-21,17:00:00,52.95,53.17,52.56,52.93,151891,0
2014-04-21,18:00:00,52.94,53.03,52.835,52.91,97327,0
2014-04-21,19:00:00,52.915,52.95,52.8,52.89,124463,0
2014-04-21,20:00:00,52.91,52.915,52.75,52.81,73337,0
2014-04-21,21:00:00,52.81,52.94,52.8,52.91,134118,0
2014-04-21,22:00:00,52.91,52.91,52.8,52.9,191455,0
2014-04-22,16:00:00,52.86,52.94,52.59,52.86,111807,0
2014-04-22,17:00:00,52.85,53.12,52.82,53.11,147066,0
2014-04-22,18:00:00,53.1025,53.2,53.06,53.14,123574,0
2014-04-22,19:00:00,53.16,53.29,53.11,53.29,196563,0
2014-04-22,20:00:00,53.3,53.42,53.26,53.359,137779,0
2014-04-22,21:00:00,53.35,53.3751,53.28,53.3368,131119,0
2014-04-22,22:00:00,53.33,53.35,53.23,53.3,321952,0
2014-04-23,16:00:00,53.28,53.57,53.1,53.33,130634,0
2014-04-23,17:00:00,53.29,53.48,53.14,53.22,236040,0
2014-04-23,18:00:00,53.22,53.38,53.09,53.343,130276,0
2014-04-23,19:00:00,53.34,53.37,53.1775,53.2,82976,0
2014-04-23,20:00:00,53.22,53.39,53.21,53.315,140194,0
2014-04-23,21:00:00,53.295,53.3,53.2,53.27,150867,0
2014-04-23,22:00:00,53.27,53.35,53.24,53.29,258908,0
2014-04-24,16:00:00,53.9,54.14,53.72,53.79,217966,0
2014-04-24,17:00:00,53.79,54.07,53.56,54.05,445975,0
2014-04-24,18:00:00,54.05,54.365,53.97,54.185,651454,0
2014-04-24,19:00:00,54.18,54.22,53.95,53.99,352524,0
2014-04-24,20:00:00,53.99,53.99,53.62,53.71,245366,0
2014-04-24,21:00:00,53.715,53.87,53.715,53.8,219717,0
2014-04-24,22:00:00,53.8,53.9077,53.68,53.7,534709,0
2014-04-25,16:00:00,53.015,53.145,52.56,52.8,416405,0
2014-04-25,17:00:00,52.77,52.78,51.885,51.89,724632,0
2014-04-25,18:00:00,51.89,51.93,51.74,51.82,386081,0
2014-04-25,19:00:00,51.83,51.89,51.25,51.27,408277,0
2014-04-25,20:00:00,51.265,51.35,51.07,51.08,373764,0
2014-04-25,21:00:00,51.08,51.5,51.02,51.39,375220,0
2014-04-25,22:00:00,51.4,51.52,51.34,51.43,623955,0
2014-04-28,16:00:00,51.21,51.91,51.2,51.51,204004,0
2014-04-28,17:00:00,51.51,51.67,51.15,51.27,317104,0
2014-04-28,18:00:00,51.27,51.31,50.59,50.64,422717,0
2014-04-28,19:00:00,50.63,50.7,50.38,50.56,264539,0
2014-04-28,20:00:00,50.55,50.55,50.07,50.41,423081,0
2014-04-28,21:00:00,50.4,50.7,50.315,50.59,196063,0
2014-04-28,22:00:00,50.6,51.11,50.6,50.99,622676,0
2014-04-29,16:00:00,51.16,51.42,51.02,51.11,83403,0
2014-04-29,17:00:00,51.12,51.29,50.86,50.9,286884,0
2014-04-29,18:00:00,50.91,50.98,50.83,50.89,210693,0
2014-04-29,19:00:00,50.9,51.22,50.89,51.21,310240,0
2014-04-29,20:00:00,51.226,51.28,51.16,51.28,107117,0
2014-04-29,21:00:00,51.29,51.33,51.24,51.27,106260,0
2014-04-29,22:00:00,51.27,51.31,51.19,51.19,335259,0
2014-04-30,16:00:00,50.98,50.98,50.56,50.72,192663,0
2014-04-30,17:00:00,50.73,51.15,50.66,51.035,381914,0
2014-04-30,18:00:00,51.04,51.26,50.95,51.2,189332,0
2014-04-30,19:00:00,51.22,51.33,51.19,51.1901,147892,0
2014-04-30,20:00:00,51.21,51.3451,51.18,51.18,204444,0
2014-04-30,21:00:00,51.18,51.3,51.04,51.26,241722,0
2014-04-30,22:00:00,51.27,51.33,51.11,51.29,1481084,0
2014-05-01,16:00:00,51.38,51.51,51.1367,51.32,284241,0
2014-05-01,17:00:00,51.305,51.305,50.985,51.2301,215436,0
2014-05-01,18:00:00,51.25,51.53,51.11,51.47,238226,0
2014-05-01,19:00:00,51.47,51.5,51.19,51.23,200528,0
2014-05-01,20:00:00,51.24,51.25,50.81,50.865,180504,0
2014-05-01,21:00:00,50.865,50.95,50.765,50.82,249413,0
2014-05-01,22:00:00,50.81,50.88,50.77,50.81,469392,0
2014-05-02,16:00:00,50.97,51.17,50.8,50.885,102965,0
2014-05-02,17:00:00,50.885,51.46,50.79,51.145,542908,0
2014-05-02,18:00:00,51.145,51.6,51.14,51.6,302320,0
2014-05-02,19:00:00,51.6,51.8,51.57,51.695,306923,0
2014-05-02,20:00:00,51.695,51.83,51.52,51.71,295263,0
2014-05-02,21:00:00,51.7,51.77,51.54,51.5551,268142,0
2014-05-02,22:00:00,51.56,51.58,51.39,51.41,502600,0
2014-05-05,16:00:00,51.07,51.23,50.87,51.23,77018,0
2014-05-05,17:00:00,51.25,51.5,51.18,51.295,143129,0
2014-05-05,18:00:00,51.31,51.33,51.17,51.31,117092,0
2014-05-05,19:00:00,51.31,51.34,51.15,51.185,86297,0
2014-05-05,20:00:00,51.185,51.2,51.11,51.14,94552,0
2014-05-05,21:00:00,51.15,51.29,51.15,51.235,108762,0
2014-05-05,22:00:00,51.23,51.25,51.13,51.18,199589,0
2014-05-06,16:00:00,51.15,51.21,50.945,51.19,70358,0
2014-05-06,17:00:00,51.2,51.31,50.96,50.98,105264,0
2014-05-06,18:00:00,50.94,51.16,50.91,51.15,151120,0
2014-05-06,19:00:00,51.17,51.19,51,51.18,113720,0
2014-05-06,20:00:00,51.18,51.22,50.84,50.94,120080,0
2014-05-06,21:00:00,50.94,51.03,50.85,50.89,149234,0
2014-05-06,22:00:00,50.89,50.94,50.74,50.74,1082070,0
2014-05-07,16:00:00,50.72,50.93,50.57,50.63,144293,0
2014-05-07,17:00:00,50.63,50.68,50.08,50.37,593132,0
2014-05-07,18:00:00,50.37,50.716,50.295,50.65,209478,0
2014-05-07,19:00:00,50.66,50.77,50.52,50.52,139354,0
2014-05-07,20:00:00,50.52,50.72,50.39,50.39,187816,0
2014-05-07,21:00:00,50.385,50.63,50.355,50.574,221725,0
2014-05-07,22:00:00,50.58,50.81,50.49,50.8,687063,0
