Date,Time,Open,High,Low,Close,Volume,OpenInt
2014-02-10,16:00:00,30.835,31.332,30.606,31.273,234809,0
2014-02-10,17:00:00,31.297,31.651,31.203,31.412,391734,0
2014-02-10,18:00:00,31.432,31.452,30.835,30.895,208120,0
2014-02-10,19:00:00,30.875,30.964,30.636,30.845,196603,0
2014-02-10,20:00:00,30.844,31.103,30.785,30.914,167962,0
2014-02-10,21:00:00,30.905,31.103,30.785,30.789,182409,0
2014-02-10,22:00:00,30.785,31.014,30.517,30.885,433995,0
2014-02-11,16:00:00,30.81,30.835,30.437,30.487,173635,0
2014-02-11,17:00:00,30.464,30.581,30.129,30.338,199373,0
2014-02-11,18:00:00,30.328,30.417,30.258,30.347,124736,0
2014-02-11,19:00:00,30.338,30.536,30.278,30.487,125155,0
2014-02-11,20:00:00,30.472,30.646,30.298,30.546,248426,0
2014-02-11,21:00:00,30.546,30.656,30.507,30.636,154126,0
2014-02-11,22:00:00,30.631,30.765,30.536,30.586,388115,0
2014-02-12,16:00:00,30.626,30.855,30.586,30.825,39030,0
2014-02-12,17:00:00,30.805,31.103,30.755,31.014,117172,0
2014-02-12,18:00:00,31.044,31.074,30.845,31.034,104723,0
2014-02-12,19:00:00,31.044,31.084,30.934,30.978,75783,0
2014-02-12,20:00:00,30.954,31.158,30.825,31.153,131103,0
2014-02-12,21:00:00,31.163,31.561,30.905,30.974,227772,0
2014-02-12,22:00:00,30.974,31.074,30.785,30.835,558215,0
2014-02-13,16:00:00,32.944,34.863,32.884,34.545,791088,0
2014-02-13,17:00:00,34.446,35.908,34.446,35.45,837588,0
2014-02-13,18:00:00,35.42,35.43,34.018,34.63,421542,0
2014-02-13,19:00:00,34.555,34.814,34.087,34.167,179714,0
2014-02-13,20:00:00,34.157,34.286,33.431,34.127,309638,0
2014-02-13,21:00:00,34.087,34.197,33.759,34.068,243473,0
2014-02-13,22:00:00,34.078,34.306,33.908,34.058,902048,0
2014-02-14,16:00:00,34.157,34.714,33.849,34.177,175731,0
2014-02-14,17:00:00,34.197,34.416,33.829,34.267,149350,0
2014-02-14,18:00:00,34.257,34.356,33.948,34.117,258642,0
2014-02-14,19:00:00,34.117,34.157,33.799,33.836,102490,0
2014-02-14,20:00:00,33.829,33.998,33.759,33.968,158134,0
2014-02-14,21:00:00,33.953,33.983,33.411,33.481,131873,0
2014-02-14,22:00:00,33.501,33.521,32.934,33.152,445482,0
2014-02-18,16:00:00,33.622,34.316,33.622,34.167,147578,0
2014-02-18,17:00:00,34.127,34.207,33.57,33.62,125782,0
2014-02-18,18:00:00,33.62,33.938,33.57,33.67,152157,0
2014-02-18,19:00:00,33.695,33.799,33.628,33.769,52177,0
2014-02-18,20:00:00,33.769,33.918,33.7,33.779,70433,0
2014-02-18,21:00:00,33.769,34.058,33.719,33.898,109257,0
2014-02-18,22:00:00,33.884,33.908,33.759,33.779,172947,0
2014-02-19,16:00:00,34.038,34.47,33.825,34.426,96408,0
2014-02-19,17:00:00,34.45,34.843,34.346,34.843,316227,0
2014-02-19,18:00:00,34.843,34.843,34.595,34.714,166472,0
2014-02-19,19:00:00,34.704,34.873,34.674,34.848,98573,0
2014-02-19,20:00:00,34.824,35.062,34.814,34.973,145630,0
2014-02-19,21:00:00,34.943,35.211,34.853,34.893,127196,0
2014-02-19,22:00:00,34.883,35.013,34.714,34.814,342828,0
2014-02-20,16:00:00,34.833,35.062,34.664,34.833,64616,0
2014-02-20,17:00:00,34.913,35.092,34.635,34.644,105129,0
2014-02-20,18:00:00,34.644,35.132,34.644,35.032,76936,0
2014-02-20,19:00:00,35.042,35.331,35.022,35.251,66261,0
2014-02-20,20:00:00,35.261,35.321,35.211,35.271,43004,0
2014-02-20,21:00:00,35.261,35.261,35.142,35.162,59565,0
2014-02-20,22:00:00,35.162,35.182,34.928,34.963,262159,0
2014-02-21,16:00:00,34.923,34.963,34.517,34.804,178816,0
2014-02-21,17:00:00,34.893,35.182,34.853,35.072,181228,0
2014-02-21,18:00:00,35.072,35.231,35.013,35.013,67717,0
2014-02-21,19:00:00,35.013,35.231,34.988,35.072,38245,0
2014-02-21,20:00:00,35.052,35.062,34.893,35.062,47199,0
2014-02-21,21:00:00,35.072,35.351,34.993,35.221,119628,0
2014-02-21,22:00:00,35.251,35.341,35.122,35.132,165141,0
2014-02-24,16:00:00,35.289,35.759,35.132,35.589,126270,0
2014-02-24,17:00:00,35.55,35.848,35.41,35.778,114239,0
2014-02-24,18:00:00,35.778,35.908,35.689,35.788,52165,0
2014-02-24,19:00:00,35.798,35.808,35.45,35.719,59644,0
2014-02-24,20:00:00,35.639,35.807,35.639,35.701,35887,0
2014-02-24,21:00:00,35.704,35.838,35.5,35.5,48763,0
2014-02-24,22:00:00,35.46,35.57,35.46,35.5,179034,0
2014-02-25,16:00:00,35.46,35.56,35.172,35.251,65194,0
2014-02-25,17:00:00,35.251,35.848,35.117,35.848,51741,0
2014-02-25,18:00:00,35.848,36.047,35.788,36.025,108390,0
2014-02-25,19:00:00,36.027,36.514,35.938,36.355,200180,0
2014-02-25,20:00:00,36.363,36.614,36.156,36.206,76693,0
2014-02-25,21:00:00,36.166,36.306,36.117,36.176,146586,0
2014-02-25,22:00:00,36.166,36.166,35.878,35.967,162105,0
2014-02-26,16:00:00,36.569,36.733,36.042,36.733,65224,0
2014-02-26,17:00:00,36.743,37.638,36.734,37.34,338024,0
2014-02-26,18:00:00,37.29,37.489,36.922,37.221,118686,0
2014-02-26,19:00:00,37.221,37.449,37.201,37.34,96988,0
2014-02-26,20:00:00,37.31,37.42,37.27,37.31,58507,0
2014-02-26,21:00:00,37.28,37.34,36.743,36.778,82943,0
2014-02-26,22:00:00,36.763,36.763,36.465,36.514,229091,0
2014-02-27,16:00:00,36.534,37.27,36.524,36.783,52441,0
2014-02-27,17:00:00,36.733,37.191,36.703,36.912,76216,0
2014-02-27,18:00:00,36.972,37.121,36.733,36.802,96474,0
2014-02-27,19:00:00,36.773,36.952,36.773,36.813,47345,0
2014-02-27,20:00:00,36.823,37.071,36.823,37.002,55886,0
2014-02-27,21:00:00,36.972,37.081,36.892,36.952,60430,0
2014-02-27,22:00:00,36.962,37.201,36.883,37.121,185783,0
2014-02-28,16:00:00,36.992,38.524,36.992,38.315,261386,0
2014-02-28,17:00:00,38.345,38.345,37.748,37.748,229504,0
2014-02-28,18:00:00,37.688,37.917,37.489,37.683,117687,0
2014-02-28,19:00:00,37.698,37.897,37.668,37.718,57521,0
2014-02-28,20:00:00,37.708,38.014,37.688,37.788,60583,0
2014-02-28,21:00:00,37.763,37.868,37.662,37.668,94141,0
2014-02-28,22:00:00,37.668,37.708,37.35,37.599,349675,0
2014-03-03,16:00:00,37.28,37.599,36.952,36.952,109084,0
2014-03-03,17:00:00,36.962,37.131,36.584,36.644,102527,0
2014-03-03,18:00:00,36.684,36.722,36.325,36.475,91746,0
2014-03-03,19:00:00,36.455,36.515,36.266,36.514,36108,0
2014-03-03,20:00:00,36.514,36.723,36.485,36.703,30673,0
2014-03-03,21:00:00,36.723,36.962,36.703,36.783,61214,0
2014-03-03,22:00:00,36.783,36.843,36.703,36.753,104083,0
2014-03-04,16:00:00,37.052,37.745,37.052,37.678,48919,0
2014-03-04,17:00:00,37.678,38.305,37.648,38.245,145082,0
2014-03-04,18:00:00,38.189,38.474,37.985,38.195,102269,0
2014-03-04,19:00:00,38.203,38.215,38.116,38.146,58610,0
2014-03-04,20:00:00,38.136,38.176,37.867,38.006,82362,0
2014-03-04,21:00:00,37.987,38.026,37.877,37.937,63952,0
2014-03-04,22:00:00,37.957,38.245,37.847,38.166,472683,0
2014-03-05,16:00:00,37.726,38.248,37.688,37.952,44079,0
2014-03-05,17:00:00,38.016,38.573,37.947,38.524,168786,0
2014-03-05,18:00:00,38.524,38.663,38.523,38.643,45320,0
2014-03-05,19:00:00,38.603,38.743,38.355,38.384,46274,0
2014-03-05,20:00:00,38.384,38.444,38.225,38.295,33672,0
2014-03-05,21:00:00,38.295,38.394,38.126,38.126,41639,0
2014-03-05,22:00:00,38.136,38.156,37.947,37.957,231438,0
2014-03-06,16:00:00,38.171,38.524,37.867,37.867,35011,0
2014-03-06,17:00:00,37.957,38.096,37.867,37.997,53012,0
2014-03-06,18:00:00,37.997,38.076,37.887,38.076,66818,0
2014-03-06,19:00:00,38.05,38.136,37.867,37.867,46473,0
2014-03-06,20:00:00,37.927,38.016,37.499,37.499,71342,0
2014-03-06,21:00:00,37.519,37.758,37.479,37.758,35235,0
2014-03-06,22:00:00,37.758,37.972,37.698,37.768,90976,0
2014-03-07,16:00:00,37.798,37.897,37.52,37.698,78725,0
2014-03-07,17:00:00,37.638,37.837,37.519,37.569,76661,0
2014-03-07,18:00:00,37.569,37.569,37.221,37.449,83152,0
2014-03-07,19:00:00,37.449,37.718,37.405,37.629,55533,0
2014-03-07,20:00:00,37.658,37.698,37.549,37.648,24820,0
2014-03-07,21:00:00,37.638,37.708,37.191,37.37,92340,0
2014-03-07,22:00:00,37.37,37.599,37.34,37.43,144784,0
2014-03-10,15:00:00,37.37,37.798,37.191,37.529,28603,0
2014-03-10,16:00:00,37.519,37.549,37.161,37.449,95835,0
2014-03-10,17:00:00,37.41,37.668,37.28,37.638,135617,0
2014-03-10,18:00:00,37.638,37.817,37.559,37.629,64707,0
2014-03-10,19:00:00,37.619,37.648,37.29,37.3,43417,0
2014-03-10,20:00:00,37.28,37.489,37.26,37.37,34207,0
2014-03-10,21:00:00,37.35,37.489,37.32,37.37,156120,0
2014-03-11,15:00:00,37.459,37.616,36.952,37.171,18587,0
2014-03-11,16:00:00,37.201,37.638,37.032,37.529,86544,0
2014-03-11,17:00:00,37.529,37.698,37.39,37.464,148835,0
2014-03-11,18:00:00,37.38,37.798,37.241,37.718,86068,0
2014-03-11,19:00:00,37.708,37.718,37.42,37.489,32908,0
2014-03-11,20:00:00,37.504,37.539,37.071,37.121,60722,0
2014-03-11,21:00:00,37.101,37.509,37.002,37.41,180867,0
2014-03-12,15:00:00,37.34,37.34,36.992,37.071,13595,0
2014-03-12,16:00:00,37.121,37.718,37.111,37.38,74048,0
2014-03-12,17:00:00,37.4,37.688,37.4,37.599,29232,0
2014-03-12,18:00:00,37.559,37.619,37.221,37.459,141978,0
2014-03-12,19:00:00,37.42,37.489,37.36,37.36,13213,0
2014-03-12,20:00:00,37.33,37.499,37.33,37.459,27965,0
2014-03-12,21:00:00,37.39,37.559,37.285,37.549,102990,0
2014-03-13,15:00:00,37.579,37.798,37.3,37.459,24248,0
2014-03-13,16:00:00,37.43,37.718,37.307,37.33,64974,0
2014-03-13,17:00:00,37.38,37.499,37.275,37.275,19907,0
2014-03-13,18:00:00,37.251,37.28,37.024,37.071,23520,0
2014-03-13,19:00:00,37.042,37.279,36.912,37.251,43411,0
2014-03-13,20:00:00,37.231,37.26,36.962,36.972,31934,0
2014-03-13,21:00:00,36.972,37.081,36.892,37.052,127739,0
2014-03-14,15:00:00,37.032,37.449,36.803,37.062,19327,0
2014-03-14,16:00:00,37.111,37.39,37.002,37.27,118003,0
2014-03-14,17:00:00,37.29,37.43,37.081,37.39,48433,0
2014-03-14,18:00:00,37.4,37.549,37.27,37.43,66708,0
2014-03-14,19:00:00,37.479,37.539,37.34,37.42,35349,0
2014-03-14,20:00:00,37.43,37.599,37.3,37.31,50901,0
2014-03-14,21:00:00,37.31,37.489,37.31,37.39,134719,0
2014-03-17,15:00:00,37.38,38.335,37.38,38.255,118216,0
2014-03-17,16:00:00,38.235,38.355,37.619,37.778,123176,0
2014-03-17,17:00:00,37.778,37.798,37.469,37.638,48221,0
2014-03-17,18:00:00,37.688,37.688,37.39,37.41,62005,0
2014-03-17,19:00:00,37.44,37.688,37.38,37.589,41680,0
2014-03-17,20:00:00,37.579,37.648,37.499,37.539,40102,0
2014-03-17,21:00:00,37.549,37.698,37.519,37.589,163267,0
2014-03-18,15:00:00,37.629,37.867,37.44,37.808,20353,0
2014-03-18,16:00:00,37.798,37.937,37.698,37.698,79702,0
2014-03-18,17:00:00,37.718,38.016,37.678,37.957,135714,0
2014-03-18,18:00:00,37.977,37.977,37.827,37.827,64966,0
2014-03-18,19:00:00,37.877,38.046,37.827,37.877,50126,0
2014-03-18,20:00:00,37.907,37.937,37.728,37.778,38757,0
2014-03-18,21:00:00,37.808,37.837,37.638,37.708,163597,0
2014-03-19,15:00:00,37.629,37.668,37.241,37.28,115730,0
2014-03-19,16:00:00,37.28,37.589,37.201,37.35,72908,0
2014-03-19,17:00:00,37.35,37.708,37.33,37.698,57022,0
2014-03-19,18:00:00,37.728,37.907,37.619,37.668,35645,0
2014-03-19,19:00:00,37.678,37.867,37.638,37.847,43383,0
2014-03-19,20:00:00,37.837,38.026,37.758,37.897,34123,0
2014-03-19,21:00:00,37.897,37.926,37.489,37.619,140645,0
2014-03-20,15:00:00,37.41,37.599,37.4,37.46,44635,0
2014-03-20,16:00:00,37.479,37.768,37.43,37.569,56185,0
2014-03-20,17:00:00,37.559,37.589,37.4,37.479,24373,0
2014-03-20,18:00:00,37.449,37.718,37.44,37.609,24205,0
2014-03-20,19:00:00,37.559,37.827,37.539,37.793,49870,0
2014-03-20,20:00:00,37.798,37.877,37.509,37.609,53588,0
2014-03-20,21:00:00,37.599,37.738,37.549,37.648,160940,0
2014-03-21,15:00:00,37.897,38.096,37.634,38.096,132755,0
2014-03-21,16:00:00,38.096,38.345,37.917,38.345,89296,0
2014-03-21,17:00:00,38.345,38.951,38.195,38.285,105209,0
2014-03-21,18:00:00,38.186,38.335,37.938,38.285,42169,0
2014-03-21,19:00:00,38.295,38.365,38.006,38.096,77042,0
2014-03-21,20:00:00,38.126,38.394,38.126,38.325,63634,0
2014-03-21,21:00:00,38.325,38.713,38.116,38.663,286023,0
2014-03-24,15:00:00,38.633,39.13,38.394,39.081,46538,0
2014-03-24,16:00:00,39.041,39.041,38.325,38.424,97922,0
2014-03-24,17:00:00,38.414,38.484,38.285,38.424,133431,0
2014-03-24,18:00:00,38.394,38.703,38.385,38.474,88195,0
2014-03-24,19:00:00,38.479,38.772,38.375,38.613,56346,0
2014-03-24,20:00:00,38.613,38.653,38.245,38.275,49837,0
2014-03-24,21:00:00,38.255,38.504,38.245,38.315,132475,0
2014-03-25,15:00:00,38.404,39.1,38.404,38.941,29930,0
2014-03-25,16:00:00,39.061,39.429,38.852,38.882,61708,0
2014-03-25,17:00:00,38.922,38.961,38.504,38.603,33394,0
2014-03-25,18:00:00,38.593,38.812,38.454,38.723,51260,0
2014-03-25,19:00:00,38.762,39.379,38.723,39.14,45810,0
2014-03-25,20:00:00,39.091,39.19,38.872,38.882,53721,0
2014-03-25,21:00:00,38.882,39.031,38.772,38.961,134221,0
2014-03-26,15:00:00,38.981,39.091,38.404,38.469,59234,0
2014-03-26,16:00:00,38.484,38.663,38.444,38.474,28924,0
2014-03-26,17:00:00,38.464,38.544,38.315,38.474,40889,0
2014-03-26,18:00:00,38.514,38.514,38.335,38.355,24034,0
2014-03-26,19:00:00,38.335,38.365,38.096,38.166,39996,0
2014-03-26,20:00:00,38.156,38.205,38.026,38.096,27498,0
2014-03-26,21:00:00,38.096,38.126,37.599,37.857,238719,0
2014-03-27,15:00:00,37.817,38.275,37.658,37.817,34411,0
2014-03-27,16:00:00,37.798,37.937,37.698,37.808,45977,0
2014-03-27,17:00:00,37.827,37.857,37.489,37.539,52104,0
2014-03-27,18:00:00,37.529,37.529,37.33,37.36,37687,0
2014-03-27,19:00:00,37.398,37.469,37.36,37.44,54614,0
2014-03-27,20:00:00,37.44,37.489,37.35,37.43,26102,0
2014-03-27,21:00:00,37.449,37.469,37.33,37.34,93766,0
2014-03-28,15:00:00,37.26,37.68,37.0101,37.55,24253,0
2014-03-28,16:00:00,37.58,37.85,37.55,37.78,42002,0
2014-03-28,17:00:00,37.8099,37.85,37.46,37.4778,22180,0
2014-03-28,18:00:00,37.51,37.61,37.35,37.35,20022,0
2014-03-28,19:00:00,37.34,37.39,37.24,37.27,27456,0
2014-03-28,20:00:00,37.3,37.33,37.15,37.19,29493,0
2014-03-28,21:00:00,37.19,37.2,37.04,37.13,109340,0
2014-03-31,16:00:00,37.85,37.85,37.53,37.7,12022,0
2014-03-31,17:00:00,37.7,37.71,37.57,37.66,24906,0
2014-03-31,18:00:00,37.7,37.7,37.43,37.64,49961,0
2014-03-31,19:00:00,37.64,37.78,37.615,37.73,88405,0
2014-03-31,20:00:00,37.73,37.76,37.63,37.69,30269,0
2014-03-31,21:00:00,37.705,37.73,37.5,37.69,48770,0
2014-03-31,22:00:00,37.68,37.73,37.58,37.61,232726,0
2014-04-01,16:00:00,37.62,37.75,37.15,37.63,43627,0
2014-04-01,17:00:00,37.6,37.63,37.3375,37.45,49940,0
2014-04-01,18:00:00,37.42,37.5,36.87,37,53714,0
2014-04-01,19:00:00,37,37,36.77,36.85,102445,0
2014-04-01,20:00:00,36.85,36.94,36.83,36.91,64939,0
2014-04-01,21:00:00,36.89,36.97,36.89,36.9,41692,0
2014-04-01,22:00:00,36.925,37.14,36.88,36.98,124447,0
2014-04-02,16:00:00,36.98,37.31,36.89,37.17,41688,0
2014-04-02,17:00:00,37.2,37.57,37.1301,37.5525,142069,0
2014-04-02,18:00:00,37.5,37.573,37.37,37.5,51577,0
2014-04-02,19:00:00,37.52,37.59,37.43,37.455,25523,0
2014-04-02,20:00:00,37.47,37.63,37.29,37.29,61873,0
2014-04-02,21:00:00,37.33,37.45,37.18,37.44,36084,0
2014-04-02,22:00:00,37.44,37.55,37.33,37.43,175029,0
2014-04-03,16:00:00,37.5,37.58,37.36,37.47,67518,0
2014-04-03,17:00:00,37.44,37.52,37.2,37.46,93258,0
2014-04-03,18:00:00,37.46,37.514,37.35,37.47,30172,0
2014-04-03,19:00:00,37.47,37.51,37.38,37.5,50084,0
2014-04-03,20:00:00,37.5,37.65,37.48,37.54,45458,0
2014-04-03,21:00:00,37.55,37.63,37.48,37.58,63726,0
2014-04-03,22:00:00,37.55,37.91,37.54,37.73,105876,0
2014-04-04,16:00:00,37.805,38.09,37.67,38.045,26144,0
2014-04-04,17:00:00,38.02,38.4,38.02,38.24,37456,0
2014-04-04,18:00:00,38.215,38.27,37.45,37.58,44533,0
2014-04-04,19:00:00,37.54,37.55,37.324,37.39,45626,0
2014-04-04,20:00:00,37.39,37.55,37.3,37.475,43483,0
2014-04-04,21:00:00,37.49,37.49,37.25,37.29,25780,0
2014-04-04,22:00:00,37.31,37.42,37.04,37.06,128685,0
2014-04-07,16:00:00,36.98,36.98,36.541,36.87,61114,0
2014-04-07,17:00:00,36.84,36.94,36.6,36.6699,38926,0
2014-04-07,18:00:00,36.622,36.78,36.53,36.58,48138,0
2014-04-07,19:00:00,36.57,36.58,36.4101,36.52,51835,0
2014-04-07,20:00:00,36.51,36.54,36.41,36.41,43619,0
2014-04-07,21:00:00,36.38,36.54,36.34,36.495,36818,0
2014-04-07,22:00:00,36.5,36.59,36.36,36.41,151159,0
2014-04-08,16:00:00,36.1636,37.06,36.16,36.96,64415,0
2014-04-08,17:00:00,36.9,37.17,36.67,36.68,46378,0
2014-04-08,18:00:00,36.7,36.92,36.42,36.52,52326,0
2014-04-08,19:00:00,36.54,36.67,36.48,36.5,31221,0
2014-04-08,20:00:00,36.51,36.67,36.42,36.56,13747,0
2014-04-08,21:00:00,36.57,36.57,36.45,36.5,26806,0
2014-04-08,22:00:00,36.515,36.66,36.4,36.49,137243,0
2014-04-09,16:00:00,36.86,36.975,36.45,36.91,11579,0
2014-04-09,17:00:00,36.939,36.939,36.56,36.75,35655,0
2014-04-09,18:00:00,36.73,36.74,36.6,36.67,21915,0
2014-04-09,19:00:00,36.73,37.08,36.69,37.03,56278,0
2014-04-09,20:00:00,37.08,37.28,37.07,37.1,22367,0
2014-04-09,21:00:00,37.13,37.34,37.13,37.16,33528,0
2014-04-09,22:00:00,37.14,37.35,37.05,37.28,103713,0
2014-04-10,16:00:00,37.34,37.41,37.05,37.13,12821,0
2014-04-10,17:00:00,37.18,37.385,36.98,37.06,66560,0
2014-04-10,18:00:00,37,37.14,36.585,36.62,78821,0
2014-04-10,19:00:00,36.62,36.78,36.57,36.6,60998,0
2014-04-10,20:00:00,36.61,36.74,36.47,36.73,80158,0
2014-04-10,21:00:00,36.73,36.75,36.54,36.615,27969,0
2014-04-10,22:00:00,36.6,36.88,36.48,36.54,125641,0
2014-04-11,16:00:00,36.6299,36.72,36.1,36.24,37958,0
2014-04-11,17:00:00,36.25,36.46,36.19,36.46,63788,0
2014-04-11,18:00:00,36.43,36.48,36.18,36.25,41411,0
2014-04-11,19:00:00,36.26,36.39,36.24,36.32,44498,0
2014-04-11,20:00:00,36.34,36.47,36.24,36.31,45198,0
2014-04-11,21:00:00,36.296,36.32,35.81,35.93,79959,0
2014-04-11,22:00:00,35.94,36.16,35.86,35.96,126648,0
2014-04-14,16:00:00,36.4,36.57,35.88,35.92,56545,0
2014-04-14,17:00:00,35.89,35.91,35.55,35.895,55081,0
2014-04-14,18:00:00,35.88,36.3,35.7,36.14,54066,0
2014-04-14,19:00:00,36.15,36.4,36.13,36.23,34557,0
2014-04-14,20:00:00,36.21,36.21,35.96,35.97,18356,0
2014-04-14,21:00:00,35.94,36.02,35.72,35.72,31851,0
2014-04-14,22:00:00,35.75,35.96,35.695,35.91,105997,0
2014-04-15,16:00:00,36.1599,36.5456,36.1,36.4,62904,0
2014-04-15,17:00:00,36.52,36.64,35.75,35.92,93426,0
2014-04-15,18:00:00,35.92,36.23,35.87,36,37039,0
2014-04-15,19:00:00,35.94,35.95,35.65,35.65,31188,0
2014-04-15,20:00:00,35.68,36.16,35.6,36.155,53545,0
2014-04-15,21:00:00,36.15,36.29,35.87,36.19,63180,0
2014-04-15,22:00:00,36.19,36.4,35.9,36.04,134704,0
2014-04-16,16:00:00,36.49,36.49,35.97,36.03,35119,0
2014-04-16,17:00:00,35.9825,36.06,35.78,35.98,41466,0
2014-04-16,18:00:00,35.84,36.43,35.68,36.41,50456,0
2014-04-16,19:00:00,36.35,36.56,36.16,36.31,53482,0
2014-04-16,20:00:00,36.26,36.3,35.92,35.97,84524,0
2014-04-16,21:00:00,35.95,36,35.7,35.9299,61355,0
2014-04-16,22:00:00,35.96,36.05,35.81,36.02,140688,0
2014-04-17,16:00:00,35.86,36.335,35.86,36.07,41521,0
2014-04-17,17:00:00,36.03,36.39,36.03,36.23,66666,0
2014-04-17,18:00:00,36.205,36.535,36.18,36.32,62543,0
2014-04-17,19:00:00,36.32,36.37,35.98,36.21,80765,0
2014-04-17,20:00:00,36.2,36.47,36.17,36.42,26929,0
2014-04-17,21:00:00,36.3775,36.52,36.32,36.44,41625,0
2014-04-17,22:00:00,36.48,36.56,36.4,36.545,71128,0
2014-04-21,16:00:00,36.475,36.49,36.26,36.36,17007,0
2014-04-21,17:00:00,36.4,36.46,36.28,36.42,73194,0
2014-04-21,18:00:00,36.42,37.02,36.42,37,35583,0
2014-04-21,19:00:00,36.99,37.07,36.67,36.76,32550,0
2014-04-21,20:00:00,36.74,36.97,36.73,36.79,36018,0
2014-04-21,21:00:00,36.78,36.8,36.66,36.68,25140,0
2014-04-21,22:00:00,36.68,36.88,36.65,36.84,86234,0
2014-04-22,16:00:00,36.65,37,36.65,37,23825,0
2014-04-22,17:00:00,37.12,37.332,36.91,37.3,83360,0
2014-04-22,18:00:00,37.37,37.58,37.37,37.56,38813,0
2014-04-22,19:00:00,37.56,37.8,37.55,37.7,35565,0
2014-04-22,20:00:00,37.7375,37.75,37.56,37.68,36467,0
2014-04-22,21:00:00,37.67,37.7,37.61,37.66,34376,0
2014-04-22,22:00:00,37.64,37.75,37.46,37.54,174135,0
2014-04-23,16:00:00,37.65,37.81,37.24,37.39,65783,0
2014-04-23,17:00:00,37.33,37.615,37.2,37.57,65457,0
2014-04-23,18:00:00,37.55,37.69,37.12,37.23,65757,0
2014-04-23,19:00:00,37.21,37.28,37.11,37.2799,20203,0
2014-04-23,20:00:00,37.29,37.44,37.18,37.23,27879,0
2014-04-23,21:00:00,37.22,37.36,37.15,37.31,20540,0
2014-04-23,22:00:00,37.35,37.53,37.23,37.29,107581,0
2014-04-24,16:00:00,37.44,37.6299,37.1,37.28,14100,0
2014-04-24,17:00:00,37.24,37.32,37.01,37.23,41780,0
2014-04-24,18:00:00,37.21,37.52,37.2,37.39,34822,0
2014-04-24,19:00:00,37.43,37.68,37.43,37.68,31200,0
2014-04-24,20:00:00,37.72,37.74,37.39,37.39,34759,0
2014-04-24,21:00:00,37.3913,37.52,37.34,37.36,23040,0
2014-04-24,22:00:00,37.35,37.63,37.35,37.6,63138,0
2014-04-25,16:00:00,37.4,37.46,37.1,37.13,59891,0
2014-04-25,17:00:00,37.11,37.32,37.05,37.07,34883,0
2014-04-25,18:00:00,37.06,37.35,37,37.19,59340,0
2014-04-25,19:00:00,37.19,37.39,37.12,37.27,43252,0
2014-04-25,20:00:00,37.26,37.29,36.98,37.05,48166,0
2014-04-25,21:00:00,37.03,37.13,37,37.05,27249,0
2014-04-25,22:00:00,37.01,37.2,37.01,37.05,89604,0
2014-04-28,16:00:00,37.18,37.18,36.8,37.02,39963,0
2014-04-28,17:00:00,37.03,37.3,36.98,37.24,56014,0
2014-04-28,18:00:00,37.21,37.2583,36.91,36.975,60660,0
2014-04-28,19:00:00,36.95,37.2392,36.93,37.22,55958,0
2014-04-28,20:00:00,37.22,37.24,36.8,36.8,81167,0
2014-04-28,21:00:00,36.81,37.1,36.76,36.975,38303,0
2014-04-28,22:00:00,36.9681,37.44,36.9681,37.36,68140,0
2014-04-29,16:00:00,37.55,38.15,37.38,37.729,26625,0
2014-04-29,17:00:00,37.73,38.39,37.73,38.02,122436,0
2014-04-29,18:00:00,38.08,38.08,37.67,37.81,39300,0
2014-04-29,19:00:00,37.74,37.83,37.72,37.76,19837,0
2014-04-29,20:00:00,37.7834,37.7834,37.65,37.742,24939,0
2014-04-29,21:00:00,37.78,37.78,37.494,37.61,40438,0
2014-04-29,22:00:00,37.63,37.86,37.57,37.65,142082,0
2014-04-30,16:00:00,37.58,38.38,37.58,37.79,44136,0
2014-04-30,17:00:00,37.7,38.135,37.7,38.1,99291,0
2014-04-30,18:00:00,38.1,38.37,37.94,38.36,103214,0
2014-04-30,19:00:00,38.35,38.37,38.2,38.32,28143,0
2014-04-30,20:00:00,38.3,38.74,38.29,38.47,131791,0
2014-04-30,21:00:00,38.425,38.87,38.37,38.39,212894,0
2014-04-30,22:00:00,38.38,38.84,37.92,38.67,337855,0
2014-05-01,16:00:00,39.02,41.87,39.02,41.09,388792,0
2014-05-01,17:00:00,41.12,41.38,40.695,41.11,273826,0
2014-05-01,18:00:00,41.12,41.34,40.39,40.54,241590,0
2014-05-01,19:00:00,40.56,40.8,40.4,40.48,171882,0
2014-05-01,20:00:00,40.575,40.8,40.46,40.65,111587,0
2014-05-01,21:00:00,40.65,40.7,40.34,40.59,225970,0
2014-05-01,22:00:00,40.57,41.95,40.53,41.91,581442,0
2014-05-02,16:00:00,43.14,44.68,43.1,44.1396,202842,0
2014-05-02,17:00:00,44.01,44.31,42.87,43.13,220737,0
2014-05-02,18:00:00,43.12,43.15,42.89,43.015,184341,0
2014-05-02,19:00:00,43.04,43.28,42.77,42.86,113800,0
2014-05-02,20:00:00,42.85,43.17,42.81,43.078,216996,0
2014-05-02,21:00:00,43.08,43.11,42.68,42.93,93546,0
2014-05-02,22:00:00,42.95,43.15,42.8,43,344051,0
2014-05-05,16:00:00,43.05,43.41,42.51,43.01,86637,0
2014-05-05,17:00:00,43.01,43.15,42.78,42.87,124180,0
2014-05-05,18:00:00,42.92,43.155,42.8301,43.07,104571,0
2014-05-05,19:00:00,43.05,43.5,43,43.41,127122,0
2014-05-05,20:00:00,43.41,43.53,43.17,43.2,92332,0
2014-05-05,21:00:00,43.25,43.45,43.219,43.37,93861,0
2014-05-05,22:00:00,43.39,43.47,43.215,43.28,776304,0
2014-05-06,16:00:00,43.25,43.25,42.91,42.985,80297,0
2014-05-06,17:00:00,43.01,43.09,42.64,42.96,116267,0
2014-05-06,18:00:00,43,43.05,42.8,42.99,84492,0
2014-05-06,19:00:00,42.932,43.21,42.9,43.08,65629,0
2014-05-06,20:00:00,43.08,43.37,42.9301,43.24,53912,0
2014-05-06,21:00:00,43.25,43.28,43.05,43.1,46940,0
2014-05-06,22:00:00,43.08,43.37,42.98,43.19,143520,0
2014-05-07,16:00:00,43.11,43.62,43.07,43.19,36894,0
2014-05-07,17:00:00,43.152,43.35,42.75,42.95,117692,0
2014-05-07,18:00:00,42.9,43.03,42.64,42.725,99187,0
2014-05-07,19:00:00,42.7,42.85,42.64,42.7181,99470,0
2014-05-07,20:00:00,42.76,43.04,42.74,42.94,43792,0
2014-05-07,21:00:00,42.92,43.26,42.89,43.1401,91077,0
2014-05-07,22:00:00,43.165,43.24,42.95,43.21,213820,0
