Date,Time,Open,High,Low,Close,Volume,OpenInt
2014-02-10,16:00:00,38.6442,38.6442,37.8558,37.8558,16705,0
2014-02-10,17:00:00,38.2599,38.319,37.9248,38.0036,14946,0
2014-02-10,18:00:00,37.9445,38.181,37.9149,38.0233,8422,0
2014-02-10,19:00:00,38.1515,38.1909,37.9543,38.0233,11973,0
2014-02-10,20:00:00,37.9051,38.25,37.9051,38.1712,7711,0
2014-02-10,21:00:00,38.25,38.7724,38.25,38.5753,9030,0
2014-02-10,22:00:00,38.6541,39.0681,38.6541,38.9596,36555,0
2014-02-11,16:00:00,39.0779,39.4357,38.6837,38.7724,4826,0
2014-02-11,17:00:00,38.8118,38.8414,38.7822,38.7822,6702,0
2014-02-11,18:00:00,38.8808,38.9596,38.8315,38.9005,3222,0
2014-02-11,19:00:00,38.9596,38.9596,38.8808,38.9153,3348,0
2014-02-11,20:00:00,38.8709,39.1666,38.8709,39.0385,16858,0
2014-02-11,21:00:00,39.0188,39.1469,38.9301,39.1124,1826,0
2014-02-11,22:00:00,39.2257,39.3834,39.1173,39.1863,26520,0
2014-02-12,16:00:00,39.344,39.344,38.1712,38.7132,1729,0
2014-02-12,17:00:00,39.3341,39.3341,38.6147,38.8562,4566,0
2014-02-12,18:00:00,38.8364,38.9991,38.5654,38.7034,11385,0
2014-02-12,19:00:00,38.7034,39.0089,38.6935,38.9794,4230,0
2014-02-12,20:00:00,38.8611,38.9991,38.8513,38.8513,2537,0
2014-02-12,21:00:00,38.9005,39.137,38.8315,38.9005,5999,0
2014-02-12,22:00:00,38.8808,39.137,38.8512,39.0681,12906,0
2014-02-13,16:00:00,38.7625,39.0976,38.7231,39.0976,3020,0
2014-02-13,17:00:00,39.0286,39.1804,38.9498,39.1804,3754,0
2014-02-13,18:00:00,39.0582,39.4031,38.9794,39.4031,5783,0
2014-02-13,19:00:00,39.2849,39.3933,39.0286,39.0286,4261,0
2014-02-13,20:00:00,39.2947,39.2947,39.2947,39.2947,4363,0
2014-02-13,21:00:00,39.3933,39.551,39.3736,39.551,2029,0
2014-02-13,22:00:00,39.5411,39.6397,39.1863,39.551,20560,0
2014-02-14,16:00:00,39.551,39.7875,39.3144,39.4721,6146,0
2014-02-14,17:00:00,39.689,39.689,39.3144,39.4426,7310,0
2014-02-14,18:00:00,39.3834,39.551,39.3539,39.5411,4792,0
2014-02-14,19:00:00,39.5017,39.62,39.482,39.62,7508,0
2014-02-14,20:00:00,39.5608,39.62,39.5608,39.62,1725,0
2014-02-14,21:00:00,39.62,39.6791,39.482,39.6791,5426,0
2014-02-14,22:00:00,39.8269,39.8565,39.5608,39.6397,16610,0
2014-02-18,16:00:00,39.689,40.1078,39.6791,39.7678,4090,0
2014-02-18,17:00:00,39.9156,39.9896,39.7284,39.9255,9056,0
2014-02-18,18:00:00,39.9255,40.0536,39.9058,40.0536,3551,0
2014-02-18,19:00:00,40.2693,40.2705,40.1423,40.1916,5381,0
2014-02-18,20:00:00,40.1916,40.2606,40.1029,40.2448,4870,0
2014-02-18,21:00:00,40.1522,40.1916,40.0832,40.1916,7305,0
2014-02-18,22:00:00,40.1916,40.2705,40.0832,40.1325,44363,0
2014-02-19,16:00:00,39.9058,40.1029,39.9058,39.9649,6275,0
2014-02-19,17:00:00,40.1226,40.3591,40.1078,40.231,8219,0
2014-02-19,18:00:00,40.1128,40.2212,39.9748,40.0043,12143,0
2014-02-19,19:00:00,39.7382,39.8269,39.6397,39.6594,5986,0
2014-02-19,20:00:00,39.6003,39.8171,39.6003,39.8171,4972,0
2014-02-19,21:00:00,39.6594,40.093,39.6594,39.9058,13263,0
2014-02-19,22:00:00,39.9058,40.0536,39.6495,39.6988,35250,0
2014-02-20,16:00:00,39.5608,39.8417,39.5608,39.7185,2851,0
2014-02-20,17:00:00,39.62,39.8703,39.62,39.8664,5885,0
2014-02-20,18:00:00,39.9698,39.9748,39.9649,39.9748,4566,0
2014-02-20,20:00:00,40.093,40.093,39.8466,39.8466,2719,0
2014-02-20,21:00:00,39.8072,40.0536,39.8072,40.0536,7508,0
2014-02-20,22:00:00,39.9255,40.0635,39.7974,39.9255,15303,0
2014-02-21,16:00:00,39.7974,39.8269,39.3243,39.3243,2537,0
2014-02-21,17:00:00,39.7579,39.8368,39.6495,39.8368,5986,0
2014-02-21,18:00:00,39.7629,39.8171,39.5904,39.6298,12145,0
2014-02-21,19:00:00,39.6397,39.7481,39.5805,39.5943,5479,0
2014-02-21,20:00:00,39.5904,39.6003,39.4229,39.4524,15362,0
2014-02-21,21:00:00,39.5214,39.7087,39.4721,39.4918,13110,0
2014-02-21,22:00:00,39.4721,39.6693,39.4229,39.4721,15378,0
2014-02-24,16:00:00,39.5017,39.5017,39.4426,39.4918,1319,0
2014-02-24,17:00:00,39.4615,39.5608,39.4524,39.4524,5152,0
2014-02-24,18:00:00,39.4229,39.4524,39.3243,39.4229,7128,0
2014-02-24,19:00:00,39.6495,39.6791,39.5411,39.5411,4464,0
2014-02-24,20:00:00,39.5608,39.5608,39.5017,39.5017,2029,0
2014-02-24,21:00:00,39.6693,39.6791,39.5904,39.62,25194,0
2014-02-24,22:00:00,39.5313,39.5313,39.2356,39.2947,31144,0
2014-02-25,16:00:00,39.1173,39.551,39.0336,39.0336,5448,0
2014-02-25,17:00:00,39.1025,39.275,38.9399,38.9991,6595,0
2014-02-25,18:00:00,38.9892,39.5017,38.9498,39.137,4633,0
2014-02-25,19:00:00,39.2453,39.2453,38.7428,38.9399,3666,0
2014-02-25,20:00:00,39.1272,39.1567,38.7921,38.7921,4870,0
2014-02-25,21:00:00,38.8562,38.9207,38.8019,38.8769,7569,0
2014-02-25,22:00:00,38.8512,38.9301,38.5555,38.7231,14027,0
2014-02-26,16:00:00,38.6048,38.9202,38.6048,38.8315,2986,0
2014-02-26,17:00:00,38.8118,39.0385,38.6935,38.8709,9030,0
2014-02-26,18:00:00,38.8818,38.9005,38.6442,38.7329,9276,0
2014-02-26,19:00:00,38.5457,38.9005,38.5457,38.7231,9716,0
2014-02-26,20:00:00,38.7625,38.801,38.7329,38.7822,7427,0
2014-02-26,21:00:00,38.6837,38.7822,38.59,38.7132,5091,0
2014-02-26,22:00:00,38.6344,38.8808,38.2796,38.8414,22470,0
2014-02-27,16:00:00,44.3901,45.287,41.394,43.1877,35632,0
2014-02-27,17:00:00,43.1877,44.4887,43.1188,43.7199,36852,0
2014-02-27,18:00:00,43.7298,44.2423,43.6608,43.8481,25268,0
2014-02-27,19:00:00,43.8087,43.986,43.2567,43.2567,16121,0
2014-02-27,20:00:00,43.168,43.8481,43.168,43.3651,12582,0
2014-02-27,21:00:00,43.5425,43.5425,42.8625,43.1976,17707,0
2014-02-27,22:00:00,43.1188,43.7594,42.8329,43.3553,74643,0
2014-02-28,16:00:00,43.4341,44.0008,42.4584,43.9269,11220,0
2014-02-28,17:00:00,43.9171,44.1437,43.5622,43.7495,17695,0
2014-02-28,18:00:00,43.7495,43.7594,43.5622,43.7199,11491,0
2014-02-28,19:00:00,43.7002,43.7421,43.4538,43.6115,15321,0
2014-02-28,20:00:00,43.6115,43.6608,43.4933,43.5967,4825,0
2014-02-28,21:00:00,43.5721,43.6529,43.375,43.4341,9219,0
2014-02-28,22:00:00,43.4341,43.4341,42.8034,42.9118,52197,0
2014-03-03,16:00:00,42.695,43.2962,42.3895,42.7147,16760,0
2014-03-03,17:00:00,42.7147,42.7664,42.419,42.6063,11871,0
2014-03-03,18:00:00,42.5432,42.8034,42.5274,42.626,11427,0
2014-03-03,19:00:00,42.6161,42.8034,42.6013,42.7344,4464,0
2014-03-03,20:00:00,42.7344,42.9216,42.7245,42.8773,6595,0
2014-03-03,21:00:00,42.9118,43.0448,42.7639,42.8132,21115,0
2014-03-03,22:00:00,42.6654,42.8231,42.5767,42.8132,26481,0
2014-03-04,16:00:00,43.7199,44.193,43.3257,44.1536,8134,0
2014-03-04,17:00:00,44.1043,44.1043,43.6312,43.7101,17391,0
2014-03-04,18:00:00,43.7988,43.8579,43.5228,43.7101,10248,0
2014-03-04,19:00:00,43.7397,43.7397,43.306,43.3553,14276,0
2014-03-04,20:00:00,43.375,43.4341,43.1582,43.3651,8537,0
2014-03-04,21:00:00,43.3257,43.3553,43.1483,43.3553,8178,0
2014-03-04,22:00:00,43.2764,43.6017,43.1286,43.1976,32650,0
2014-03-05,16:00:00,43.0005,43.237,42.6555,42.9236,4394,0
2014-03-05,17:00:00,42.8921,43.099,42.7442,42.7442,4464,0
2014-03-05,18:00:00,42.7836,43.3159,42.7738,43.1779,9132,0
2014-03-05,19:00:00,43.1976,43.2962,43.0202,43.1877,2638,0
2014-03-05,20:00:00,43.0892,43.1385,42.7048,42.8526,5266,0
2014-03-05,21:00:00,42.8428,42.8723,42.7442,42.8723,3551,0
2014-03-05,22:00:00,42.9019,43.2419,42.8723,43.1582,28881,0
2014-03-06,16:00:00,43.2469,43.2469,42.9413,42.9413,2638,0
2014-03-06,17:00:00,43.0005,43.0695,42.961,43.0596,1420,0
2014-03-06,18:00:00,43.0562,43.2173,42.9906,43.1282,1979,0
2014-03-06,19:00:00,43.03,43.1877,43.0103,43.1877,1319,0
2014-03-06,20:00:00,43.0695,43.0695,43.0005,43.0498,1522,0
2014-03-06,21:00:00,43.1089,43.3651,43.0793,43.2272,2334,0
2014-03-06,22:00:00,43.2666,43.3651,43.2469,43.2962,10857,0
2014-03-07,16:00:00,43.6608,43.8481,43.3848,43.3848,1617,0
2014-03-07,17:00:00,43.3553,43.3553,43.237,43.237,3117,0
2014-03-07,18:00:00,43.1385,43.1385,43.1188,43.1286,710,0
2014-03-07,19:00:00,43.1089,43.1089,43.0103,43.0103,2029,0
2014-03-07,20:00:00,43.0596,43.0793,43.0596,43.0793,1015,0
2014-03-07,21:00:00,42.9315,43.0202,42.897,43.0202,3956,0
2014-03-07,22:00:00,42.9315,43.0892,42.8723,43.0793,15577,0
2014-03-10,15:00:00,42.9808,42.9808,42.7147,42.7147,3193,0
2014-03-10,16:00:00,42.823,42.823,42.4584,42.626,5067,0
2014-03-10,17:00:00,42.8625,43.1976,42.8625,43.0793,4597,0
2014-03-10,18:00:00,43.0399,43.3356,42.9906,43.2962,11379,0
2014-03-10,19:00:00,43.2173,43.2173,43.2173,43.2173,2131,0
2014-03-10,20:00:00,43.2567,43.2962,42.8625,43.099,8726,0
2014-03-10,21:00:00,43.1247,43.3651,43.1247,43.3159,15293,0
2014-03-11,15:00:00,43.1286,43.1927,42.7541,42.7738,4712,0
2014-03-11,16:00:00,42.7836,43.2863,42.4486,43.2863,3838,0
2014-03-11,17:00:00,43.2075,43.2075,42.7836,42.7836,2222,0
2014-03-11,18:00:00,42.7048,42.7048,42.3697,42.4387,6539,0
2014-03-11,19:00:00,42.2416,42.5274,42.2416,42.5274,1818,0
2014-03-11,20:00:00,42.4091,42.4091,41.9361,42.1726,5325,0
2014-03-11,21:00:00,42.3293,42.3796,42.1332,42.3204,14465,0
2014-03-12,15:00:00,41.771,42.5,41.771,42.334,3900,0
2014-03-12,16:00:00,42.42,42.49,42.35,42.43,1900,0
2014-03-12,17:00:00,42.43,42.5,42.43,42.5,2810,0
2014-03-12,18:00:00,42.69,42.77,42.6,42.77,1000,0
2014-03-12,19:00:00,42.79,42.9,42.755,42.81,2890,0
2014-03-12,20:00:00,42.79,42.83,42.682,42.73,3274,0
2014-03-12,21:00:00,42.83,43.03,42.61,42.95,12370,0
2014-03-13,15:00:00,43.19,43.19,43.138,43.14,4300,0
2014-03-13,16:00:00,42.6,42.6,42.47,42.58,2600,0
2014-03-13,17:00:00,42.53,42.54,42.53,42.54,1300,0
2014-03-13,18:00:00,42.2768,42.36,41.95,42.08,4000,0
2014-03-13,19:00:00,42.01,42.2972,42.01,42.28,2100,0
2014-03-13,20:00:00,42.405,42.51,42.1,42.15,6800,0
2014-03-13,21:00:00,42.26,42.54,42.13,42.47,24917,0
2014-03-14,15:00:00,42.28,42.86,42.28,42.67,3099,0
2014-03-14,16:00:00,42.83,43.17,42.77,42.95,7600,0
2014-03-14,17:00:00,42.83,42.83,42.41,42.5,3400,0
2014-03-14,18:00:00,42.504,42.91,42.48,42.8,8100,0
2014-03-14,19:00:00,42.69,43.13,42.51,42.54,11900,0
2014-03-14,20:00:00,42.36,42.83,42.36,42.77,14177,0
2014-03-14,21:00:00,42.67,42.89,42.36,42.89,16954,0
2014-03-17,15:00:00,42.83,43.5,42.83,43.5,2783,0
2014-03-17,16:00:00,43.72,43.9225,43.72,43.75,2630,0
2014-03-17,17:00:00,43.69,43.69,43.505,43.505,1500,0
2014-03-17,18:00:00,43.4,43.65,43.25,43.65,5374,0
2014-03-17,19:00:00,43.6,43.69,43.42,43.53,11475,0
2014-03-17,20:00:00,43.65,43.71,43.53,43.53,5100,0
2014-03-17,21:00:00,43.54,43.73,43.54,43.63,25399,0
2014-03-18,15:00:00,43.78,43.78,43.45,43.59,3350,0
2014-03-18,16:00:00,44.04,44.04,43.83,43.95,1870,0
2014-03-18,17:00:00,43.95,44.04,43.69,43.9299,6400,0
2014-03-18,18:00:00,43.81,43.98,43.81,43.89,2300,0
2014-03-18,19:00:00,43.66,43.965,43.59,43.965,5000,0
2014-03-18,20:00:00,44.13,44.13,43.84,44.02,7078,0
2014-03-18,21:00:00,43.98,44.01,43.7,44.01,25836,0
2014-03-19,15:00:00,44.13,44.13,43.77,43.77,2000,0
2014-03-19,16:00:00,43.77,43.96,43.76,43.82,2475,0
2014-03-19,17:00:00,43.92,43.92,43.91,43.91,900,0
2014-03-19,19:00:00,43.89,43.99,43.89,43.94,1300,0
2014-03-19,20:00:00,43.5,43.79,43.5,43.73,2800,0
2014-03-19,21:00:00,43.56,43.84,43.25,43.66,18597,0
2014-03-20,15:00:00,43.48,43.48,41.38,42.89,5590,0
2014-03-20,16:00:00,43.11,43.68,43.04,43.67,3738,0
2014-03-20,17:00:00,43.5,43.5899,43.42,43.445,6221,0
2014-03-20,18:00:00,43.6,43.6,43.42,43.42,1200,0
2014-03-20,19:00:00,43.59,43.77,43.48,43.68,5200,0
2014-03-20,20:00:00,43.44,43.8,43.44,43.64,4800,0
2014-03-20,21:00:00,43.83,43.83,43.32,43.68,12645,0
2014-03-21,15:00:00,43.79,43.79,42.97,43.19,105648,0
2014-03-21,16:00:00,43.31,43.83,43.1201,43.76,6352,0
2014-03-21,17:00:00,43.7,43.91,43.7,43.85,4600,0
2014-03-21,18:00:00,43.8,43.9,43.61,43.634,5016,0
2014-03-21,19:00:00,43.6,43.76,43.52,43.55,4600,0
2014-03-21,20:00:00,43.55,43.67,43.55,43.67,4800,0
2014-03-21,21:00:00,43.78,43.78,43.48,43.59,91673,0
2014-03-24,15:00:00,44.05,44.05,43.32,43.85,3200,0
2014-03-24,16:00:00,43.85,44.04,43.48,43.765,36213,0
2014-03-24,17:00:00,43.725,43.77,43.33,43.37,9004,0
2014-03-24,18:00:00,43.33,43.53,43.33,43.37,8200,0
2014-03-24,19:00:00,43.385,43.54,43.385,43.54,3500,0
2014-03-24,20:00:00,43.79,44,43.79,43.97,7000,0
2014-03-24,21:00:00,43.91,44.12,43.81,43.92,19784,0
2014-03-25,15:00:00,44.25,44.25,43.69,43.84,2684,0
2014-03-25,16:00:00,43.93,44.15,43.83,44.02,7850,0
2014-03-25,17:00:00,44.02,44.13,43.93,44,11094,0
2014-03-25,18:00:00,44,44,43.79,43.93,4300,0
2014-03-25,19:00:00,43.91,44.01,43.89,43.96,6100,0
2014-03-25,20:00:00,44.03,44.04,43.96,43.975,2200,0
2014-03-25,21:00:00,43.975,44,43.81,43.89,11518,0
2014-03-26,15:00:00,44.18,44.23,43.78,43.78,1233,0
2014-03-26,16:00:00,43.95,43.99,43.56,43.705,2900,0
2014-03-26,17:00:00,43.84,43.97,43.71,43.815,2900,0
2014-03-26,18:00:00,43.835,43.99,43.78,43.95,18300,0
2014-03-26,19:00:00,43.86,43.95,43.45,43.48,2800,0
2014-03-26,20:00:00,43.49,43.74,43.32,43.71,3310,0
2014-03-26,21:00:00,43.78,43.78,43,43.25,18236,0
2014-03-27,15:00:00,43.01,43.01,42.98,42.98,2000,0
2014-03-27,16:00:00,43.03,43.255,42.65,42.72,7800,0
2014-03-27,17:00:00,42.6,42.87,42.27,42.64,5600,0
2014-03-27,18:00:00,42.82,42.89,42.72,42.86,4600,0
2014-03-27,19:00:00,42.86,43.02,42.86,42.9,5000,0
2014-03-27,20:00:00,42.95,43.03,42.55,42.55,4000,0
2014-03-27,21:00:00,42.67,42.925,42.32,42.79,16954,0
2014-03-28,15:00:00,42.74,42.92,42.5,42.75,3991,0
2014-03-28,16:00:00,42.75,42.855,42.52,42.82,6749,0
2014-03-28,17:00:00,43.09,43.325,42.97,43.15,10226,0
2014-03-28,18:00:00,43.13,43.16,42.94,43.1,9700,0
2014-03-28,19:00:00,43.02,43.11,42.92,43.01,6659,0
2014-03-28,20:00:00,43.02,43.02,42.74,42.75,7600,0
2014-03-28,21:00:00,42.75,42.79,42.55,42.67,8420,0
2014-03-31,16:00:00,42.82,43.12,42.81,43.12,2800,0
2014-03-31,17:00:00,43.17,43.6,43.17,43.45,5600,0
2014-03-31,18:00:00,43.58,43.66,43.28,43.44,6500,0
2014-03-31,19:00:00,43.57,44.25,43.57,44.16,9675,0
2014-03-31,20:00:00,43.97,44.1,43.76,43.8,5700,0
2014-03-31,21:00:00,43.7,43.91,43.61,43.84,6400,0
2014-03-31,22:00:00,43.84,43.97,43.69,43.91,49311,0
2014-04-01,16:00:00,43.44,43.46,42.96,43.27,4577,0
2014-04-01,17:00:00,43.53,44,43.51,43.8,7800,0
2014-04-01,18:00:00,43.89,43.89,43.57,43.57,8455,0
2014-04-01,19:00:00,43.6,43.6,43.5,43.59,3300,0
2014-04-01,20:00:00,43.58,43.6,43.55,43.6,8500,0
2014-04-01,21:00:00,43.6,43.89,43.6,43.75,6700,0
2014-04-01,22:00:00,43.74,44.15,43.69,43.9,31102,0
2014-04-02,16:00:00,44.11,44.11,43.648,43.65,10620,0
2014-04-02,17:00:00,43.81,43.81,43.54,43.6,2126,0
2014-04-02,18:00:00,43.75,43.85,43.59,43.66,3600,0
2014-04-02,19:00:00,43.65,43.66,43.55,43.55,3200,0
2014-04-02,20:00:00,43.74,43.74,43.5,43.5,1100,0
2014-04-02,21:00:00,43.66,43.91,43.53,43.9,6208,0
2014-04-02,22:00:00,43.7,43.9,43.66,43.81,5928,0
2014-04-03,16:00:00,43.7,43.7,43.7,43.7,2600,0
2014-04-03,17:00:00,43.6,43.65,43.39,43.52,5700,0
2014-04-03,18:00:00,43.45,43.5499,43.45,43.5484,3400,0
2014-04-03,19:00:00,43.55,43.86,43.41,43.84,17621,0
2014-04-03,20:00:00,43.94,43.9884,43.75,43.75,4681,0
2014-04-03,21:00:00,43.77,43.77,43.38,43.57,2900,0
2014-04-03,22:00:00,43.74,43.93,43.41,43.58,21641,0
2014-04-04,16:00:00,43.76,43.76,43.26,43.72,1800,0
2014-04-04,17:00:00,43.77,43.98,43.675,43.68,5553,0
2014-04-04,18:00:00,43.6,43.64,42.77,42.82,5056,0
2014-04-04,19:00:00,42.78,43.32,42.67,43.21,12780,0
2014-04-04,20:00:00,43.14,43.3,43.06,43.23,14800,0
2014-04-04,21:00:00,43.225,43.4,43.2,43.3,13700,0
2014-04-04,22:00:00,43.3,43.8,43.22,43.47,45087,0
2014-04-07,16:00:00,43.4,43.4,43.385,43.385,1500,0
2014-04-07,17:00:00,43.29,43.4,43.21,43.28,6811,0
2014-04-07,18:00:00,43.28,43.32,42.91,42.91,7336,0
2014-04-07,19:00:00,42.85,43,42.75,42.76,3965,0
2014-04-07,20:00:00,42.69,42.69,42.5,42.6,2100,0
2014-04-07,21:00:00,42.6,43.125,42.54,42.84,5211,0
2014-04-07,22:00:00,42.84,42.86,42.43,42.66,35504,0
2014-04-08,16:00:00,42.84,43.4396,42.4,42.4,5779,0
2014-04-08,17:00:00,42.55,42.91,42.51,42.91,3148,0
2014-04-08,18:00:00,42.91,43.16,42.88,43.03,6100,0
2014-04-08,19:00:00,43.02,43.04,42.97,42.97,3000,0
2014-04-08,20:00:00,43.11,43.36,43.065,43.15,4486,0
2014-04-08,21:00:00,43.25,43.26,43,43.03,3600,0
2014-04-08,22:00:00,43.06,43.33,42.85,42.99,14442,0
2014-04-09,16:00:00,43.14,43.14,42.86,43,2417,0
2014-04-09,17:00:00,43,43.17,42.62,42.77,4812,0
2014-04-09,18:00:00,42.68,42.85,42.68,42.85,3300,0
2014-04-09,19:00:00,42.97,43.3245,42.97,43.31,4872,0
2014-04-09,20:00:00,43.25,43.25,43,43,2500,0
2014-04-09,21:00:00,43.11,43.3201,43.11,43.29,4000,0
2014-04-09,22:00:00,43.29,43.528,43.29,43.32,13458,0
2014-04-10,16:00:00,43.34,43.34,42.925,42.925,3500,0
2014-04-10,17:00:00,42.95,42.98,42.51,42.71,6417,0
2014-04-10,18:00:00,42.68,42.68,41.96,41.96,7900,0
2014-04-10,19:00:00,41.99,42.1,41.544,41.76,14200,0
2014-04-10,20:00:00,41.796,41.796,41.39,41.59,7920,0
2014-04-10,21:00:00,41.62,41.839,41.46,41.81,6789,0
2014-04-10,22:00:00,41.58,41.91,41.38,41.7,21959,0
2014-04-11,16:00:00,41.71,41.71,41.21,41.4,2200,0
2014-04-11,17:00:00,41.35,41.4,41.14,41.4,5916,0
2014-04-11,18:00:00,41.56,41.56,41.14,41.3,3878,0
2014-04-11,19:00:00,41.43,41.48,41,41.24,11200,0
2014-04-11,20:00:00,41.27,41.48,41.2201,41.24,5000,0
2014-04-11,21:00:00,41.26,41.29,41.005,41.07,11600,0
2014-04-11,22:00:00,41.04,41.14,40.94,41.03,32780,0
2014-04-14,16:00:00,41.53,41.862,40.975,40.975,9626,0
2014-04-14,17:00:00,41.06,41.07,40.815,41.04,5500,0
2014-04-14,18:00:00,41.14,41.375,41.03,41.22,10430,0
2014-04-14,19:00:00,41.28,41.5,41.19,41.42,4980,0
2014-04-14,20:00:00,41.42,41.67,41.37,41.4,4294,0
2014-04-14,21:00:00,41.4,41.53,40.89,41.17,13012,0
2014-04-14,22:00:00,41.14,41.17,40.72,40.94,27468,0
2014-04-15,16:00:00,41.473,41.473,41.17,41.36,5400,0
2014-04-15,17:00:00,41.5645,41.5645,40.52,40.59,9301,0
2014-04-15,18:00:00,40.46,40.82,40.41,40.41,5100,0
2014-04-15,19:00:00,40.45,40.7,40.3,40.38,4107,0
2014-04-15,20:00:00,40.34,40.935,40.34,40.88,6200,0
2014-04-15,21:00:00,40.98,41.17,40.82,41.07,9800,0
2014-04-15,22:00:00,41.1,41.28,41.05,41.1,10829,0
2014-04-16,16:00:00,39.011,41.4199,39.011,41.194,3000,0
2014-04-16,17:00:00,41.28,41.35,41.11,41.11,2300,0
2014-04-16,19:00:00,41.34,41.45,41.31,41.32,1050,0
2014-04-16,20:00:00,41.23,41.23,40.99,40.99,3200,0
2014-04-16,21:00:00,40.99,41.2,40.88,40.88,1600,0
2014-04-16,22:00:00,40.87,41.28,40.87,41.17,10681,0
2014-04-17,16:00:00,41.01,41.19,41.01,41.055,13176,0
2014-04-17,17:00:00,41.15,41.38,41.15,41.38,2700,0
2014-04-17,18:00:00,41.38,41.54,41.23,41.26,7635,0
2014-04-17,19:00:00,41.23,41.38,41.21,41.21,5450,0
2014-04-17,20:00:00,41.42,41.47,41.25,41.3,4036,0
2014-04-17,21:00:00,41.49,41.59,41.49,41.57,1416,0
2014-04-17,22:00:00,41.56,41.64,41.56,41.575,3200,0
2014-04-21,16:00:00,41.4,41.54,41.4,41.54,1032,0
2014-04-21,17:00:00,41.55,41.6,40.7701,40.87,7400,0
2014-04-21,18:00:00,41.25,41.4,41.25,41.4,2900,0
2014-04-21,19:00:00,41.3,41.32,41.121,41.31,3600,0
2014-04-21,20:00:00,41.31,41.4,41.31,41.3999,2300,0
2014-04-21,21:00:00,41.4,41.45,41.25,41.43,6160,0
2014-04-21,22:00:00,41.45,41.56,41.24,41.54,7923,0
2014-04-22,16:00:00,41.7,41.875,41.67,41.875,1520,0
2014-04-22,17:00:00,41.79,41.89,41.75,41.75,3420,0
2014-04-22,18:00:00,41.86,41.98,41.78,41.89,4830,0
2014-04-22,19:00:00,41.89,41.93,41.89,41.93,1415,0
2014-04-22,20:00:00,41.95,41.98,41.9,41.96,2400,0
2014-04-22,21:00:00,41.92,41.96,41.89,41.96,4600,0
2014-04-22,22:00:00,41.92,42,41.75,41.91,12702,0
2014-04-23,16:00:00,41.75,41.8,41.75,41.8,1010,0
2014-04-23,17:00:00,41.78,42.56,41.77,42.3,5790,0
2014-04-23,18:00:00,42.23,42.23,41.8,42.13,202200,0
2014-04-23,19:00:00,42.18,42.18,41.91,42.15,1867,0
2014-04-23,20:00:00,41.98,42.02,41.79,41.95,2600,0
2014-04-23,21:00:00,41.88,41.88,41.68,41.84,3300,0
2014-04-23,22:00:00,41.84,41.85,41.73,41.75,39634,0
2014-04-24,16:00:00,41.83,41.93,41.825,41.84,7200,0
2014-04-24,17:00:00,41.805,42.34,41.66,41.83,6708,0
2014-04-24,18:00:00,41.84,42.08,41.84,42.08,4445,0
2014-04-24,20:00:00,41.72,41.85,41.72,41.82,2000,0
2014-04-24,21:00:00,41.845,41.86,41.71,41.84,5824,0
2014-04-24,22:00:00,41.84,42.155,41.83,42.09,15932,0
2014-04-25,16:00:00,41.84,41.855,41.84,41.855,400,0
2014-04-25,17:00:00,41.85,41.85,41.4,41.4,2800,0
2014-04-25,18:00:00,41.35,41.79,41.19,41.59,6862,0
2014-04-25,19:00:00,41.57,41.77,41.535,41.67,5600,0
2014-04-25,20:00:00,41.7,41.76,41.58,41.7,4900,0
2014-04-25,21:00:00,41.67,41.75,41.48,41.6,5090,0
2014-04-25,22:00:00,41.57,41.7,41.405,41.6,13474,0
2014-04-28,16:00:00,41.37,41.86,41.06,41.86,2430,0
2014-04-28,17:00:00,42.03,42.38,41.95,42.1,14500,0
2014-04-28,18:00:00,41.85,41.85,41.25,41.32,11600,0
2014-04-28,19:00:00,41.32,41.395,40.93,41.08,22770,0
2014-04-28,20:00:00,41,41,40.57,40.85,4000,0
2014-04-28,21:00:00,40.78,41.11,40.65,41.11,6452,0
2014-04-28,22:00:00,41.11,41.88,41.11,41.58,23232,0
2014-04-29,16:00:00,41.97,41.97,41.65,41.65,7092,0
2014-04-29,17:00:00,42.14,42.14,41.56,41.56,3800,0
2014-04-29,18:00:00,41.8,41.8,41.65,41.65,2900,0
2014-04-29,19:00:00,41.65,41.76,41.65,41.76,3348,0
2014-04-29,20:00:00,41.7,41.7,41.62,41.65,2612,0
2014-04-29,21:00:00,41.62,41.65,41.56,41.62,4402,0
2014-04-29,22:00:00,41.62,41.86,41.58,41.65,41328,0
2014-04-30,16:00:00,41.79,41.999,41.35,41.66,6120,0
2014-04-30,17:00:00,41.66,42.079,41.63,41.79,5244,0
2014-04-30,18:00:00,41.71,41.739,41.281,41.49,8479,0
2014-04-30,19:00:00,41.26,41.78,41.2479,41.75,6450,0
2014-04-30,20:00:00,41.77,41.77,41.68,41.7,2100,0
2014-04-30,21:00:00,41.89,42.43,41.54,42.19,7688,0
2014-04-30,22:00:00,42.32,42.72,42.01,42.65,51625,0
2014-05-01,16:00:00,40.85,40.85,40.1,40.44,25960,0
2014-05-01,17:00:00,40.45,40.93,38.815,40.32,54368,0
2014-05-01,18:00:00,40.32,41.01,39.81,40.63,19272,0
2014-05-01,19:00:00,40.67,40.67,40.35,40.53,16400,0
2014-05-01,20:00:00,40.39,40.56,40.13,40.22,15070,0
2014-05-01,21:00:00,40.13,40.51,40.12,40.46,21553,0
2014-05-01,22:00:00,40.46,40.78,40.2425,40.73,93874,0
2014-05-02,16:00:00,40.94,40.94,40.44,40.61,5915,0
2014-05-02,17:00:00,40.56,40.624,40.141,40.5,18800,0
2014-05-02,18:00:00,40.45,41.01,40.45,40.66,19100,0
2014-05-02,19:00:00,40.68,40.98,40.57,40.81,10846,0
2014-05-02,20:00:00,40.9,40.9,40.51,40.71,15200,0
2014-05-02,21:00:00,40.525,41.04,40.495,40.59,12150,0
2014-05-02,22:00:00,40.6499,41.25,40.46,40.97,55053,0
2014-05-05,16:00:00,40.82,40.82,39.8,40.2,4992,0
2014-05-05,17:00:00,40.27,40.6228,40.126,40.4175,10205,0
2014-05-05,18:00:00,40.53,40.53,40.23,40.405,8166,0
2014-05-05,19:00:00,40.405,40.5,40.35,40.36,8756,0
2014-05-05,20:00:00,40.245,40.36,40.04,40.212,5250,0
2014-05-05,21:00:00,40.4698,40.4698,40.128,40.37,6800,0
2014-05-05,22:00:00,40.365,40.42,40.2,40.29,37186,0
2014-05-06,16:00:00,40.01,40.14,39.92,39.92,6402,0
2014-05-06,17:00:00,39.96,39.96,39.87,39.93,4067,0
2014-05-06,18:00:00,39.93,40.08,39.73,40.03,5300,0
2014-05-06,19:00:00,39.96,39.96,39.92,39.95,2168,0
2014-05-06,20:00:00,40.06,40.06,39.92,39.92,7755,0
2014-05-06,21:00:00,39.92,39.95,39.85,39.92,11377,0
2014-05-06,22:00:00,39.91,39.95,39.55,39.63,30529,0
2014-05-07,16:00:00,39.55,39.85,39.49,39.49,3857,0
2014-05-07,17:00:00,39.41,39.5,39.05,39.25,10330,0
2014-05-07,18:00:00,39.09,39.405,39,39.23,10195,0
2014-05-07,19:00:00,39.3797,39.3797,38.99,39.05,7800,0
2014-05-07,20:00:00,39,39.23,38.9604,38.98,4611,0
2014-05-07,21:00:00,39,39.53,38.96,39.26,13070,0
2014-05-07,22:00:00,39.27,39.49,39.09,39.44,52372,0
