Date,Time,Open,High,Low,Close,Volume,OpenInt
2014-02-10,16:00:00,10.084,10.1,9.82,9.928,11170,0
2014-02-10,17:00:00,9.876,9.912,9.748,9.748,3000,0
2014-02-10,18:00:00,9.876,9.936,9.752,9.932,9788,0
2014-02-10,19:00:00,9.899,9.98,9.808,9.876,4800,0
2014-02-10,20:00:00,9.948,9.948,9.845,9.845,500,0
2014-02-10,21:00:00,9.936,10.068,9.708,9.708,21175,0
2014-02-10,22:00:00,9.68,9.692,9.524,9.528,6000,0
2014-02-11,16:00:00,10.256,10.256,9.64,10.136,9705,0
2014-02-11,17:00:00,10.102,10.104,9.88,9.916,6463,0
2014-02-11,18:00:00,9.82,10.152,9.644,10,38075,0
2014-02-11,19:00:00,10.068,10.164,10.02,10.028,9000,0
2014-02-11,20:00:00,10.088,10.184,9.964,10.116,10375,0
2014-02-11,21:00:00,10.116,10.132,9.9,9.976,12143,0
2014-02-11,22:00:00,9.944,9.992,9.72,9.984,7605,0
2014-02-12,16:00:00,9.992,10.216,9.977,9.977,14508,0
2014-02-12,17:00:00,9.968,9.968,9.668,9.668,8250,0
2014-02-12,18:00:00,9.628,9.728,9.592,9.712,7988,0
2014-02-12,19:00:00,9.66,9.66,9.644,9.648,1250,0
2014-02-12,20:00:00,9.704,10.116,9.704,9.808,6555,0
2014-02-12,21:00:00,9.728,9.78,9.416,9.508,17130,0
2014-02-12,22:00:00,9.528,10.48,9.528,10.228,59655,0
2014-02-13,16:00:00,11.6,11.76,10.92,11.608,144383,0
2014-02-13,17:00:00,11.604,12.4,11.383,12,234438,0
2014-02-13,18:00:00,11.88,12.196,11.772,11.792,52830,0
2014-02-13,19:00:00,11.68,12,11.68,11.988,21263,0
2014-02-13,20:00:00,11.988,12.44,11.988,12.44,51820,0
2014-02-13,21:00:00,12.4,12.4,12,12.004,44670,0
2014-02-13,22:00:00,12.046,12.2,12,12.038,47858,0
2014-02-14,16:00:00,12.596,12.596,11.824,11.92,43993,0
2014-02-14,17:00:00,11.84,11.996,11.6,11.72,35125,0
2014-02-14,18:00:00,11.6,11.6,10.504,10.644,69175,0
2014-02-14,19:00:00,10.8,11.168,10.8,11.068,26553,0
2014-02-14,20:00:00,11.2,11.352,11.2,11.352,15385,0
2014-02-14,21:00:00,11.404,11.404,11.336,11.4,3000,0
2014-02-14,22:00:00,11.4,11.4,11.32,11.4,10113,0
2014-02-18,16:00:00,11.34,11.34,11,11.02,9300,0
2014-02-18,17:00:00,11,11.02,10.62,10.716,32230,0
2014-02-18,18:00:00,10.72,10.752,10.68,10.68,22320,0
2014-02-18,19:00:00,10.64,10.72,10.62,10.644,36900,0
2014-02-18,20:00:00,10.644,10.644,10.292,10.486,26968,0
2014-02-18,21:00:00,10.47,10.5,10.392,10.404,10238,0
2014-02-18,22:00:00,10.404,10.444,10.36,10.4,42245,0
2014-02-19,16:00:00,10.256,10.342,10.087,10.087,12875,0
2014-02-19,17:00:00,10.092,10.328,10.008,10.282,10103,0
2014-02-19,18:00:00,10.34,10.4,10.34,10.396,12655,0
2014-02-19,19:00:00,10.392,10.4,10.392,10.4,12000,0
2014-02-19,20:00:00,10.308,10.392,10.284,10.297,11000,0
2014-02-19,21:00:00,10.38,10.4,10.38,10.386,6250,0
2014-02-19,22:00:00,10.3,10.377,10.22,10.304,104200,0
2014-02-20,16:00:00,10.236,10.26,10.12,10.136,17750,0
2014-02-20,17:00:00,10.179,10.22,10.096,10.168,30583,0
2014-02-20,18:00:00,10.164,10.208,10.164,10.204,20610,0
2014-02-20,19:00:00,10.204,10.208,10.2,10.2,17558,0
2014-02-20,20:00:00,10.2,10.248,10.2,10.236,62455,0
2014-02-20,21:00:00,10.236,10.248,10.236,10.248,23750,0
2014-02-20,22:00:00,10.244,10.512,10.228,10.512,47175,0
2014-02-21,16:00:00,10.95,10.964,10.696,10.875,18183,0
2014-02-21,17:00:00,10.9,10.9,10.812,10.82,13848,0
2014-02-21,18:00:00,10.835,10.888,10.784,10.804,7670,0
2014-02-21,19:00:00,10.872,10.957,10.826,10.924,6035,0
2014-02-21,20:00:00,10.864,10.96,10.864,10.94,10445,0
2014-02-21,21:00:00,10.832,10.94,10.832,10.864,13375,0
2014-02-21,22:00:00,10.874,11.144,10.874,11.016,18980,0
2014-02-24,16:00:00,11.216,11.236,10.868,11.232,22485,0
2014-02-24,17:00:00,11.24,11.24,11.142,11.206,20690,0
2014-02-24,18:00:00,11.236,11.236,11.12,11.12,13250,0
2014-02-24,19:00:00,11.005,11.005,10.94,10.944,3750,0
2014-02-24,20:00:00,11.056,11.2,11.056,11.176,12385,0
2014-02-24,21:00:00,11.18,11.192,11.08,11.08,10695,0
2014-02-24,22:00:00,11.168,11.168,11.084,11.084,8500,0
2014-02-25,16:00:00,11.156,11.611,11.072,11.072,36190,0
2014-02-25,17:00:00,11.078,11.56,11.046,11.26,26825,0
2014-02-25,18:00:00,11.348,11.348,11,11.096,14750,0
2014-02-25,19:00:00,11.052,11.18,10.944,11.098,6315,0
2014-02-25,20:00:00,11.084,11.084,10.78,10.868,8500,0
2014-02-25,21:00:00,10.8,10.84,10.736,10.736,1500,0
2014-02-25,22:00:00,10.76,10.772,10.384,10.644,36643,0
2014-02-26,16:00:00,10.524,10.736,10.524,10.556,9195,0
2014-02-26,17:00:00,10.508,10.86,10.496,10.688,18300,0
2014-02-26,18:00:00,10.852,10.852,10.64,10.64,6598,0
2014-02-26,19:00:00,10.68,10.788,10.654,10.784,4500,0
2014-02-26,20:00:00,10.736,10.756,10.736,10.756,2500,0
2014-02-26,21:00:00,10.72,10.72,10.55,10.55,7750,0
2014-02-26,22:00:00,10.5,10.596,10.348,10.456,25755,0
2014-02-27,16:00:00,10.38,10.38,10.38,10.38,19400,0
2014-02-27,17:00:00,10.418,10.42,10.418,10.42,4500,0
2014-02-27,18:00:00,10.676,10.676,10.584,10.584,4750,0
2014-02-27,19:00:00,10.656,10.776,10.648,10.656,7825,0
2014-02-27,20:00:00,10.702,11.04,10.702,10.96,9500,0
2014-02-27,21:00:00,10.768,11.104,10.748,11.1,21533,0
2014-02-27,22:00:00,11.072,11.2,11.072,11.2,26478,0
2014-02-28,16:00:00,11.164,11.248,11.004,11.248,9705,0
2014-02-28,17:00:00,11.308,11.348,11.188,11.188,14750,0
2014-02-28,18:00:00,11.128,11.236,11.128,11.2,12093,0
2014-02-28,19:00:00,11.2,11.26,11.192,11.212,4238,0
2014-02-28,20:00:00,11.22,11.272,11.22,11.256,16965,0
2014-02-28,21:00:00,11.164,11.248,10.908,10.908,16173,0
2014-02-28,22:00:00,10.908,11.081,10.62,10.96,8150,0
2014-03-03,16:00:00,11.28,11.356,11.04,11.04,21545,0
2014-03-03,17:00:00,11.112,11.308,10.8,11.28,12750,0
2014-03-03,18:00:00,11.12,11.288,11.12,11.256,2750,0
2014-03-03,19:00:00,11.276,11.32,11.2,11.32,17750,0
2014-03-03,20:00:00,11.32,11.5,11.32,11.42,27173,0
2014-03-03,21:00:00,11.44,11.732,11.44,11.684,18945,0
2014-03-03,22:00:00,11.744,11.8,11.508,11.508,54520,0
2014-03-04,16:00:00,11.696,11.832,10.856,11.832,6575,0
2014-03-04,17:00:00,11.832,12,11.72,11.996,9260,0
2014-03-04,18:00:00,11.996,12,11.832,12,15618,0
2014-03-04,19:00:00,11.84,12.04,11.82,12.04,13620,0
2014-03-04,20:00:00,12.032,12.04,11.924,12.012,32458,0
2014-03-04,21:00:00,11.952,11.992,11.88,11.992,18048,0
2014-03-04,22:00:00,11.874,11.98,11.768,11.94,40310,0
2014-03-05,16:00:00,11.997,11.997,11.92,11.996,4988,0
2014-03-05,17:00:00,12,12.076,11.968,12.04,11960,0
2014-03-05,18:00:00,12.049,12.296,12.049,12.2,19808,0
2014-03-05,19:00:00,12.2,12.22,12.192,12.22,17375,0
2014-03-05,20:00:00,12.2,12.3,12.027,12.027,17695,0
2014-03-05,21:00:00,12.056,12.092,11.96,11.96,11250,0
2014-03-05,22:00:00,12,12.268,12,12.268,14573,0
2014-03-06,16:00:00,12.232,12.232,12.232,12.232,3500,0
2014-03-06,17:00:00,12.316,12.316,12.136,12.136,8300,0
2014-03-06,18:00:00,11.96,12.136,11.92,11.942,10625,0
2014-03-06,19:00:00,11.948,11.98,11.94,11.96,5750,0
2014-03-06,20:00:00,11.964,12.072,11.96,11.96,20118,0
2014-03-06,21:00:00,11.98,11.98,11.98,11.98,1500,0
2014-03-06,22:00:00,11.96,12.24,11.96,12.188,13235,0
2014-03-07,16:00:00,12.264,12.32,12.16,12.16,17250,0
2014-03-07,17:00:00,12.32,12.32,12.004,12.032,7450,0
2014-03-07,18:00:00,12.04,12.04,11.344,11.5,26725,0
2014-03-07,19:00:00,11.42,11.588,11.368,11.368,11750,0
2014-03-07,20:00:00,11.368,11.6,11.36,11.58,22985,0
2014-03-07,21:00:00,11.52,11.52,11.498,11.498,11888,0
2014-03-07,22:00:00,11.664,11.712,11.472,11.592,11280,0
2014-03-10,15:00:00,11.389,11.836,11.188,11.189,18600,0
2014-03-10,16:00:00,11.22,11.22,10.8,10.8,44748,0
2014-03-10,17:00:00,10.823,11.16,10.804,11.16,40110,0
2014-03-10,18:00:00,11.18,11.324,11.18,11.316,3750,0
2014-03-10,19:00:00,11.5,11.516,11.244,11.292,13255,0
2014-03-10,20:00:00,11.292,11.292,11.12,11.188,14355,0
2014-03-10,21:00:00,11.184,11.42,11.12,11.16,14905,0
2014-03-11,15:00:00,11.408,11.408,11.04,11.2,4050,0
2014-03-11,16:00:00,11.315,11.315,11.148,11.2,3750,0
2014-03-11,17:00:00,11.2,11.364,11.196,11.316,12660,0
2014-03-11,18:00:00,11.208,11.336,11.2,11.2,5088,0
2014-03-11,19:00:00,11.18,11.316,11.072,11.2,11250,0
2014-03-11,20:00:00,11.192,11.332,11.124,11.244,6500,0
2014-03-11,21:00:00,11.1,11.232,10.964,10.964,15608,0
2014-03-12,15:00:00,11.144,11.144,11.144,11.144,1000,0
2014-03-12,16:00:00,10.9,10.912,10.82,10.912,14000,0
2014-03-12,17:00:00,10.908,10.908,10.856,10.856,2735,0
2014-03-12,18:00:00,10.892,11.032,10.884,10.914,3645,0
2014-03-12,20:00:00,10.96,10.96,10.96,10.96,1750,0
2014-03-12,21:00:00,11.04,11.2,10.977,11.072,22020,0
2014-03-13,15:00:00,11.028,11.2,11.028,11.2,6000,0
2014-03-13,16:00:00,11.154,11.377,11.154,11.377,14770,0
2014-03-13,17:00:00,11.184,11.264,11.184,11.252,7268,0
2014-03-13,18:00:00,11.232,11.52,11.232,11.52,10750,0
2014-03-13,19:00:00,11.52,11.52,11.292,11.38,11340,0
2014-03-13,20:00:00,11.38,11.392,11.28,11.28,12950,0
2014-03-13,21:00:00,11.304,11.316,11.148,11.165,17250,0
2014-03-14,15:00:00,11.3,11.3,11.047,11.3,3865,0
2014-03-14,16:00:00,11.3,11.502,11.242,11.5,8000,0
2014-03-14,17:00:00,11.296,11.4,11.296,11.4,5500,0
2014-03-14,18:00:00,11.408,11.56,11.408,11.5,1750,0
2014-03-14,19:00:00,11.6,11.6,11.52,11.6,2500,0
2014-03-14,20:00:00,11.584,11.732,11.464,11.6,23930,0
2014-03-14,21:00:00,11.584,11.6,11.244,11.384,20425,0
2014-03-17,15:00:00,11.5,11.572,11.106,11.444,7763,0
2014-03-17,16:00:00,11.432,11.752,11.404,11.6,52348,0
2014-03-17,17:00:00,11.6,11.6,11.568,11.6,17740,0
2014-03-17,18:00:00,11.8,11.8,11.632,11.632,3000,0
2014-03-17,19:00:00,11.6,11.6,11.532,11.552,6000,0
2014-03-17,20:00:00,11.6,11.6,11.6,11.6,3500,0
2014-03-17,21:00:00,11.768,12,11.72,11.888,36368,0
2014-03-18,15:00:00,12.4,13.552,12.248,12.548,77525,0
2014-03-18,16:00:00,12.64,12.64,12.4,12.592,17898,0
2014-03-18,17:00:00,12.592,12.6,12.46,12.584,16750,0
2014-03-18,18:00:00,12.584,12.797,12.464,12.704,15753,0
2014-03-18,19:00:00,12.68,12.756,12.48,12.592,8738,0
2014-03-18,20:00:00,12.752,12.752,12.54,12.599,18388,0
2014-03-18,21:00:00,12.6,12.6,12.54,12.6,30563,0
2014-03-19,15:00:00,12.52,12.8,12.52,12.6,4568,0
2014-03-19,16:00:00,12.8,12.8,12.488,12.716,5000,0
2014-03-19,17:00:00,12.796,13.008,12.32,12.364,30890,0
2014-03-19,18:00:00,12.384,12.5,12.32,12.412,9250,0
2014-03-19,19:00:00,12.439,12.54,12.256,12.4,55158,0
2014-03-19,20:00:00,12.456,12.552,12.34,12.4,51750,0
2014-03-19,21:00:00,12.36,12.736,12.308,12.564,14920,0
2014-03-20,15:00:00,12.796,12.796,12.376,12.376,6000,0
2014-03-20,16:00:00,12.431,12.436,12.148,12.167,10495,0
2014-03-20,17:00:00,12.148,12.244,11.672,12.018,53985,0
2014-03-20,18:00:00,11.92,12.166,11.92,12.166,6340,0
2014-03-20,19:00:00,12.307,12.384,12.032,12.26,7750,0
2014-03-20,20:00:00,12.154,12.392,12.154,12.376,6500,0
2014-03-20,21:00:00,12.4,12.8,12.356,12.516,23430,0
2014-03-21,15:00:00,12.78,13.2,12.78,13.16,3750,0
2014-03-21,16:00:00,13.2,13.204,12.86,12.92,80620,0
2014-03-21,17:00:00,13.148,13.408,13.136,13.32,23173,0
2014-03-21,18:00:00,13.42,13.42,13.16,13.28,21185,0
2014-03-21,19:00:00,13.168,13.238,13.058,13.129,17373,0
2014-03-21,20:00:00,13.088,13.296,13.088,13.104,13688,0
2014-03-21,21:00:00,13.092,13.492,13.088,13.336,23505,0
2014-03-24,15:00:00,13.6,13.96,13.4,13.428,13995,0
2014-03-24,16:00:00,13.784,13.82,13.432,13.48,9718,0
2014-03-24,17:00:00,13.468,13.668,13.4,13.432,17015,0
2014-03-24,18:00:00,13.51,13.716,13.404,13.6,16398,0
2014-03-24,19:00:00,13.476,13.716,13.4,13.498,57718,0
2014-03-24,20:00:00,13.628,13.84,13.412,13.732,13800,0
2014-03-24,21:00:00,13.628,13.764,13.48,13.764,30005,0
2014-03-25,15:00:00,13.668,13.886,13.668,13.886,11385,0
2014-03-25,16:00:00,13.948,13.948,13.4,13.6,15270,0
2014-03-25,17:00:00,13.588,13.6,13.2,13.332,46713,0
2014-03-25,18:00:00,13.236,13.3,13.076,13.156,10023,0
2014-03-25,19:00:00,13.08,13.176,13.02,13.176,7500,0
2014-03-25,20:00:00,13.16,13.34,13.099,13.34,12000,0
2014-03-25,21:00:00,13.194,13.952,13.194,13.8,78570,0
2014-03-26,15:00:00,13.704,13.8,13.6,13.778,14918,0
2014-03-26,16:00:00,13.608,13.92,13.608,13.832,9998,0
2014-03-26,17:00:00,13.817,13.817,13.608,13.608,1500,0
2014-03-26,18:00:00,13.792,13.792,13.484,13.484,2503,0
2014-03-26,19:00:00,13.284,13.672,13.264,13.28,2500,0
2014-03-26,20:00:00,13.32,13.336,13.064,13.166,5873,0
2014-03-26,21:00:00,13.18,13.488,13.048,13.344,11155,0
2014-03-27,15:00:00,13.292,13.3,13.292,13.3,6930,0
2014-03-27,16:00:00,13.406,13.48,13.394,13.416,7413,0
2014-03-27,17:00:00,13.228,13.396,13.1,13.32,11688,0
2014-03-27,18:00:00,13.292,13.337,13.292,13.32,7000,0
2014-03-27,19:00:00,13.296,13.38,13.14,13.38,11000,0
2014-03-27,20:00:00,13.38,13.4,13.202,13.356,6250,0
2014-03-27,21:00:00,13.443,13.452,13.382,13.434,6750,0
2014-03-28,15:00:00,13.42,13.42,13.32,13.412,2125,0
2014-03-28,16:00:00,13.488,13.644,13.404,13.592,12250,0
2014-03-28,17:00:00,13.44,13.44,13.344,13.344,4000,0
2014-03-28,18:00:00,13.088,13.46,13.016,13.28,52628,0
2014-03-28,19:00:00,13.316,13.38,13.1,13.244,8575,0
2014-03-28,20:00:00,13.292,13.476,13.236,13.476,16488,0
2014-03-28,21:00:00,13.44,13.504,13.24,13.5,26000,0
2014-03-31,16:00:00,13.456,13.752,13.456,13.752,6500,0
2014-03-31,17:00:00,13.637,13.84,13.637,13.676,18000,0
2014-03-31,18:00:00,13.42,13.84,13.404,13.76,47110,0
2014-03-31,20:00:00,13.632,13.632,13.632,13.632,4000,0
2014-03-31,21:00:00,13.7,13.7,13.7,13.7,9450,0
2014-03-31,22:00:00,13.724,13.756,13.668,13.756,17130,0
2014-04-01,16:00:00,13.944,14.8,13.808,14.48,48143,0
2014-04-01,17:00:00,14.668,14.68,14.496,14.583,19200,0
2014-04-01,18:00:00,14.56,14.68,14.56,14.68,13613,0
2014-04-01,19:00:00,14.652,14.652,14.56,14.599,2800,0
2014-04-01,20:00:00,14.556,14.56,14.48,14.48,5000,0
2014-04-01,21:00:00,14.44,14.636,14.44,14.596,5250,0
2014-04-01,22:00:00,14.48,14.68,14.44,14.68,11875,0
2014-04-02,16:00:00,15,15,15,15,750,0
2014-04-02,17:00:00,14.98,14.98,14.8,14.8,7750,0
2014-04-02,18:00:00,14.8,14.98,14.62,14.98,16400,0
2014-04-02,19:00:00,14.956,15.16,14.924,15.16,7750,0
2014-04-02,20:00:00,15.156,15.156,14.968,14.968,3750,0
2014-04-02,21:00:00,14.972,15.06,14.972,15,6040,0
2014-04-02,22:00:00,15.008,15.032,14.964,15.032,21238,0
2014-04-03,16:00:00,15.18,15.18,14.659,14.98,4750,0
2014-04-03,17:00:00,14.876,14.876,14.688,14.748,15090,0
2014-04-03,18:00:00,14.64,14.82,14.64,14.672,4250,0
2014-04-03,19:00:00,14.652,14.652,14.312,14.32,24475,0
2014-04-03,20:00:00,14.392,14.536,14.364,14.492,4000,0
2014-04-03,21:00:00,14.476,14.584,14.3,14.308,38580,0
2014-04-03,22:00:00,14.408,14.72,14.408,14.668,52415,0
2014-04-04,17:00:00,14.752,14.796,14.448,14.796,8615,0
2014-04-04,18:00:00,14.796,14.8,14.248,14.544,22180,0
2014-04-04,19:00:00,14.68,14.68,14.384,14.384,2250,0
2014-04-04,20:00:00,14.4,14.4,14.392,14.396,4743,0
2014-04-04,21:00:00,14.232,14.248,14,14,8675,0
2014-04-04,22:00:00,14.012,14.344,14.012,14.14,7000,0
2014-04-07,16:00:00,13.8,14.105,13.8,14.105,4683,0
2014-04-07,17:00:00,13.8,13.8,13.552,13.672,10125,0
2014-04-07,18:00:00,13.6,13.652,13.544,13.595,4675,0
2014-04-07,19:00:00,13.572,13.696,13.56,13.696,3000,0
2014-04-07,20:00:00,13.58,13.58,13.56,13.56,3500,0
2014-04-07,21:00:00,13.672,13.92,13.58,13.836,19475,0
2014-04-07,22:00:00,13.82,13.884,13.584,13.758,21190,0
2014-04-08,16:00:00,13.904,14,13.904,14,69018,0
2014-04-08,17:00:00,13.948,14.476,13.836,14.396,20745,0
2014-04-08,18:00:00,14.4,14.536,14.381,14.46,9900,0
2014-04-08,19:00:00,14.5,14.6,14.4,14.58,17613,0
2014-04-08,21:00:00,14.56,14.56,14.56,14.56,250,0
2014-04-08,22:00:00,14.576,14.684,14.568,14.588,9000,0
2014-04-09,16:00:00,14.484,14.596,14.276,14.596,387465,0
2014-04-09,17:00:00,14.404,14.7,14.38,14.64,10500,0
2014-04-09,18:00:00,14.7,14.8,14.604,14.68,19918,0
2014-04-09,19:00:00,14.692,14.972,14.688,14.972,7400,0
2014-04-09,20:00:00,14.948,14.948,14.8,14.8,5000,0
2014-04-09,21:00:00,14.948,14.948,14.86,14.86,2375,0
2014-04-09,22:00:00,14.856,14.972,14.856,14.864,2750,0
2014-04-10,16:00:00,15.12,15.392,14.984,15.236,17495,0
2014-04-10,17:00:00,15.396,15.396,15.028,15.11,16113,0
2014-04-10,18:00:00,15.088,15.244,15,15.04,21240,0
2014-04-10,19:00:00,15.1,15.14,14,14.4,52305,0
2014-04-10,20:00:00,14.392,14.536,14.068,14.5,15875,0
2014-04-10,21:00:00,14.376,14.524,14.272,14.272,8005,0
2014-04-10,22:00:00,14.3,14.74,14.18,14.712,22895,0
2014-04-11,16:00:00,14.396,14.516,14.302,14.396,10498,0
2014-04-11,17:00:00,14.32,14.436,14.22,14.36,9250,0
2014-04-11,18:00:00,14.36,14.573,14.36,14.573,8733,0
2014-04-11,19:00:00,14.4,14.616,14.4,14.616,2750,0
2014-04-11,20:00:00,14.464,14.628,14.464,14.576,3500,0
2014-04-11,21:00:00,14.48,15.001,14.452,14.64,20200,0
2014-04-11,22:00:00,14.688,14.688,14.52,14.52,7250,0
2014-04-14,16:00:00,14.6,14.94,14.508,14.608,14250,0
2014-04-14,17:00:00,14.692,14.692,14.528,14.692,12750,0
2014-04-14,18:00:00,14.98,14.98,14.632,14.7,2750,0
2014-04-14,19:00:00,14.716,14.9,14.716,14.8,7395,0
2014-04-14,20:00:00,14.992,15,14.78,14.78,8000,0
2014-04-14,21:00:00,14.816,14.94,14.764,14.94,11988,0
2014-04-14,22:00:00,14.94,15.156,14.88,15.148,12500,0
2014-04-15,16:00:00,15.464,16.348,15.464,16.28,71165,0
2014-04-15,17:00:00,16.264,16.36,15.892,15.996,29515,0
2014-04-15,18:00:00,15.992,15.992,15.608,15.776,24683,0
2014-04-15,19:00:00,15.7,15.712,15.28,15.516,42928,0
2014-04-15,20:00:00,15.564,15.568,15.2,15.52,19578,0
2014-04-15,21:00:00,15.4,15.708,15.4,15.704,9250,0
2014-04-15,22:00:00,15.708,15.796,15.592,15.78,14058,0
2014-04-16,16:00:00,16.252,16.4,15.902,16.4,18325,0
2014-04-16,17:00:00,16.4,16.72,16.292,16.456,37300,0
2014-04-16,18:00:00,16.598,16.68,16.404,16.54,15500,0
2014-04-16,19:00:00,16.4,16.536,16.312,16.536,16460,0
2014-04-16,20:00:00,16.512,16.72,16.312,16.568,18498,0
2014-04-16,21:00:00,16.628,16.78,16.556,16.729,16240,0
2014-04-16,22:00:00,16.648,16.776,16.516,16.604,29935,0
2014-04-17,16:00:00,16.8,17.088,16.48,16.92,39370,0
2014-04-17,17:00:00,16.94,17.72,16.772,17.683,56725,0
2014-04-17,18:00:00,17.52,17.864,17.4,17.672,26673,0
2014-04-17,19:00:00,17.324,17.332,16.86,16.928,14630,0
2014-04-17,20:00:00,17.092,17.576,16.924,16.924,16230,0
2014-04-17,21:00:00,16.976,17.312,16.976,17.04,3878,0
2014-04-17,22:00:00,17.186,17.186,16.748,16.796,33750,0
2014-04-21,16:00:00,16.96,17.492,16.804,17.216,31198,0
2014-04-21,17:00:00,17.216,17.28,17.044,17.172,17645,0
2014-04-21,18:00:00,17.293,17.293,17.052,17.052,17468,0
2014-04-21,19:00:00,17,17.056,16.536,16.536,18368,0
2014-04-21,20:00:00,16.448,16.865,16.448,16.6,14220,0
2014-04-21,21:00:00,16.612,16.704,16.612,16.664,14500,0
2014-04-21,22:00:00,16.82,17,16.8,16.836,15030,0
2014-04-22,16:00:00,16.8,16.8,16.152,16.684,22575,0
2014-04-22,17:00:00,16.688,17.168,16.576,16.816,27000,0
2014-04-22,18:00:00,16.804,16.962,16.532,16.8,6165,0
2014-04-22,19:00:00,16.84,16.976,16.74,16.952,12800,0
2014-04-22,20:00:00,16.948,17.064,16.86,17.04,9380,0
2014-04-22,21:00:00,17.18,17.18,17.02,17.064,5250,0
2014-04-22,22:00:00,17.008,17.1,16.864,17.068,9735,0
2014-04-23,16:00:00,16.628,17.992,16.617,17.224,23140,0
2014-04-23,17:00:00,17.276,17.75,17.244,17.572,16000,0
2014-04-23,18:00:00,17.652,17.652,17.442,17.484,12155,0
2014-04-23,19:00:00,17.516,17.76,17.516,17.576,25240,0
2014-04-23,20:00:00,17.58,17.6,17.576,17.576,10750,0
2014-04-23,21:00:00,17.58,17.6,17.552,17.6,6130,0
2014-04-23,22:00:00,17.552,17.7,17.425,17.656,33380,0
2014-04-24,16:00:00,17.86,18,17.64,17.64,29873,0
2014-04-24,17:00:00,17.8,18,17.2,17.81,38948,0
2014-04-24,18:00:00,17.732,17.892,17.624,17.855,14215,0
2014-04-24,19:00:00,17.8,18.911,17.74,18.9,56668,0
2014-04-24,20:00:00,18.752,18.9,17.882,18,25588,0
2014-04-24,21:00:00,18.16,18.184,17.74,17.992,16533,0
2014-04-24,22:00:00,17.772,18.6,17.772,18.54,44728,0
2014-04-25,16:00:00,18.124,18.124,15.476,16,110165,0
2014-04-25,17:00:00,16.08,16.692,15.804,16.579,15563,0
2014-04-25,18:00:00,16.404,16.967,16.2,16.879,35655,0
2014-04-25,19:00:00,16.6,16.896,16.6,16.732,11000,0
2014-04-25,20:00:00,16.5,16.5,16.11,16.12,15558,0
2014-04-25,21:00:00,16.148,16.148,15.612,15.95,20128,0
2014-04-25,22:00:00,16,16.102,15.66,15.844,17460,0
2014-04-28,16:00:00,16.228,16.888,16.176,16.576,25895,0
2014-04-28,17:00:00,16.576,16.596,16.32,16.48,32063,0
2014-04-28,18:00:00,16.412,16.54,16.332,16.376,14500,0
2014-04-28,19:00:00,16.54,16.732,16.376,16.592,16800,0
2014-04-28,20:00:00,16.6,16.7,16.592,16.7,12978,0
2014-04-28,21:00:00,16.548,16.66,16.52,16.52,16525,0
2014-04-28,22:00:00,16.522,16.76,16.522,16.596,16500,0
2014-04-29,16:00:00,16.564,16.564,16.248,16.256,22923,0
2014-04-29,17:00:00,16.406,16.424,15.884,16.38,73250,0
2014-04-29,18:00:00,16.298,16.298,15.936,16.096,27213,0
2014-04-29,19:00:00,16.144,16.324,15.992,16.308,17650,0
2014-04-29,20:00:00,16.252,16.448,16.232,16.448,12750,0
2014-04-29,21:00:00,16.448,16.604,16.344,16.604,7298,0
2014-04-29,22:00:00,16.604,16.604,16.274,16.4,17500,0
2014-04-30,16:00:00,16.296,16.296,16.228,16.228,2000,0
2014-04-30,17:00:00,16.228,16.268,15.968,16.248,14045,0
2014-04-30,18:00:00,16.2,16.232,16.168,16.196,6525,0
2014-04-30,19:00:00,16.008,16.2,15.932,16.2,3625,0
2014-04-30,20:00:00,16.2,16.308,16.196,16.204,6000,0
2014-04-30,21:00:00,16.2,16.292,16.141,16.292,4500,0
2014-04-30,22:00:00,16.256,16.604,16.256,16.604,27951,0
2014-05-01,16:00:00,16.369,16.369,16.369,16.369,1011,0
2014-05-01,17:00:00,16.4,16.8,16.4,16.8,8770,0
2014-05-01,18:00:00,16.952,16.952,16.704,16.704,5940,0
2014-05-01,19:00:00,16.704,16.704,16.64,16.64,4750,0
2014-05-01,20:00:00,16.624,16.692,16.62,16.62,11000,0
2014-05-01,21:00:00,16.632,16.64,16.564,16.64,10736,0
2014-05-01,22:00:00,16.632,16.64,16.588,16.6,27917,0
2014-05-02,16:00:00,17.15,17.152,15.85,15.87,44861,0
2014-05-02,17:00:00,15.896,16,15.7601,16,31929,0
2014-05-02,18:00:00,15.9999,16,15.95,16,29487,0
2014-05-02,19:00:00,16,16,15.849,15.915,12477,0
2014-05-02,20:00:00,15.93,15.93,15.6419,15.6419,5816,0
2014-05-02,21:00:00,15.92,15.92,15.62,15.65,5316,0
2014-05-02,22:00:00,15.85,16,15.79,15.84,21498,0
2014-05-05,16:00:00,15.66,17.53,15.2,15.65,23924,0
2014-05-05,17:00:00,15.62,15.97,15.42,15.651,5755,0
2014-05-05,18:00:00,15.6601,15.98,15.6601,15.97,7705,0
2014-05-05,19:00:00,15.98,15.98,15.8,15.9773,2400,0
2014-05-05,20:00:00,15.9,15.98,15.76,15.91,4204,0
2014-05-05,21:00:00,15.9799,15.9799,15.77,15.77,4604,0
2014-05-05,22:00:00,15.8322,16.29,15.77,15.96,14493,0
2014-05-06,16:00:00,16,16,15.8,15.965,1868,0
2014-05-06,17:00:00,15.95,15.95,15.67,15.81,11282,0
2014-05-06,18:00:00,15.8225,16.03,15.67,15.68,5965,0
2014-05-06,19:00:00,15.5601,16,15.5601,15.82,6100,0
2014-05-06,20:00:00,15.79,15.805,15.56,15.615,2946,0
2014-05-06,21:00:00,15.5,15.63,15.39,15.41,5153,0
2014-05-06,22:00:00,15.401,15.625,15.34,15.34,24146,0
2014-05-07,16:00:00,15.4899,15.4899,15.221,15.221,3059,0
2014-05-07,17:00:00,15.2,15.372,14.63,14.77,18672,0
2014-05-07,18:00:00,14.76,14.89,14.75,14.79,4454,0
2014-05-07,19:00:00,14.8,14.93,14.521,14.5462,23681,0
2014-05-07,20:00:00,14.5,14.59,14.4,14.45,8645,0
2014-05-07,21:00:00,14.336,14.56,14.3001,14.3601,6652,0
2014-05-07,22:00:00,14.5,14.5,13.9,14.09,33543,0
