Date,Time,Open,High,Low,Close,Volume,OpenInt
2014-02-10,16:00:00,30.2417,30.6202,30.2018,30.6003,1145598,0
2014-02-10,17:00:00,30.6003,30.7447,30.4907,30.6003,1538884,0
2014-02-10,18:00:00,30.6102,30.6102,30.4509,30.5007,1726516,0
2014-02-10,19:00:00,30.5007,30.5106,30.3712,30.3712,781590,0
2014-02-10,20:00:00,30.3762,30.533,30.3512,30.5106,1240492,0
2014-02-10,21:00:00,30.5106,30.5306,30.4409,30.4708,859095,0
2014-02-10,22:00:00,30.4807,30.5106,30.4409,30.4708,2170923,0
2014-02-11,16:00:00,30.5604,30.6551,30.4509,30.5206,739063,0
2014-02-11,17:00:00,30.5206,30.6351,30.4907,30.5007,732098,0
2014-02-11,18:00:00,30.5062,30.5804,30.3512,30.556,747623,0
2014-02-11,19:00:00,30.5604,30.6003,30.5007,30.5903,446209,0
2014-02-11,20:00:00,30.5853,30.7397,30.5853,30.6302,721034,0
2014-02-11,21:00:00,30.6302,30.7098,30.6102,30.6909,508421,0
2014-02-11,22:00:00,30.6899,30.7895,30.6401,30.67,1824850,0
2014-02-12,16:00:00,30.74,31.071,30.66,31.05,936398,0
2014-02-12,17:00:00,31.0501,31.09,30.78,30.8457,1088583,0
2014-02-12,18:00:00,30.84,31.01,30.835,30.991,861111,0
2014-02-12,19:00:00,31,31.02,30.815,30.87,532503,0
2014-02-12,20:00:00,30.87,30.88,30.79,30.82,537101,0
2014-02-12,21:00:00,30.82,30.91,30.77,30.89,479078,0
2014-02-12,22:00:00,30.885,30.92,30.79,30.81,1263281,0
2014-02-13,16:00:00,30.62,30.8,30.52,30.76,413399,0
2014-02-13,17:00:00,30.77,30.98,30.72,30.96,580728,0
2014-02-13,18:00:00,30.97,31.07,30.97,31.011,502275,0
2014-02-13,19:00:00,31.015,31.12,31,31.06,456222,0
2014-02-13,20:00:00,31.07,31.265,31.07,31.2516,569111,0
2014-02-13,21:00:00,31.26,31.275,31.115,31.19,562128,0
2014-02-13,22:00:00,31.19,31.22,31.11,31.14,2068181,0
2014-02-14,16:00:00,30.93,31.1,30.86,30.95,684905,0
2014-02-14,17:00:00,30.96,31.12,30.89,31.045,529857,0
2014-02-14,18:00:00,31.04,31.29,31.03,31.23,616890,0
2014-02-14,19:00:00,31.22,31.32,31.16,31.32,526271,0
2014-02-14,20:00:00,31.31,31.33,31.26,31.295,348418,0
2014-02-14,21:00:00,31.295,31.37,31.27,31.29,635547,0
2014-02-14,22:00:00,31.28,31.315,31.22,31.3,1002261,0
2014-02-18,16:00:00,31.17,31.3,30.93,31.015,533366,0
2014-02-18,17:00:00,31.01,31.02,30.775,30.81,1024877,0
2014-02-18,18:00:00,30.815,31.01,30.815,30.96,462003,0
2014-02-18,19:00:00,30.9651,31.05,30.9399,30.98,423655,0
2014-02-18,20:00:00,30.977,30.98,30.89,30.92,357363,0
2014-02-18,21:00:00,30.92,30.97,30.87,30.97,533738,0
2014-02-18,22:00:00,30.97,31.18,30.94,31.15,1801441,0
2014-02-19,16:00:00,30.76,31.09,30.75,30.92,717622,0
2014-02-19,17:00:00,30.92,31.03,30.839,30.95,494023,0
2014-02-19,18:00:00,30.95,31.0106,30.885,30.885,394871,0
2014-02-19,19:00:00,30.88,30.91,30.82,30.86,501434,0
2014-02-19,20:00:00,30.87,31.05,30.85,31.005,349943,0
2014-02-19,21:00:00,31.01,31.11,30.99,31.05,700676,0
2014-02-19,22:00:00,31.0499,31.08,30.785,30.8,2054242,0
2014-02-20,16:00:00,30.8,31.09,30.77,30.8,573242,0
2014-02-20,17:00:00,30.79,30.91,30.73,30.83,695627,0
2014-02-20,18:00:00,30.83,30.95,30.825,30.895,500338,0
2014-02-20,19:00:00,30.89,31,30.86,30.97,329712,0
2014-02-20,20:00:00,30.98,30.99,30.9,30.96,4235956,0
2014-02-20,21:00:00,30.95,31,30.92,30.97,444167,0
2014-02-20,22:00:00,30.96,31,30.905,30.95,1132842,0
2014-02-21,16:00:00,31.01,31.05,30.78,31.01,380836,0
2014-02-21,17:00:00,31.01,31.02,30.87,30.92,323206,0
2014-02-21,18:00:00,30.93,30.97,30.85,30.94,381064,0
2014-02-21,19:00:00,30.95,30.99,30.91,30.96,353501,0
2014-02-21,20:00:00,30.96,30.995,30.93,30.94,234971,0
2014-02-21,21:00:00,30.94,30.941,30.66,30.8,683028,0
2014-02-21,22:00:00,30.79,30.92,30.75,30.76,1462645,0
2014-02-24,16:00:00,30.91,30.91,30.53,30.61,832775,0
2014-02-24,17:00:00,30.61,30.812,30.52,30.78,783435,0
2014-02-24,18:00:00,30.78,30.98,30.76,30.975,406458,0
2014-02-24,19:00:00,30.96,30.96,30.85,30.87,232893,0
2014-02-24,20:00:00,30.87,30.97,30.86,30.97,260950,0
2014-02-24,21:00:00,30.96,31.06,30.95,31,648900,0
2014-02-24,22:00:00,30.99,30.995,30.73,30.74,1366050,0
2014-02-25,16:00:00,30.72,30.73,30.06,30.149,975427,0
2014-02-25,17:00:00,30.1435,30.35,30.12,30.16,742655,0
2014-02-25,18:00:00,30.17,30.41,30.17,30.28,616589,0
2014-02-25,19:00:00,30.28,30.38,30.23,30.38,251038,0
2014-02-25,20:00:00,30.38,30.5,30.37,30.489,321538,0
2014-02-25,21:00:00,30.48,30.49,30.345,30.39,423892,0
2014-02-25,22:00:00,30.39,30.41,30.26,30.34,1289924,0
2014-02-26,16:00:00,30.42,30.49,30.19,30.1949,412503,0
2014-02-26,17:00:00,30.2,30.484,30.15,30.29,1395953,0
2014-02-26,18:00:00,30.29,30.44,30.29,30.41,428402,0
2014-02-26,19:00:00,30.42,30.42,30.25,30.265,653628,0
2014-02-26,20:00:00,30.265,30.27,30.12,30.1299,815693,0
2014-02-26,21:00:00,30.12,30.14,29.92,30.1,1113810,0
2014-02-26,22:00:00,30.1,30.1,29.91,30.02,2012306,0
2014-02-27,16:00:00,29.91,30.1535,29.87,29.94,386170,0
2014-02-27,17:00:00,29.94,30.06,29.88,30.015,619362,0
2014-02-27,18:00:00,30.02,30.16,30.01,30.145,391665,0
2014-02-27,19:00:00,30.148,30.16,30.055,30.115,360447,0
2014-02-27,20:00:00,30.12,30.13,30.07,30.13,434702,0
2014-02-27,21:00:00,30.125,30.16,30.01,30.05,341046,0
2014-02-27,22:00:00,30.05,30.15,30.03,30.14,1217976,0
2014-02-28,16:00:00,30.04,30.0699,29.66,29.89,1213901,0
2014-02-28,17:00:00,29.88,29.95,29.58,29.6944,1769200,0
2014-02-28,18:00:00,29.7,29.905,29.56,29.87,1187780,0
2014-02-28,19:00:00,29.87,29.87,29.755,29.783,377737,0
2014-02-28,20:00:00,29.78,29.84,29.67,29.67,485161,0
2014-02-28,21:00:00,29.68,29.77,29.6,29.625,795547,0
2014-02-28,22:00:00,29.62,29.745,29.53,29.71,2441028,0
2014-03-03,16:00:00,29.56,29.89,29.39,29.85,481126,0
2014-03-03,17:00:00,29.85,29.89,29.68,29.84,724858,0
2014-03-03,18:00:00,29.84,29.86,29.57,29.605,404774,0
2014-03-03,19:00:00,29.6,29.705,29.57,29.68,441550,0
2014-03-03,20:00:00,29.685,29.86,29.67,29.825,466197,0
2014-03-03,21:00:00,29.82,29.89,29.79,29.79,396331,0
2014-03-03,22:00:00,29.785,29.79,29.66,29.76,908377,0
2014-03-04,16:00:00,30.02,30.19,30,30.1,554728,0
2014-03-04,17:00:00,30.1,30.32,30.1,30.19,1221022,0
2014-03-04,18:00:00,30.195,30.24,30.1,30.13,501986,0
2014-03-04,19:00:00,30.13,30.155,30.055,30.14,503231,0
2014-03-04,20:00:00,30.14,30.18,30.1,30.13,441294,0
2014-03-04,21:00:00,30.1258,30.19,30.1,30.18,436317,0
2014-03-04,22:00:00,30.18,30.255,30.11,30.12,1410040,0
2014-03-05,16:00:00,30.1125,30.24,29.867,29.97,608005,0
2014-03-05,17:00:00,29.97,30.34,29.955,30.3,1103645,0
2014-03-05,18:00:00,30.305,30.42,30.24,30.305,501126,0
2014-03-05,19:00:00,30.305,30.31,30.11,30.16,700093,0
2014-03-05,20:00:00,30.16,30.17,30.07,30.08,549309,0
2014-03-05,21:00:00,30.09,30.23,30.075,30.21,524626,0
2014-03-05,22:00:00,30.21,30.25,30.16,30.23,895900,0
2014-03-06,16:00:00,30.38,30.59,30.34,30.57,758554,0
2014-03-06,17:00:00,30.57,30.59,30.48,30.545,720319,0
2014-03-06,18:00:00,30.55,30.55,30.32,30.4,410428,0
2014-03-06,19:00:00,30.405,30.43,30.36,30.38,585780,0
2014-03-06,20:00:00,30.39,30.4,30.25,30.25,460499,0
2014-03-06,21:00:00,30.25,30.33,30.22,30.3,590197,0
2014-03-06,22:00:00,30.295,30.5,30.29,30.33,1618287,0
2014-03-07,16:00:00,30.49,30.63,30.43,30.59,439845,0
2014-03-07,17:00:00,30.58,30.7401,30.55,30.593,1127796,0
2014-03-07,18:00:00,30.59,30.64,30.46,30.62,505673,0
2014-03-07,19:00:00,30.62,30.6201,30.56,30.57,391928,0
2014-03-07,20:00:00,30.57,30.58,30.48,30.576,392545,0
2014-03-07,21:00:00,30.57,30.57,30.48,30.565,476278,0
2014-03-07,22:00:00,30.57,30.6,30.54,30.57,1230661,0
2014-03-10,15:00:00,30.5,30.73,30.44,30.62,223919,0
2014-03-10,16:00:00,30.62,30.64,30.47,30.49,523657,0
2014-03-10,17:00:00,30.49,30.68,30.48,30.6437,591687,0
2014-03-10,18:00:00,30.64,30.665,30.58,30.65,290888,0
2014-03-10,19:00:00,30.65,30.67,30.59,30.61,300934,0
2014-03-10,20:00:00,30.6,30.62,30.58,30.59,501312,0
2014-03-10,21:00:00,30.595,30.675,30.56,30.66,955008,0
2014-03-11,15:00:00,30.72,30.84,30.57,30.57,289353,0
2014-03-11,16:00:00,30.58,30.795,30.48,30.79,774933,0
2014-03-11,17:00:00,30.8,30.8099,30.62,30.635,252827,0
2014-03-11,18:00:00,30.63,30.635,30.48,30.527,310237,0
2014-03-11,19:00:00,30.52,30.52,30.4,30.47,372913,0
2014-03-11,20:00:00,30.4733,30.48,30.315,30.36,439254,0
2014-03-11,21:00:00,30.355,30.43,30.28,30.42,996791,0
2014-03-12,15:00:00,30.5,30.73,30.49,30.68,794885,0
2014-03-12,16:00:00,30.67,30.82,30.61,30.78,626106,0
2014-03-12,17:00:00,30.79,30.85,30.63,30.65,495447,0
2014-03-12,18:00:00,30.65,30.74,30.58,30.63,494604,0
2014-03-12,19:00:00,30.625,30.64,30.53,30.63,322792,0
2014-03-12,20:00:00,30.62,30.68,30.58,30.62,337210,0
2014-03-12,21:00:00,30.62,30.65,30.505,30.61,1029821,0
2014-03-13,15:00:00,30.65,30.84,30.62,30.76,505462,0
2014-03-13,16:00:00,30.77,30.81,30.55,30.57,659511,0
2014-03-13,17:00:00,30.57,30.67,30.41,30.41,575676,0
2014-03-13,18:00:00,30.41,30.43,30.17,30.195,384818,0
2014-03-13,19:00:00,30.19,30.25,30.03,30.141,488306,0
2014-03-13,20:00:00,30.135,30.18,30.03,30.055,475752,0
2014-03-13,21:00:00,30.06,30.19,30.02,30.16,1858178,0
2014-03-14,15:00:00,30.01,30.35,30.01,30.15,369631,0
2014-03-14,16:00:00,30.155,30.24,29.945,29.96,431430,0
2014-03-14,17:00:00,29.965,30.11,29.86,30.08,625568,0
2014-03-14,18:00:00,30.08,30.09,29.91,29.92,339867,0
2014-03-14,19:00:00,29.925,29.94,29.74,29.89,571940,0
2014-03-14,20:00:00,29.89,29.98,29.88,29.9,563583,0
2014-03-14,21:00:00,29.91,29.99,29.89,29.94,1412381,0
2014-03-17,15:00:00,30.06,30.32,30.0501,30.305,413416,0
2014-03-17,16:00:00,30.31,30.47,30.28,30.35,783969,0
2014-03-17,17:00:00,30.35,30.49,30.35,30.46,528083,0
2014-03-17,18:00:00,30.463,30.56,30.3938,30.475,610992,0
2014-03-17,19:00:00,30.475,30.49,30.36,30.4215,302875,0
2014-03-17,20:00:00,30.42,30.5,30.37,30.48,356818,0
2014-03-17,21:00:00,30.48,30.5,30.42,30.47,1373259,0
2014-03-18,15:00:00,30.4,30.65,30.3,30.62,325723,0
2014-03-18,16:00:00,30.62,30.77,30.56,30.68,627243,0
2014-03-18,17:00:00,30.68,30.82,30.67,30.761,467468,0
2014-03-18,18:00:00,30.77,30.87,30.765,30.8,343329,0
2014-03-18,19:00:00,30.8,30.86,30.729,30.78,302296,0
2014-03-18,20:00:00,30.79,30.84,30.69,30.74,282429,0
2014-03-18,21:00:00,30.74,30.89,30.7299,30.82,1064199,0
2014-03-19,15:00:00,30.81,30.98,30.8,30.9401,348716,0
2014-03-19,16:00:00,30.95,31.14,30.9,31.11,698798,0
2014-03-19,17:00:00,31.08,31.13,31.08,31.095,315857,0
2014-03-19,18:00:00,31.0945,31.1,31.02,31.045,312401,0
2014-03-19,19:00:00,31.04,31.09,31.04,31.07,251672,0
2014-03-19,20:00:00,31.053,31.053,30.83,30.98,653704,0
2014-03-19,21:00:00,30.99,30.99,30.71,30.86,990991,0
2014-03-20,15:00:00,30.615,30.84,30.51,30.7,446162,0
2014-03-20,16:00:00,30.7,30.81,30.61,30.695,710535,0
2014-03-20,17:00:00,30.69,30.92,30.65,30.92,387570,0
2014-03-20,18:00:00,30.92,31.22,30.9,31.21,850844,0
2014-03-20,19:00:00,31.202,31.3,31.161,31.3,587663,0
2014-03-20,20:00:00,31.3,31.47,31.26,31.305,1145910,0
2014-03-20,21:00:00,31.3,31.35,31.22,31.35,1505001,0
2014-03-21,15:00:00,31.61,31.61,31.26,31.41,515122,0
2014-03-21,16:00:00,31.4,31.48,31.32,31.44,990998,0
2014-03-21,17:00:00,31.43,31.55,31.43,31.53,411656,0
2014-03-21,18:00:00,31.53,31.64,31.53,31.58,471250,0
2014-03-21,19:00:00,31.5744,31.59,31.43,31.435,772896,0
2014-03-21,20:00:00,31.43,31.44,31.21,31.32,759545,0
2014-03-21,21:00:00,31.32,31.32,31.175,31.28,1858592,0
2014-03-24,15:00:00,31.35,31.59,31.32,31.55,887750,0
2014-03-24,16:00:00,31.54,31.7,31.43,31.53,1851706,0
2014-03-24,17:00:00,31.52,31.57,31.35,31.505,873868,0
2014-03-24,18:00:00,31.5,31.53,31.35,31.36,802876,0
2014-03-24,19:00:00,31.36,31.63,31.36,31.62,692498,0
2014-03-24,20:00:00,31.62,31.945,31.61,31.73,1785050,0
2014-03-24,21:00:00,31.73,31.75,31.54,31.6,1716189,0
2014-03-25,15:00:00,31.73,32.16,31.67,32,1893521,0
2014-03-25,16:00:00,32.01,32.06,31.71,31.81,2169007,0
2014-03-25,17:00:00,31.8,31.841,31.6601,31.69,849249,0
2014-03-25,18:00:00,31.69,31.77,31.63,31.71,600372,0
2014-03-25,19:00:00,31.71,31.915,31.67,31.88,739042,0
2014-03-25,20:00:00,31.885,31.92,31.71,31.735,1039410,0
2014-03-25,21:00:00,31.735,31.83,31.69,31.8,1338855,0
2014-03-26,15:00:00,32.01,32.31,31.92,32.13,828223,0
2014-03-26,16:00:00,32.12,32.19,32,32.04,1552700,0
2014-03-26,17:00:00,32.0316,32.1,31.85,31.88,1143160,0
2014-03-26,18:00:00,31.89,32.03,31.87,31.98,641898,0
2014-03-26,19:00:00,31.98,32,31.83,31.91,991021,0
2014-03-26,20:00:00,31.881,31.94,31.79,31.87,823339,0
2014-03-26,21:00:00,31.87,31.88,31.66,31.7,1956335,0
2014-03-27,15:00:00,31.35,31.43,30.84,30.915,2297651,0
2014-03-27,16:00:00,30.915,31.2,30.825,31.07,3137253,0
2014-03-27,17:00:00,31.07,31.11,30.69,30.791,1333639,0
2014-03-27,18:00:00,30.8,30.99,30.78,30.96,1084014,0
2014-03-27,19:00:00,30.96,30.995,30.86,30.9,797294,0
2014-03-27,20:00:00,30.905,30.98,30.83,30.8325,862198,0
2014-03-27,21:00:00,30.82,30.94,30.74,30.86,2656895,0
2014-03-28,15:00:00,31.01,31.25,30.78,31.2,652711,0
2014-03-28,16:00:00,31.2,31.29,30.99,31.12,1079694,0
2014-03-28,17:00:00,31.12,31.1299,30.88,30.98,762040,0
2014-03-28,18:00:00,30.98,31.09,30.97,31.085,368263,0
2014-03-28,19:00:00,31.08,31.12,30.985,31.03,423299,0
2014-03-28,20:00:00,31.02,31.0445,30.97,31.03,619544,0
2014-03-28,21:00:00,31.03,31.06,30.98,31.03,2022229,0
2014-03-31,16:00:00,31.05,31.36,31.05,31.33,579484,0
2014-03-31,17:00:00,31.325,31.41,31.23,31.3655,1179236,0
2014-03-31,18:00:00,31.36,31.44,31.3,31.44,445380,0
2014-03-31,19:00:00,31.44,31.5,31.33,31.4,430131,0
2014-03-31,20:00:00,31.4,31.44,31.325,31.4,547615,0
2014-03-31,21:00:00,31.39,31.42,31.33,31.405,343730,0
2014-03-31,22:00:00,31.41,31.48,31.385,31.47,1713314,0
2014-04-01,16:00:00,31.59,31.5999,31.21,31.27,1377719,0
2014-04-01,17:00:00,31.28,31.31,31.04,31.26,1548755,0
2014-04-01,18:00:00,31.26,31.31,31.133,31.19,807221,0
2014-04-01,19:00:00,31.185,31.29,31.14,31.2,693979,0
2014-04-01,20:00:00,31.19,31.28,31.13,31.26,538594,0
2014-04-01,21:00:00,31.265,31.43,31.265,31.38,412798,0
2014-04-01,22:00:00,31.38,31.52,31.37,31.52,1039124,0
2014-04-02,16:00:00,31.69,31.69,31.18,31.18,620052,0
2014-04-02,17:00:00,31.18,31.4,31.14,31.34,622857,0
2014-04-02,18:00:00,31.344,31.37,31.27,31.32,667911,0
2014-04-02,19:00:00,31.32,31.34,31.25,31.3,529149,0
2014-04-02,20:00:00,31.3,31.3,31.17,31.22,689456,0
2014-04-02,21:00:00,31.22,31.25,31.16,31.24,573894,0
2014-04-02,22:00:00,31.23,31.305,31.23,31.23,915820,0
2014-04-03,16:00:00,30.97,31.34,30.97,31.25,635137,0
2014-04-03,17:00:00,31.25,31.26,31.04,31.165,869340,0
2014-04-03,18:00:00,31.16,31.29,31.14,31.22,597250,0
2014-04-03,19:00:00,31.22,31.235,31.125,31.185,428040,0
2014-04-03,20:00:00,31.18,31.27,31.165,31.22,439595,0
2014-04-03,21:00:00,31.225,31.24,31.13,31.1849,508433,0
2014-04-03,22:00:00,31.181,31.22,31.15,31.21,1020829,0
2014-04-04,16:00:00,31.4,31.4,30.98,31.18,982217,0
2014-04-04,17:00:00,31.19,31.26,30.99,31.12,982261,0
2014-04-04,18:00:00,31.12,31.12,30.805,30.91,1098266,0
2014-04-04,19:00:00,30.91,30.925,30.54,30.6,1360146,0
2014-04-04,20:00:00,30.59,30.77,30.5,30.7,1267050,0
2014-04-04,21:00:00,30.695,30.78,30.58,30.67,575147,0
2014-04-04,22:00:00,30.66,30.779,30.56,30.68,2028905,0
2014-04-07,16:00:00,30.23,30.7,30.15,30.66,648119,0
2014-04-07,17:00:00,30.67,30.79,30.575,30.74,879861,0
2014-04-07,18:00:00,30.73,30.87,30.67,30.72,641774,0
2014-04-07,19:00:00,30.71,30.975,30.71,30.96,869655,0
2014-04-07,20:00:00,30.95,30.9662,30.63,30.64,591426,0
2014-04-07,21:00:00,30.63,30.75,30.44,30.7,626474,0
2014-04-07,22:00:00,30.7,30.76,30.6,30.63,2061305,0
2014-04-08,16:00:00,30.72,30.82,30.57,30.71,509059,0
2014-04-08,17:00:00,30.7249,31.06,30.72,30.955,1251330,0
2014-04-08,18:00:00,30.955,31.02,30.9,30.94,601853,0
2014-04-08,19:00:00,30.9325,31.04,30.9,30.98,453359,0
2014-04-08,20:00:00,30.98,31.02,30.87,30.92,1142161,0
2014-04-08,21:00:00,30.92,30.99,30.81,30.8248,630980,0
2014-04-08,22:00:00,30.82,30.96,30.81,30.95,1299711,0
2014-04-09,16:00:00,31.05,31.08,30.83,30.87,454208,0
2014-04-09,17:00:00,30.87,30.95,30.77,30.895,772919,0
2014-04-09,18:00:00,30.895,31.03,30.84,31.03,656228,0
2014-04-09,19:00:00,31.02,31.075,30.98,30.99,596568,0
2014-04-09,20:00:00,30.99,31.03,30.96,30.97,382709,0
2014-04-09,21:00:00,30.965,31.14,30.96,31.0725,643010,0
2014-04-09,22:00:00,31.07,31.13,31.01,31.07,990471,0
2014-04-10,16:00:00,31.02,31.15,30.9,31.14,359869,0
2014-04-10,17:00:00,31.15,31.29,30.9,30.905,701007,0
2014-04-10,18:00:00,30.895,30.9,30.69,30.725,609478,0
2014-04-10,19:00:00,30.72,30.76,30.6251,30.66,460911,0
2014-04-10,20:00:00,30.66,30.7596,30.6,30.68,566918,0
2014-04-10,21:00:00,30.675,30.68,30.38,30.43,861384,0
2014-04-10,22:00:00,30.43,30.43,30.25,30.33,1556132,0
2014-04-11,16:00:00,29.98,30.23,29.85,30.16,904270,0
2014-04-11,17:00:00,30.15,30.17,29.64,29.87,1423408,0
2014-04-11,18:00:00,29.87,29.96,29.53,29.6,1213969,0
2014-04-11,19:00:00,29.59,29.735,29.56,29.63,1238290,0
2014-04-11,20:00:00,29.625,29.72,29.51,29.62,704715,0
2014-04-11,21:00:00,29.63,29.68,29.28,29.39,1107343,0
2014-04-11,22:00:00,29.38,29.46,29.29,29.32,2213672,0
2014-04-14,16:00:00,29.58,29.58,29.15,29.3877,371303,0
2014-04-14,17:00:00,29.38,29.451,29.11,29.24,1204474,0
2014-04-14,18:00:00,29.24,29.27,29.03,29.22,1148899,0
2014-04-14,19:00:00,29.21,29.28,29.18,29.22,410961,0
2014-04-14,20:00:00,29.23,29.28,29.08,29.09,707265,0
2014-04-14,21:00:00,29.095,29.18,29,29.02,955026,0
2014-04-14,22:00:00,29.0163,29.22,28.86,29.19,1765086,0
2014-04-15,16:00:00,29.27,29.72,29.21,29.54,802685,0
2014-04-15,17:00:00,29.54,29.62,29.08,29.23,1598774,0
2014-04-15,18:00:00,29.23,29.45,29.11,29.295,674141,0
2014-04-15,19:00:00,29.29,29.3,29.18,29.19,516474,0
2014-04-15,20:00:00,29.19,29.49,29.1604,29.465,480297,0
2014-04-15,21:00:00,29.47,29.67,29.4201,29.6,863481,0
2014-04-15,22:00:00,29.59,29.67,29.53,29.58,1598397,0
2014-04-16,16:00:00,29.86,29.87,29.46,29.52,542077,0
2014-04-16,17:00:00,29.52,29.6,29.35,29.36,645359,0
2014-04-16,18:00:00,29.37,29.63,29.31,29.61,368799,0
2014-04-16,19:00:00,29.62,29.75,29.56,29.61,432469,0
2014-04-16,20:00:00,29.605,29.745,29.605,29.695,575451,0
2014-04-16,21:00:00,29.71,29.78,29.68,29.76,414073,0
2014-04-16,22:00:00,29.765,29.87,29.72,29.86,924823,0
2014-04-17,16:00:00,29.84,30.27,29.73,30.2,653280,0
2014-04-17,17:00:00,30.21,30.22,29.98,30.03,860252,0
2014-04-17,18:00:00,30.04,30.175,30.03,30.16,368806,0
2014-04-17,19:00:00,30.16,30.21,30.12,30.15,393216,0
2014-04-17,20:00:00,30.16,30.26,30.16,30.26,373355,0
2014-04-17,21:00:00,30.255,30.33,30.11,30.14,619523,0
2014-04-17,22:00:00,30.145,30.19,30.1,30.1,1473434,0
2014-04-21,16:00:00,30.3,30.3101,30.1,30.13,420389,0
2014-04-21,17:00:00,30.13,30.21,29.78,30,727691,0
2014-04-21,18:00:00,30.005,30.05,29.91,29.94,469998,0
2014-04-21,19:00:00,29.95,30,29.87,29.9,448047,0
2014-04-21,20:00:00,29.9,29.9699,29.89,29.93,322820,0
2014-04-21,21:00:00,29.93,29.96,29.88,29.915,664100,0
2014-04-21,22:00:00,29.92,29.94,29.86,29.92,1530136,0
2014-04-22,16:00:00,29.78,29.99,29.76,29.89,370278,0
2014-04-22,17:00:00,29.9,29.99,29.773,29.99,904388,0
2014-04-22,18:00:00,29.99,30.07,29.98,30.045,815576,0
2014-04-22,19:00:00,30.045,30.06,29.99,30.004,1100461,0
2014-04-22,20:00:00,30.01,30.07,29.99,30.04,560990,0
2014-04-22,21:00:00,30.035,30.04,29.98,30,522697,0
2014-04-22,22:00:00,29.9933,30.1,29.97,30.03,1760435,0
2014-04-23,16:00:00,30.02,30.504,30.01,30.29,713834,0
2014-04-23,17:00:00,30.28,30.29,30.1,30.18,580443,0
2014-04-23,18:00:00,30.18,30.275,30.05,30.26,514985,0
2014-04-23,19:00:00,30.26,30.3,30.22,30.26,409366,0
2014-04-23,20:00:00,30.26,30.47,30.25,30.465,513136,0
2014-04-23,21:00:00,30.46,30.49,30.37,30.44,777304,0
2014-04-23,22:00:00,30.4405,30.48,30.365,30.41,1203968,0
2014-04-24,16:00:00,30.6,30.7725,30.59,30.76,744460,0
2014-04-24,17:00:00,30.76,30.9,30.6,30.725,1787924,0
2014-04-24,18:00:00,30.72,31.04,30.68,30.94,925797,0
2014-04-24,19:00:00,30.94,30.98,30.75,30.96,2275433,0
2014-04-24,20:00:00,30.97,31.05,30.795,30.92,988242,0
2014-04-24,21:00:00,30.915,31.03,30.9,30.99,781623,0
2014-04-24,22:00:00,30.99,31.16,30.9,31.14,3001086,0
2014-04-25,16:00:00,29.69,30.19,29.49,29.69,3763596,0
2014-04-25,17:00:00,29.7,29.72,29.4,29.53,3708518,0
2014-04-25,18:00:00,29.52,29.62,29.45,29.6,2245479,0
2014-04-25,19:00:00,29.6,29.75,29.55,29.59,1102839,0
2014-04-25,20:00:00,29.58,29.68,29.5,29.51,1426149,0
2014-04-25,21:00:00,29.52,29.67,29.44,29.61,1431741,0
2014-04-25,22:00:00,29.62,29.895,29.59,29.76,2927059,0
2014-04-28,16:00:00,29.995,30.41,29.87,30.32,1629782,0
2014-04-28,17:00:00,30.32,31.0901,30.3,30.75,2874035,0
2014-04-28,18:00:00,30.745,30.8,30.37,30.41,1950442,0
2014-04-28,19:00:00,30.4,30.46,30.17,30.305,1520781,0
2014-04-28,20:00:00,30.3,30.31,30,30.0999,1482239,0
2014-04-28,21:00:00,30.1,30.33,30.01,30.27,1422459,0
2014-04-28,22:00:00,30.28,30.49,30.27,30.4,2801378,0
2014-04-29,16:00:00,30.6,30.62,30.195,30.2,939759,0
2014-04-29,17:00:00,30.19,30.375,30.04,30.09,2870893,0
2014-04-29,18:00:00,30.1,30.3,30.09,30.28,1925431,0
2014-04-29,19:00:00,30.28,30.68,30.23,30.61,1293793,0
2014-04-29,20:00:00,30.61,30.61,30.45,30.55,788947,0
2014-04-29,21:00:00,30.555,30.635,30.51,30.52,1098212,0
2014-04-29,22:00:00,30.52,30.695,30.52,30.665,2645136,0
2014-04-30,16:00:00,30.55,30.63,30.265,30.44,714373,0
2014-04-30,17:00:00,30.44,30.975,30.41,30.85,1471682,0
2014-04-30,18:00:00,30.855,30.9825,30.78,30.87,985391,0
2014-04-30,19:00:00,30.87,30.97,30.76,30.77,617819,0
2014-04-30,20:00:00,30.779,30.8899,30.75,30.87,764833,0
2014-04-30,21:00:00,30.86,30.94,30.76,30.831,612198,0
2014-04-30,22:00:00,30.84,30.88,30.75,30.8,1752293,0
2014-05-01,16:00:00,30.72,30.85,30.6,30.8,474152,0
2014-05-01,17:00:00,30.8,30.95,30.6901,30.904,1294528,0
2014-05-01,18:00:00,30.9,31,30.8301,30.85,870417,0
2014-05-01,19:00:00,30.85,30.86,30.49,30.5401,1376532,0
2014-05-01,20:00:00,30.55,30.6,30.3696,30.43,926689,0
2014-05-01,21:00:00,30.425,30.48,30.33,30.37,867779,0
2014-05-01,22:00:00,30.37,30.56,30.36,30.56,1670695,0
2014-05-02,16:00:00,30.23,30.51,30.22,30.34,652419,0
2014-05-02,17:00:00,30.3303,30.581,30.29,30.38,1226752,0
2014-05-02,18:00:00,30.38,30.6,30.38,30.55,724302,0
2014-05-02,19:00:00,30.56,30.7,30.53,30.59,562846,0
2014-05-02,20:00:00,30.5901,30.62,30.535,30.56,655516,0
2014-05-02,21:00:00,30.55,30.65,30.54,30.621,1403373,0
2014-05-02,22:00:00,30.624,30.71,30.59,30.66,2755195,0
2014-05-05,16:00:00,30.37,30.5401,30.33,30.54,633421,0
2014-05-05,17:00:00,30.55,30.6,30.49,30.5,506144,0
2014-05-05,18:00:00,30.49,30.58,30.45,30.5744,423377,0
2014-05-05,19:00:00,30.5701,30.59,30.4,30.405,301260,0
2014-05-05,20:00:00,30.405,30.45,30.37,30.41,354804,0
2014-05-05,21:00:00,30.41,30.53,30.4,30.48,537948,0
2014-05-05,22:00:00,30.48,30.5,30.43,30.44,989828,0
2014-05-06,16:00:00,30.36,30.4,29.84,30.08,956910,0
2014-05-06,17:00:00,30.08,30.24,29.995,30.03,896629,0
2014-05-06,18:00:00,30.02,30.08,29.92,30.02,690399,0
2014-05-06,19:00:00,30.02,30.08,29.9,30.0651,451478,0
2014-05-06,20:00:00,30.07,30.1,29.85,29.86,655668,0
2014-05-06,21:00:00,29.86,30.01,29.76,29.7744,1241717,0
2014-05-06,22:00:00,29.78,29.86,29.71,29.76,2417799,0
2014-05-07,16:00:00,29.78,30.01,29.69,29.82,1089734,0
2014-05-07,17:00:00,29.83,29.9,29.56,29.61,836193,0
2014-05-07,18:00:00,29.61,29.84,29.56,29.82,637202,0
2014-05-07,19:00:00,29.827,29.83,29.659,29.665,446816,0
2014-05-07,20:00:00,29.665,29.84,29.65,29.71,468908,0
2014-05-07,21:00:00,29.7,29.815,29.67,29.77,1417339,0
2014-05-07,22:00:00,29.77,29.87,29.69,29.86,1351170,0
