Date,Time,Open,High,Low,Close,Volume,OpenInt
2014-02-10,16:00:00,10.4501,10.54,10.45,10.54,7500,0
2014-02-10,17:00:00,10.5,10.54,10.47,10.53,4100,0
2014-02-10,18:00:00,10.54,10.54,10.48,10.5,6312,0
2014-02-10,19:00:00,10.51,10.54,10.51,10.53,2700,0
2014-02-10,20:00:00,10.54,10.54,10.51,10.54,2216,0
2014-02-10,21:00:00,10.51,10.54,10.51,10.51,4700,0
2014-02-10,22:00:00,10.53,10.55,10.51,10.52,7925,0
2014-02-11,16:00:00,10.54,10.54,10.54,10.54,400,0
2014-02-11,17:00:00,10.58,10.63,10.55,10.55,9404,0
2014-02-11,18:00:00,10.55,10.585,10.54,10.55,10500,0
2014-02-11,19:00:00,10.55,10.55,10.54,10.54,4062,0
2014-02-11,20:00:00,10.63,10.63,10.59,10.62,8847,0
2014-02-11,21:00:00,10.61,10.63,10.61,10.63,1845,0
2014-02-11,22:00:00,10.63,10.65,10.55,10.6,11617,0
2014-02-12,16:00:00,10.64,10.64,10.64,10.64,1300,0
2014-02-12,17:00:00,10.59,10.59,10.59,10.59,200,0
2014-02-12,18:00:00,10.56,10.6,10.55,10.6,2400,0
2014-02-12,19:00:00,10.6,10.6,10.55,10.55,10704,0
2014-02-12,20:00:00,10.59,10.6,10.57,10.6,400,0
2014-02-12,21:00:00,10.56,10.57,10.55,10.55,2400,0
2014-02-12,22:00:00,10.55,10.57,10.55,10.57,8722,0
2014-02-13,16:00:00,10.5,10.5,10.5,10.5,1600,0
2014-02-13,17:00:00,10.63,10.63,10.57,10.57,440,0
2014-02-13,18:00:00,10.52,10.639,10.52,10.63,1052,0
2014-02-13,19:00:00,10.63,10.63,10.62,10.63,1200,0
2014-02-13,20:00:00,10.6,10.7201,10.6,10.71,7754,0
2014-02-13,21:00:00,10.69,10.69,10.65,10.65,3400,0
2014-02-13,22:00:00,10.69,10.72,10.56,10.7,11546,0
2014-02-14,16:00:00,10.72,10.72,10.71,10.71,5703,0
2014-02-14,17:00:00,10.66,10.69,10.61,10.61,1800,0
2014-02-14,18:00:00,10.61,10.64,10.6,10.64,3900,0
2014-02-14,19:00:00,10.61,10.61,10.61,10.61,200,0
2014-02-14,20:00:00,10.61,10.61,10.6,10.605,2600,0
2014-02-14,21:00:00,10.61,10.61,10.6,10.61,5400,0
2014-02-14,22:00:00,10.61,10.61,10.5721,10.6,24954,0
2014-02-18,16:00:00,10.71,10.71,10.6101,10.62,1800,0
2014-02-18,17:00:00,10.72,10.72,10.68,10.68,400,0
2014-02-18,18:00:00,10.6801,10.71,10.6801,10.71,1500,0
2014-02-18,19:00:00,10.6718,10.72,10.63,10.63,10032,0
2014-02-18,20:00:00,10.67,10.67,10.664,10.664,1700,0
2014-02-18,21:00:00,10.67,10.72,10.67,10.71,6203,0
2014-02-18,22:00:00,10.71,10.75,10.7,10.73,17101,0
2014-02-19,16:00:00,10.67,10.7,10.67,10.69,2090,0
2014-02-19,17:00:00,10.7,10.7,10.7,10.7,2700,0
2014-02-19,18:00:00,10.7,10.7,10.66,10.66,3000,0
2014-02-19,19:00:00,10.65,10.66,10.6,10.6,5956,0
2014-02-19,20:00:00,10.63,10.655,10.6,10.6,2826,0
2014-02-19,21:00:00,10.6,10.63,10.59,10.6,6600,0
2014-02-19,22:00:00,10.6,10.61,10.53,10.53,54717,0
2014-02-20,17:00:00,10.61,10.7,10.61,10.69,11089,0
2014-02-20,18:00:00,10.69,10.73,10.69,10.72,5575,0
2014-02-20,19:00:00,10.69,10.7,10.69,10.7,5000,0
2014-02-20,20:00:00,10.65,10.73,10.65,10.73,2600,0
2014-02-20,21:00:00,10.71,10.73,10.68,10.69,4130,0
2014-02-20,22:00:00,10.68,10.74,10.66,10.73,30468,0
2014-02-21,16:00:00,10.78,10.78,10.6601,10.6601,48004,0
2014-02-21,17:00:00,10.78,10.78,10.75,10.75,2833,0
2014-02-21,18:00:00,10.75,10.765,10.57,10.71,9195,0
2014-02-21,19:00:00,10.72,10.72,10.72,10.72,3300,0
2014-02-21,20:00:00,10.72,10.72,10.664,10.7,4400,0
2014-02-21,21:00:00,10.72,10.72,10.701,10.72,4800,0
2014-02-21,22:00:00,10.72,10.72,10.58,10.67,17501,0
2014-02-24,16:00:00,10.71,10.74,10.7,10.74,936,0
2014-02-24,17:00:00,10.72,10.73,10.624,10.69,900,0
2014-02-24,18:00:00,10.73,10.75,10.72,10.75,4595,0
2014-02-24,19:00:00,10.75,10.75,10.62,10.7,7900,0
2014-02-24,20:00:00,10.69,10.69,10.67,10.67,3000,0
2014-02-24,21:00:00,10.69,10.7,10.676,10.676,5600,0
2014-02-24,22:00:00,10.61,10.67,10.6,10.63,30359,0
2014-02-25,16:00:00,10.7,10.7,10.7,10.7,600,0
2014-02-25,17:00:00,10.66,10.68,10.65,10.65,1100,0
2014-02-25,20:00:00,10.6,10.69,10.6,10.69,1030,0
2014-02-25,21:00:00,10.6,10.66,10.55,10.55,18980,0
2014-02-25,22:00:00,10.53,10.56,10.5,10.56,3947,0
2014-02-26,17:00:00,10.6,10.6,10.52,10.52,600,0
2014-02-26,18:00:00,10.63,10.65,10.55,10.55,600,0
2014-02-26,19:00:00,10.62,10.62,10.55,10.55,1700,0
2014-02-26,20:00:00,10.59,10.59,10.59,10.59,200,0
2014-02-26,21:00:00,10.55,10.61,10.55,10.55,7978,0
2014-02-26,22:00:00,10.55,10.6,10.51,10.52,21266,0
2014-02-27,16:00:00,10.5,10.5399,10.5,10.53,10946,0
2014-02-27,17:00:00,10.63,10.63,10.54,10.54,1430,0
2014-02-27,18:00:00,10.57,10.57,10.54,10.55,800,0
2014-02-27,19:00:00,10.55,10.64,10.55,10.64,800,0
2014-02-27,20:00:00,10.6,10.6,10.53,10.54,1704,0
2014-02-27,21:00:00,10.59,10.59,10.51,10.52,3382,0
2014-02-27,22:00:00,10.62,10.67,10.61,10.65,5442,0
2014-02-28,16:00:00,10.69,10.69,10.65,10.65,8900,0
2014-02-28,17:00:00,10.65,10.66,10.62,10.65,4554,0
2014-02-28,18:00:00,10.6299,10.65,10.6299,10.64,6032,0
2014-02-28,19:00:00,10.65,10.65,10.64,10.64,1700,0
2014-02-28,20:00:00,10.64,10.64,10.61,10.64,700,0
2014-02-28,21:00:00,10.64,10.64,10.58,10.58,1765,0
2014-02-28,22:00:00,10.58,10.63,10.5,10.53,18033,0
2014-03-03,16:00:00,10.48,10.58,10.48,10.54,3688,0
2014-03-03,17:00:00,10.54,10.56,10.53,10.56,2300,0
2014-03-03,18:00:00,10.55,10.58,10.55,10.58,2195,0
2014-03-03,19:00:00,10.55,10.59,10.55,10.57,3100,0
2014-03-03,20:00:00,10.58,10.59,10.56,10.56,1800,0
2014-03-03,21:00:00,10.57,10.69,10.57,10.61,2200,0
2014-03-03,22:00:00,10.56,10.64,10.55,10.6,4700,0
2014-03-04,16:00:00,10.59,10.7,10.59,10.7,6695,0
2014-03-04,17:00:00,10.7,10.75,10.65,10.75,8902,0
2014-03-04,18:00:00,10.75,10.75,10.71,10.74,6200,0
2014-03-04,19:00:00,10.74,10.74,10.7,10.73,5300,0
2014-03-04,20:00:00,10.74,10.75,10.73,10.75,5534,0
2014-03-04,21:00:00,10.73,10.74,10.64,10.64,1100,0
2014-03-04,22:00:00,10.64,10.75,10.64,10.74,51216,0
2014-03-05,16:00:00,10.68,10.68,10.68,10.68,2490,0
2014-03-05,17:00:00,10.74,10.75,10.64,10.64,1400,0
2014-03-05,18:00:00,10.665,10.665,10.63,10.63,1000,0
2014-03-05,19:00:00,10.63,10.63,10.6,10.62,6392,0
2014-03-05,20:00:00,10.625,10.63,10.6,10.61,4863,0
2014-03-05,21:00:00,10.61,10.62,10.59,10.59,7425,0
2014-03-05,22:00:00,10.6,10.64,10.5999,10.6,44634,0
2014-03-06,16:00:00,10.609,10.61,10.6,10.61,6212,0
2014-03-06,17:00:00,10.6,10.601,10.6,10.601,762,0
2014-03-06,18:00:00,10.6,10.6,10.59,10.59,5381,0
2014-03-06,19:00:00,10.59,10.61,10.59,10.61,3984,0
2014-03-06,20:00:00,10.61,10.61,10.61,10.61,1300,0
2014-03-06,21:00:00,10.61,10.61,10.6,10.6,12007,0
2014-03-06,22:00:00,10.61,10.75,10.6,10.63,7219,0
2014-03-07,16:00:00,10.74,10.74,10.7,10.7,900,0
2014-03-07,17:00:00,10.67,10.7,10.67,10.69,3850,0
2014-03-07,18:00:00,10.69,10.7,10.68,10.7,2366,0
2014-03-07,19:00:00,10.7,10.7,10.7,10.7,300,0
2014-03-07,20:00:00,10.7,10.7,10.699,10.699,700,0
2014-03-07,21:00:00,10.7,10.7,10.68,10.68,5996,0
2014-03-07,22:00:00,10.68,10.68,10.6103,10.68,5809,0
2014-03-10,15:00:00,10.7,10.75,10.54,10.5501,4568,0
2014-03-10,16:00:00,10.67,10.7,10.66,10.7,1400,0
2014-03-10,17:00:00,10.67,10.67,10.66,10.66,1000,0
2014-03-10,18:00:00,10.7,10.7,10.66,10.66,600,0
2014-03-10,19:00:00,10.6601,10.67,10.6601,10.67,500,0
2014-03-10,20:00:00,10.7,10.7,10.7,10.7,1000,0
2014-03-10,21:00:00,10.67,10.7,10.66,10.7,17644,0
2014-03-11,15:00:00,10.68,10.68,10.66,10.66,1080,0
2014-03-11,16:00:00,10.67,10.73,10.65,10.65,1600,0
2014-03-11,17:00:00,10.66,10.66,10.56,10.6,6448,0
2014-03-11,18:00:00,10.59,10.68,10.59,10.61,4000,0
2014-03-11,19:00:00,10.6,10.63,10.59,10.61,4500,0
2014-03-11,20:00:00,10.62,10.68,10.61,10.67,1600,0
2014-03-11,21:00:00,10.66,10.68,10.61,10.67,7877,0
2014-03-12,15:00:00,10.6,10.6,10.6,10.6,600,0
2014-03-12,16:00:00,10.68,10.69,10.65,10.68,1002,0
2014-03-12,17:00:00,10.66,10.68,10.64,10.64,1655,0
2014-03-12,18:00:00,10.67,10.67,10.6,10.625,1700,0
2014-03-12,19:00:00,10.62,10.63,10.6,10.63,2100,0
2014-03-12,20:00:00,10.61,10.68,10.61,10.68,1200,0
2014-03-12,21:00:00,10.67,10.7,10.65,10.7,15536,0
2014-03-13,15:00:00,10.7,10.7,10.7,10.7,400,0
2014-03-13,16:00:00,10.72,10.76,10.68,10.68,9732,0
2014-03-13,17:00:00,10.69,10.69,10.69,10.69,600,0
2014-03-13,18:00:00,10.69,10.69,10.61,10.62,3000,0
2014-03-13,19:00:00,10.63,10.66,10.63,10.645,1308,0
2014-03-13,20:00:00,10.67,10.67,10.62,10.67,1700,0
2014-03-13,21:00:00,10.63,10.7,10.63,10.67,8178,0
2014-03-14,15:00:00,10.65,10.67,10.6,10.67,3500,0
2014-03-14,16:00:00,10.67,10.74,10.67,10.71,24529,0
2014-03-14,17:00:00,10.7157,10.73,10.62,10.62,4400,0
2014-03-14,18:00:00,10.6101,10.69,10.61,10.65,32940,0
2014-03-14,19:00:00,10.67,10.7,10.67,10.7,4800,0
2014-03-14,20:00:00,10.7,10.7,10.68,10.7,3200,0
2014-03-14,21:00:00,10.7,10.75,10.6799,10.7,123110,0
2014-03-17,15:00:00,10.72,10.72,10.72,10.72,1117,0
2014-03-17,16:00:00,10.71,10.73,10.7,10.73,11359,0
2014-03-17,17:00:00,10.73,10.73,10.7199,10.72,2500,0
2014-03-17,18:00:00,10.72,10.72,10.7001,10.72,3300,0
2014-03-17,19:00:00,10.71,10.72,10.71,10.71,7114,0
2014-03-17,20:00:00,10.71,10.72,10.7,10.7,8284,0
2014-03-17,21:00:00,10.7,10.72,10.7,10.7,35000,0
2014-03-18,16:00:00,10.69,10.7,10.68,10.68,14569,0
2014-03-18,17:00:00,10.68,10.7,10.67,10.7,6290,0
2014-03-18,18:00:00,10.7,10.73,10.7,10.73,2139,0
2014-03-18,19:00:00,10.72,10.73,10.72,10.73,5800,0
2014-03-18,20:00:00,10.73,10.73,10.7,10.71,11678,0
2014-03-18,21:00:00,10.7,10.72,10.68,10.72,24245,0
2014-03-19,15:00:00,10.69,10.71,10.69,10.7,1700,0
2014-03-19,16:00:00,10.71,10.72,10.7,10.72,3455,0
2014-03-19,17:00:00,10.71,10.71,10.7,10.7,7990,0
2014-03-19,18:00:00,10.69,10.7,10.68,10.695,8069,0
2014-03-19,19:00:00,10.695,10.7,10.66,10.66,3300,0
2014-03-19,20:00:00,10.66,10.69,10.65,10.66,1800,0
2014-03-19,21:00:00,10.65,10.68,10.61,10.62,9390,0
2014-03-20,15:00:00,10.7,10.7,10.7,10.7,100,0
2014-03-20,16:00:00,10.65,10.65,10.64,10.64,1500,0
2014-03-20,17:00:00,10.7,10.7,10.65,10.67,2300,0
2014-03-20,18:00:00,10.68,10.7,10.64,10.65,15484,0
2014-03-20,19:00:00,10.66,10.68,10.65,10.67,15400,0
2014-03-20,20:00:00,10.69,10.7,10.65,10.65,3700,0
2014-03-20,21:00:00,10.65,10.66,10.63,10.65,9471,0
2014-03-21,15:00:00,10.66,10.71,10.66,10.71,32300,0
2014-03-21,16:00:00,10.71,10.71,10.7,10.71,8412,0
2014-03-21,17:00:00,10.7,10.7,10.6554,10.69,67162,0
2014-03-21,18:00:00,10.69,10.73,10.685,10.71,98240,0
2014-03-21,19:00:00,10.71,10.71,10.66,10.68,10275,0
2014-03-21,20:00:00,10.69,10.7,10.69,10.69,8369,0
2014-03-21,21:00:00,10.68,10.73,10.68,10.72,95986,0
2014-03-24,15:00:00,10.73,10.73,10.69,10.69,7579,0
2014-03-24,16:00:00,10.69,10.69,10.68,10.69,2960,0
2014-03-24,17:00:00,10.69,10.69,10.66,10.66,2500,0
2014-03-24,18:00:00,10.66,10.7,10.66,10.69,5964,0
2014-03-24,19:00:00,10.7,10.7,10.7,10.7,400,0
2014-03-24,20:00:00,10.7,10.7,10.68,10.69,2700,0
2014-03-24,21:00:00,10.7,10.72,10.69,10.69,13051,0
2014-03-25,15:00:00,10.73,10.73,10.7,10.7045,5300,0
2014-03-25,16:00:00,10.7001,10.72,10.67,10.7,7254,0
2014-03-25,17:00:00,10.7,10.7,10.69,10.7,4500,0
2014-03-25,18:00:00,10.7,10.7,10.6647,10.7,7833,0
2014-03-25,19:00:00,10.67,10.7,10.67,10.7,2298,0
2014-03-25,20:00:00,10.7,10.7,10.68,10.7,16780,0
2014-03-25,21:00:00,10.7,10.71,10.69,10.7,23990,0
2014-03-26,15:00:00,10.7,10.7,10.69,10.69,11979,0
2014-03-26,16:00:00,10.7,10.7,10.67,10.69,3061,0
2014-03-26,17:00:00,10.685,10.7,10.685,10.7,8384,0
2014-03-26,18:00:00,10.7,10.72,10.69,10.72,10125,0
2014-03-26,19:00:00,10.71,10.71,10.7,10.7,4300,0
2014-03-26,20:00:00,10.7,10.7,10.67,10.69,6800,0
2014-03-26,21:00:00,10.69,10.7,10.65,10.65,21346,0
2014-03-27,15:00:00,10.65,10.7,10.65,10.69,5601,0
2014-03-27,16:00:00,10.69,10.72,10.66,10.7,17640,0
2014-03-27,17:00:00,10.7,10.71,10.65,10.71,13584,0
2014-03-27,18:00:00,10.7,10.71,10.7,10.7016,17547,0
2014-03-27,19:00:00,10.71,10.71,10.7,10.7099,4391,0
2014-03-27,20:00:00,10.7,10.7,10.68,10.69,10369,0
2014-03-27,21:00:00,10.69,10.71,10.68,10.7,25060,0
2014-03-28,15:00:00,10.73,10.73,10.717,10.72,2568,0
2014-03-28,16:00:00,10.72,10.73,10.71,10.73,6744,0
2014-03-28,17:00:00,10.73,10.77,10.73,10.76,8882,0
2014-03-28,18:00:00,10.75,10.75,10.71,10.7101,7080,0
2014-03-28,19:00:00,10.71,10.75,10.71,10.75,22551,0
2014-03-28,20:00:00,10.73,10.749,10.7,10.72,9270,0
2014-03-28,21:00:00,10.72,10.73,10.66,10.7,12279,0
2014-03-31,16:00:00,10.75,10.75,10.75,10.75,558,0
2014-03-31,17:00:00,10.71,10.75,10.7,10.75,6905,0
2014-03-31,18:00:00,10.72,10.78,10.72,10.78,8700,0
2014-03-31,19:00:00,10.7799,10.78,10.73,10.78,12608,0
2014-03-31,20:00:00,10.78,10.78,10.73,10.76,9620,0
2014-03-31,21:00:00,10.75,10.8,10.75,10.8,18004,0
2014-03-31,22:00:00,10.8,10.89,10.8,10.81,27097,0
2014-04-01,16:00:00,10.81,10.83,10.79,10.81,11986,0
2014-04-01,17:00:00,10.82,10.83,10.81,10.81,8543,0
2014-04-01,18:00:00,10.81,10.819,10.79,10.8,6151,0
2014-04-01,19:00:00,10.8,10.8,10.78,10.79,4016,0
2014-04-01,20:00:00,10.79,10.8,10.78,10.8,2900,0
2014-04-01,21:00:00,10.79,10.82,10.79,10.82,4627,0
2014-04-01,22:00:00,10.83,10.86,10.77,10.79,17936,0
2014-04-02,16:00:00,10.8,10.82,10.7399,10.75,1441,0
2014-04-02,17:00:00,10.76,10.79,10.75,10.77,1400,0
2014-04-02,18:00:00,10.75,10.8,10.75,10.8,900,0
2014-04-02,19:00:00,10.77,10.8,10.76,10.76,2900,0
2014-04-02,20:00:00,10.8,10.8,10.76,10.8,3000,0
2014-04-02,21:00:00,10.79,10.8,10.77,10.8,2300,0
2014-04-02,22:00:00,10.75,10.78,10.75,10.75,4900,0
2014-04-03,16:00:00,10.78,10.83,10.78,10.83,704,0
2014-04-03,17:00:00,10.83,10.83,10.74,10.741,68040,0
2014-04-03,18:00:00,10.74,10.79,10.74,10.79,28000,0
2014-04-03,19:00:00,10.8,10.8,10.78,10.79,3200,0
2014-04-03,20:00:00,10.77,10.78,10.75,10.78,400,0
2014-04-03,21:00:00,10.765,10.78,10.725,10.75,24758,0
2014-04-03,22:00:00,10.78,10.9,10.75,10.86,19168,0
2014-04-04,16:00:00,10.96,10.96,10.81,10.95,2500,0
2014-04-04,17:00:00,10.9,10.9,10.8,10.8,6298,0
2014-04-04,18:00:00,10.79,10.8,10.69,10.69,6400,0
2014-04-04,19:00:00,10.72,10.74,10.68,10.7,23359,0
2014-04-04,20:00:00,10.72,10.76,10.72,10.73,13958,0
2014-04-04,21:00:00,10.74,10.89,10.73,10.89,3300,0
2014-04-04,22:00:00,10.84,10.84,10.74,10.74,12906,0
2014-04-07,16:00:00,10.86,10.87,10.86,10.87,388,0
2014-04-07,17:00:00,10.75,10.86,10.74,10.74,6307,0
2014-04-07,18:00:00,10.75,10.79,10.7,10.74,28870,0
2014-04-07,19:00:00,10.74,10.79,10.73,10.77,9654,0
2014-04-07,20:00:00,10.75,10.77,10.75,10.76,2297,0
2014-04-07,21:00:00,10.76,10.8,10.7,10.8,7737,0
2014-04-07,22:00:00,10.79,10.82,10.6999,10.75,17233,0
2014-04-08,16:00:00,10.7401,10.86,10.7401,10.85,3900,0
2014-04-08,17:00:00,10.8207,10.86,10.82,10.86,2702,0
2014-04-08,18:00:00,10.89,10.89,10.8,10.86,8598,0
2014-04-08,19:00:00,10.87,10.87,10.75,10.84,21438,0
2014-04-08,20:00:00,10.77,10.85,10.765,10.84,2400,0
2014-04-08,21:00:00,10.83,10.86,10.83,10.83,700,0
2014-04-08,22:00:00,10.85,10.85,10.73,10.75,9372,0
2014-04-09,16:00:00,10.76,10.76,10.76,10.76,200,0
2014-04-09,17:00:00,10.76,10.78,10.7,10.72,14743,0
2014-04-09,18:00:00,10.7178,10.79,10.7,10.75,12852,0
2014-04-09,19:00:00,10.751,10.83,10.71,10.81,7819,0
2014-04-09,20:00:00,10.75,10.83,10.73,10.79,17192,0
2014-04-09,21:00:00,10.74,10.81,10.74,10.805,9505,0
2014-04-09,22:00:00,10.771,10.85,10.77,10.82,9704,0
2014-04-10,16:00:00,10.77,10.7701,10.725,10.77,29950,0
2014-04-10,17:00:00,10.79,10.8,10.735,10.7635,42657,0
2014-04-10,18:00:00,10.751,10.78,10.74,10.78,20968,0
2014-04-10,19:00:00,10.77,10.77,10.74,10.74,8714,0
2014-04-10,20:00:00,10.74,10.75,10.72,10.73,9610,0
2014-04-10,21:00:00,10.73,10.75,10.73,10.739,9956,0
2014-04-10,22:00:00,10.73,10.74,10.72,10.72,27106,0
2014-04-11,16:00:00,10.73,10.74,10.69,10.74,18775,0
2014-04-11,17:00:00,10.74,10.74,10.71,10.72,3259,0
2014-04-11,18:00:00,10.73,10.73,10.67,10.68,6925,0
2014-04-11,19:00:00,10.67,10.67,10.65,10.67,6700,0
2014-04-11,20:00:00,10.68,10.73,10.67,10.71,700,0
2014-04-11,21:00:00,10.7,10.73,10.68,10.69,4060,0
2014-04-11,22:00:00,10.68,10.73,10.67,10.67,14941,0
2014-04-14,16:00:00,10.76,10.76,10.75,10.75,2995,0
2014-04-14,17:00:00,10.75,10.75,10.7,10.71,5488,0
2014-04-14,18:00:00,10.71,10.71,10.699,10.7,1212,0
2014-04-14,19:00:00,10.69,10.7,10.69,10.7,2000,0
2014-04-14,20:00:00,10.69,10.69,10.67,10.69,2400,0
2014-04-14,21:00:00,10.68,10.69,10.66,10.68,11434,0
2014-04-14,22:00:00,10.66,10.6879,10.354,10.65,39199,0
2014-04-15,16:00:00,10.66,10.7,10.65,10.69,4572,0
2014-04-15,17:00:00,10.69,10.69,10.61,10.62,16356,0
2014-04-15,18:00:00,10.63,10.65,10.6,10.63,4195,0
2014-04-15,19:00:00,10.63,10.64,10.59,10.59,5100,0
2014-04-15,20:00:00,10.61,10.64,10.61,10.63,2600,0
2014-04-15,21:00:00,10.63,10.65,10.63,10.65,3700,0
2014-04-15,22:00:00,10.64,10.65,10.61,10.64,25602,0
2014-04-16,16:00:00,10.69,10.69,10.63,10.63,2537,0
2014-04-16,17:00:00,10.65,10.654,10.64,10.64,750,0
2014-04-16,18:00:00,10.65,10.65,10.64,10.65,3200,0
2014-04-16,19:00:00,10.64,10.64,10.61,10.63,12750,0
2014-04-16,20:00:00,10.62,10.64,10.6,10.64,3898,0
2014-04-16,21:00:00,10.64,10.65,10.62,10.64,4900,0
2014-04-16,22:00:00,10.641,10.65,10.63,10.64,33887,0
2014-04-17,16:00:00,10.69,10.69,10.649,10.649,6056,0
2014-04-17,17:00:00,10.64,10.69,10.64,10.66,8219,0
2014-04-17,18:00:00,10.68,10.69,10.66,10.69,1400,0
2014-04-17,19:00:00,10.69,10.69,10.6651,10.68,1210,0
2014-04-17,20:00:00,10.69,10.69,10.67,10.69,4400,0
2014-04-17,21:00:00,10.69,10.69,10.68,10.69,28222,0
2014-04-17,22:00:00,10.69,10.7,10.68,10.68,8953,0
2014-04-21,16:00:00,10.7,10.7,10.7,10.7,900,0
2014-04-21,17:00:00,10.7,10.7,10.68,10.68,3788,0
2014-04-21,18:00:00,10.67,10.7,10.67,10.7,2000,0
2014-04-21,19:00:00,10.7,10.7,10.68,10.7,7475,0
2014-04-21,20:00:00,10.7,10.7,10.68,10.7,3462,0
2014-04-21,21:00:00,10.69,10.7,10.68,10.7,3699,0
2014-04-21,22:00:00,10.7,10.72,10.68,10.7,13123,0
2014-04-22,16:00:00,10.71,10.71,10.705,10.71,2000,0
2014-04-22,17:00:00,10.7,10.72,10.68,10.7,7300,0
2014-04-22,18:00:00,10.7,10.7,10.69,10.7,700,0
2014-04-22,19:00:00,10.71,10.75,10.69,10.74,7674,0
2014-04-22,20:00:00,10.73,10.74,10.68,10.68,16302,0
2014-04-22,21:00:00,10.6999,10.74,10.68,10.72,4000,0
2014-04-22,22:00:00,10.72,10.78,10.72,10.75,41080,0
2014-04-23,16:00:00,10.8,10.85,10.78,10.85,10778,0
2014-04-23,17:00:00,10.85,10.99,10.85,10.99,19365,0
2014-04-23,18:00:00,10.99,10.99,10.98,10.99,3400,0
2014-04-23,19:00:00,10.98,10.98,10.92,10.98,3100,0
2014-04-23,20:00:00,10.97,10.99,10.95,10.95,14335,0
2014-04-23,21:00:00,10.96,10.98,10.94,10.96,2500,0
2014-04-23,22:00:00,10.98,10.98,10.83,10.83,37919,0
2014-04-24,16:00:00,11,11,10.83,10.85,7780,0
2014-04-24,17:00:00,10.94,10.98,10.85,10.871,27600,0
2014-04-24,18:00:00,10.9,10.98,10.9,10.925,9800,0
2014-04-24,19:00:00,10.96,10.97,10.906,10.96,3800,0
2014-04-24,20:00:00,10.97,10.99,10.94,10.94,2044,0
2014-04-24,21:00:00,10.94,11,10.94,10.98,18400,0
2014-04-24,22:00:00,10.97,10.98,10.935,10.94,9987,0
2014-04-25,16:00:00,10.98,10.98,10.94,10.94,1544,0
2014-04-25,17:00:00,10.98,11,10.95,11,11698,0
2014-04-25,18:00:00,10.98,10.99,10.94,10.99,8100,0
2014-04-25,19:00:00,10.99,11.01,10.94,10.99,26619,0
2014-04-25,20:00:00,10.99,11,10.98,10.99,14327,0
2014-04-25,21:00:00,10.99,11,10.93,10.93,3800,0
2014-04-25,22:00:00,10.94,11,10.91,10.99,25461,0
2014-04-28,16:00:00,11,11.05,11,11,2208,0
2014-04-28,17:00:00,11.02,11.05,10.98,11.03,35483,0
2014-04-28,18:00:00,11.03,11.05,11,11.03,24940,0
2014-04-28,19:00:00,11.01,11.0101,10.94,11,5100,0
2014-04-28,20:00:00,11,11.04,10.99,11.03,13224,0
2014-04-28,21:00:00,11.03,11.03,11.01,11.01,3000,0
2014-04-28,22:00:00,11,11.04,10.99,11.02,25627,0
2014-04-29,16:00:00,11.08,11.08,10.98,11,5098,0
2014-04-29,17:00:00,11,11.01,10.97,11,34786,0
2014-04-29,18:00:00,11.046,11.05,10.99,11.05,6400,0
2014-04-29,19:00:00,11,11.03,10.99,11.03,10909,0
2014-04-29,20:00:00,11.019,11.019,11,11.01,7044,0
2014-04-29,21:00:00,11.02,11.03,11,11.02,2643,0
2014-04-29,22:00:00,11.02,11.03,10.95,11.01,22930,0
2014-04-30,16:00:00,10.92,10.92,10.91,10.91,784,0
2014-04-30,17:00:00,10.93,11.03,10.86,10.9,11485,0
2014-04-30,18:00:00,10.89,10.99,10.86,10.97,15189,0
2014-04-30,19:00:00,10.96,10.96,10.94,10.95,3200,0
2014-04-30,20:00:00,10.95,10.96,10.94,10.96,3900,0
2014-04-30,21:00:00,10.96,11.05,10.93,11.0299,8900,0
2014-04-30,22:00:00,11,11.05,10.85,10.85,32864,0
2014-05-01,16:00:00,10.94,10.94,10.76,10.86,4143,0
2014-05-01,17:00:00,10.85,10.95,10.75,10.8,6699,0
2014-05-01,18:00:00,10.86,10.93,10.75,10.79,4500,0
2014-05-01,19:00:00,10.76,10.94,10.75,10.81,3305,0
2014-05-01,20:00:00,10.81,10.89,10.81,10.81,3800,0
2014-05-01,21:00:00,10.87,10.92,10.83,10.88,3400,0
2014-05-01,22:00:00,10.93,11,10.81,10.83,17799,0
2014-05-02,16:00:00,10.96,10.96,10.94,10.94,1300,0
2014-05-02,17:00:00,10.89,10.96,10.86,10.9,105667,0
2014-05-02,18:00:00,10.89,10.89,10.78,10.81,6412,0
2014-05-02,19:00:00,10.82,10.82,10.76,10.8,6100,0
2014-05-02,20:00:00,10.77,10.8,10.75,10.75,9405,0
2014-05-02,21:00:00,10.76,10.77,10.69,10.75,20691,0
2014-05-02,22:00:00,10.76,10.84,10.74,10.79,17556,0
2014-05-05,16:00:00,10.75,10.77,10.75,10.77,8830,0
2014-05-05,17:00:00,10.76,10.78,10.711,10.718,5056,0
2014-05-05,18:00:00,10.75,10.79,10.73,10.75,3975,0
2014-05-05,19:00:00,10.75,10.75,10.66,10.66,2900,0
2014-05-05,20:00:00,10.72,10.74,10.65,10.675,3300,0
2014-05-05,21:00:00,10.72,10.72,10.64,10.7,8698,0
2014-05-05,22:00:00,10.68,10.7,10.66,10.68,44765,0
2014-05-06,16:00:00,10.68,10.96,10.66,10.82,20304,0
2014-05-06,17:00:00,10.79,10.79,10.67,10.68,16658,0
2014-05-06,18:00:00,10.63,10.64,10.6,10.61,14939,0
2014-05-06,19:00:00,10.61,10.72,10.61,10.67,4952,0
2014-05-06,20:00:00,10.7164,10.7164,10.6,10.6,30720,0
2014-05-06,21:00:00,10.635,10.67,10.58,10.6,20716,0
2014-05-06,22:00:00,10.62,10.72,10.59,10.6,30791,0
2014-05-07,16:00:00,10.6,10.6,10.6,10.6,900,0
2014-05-07,17:00:00,10.6,10.68,10.58,10.68,4328,0
2014-05-07,18:00:00,10.6,10.7,10.6,10.69,5714,0
2014-05-07,19:00:00,10.7,10.71,10.6,10.66,11298,0
2014-05-07,20:00:00,10.69,10.69,10.59,10.6,10967,0
2014-05-07,21:00:00,10.65,10.65,10.61,10.65,33100,0
2014-05-07,22:00:00,10.66,10.67,10.62,10.66,28725,0
