Date,Time,Open,High,Low,Close,Volume,OpenInt
2014-02-10,19:00:00,29.373,29.5216,29.0955,29.0955,3423,0
2014-02-10,21:00:00,29.0856,29.0856,29.0856,29.0856,1110,0
2014-02-10,22:00:00,28.3423,28.3423,28.3423,28.3423,1044,0
2014-02-11,16:00:00,27.4703,27.6784,27.3811,27.5991,1821,0
2014-02-11,17:00:00,27.8369,27.837,27.8369,27.837,404,0
2014-02-11,18:00:00,27.8171,27.8171,27.8171,27.8171,101,0
2014-02-11,19:00:00,27.936,27.9361,27.936,27.9361,3177,0
2014-02-11,21:00:00,27.9757,28.1243,27.9757,28.1243,202,0
2014-02-11,22:00:00,28.0946,28.4315,28.0946,28.4315,908,0
2014-02-12,17:00:00,28.1045,28.1441,28.1045,28.1441,505,0
2014-02-12,18:00:00,28.1838,28.4414,28.1441,28.1441,2340,0
2014-02-12,19:00:00,28.3919,28.7486,28.3721,28.7486,3330,0
2014-02-12,21:00:00,28.3919,28.3919,27.9955,27.9955,2212,0
2014-02-12,22:00:00,27.9955,29.0856,27.7973,29.0856,9118,0
2014-02-13,18:00:00,29.0559,29.0559,29.0559,29.0559,706,0
2014-02-13,21:00:00,29.2838,29.2838,29.1054,29.1054,1131,0
2014-02-13,22:00:00,29.2342,29.2342,29.0261,29.2144,7129,0
2014-02-14,16:00:00,29.2739,29.2739,29.2739,29.2739,2099,0
2014-02-14,17:00:00,29.2441,29.2441,29.2441,29.2441,202,0
2014-02-14,20:00:00,29.0559,29.1252,28.9369,29.1252,1413,0
2014-02-14,22:00:00,28.8577,29.0261,28.1838,28.5504,8165,0
2014-02-18,16:00:00,27.8865,30.5622,27.8865,30.5622,202,0
2014-02-18,17:00:00,28.8378,29.1153,28.6793,28.8676,1715,0
2014-02-18,19:00:00,29.1847,29.6306,29.1847,29.6306,594,0
2014-02-18,22:00:00,29.2342,29.6604,29.2342,29.6604,8735,0
2014-02-19,18:00:00,31.0676,31.0676,30.7206,30.7206,1009,0
2014-02-19,19:00:00,29.2342,29.2342,29.2342,29.2342,303,0
2014-02-19,20:00:00,28.8477,29.6059,28.8477,29.6059,807,0
2014-02-19,21:00:00,29.807,29.8288,28.8577,29.254,4081,0
2014-02-19,22:00:00,28.0054,28.7387,28.0054,28.6595,2991,0
2014-02-20,19:00:00,28.5366,29.1153,28.5366,29.1153,1211,0
2014-02-20,20:00:00,28.5802,28.9964,28.5802,28.9171,1009,0
2014-02-20,22:00:00,28.6595,29.0955,28.3423,28.9964,5675,0
2014-02-21,17:00:00,29.5811,29.5811,29.0559,29.0559,1320,0
2014-02-21,18:00:00,28.8378,28.8378,28.8378,28.8378,605,0
2014-02-21,19:00:00,28.5108,28.5306,28.5108,28.5306,202,0
2014-02-21,20:00:00,28.7486,29.1252,28.6099,28.6099,908,0
2014-02-21,21:00:00,28.3027,28.3126,28.3027,28.3126,202,0
2014-02-21,22:00:00,28.6991,28.6991,27.9856,27.9856,3774,0
2014-02-24,16:00:00,28.1937,28.1937,28.1937,28.1937,2725,0
2014-02-24,17:00:00,28.491,28.491,28.045,28.0946,2502,0
2014-02-24,22:00:00,28.4215,28.4414,28.055,28.4414,12255,0
2014-02-25,17:00:00,28.5703,28.6991,28.1937,28.3622,2624,0
2014-02-25,18:00:00,28.5901,28.5901,28.3423,28.3423,807,0
2014-02-25,19:00:00,28.491,28.491,28.1739,28.2432,2926,0
2014-02-25,20:00:00,28.2036,28.4414,28.2036,28.3126,1312,0
2014-02-25,21:00:00,28.6099,28.6396,28.2631,28.4414,3935,0
2014-02-25,22:00:00,28.2333,28.4315,28.2333,28.3423,4490,0
2014-02-26,17:00:00,28.0252,28.7387,28.0252,28.3622,1413,0
2014-02-26,18:00:00,28.382,28.3919,28.382,28.3919,2523,0
2014-02-26,19:00:00,28.5623,28.5623,28.5623,28.5623,101,0
2014-02-26,20:00:00,28.0946,28.2532,28.0946,28.2532,1211,0
2014-02-26,21:00:00,28.1045,28.1045,28.1045,28.1045,706,0
2014-02-26,22:00:00,28.2829,28.2829,27.9856,28.273,3277,0
2014-02-27,16:00:00,28.5405,28.7387,28.3423,28.4216,3171,0
2014-02-27,20:00:00,28.6,29.001,28.5207,28.6595,1312,0
2014-02-27,21:00:00,28.6793,28.8378,28.6495,28.6694,1200,0
2014-02-27,22:00:00,28.7685,28.7685,28.6892,28.7486,2940,0
2014-02-28,16:00:00,28.9171,28.9171,28.1838,28.1838,1645,0
2014-02-28,18:00:00,28.8378,28.8378,28.8378,28.8378,1037,0
2014-02-28,20:00:00,29.036,29.1847,29.036,29.0459,2018,0
2014-02-28,21:00:00,29.2342,29.264,28.5604,29.0459,1615,0
2014-02-28,22:00:00,28.9667,29.0757,28.818,29.0063,6665,0
2014-03-03,17:00:00,29.3829,29.4622,28.8874,29.1847,2018,0
2014-03-03,18:00:00,29.1252,29.4126,28.9369,29.4126,1211,0
2014-03-03,19:00:00,29.2342,29.4423,29.036,29.2342,2220,0
2014-03-03,20:00:00,29.0658,29.2144,28.7685,28.7685,706,0
2014-03-03,21:00:00,29.0757,29.0757,28.9865,28.9865,505,0
2014-03-03,22:00:00,29.3432,29.4423,28.9865,28.9865,6152,0
2014-03-04,16:00:00,29.482,30.0865,29.1748,30.0865,3780,0
2014-03-04,17:00:00,30.0865,30.5919,30.0865,30.4234,5110,0
2014-03-04,18:00:00,30.1856,31.6523,30.1856,31.6523,4339,0
2014-03-04,19:00:00,31.6523,31.8604,30.4829,31.5631,2321,0
2014-03-04,20:00:00,31.127,31.6374,30.9189,31.2658,3128,0
2014-03-04,21:00:00,31.1667,31.2162,31.1171,31.1171,807,0
2014-03-04,22:00:00,31.1171,31.2162,30.9685,31.0081,8736,0
2014-03-05,16:00:00,30.6117,30.6117,30.1261,30.1261,404,0
2014-03-05,17:00:00,30.5225,30.8198,30.1658,30.1658,2523,0
2014-03-05,18:00:00,30.6712,30.6712,30.3838,30.4829,2725,0
2014-03-05,20:00:00,30.7901,30.8496,29.9778,29.9778,1211,0
2014-03-05,21:00:00,30.4432,30.6117,30.2649,30.2649,505,0
2014-03-05,22:00:00,30.4432,30.4432,29.8288,29.8288,1615,0
2014-03-06,17:00:00,30.2451,30.354,30.2451,30.2946,1413,0
2014-03-06,19:00:00,30.4234,31.0478,30.4135,30.7703,4134,0
2014-03-06,20:00:00,30.8099,30.8099,30.5622,30.6018,404,0
2014-03-06,22:00:00,30.9026,30.9026,28.2432,29.155,13355,0
2014-03-07,16:00:00,29.3631,29.3631,29.3333,29.3333,1413,0
2014-03-07,17:00:00,28.8378,29.3135,28.8378,29.2838,2537,0
2014-03-07,18:00:00,29.1351,29.2144,29.036,29.2144,2398,0
2014-03-07,19:00:00,29.5117,29.5315,29.5117,29.5315,505,0
2014-03-07,21:00:00,29.0261,29.5613,29.0261,29.5613,202,0
2014-03-07,22:00:00,29.1188,29.7,29.1188,29.7,5365,0
2014-03-10,15:00:00,29.2937,29.4027,29.2937,29.4027,808,0
2014-03-10,16:00:00,29.4126,29.4919,29.4126,29.4919,1009,0
2014-03-10,17:00:00,29.3036,29.3036,29.3036,29.3036,404,0
2014-03-10,20:00:00,28.8081,29.2342,28.7784,29.2243,2119,0
2014-03-10,21:00:00,28.8487,29.4423,28.8378,29.373,4068,0
2014-03-11,15:00:00,28.9369,29.036,28.9369,29.036,605,0
2014-03-11,16:00:00,29.1649,29.1649,28.5604,28.9865,1009,0
2014-03-11,18:00:00,28.6099,28.6099,28.2532,28.2533,1592,0
2014-03-11,19:00:00,28.2532,28.2532,28.1541,28.2135,2519,0
2014-03-11,20:00:00,28.2631,28.2631,28.0054,28.1739,1312,0
2014-03-11,21:00:00,28.1441,28.4513,27.9955,28.1342,3673,0
2014-03-12,15:00:00,27.8865,27.8865,27.718,27.718,1212,0
2014-03-12,16:00:00,27.7378,28.2431,27.6685,27.6685,2222,0
2014-03-12,20:00:00,28.3622,28.3622,28.3622,28.3622,404,0
2014-03-12,21:00:00,28.1937,28.6,28.1937,28.6,1998,0
2014-03-13,15:00:00,28.52,28.52,28.52,28.52,300,0
2014-03-13,16:00:00,28.71,28.71,28.51,28.51,500,0
2014-03-13,17:00:00,28.4,28.4,28.4,28.4,500,0
2014-03-13,18:00:00,28.4001,28.67,27.555,27.65,11500,0
2014-03-13,19:00:00,27.6,27.661,27.51,27.661,1499,0
2014-03-13,20:00:00,27.84,27.84,27.65,27.66,1900,0
2014-03-13,21:00:00,27.57,27.62,27.56,27.62,3407,0
2014-03-14,15:00:00,27.62,27.62,27.62,27.62,880,0
2014-03-14,16:00:00,27.9,28.13,27.83,28.13,615,0
2014-03-14,17:00:00,28.1146,28.14,28.09,28.14,900,0
2014-03-14,18:00:00,28.14,28.24,28.14,28.24,500,0
2014-03-14,19:00:00,28.39,28.39,28.39,28.39,200,0
2014-03-14,20:00:00,28.38,28.55,27.74,27.74,1000,0
2014-03-14,21:00:00,28.2,28.64,28.14,28.64,2294,0
2014-03-17,16:00:00,28.58,28.72,28.58,28.7,1900,0
2014-03-17,18:00:00,29.14,29.2,28.8,29,1000,0
2014-03-17,19:00:00,28.9,28.9,28.9,28.9,300,0
2014-03-17,20:00:00,29.22,29.22,28.7,28.7,750,0
2014-03-17,21:00:00,28.9,28.96,28.9,28.96,1500,0
2014-03-18,15:00:00,28.8,28.8,28.8,28.8,100,0
2014-03-18,16:00:00,28.99,29.33,28.88,28.9,2428,0
2014-03-18,17:00:00,28.8,28.8,28.8,28.8,400,0
2014-03-18,18:00:00,28.6511,28.705,28.56,28.705,400,0
2014-03-18,19:00:00,28.705,28.705,28.7,28.7,500,0
2014-03-18,20:00:00,28.76,28.76,28.57,28.57,982,0
2014-03-18,21:00:00,28.57,29.02,28.57,28.99,5853,0
2014-03-19,15:00:00,29.32,29.32,28.89,29.02,800,0
2014-03-19,16:00:00,29,29,29,29,200,0
2014-03-19,17:00:00,28.95,28.95,28.95,28.95,100,0
2014-03-19,18:00:00,28.95,28.95,28.95,28.95,100,0
2014-03-19,19:00:00,29,29,28.86,28.86,200,0
2014-03-19,20:00:00,29,29,28.56,29,300,0
2014-03-19,21:00:00,28.99,29,28.61,28.64,2076,0
2014-03-20,15:00:00,28.52,28.52,28.52,28.52,2400,0
2014-03-20,16:00:00,28.83,28.83,28.5,28.8,2489,0
2014-03-20,17:00:00,28.64,28.86,28.64,28.81,800,0
2014-03-20,18:00:00,28.65,28.8,28.61,28.67,1800,0
2014-03-20,19:00:00,28.7,28.71,28.6,28.6,700,0
2014-03-20,20:00:00,28.7,28.764,28.47,28.47,1700,0
2014-03-20,21:00:00,28.48,28.8,28.48,28.74,3417,0
2014-03-21,15:00:00,28.8,28.9,28.8,28.9,16350,0
2014-03-21,16:00:00,29.11,29.14,29.11,29.14,1000,0
2014-03-21,17:00:00,28.8635,28.99,28.8528,28.8528,1400,0
2014-03-21,18:00:00,29.37,29.37,28.86,28.86,700,0
2014-03-21,20:00:00,28.87,29,28.86,29,500,0
2014-03-21,21:00:00,29.05,29.49,29.05,29.28,18705,0
2014-03-24,15:00:00,29,29,29,29,2800,0
2014-03-24,16:00:00,28.74,29,28.74,28.87,1600,0
2014-03-24,17:00:00,28.73,29.29,28.73,29,2100,0
2014-03-24,19:00:00,29.03,29.27,29.01,29.27,1835,0
2014-03-24,20:00:00,29.2016,29.3,28.99,28.99,1700,0
2014-03-24,21:00:00,29.35,29.35,29.02,29.07,2000,0
2014-03-26,15:00:00,28.77,28.8,28.75,28.8,400,0
2014-03-26,16:00:00,29,29,28.81,28.84,300,0
2014-03-26,17:00:00,28.75,28.75,28.75,28.75,393,0
2014-03-26,18:00:00,28.56,28.56,28.56,28.56,100,0
2014-03-26,19:00:00,28.5,28.5,28.5,28.5,200,0
2014-03-26,21:00:00,28.5,28.5,28.02,28.02,1424,0
2014-03-27,15:00:00,28.16,28.5,28.16,28.5,1613,0
2014-03-27,16:00:00,28.13,28.2,28.13,28.2,900,0
2014-03-27,17:00:00,28.15,28.3572,27.94,28.3144,2590,0
2014-03-27,18:00:00,27.93,28.44,27.7,27.7,1900,0
2014-03-27,19:00:00,27.75,27.75,27.7,27.7,1036,0
2014-03-27,20:00:00,27.74,27.85,27.625,27.625,1800,0
2014-03-27,21:00:00,27.85,27.85,27.4,27.59,4300,0
2014-03-28,15:00:00,27.73,27.73,27.41,27.41,1504,0
2014-03-28,16:00:00,27.55,27.55,27.55,27.55,400,0
2014-03-28,18:00:00,27.77,27.9,27.64,27.64,2700,0
2014-03-28,19:00:00,27.518,27.55,27.08,27.08,5822,0
2014-03-28,21:00:00,27.06,27.1,26.81,26.92,5216,0
2014-03-31,16:00:00,26.95,26.95,26.95,26.95,200,0
2014-03-31,17:00:00,27.095,27.3424,27.095,27.26,2391,0
2014-03-31,18:00:00,27.5425,27.5425,27.48,27.48,200,0
2014-03-31,19:00:00,27.48,27.48,27.48,27.48,200,0
2014-03-31,20:00:00,27.404,27.58,27.06,27.06,2698,0
2014-03-31,21:00:00,26.96,27.24,26.96,27.24,1500,0
2014-03-31,22:00:00,27.4,27.4,27,27.12,2100,0
2014-04-01,17:00:00,27.64,27.64,27.64,27.64,1976,0
2014-04-01,19:00:00,27.35,27.365,27.35,27.365,400,0
2014-04-01,20:00:00,27.1,27.62,27.1,27.16,1400,0
2014-04-01,21:00:00,27.65,27.65,27.19,27.27,1620,0
2014-04-01,22:00:00,27.33,27.66,27.01,27.65,7340,0
2014-04-02,16:00:00,27.86,28.05,27.4,27.91,3100,0
2014-04-02,17:00:00,27.53,27.7,27.53,27.7,500,0
2014-04-02,18:00:00,27.69,27.69,27.69,27.69,800,0
2014-04-02,19:00:00,27.37,27.37,27.34,27.34,200,0
2014-04-02,20:00:00,27.5,27.73,27.33,27.45,10448,0
2014-04-02,21:00:00,27.45,27.54,27.33,27.33,870,0
2014-04-02,22:00:00,27.37,27.37,27.2,27.28,2700,0
2014-04-03,16:00:00,27.06,27.06,27.06,27.06,800,0
2014-04-03,17:00:00,27.03,27.09,27.03,27.09,500,0
2014-04-03,18:00:00,27.05,27.32,27.05,27.07,400,0
2014-04-03,19:00:00,27.08,27.09,27.05,27.09,1100,0
2014-04-03,20:00:00,27.04,27.19,27.01,27.01,162859,0
2014-04-03,21:00:00,27.01,27.13,27.01,27.04,22456,0
2014-04-03,22:00:00,27.15,27.22,27.04,27.17,7700,0
2014-04-04,16:00:00,27.1,27.1,27.04,27.04,1000,0
2014-04-04,18:00:00,27.05,27.22,27,27.1,3152,0
2014-04-04,19:00:00,27.01,27.1,27.01,27.095,3300,0
2014-04-04,20:00:00,27.08,27.22,27.07,27.22,2800,0
2014-04-04,21:00:00,27.08,27.189,27.08,27.1,4520,0
2014-04-04,22:00:00,27.157,27.19,27.05,27.19,7663,0
2014-04-07,16:00:00,27.08,27.12,27.08,27.12,2265,0
2014-04-07,17:00:00,27.25,27.37,27.0901,27.25,5940,0
2014-04-07,18:00:00,27.25,27.32,27.25,27.2767,1825,0
2014-04-07,19:00:00,27.35,27.35,27.215,27.215,300,0
2014-04-07,20:00:00,27.215,27.32,27.19,27.32,2000,0
2014-04-07,21:00:00,27.27,27.57,27.22,27.57,1562,0
2014-04-07,22:00:00,27.24,27.25,27.13,27.13,6016,0
2014-04-08,16:00:00,27.53,27.53,27.22,27.22,5780,0
2014-04-08,18:00:00,27.5,27.5,27.32,27.32,200,0
2014-04-08,19:00:00,27.45,27.53,27.45,27.51,900,0
2014-04-08,20:00:00,27.52,27.52,27.52,27.52,100,0
2014-04-08,21:00:00,27.51,27.51,27.45,27.45,2500,0
2014-04-08,22:00:00,27.54,27.54,27.32,27.51,6900,0
2014-04-09,17:00:00,27.41,27.57,27.41,27.5,2000,0
2014-04-09,20:00:00,27.495,27.6,27.495,27.59,1047,0
2014-04-09,21:00:00,27.2,27.71,27.2,27.69,500,0
2014-04-09,22:00:00,27.74,28,27.4,27.75,10928,0
2014-04-10,16:00:00,27.61,27.85,27.595,27.85,1008,0
2014-04-10,17:00:00,27.82,28,27.53,27.97,1200,0
2014-04-10,18:00:00,28,28,28,28,100,0
2014-04-10,19:00:00,27.9,27.99,27.75,27.75,4300,0
2014-04-10,21:00:00,27.77,28.1,27.77,28.1,8001,0
2014-04-10,22:00:00,27.77,28.04,27.77,28,8800,0
2014-04-11,16:00:00,27.72,27.72,27.72,27.72,800,0
2014-04-11,17:00:00,27.7,27.995,27.64,27.64,500,0
2014-04-11,18:00:00,27.99,28,27.6588,28,1700,0
2014-04-11,19:00:00,28,28,27.9,27.985,2000,0
2014-04-11,20:00:00,27.79,27.93,27.79,27.855,900,0
2014-04-11,21:00:00,27.9,28.04,27.8,27.9,2550,0
2014-04-11,22:00:00,27.76,28.138,27.76,27.81,1600,0
2014-04-14,16:00:00,28.09,28.49,27.7,28.31,1486,0
2014-04-14,17:00:00,28.44,28.44,28.13,28.13,1100,0
2014-04-14,18:00:00,28.21,28.21,27.95,28.04,2000,0
2014-04-14,19:00:00,28.09,28.13,27.9999,28.13,800,0
2014-04-14,20:00:00,28.21,28.27,28.21,28.27,300,0
2014-04-14,21:00:00,28.14,28.18,27.96,28,3837,0
2014-04-14,22:00:00,27.99,28.06,27.82,27.83,9170,0
2014-04-15,17:00:00,27.995,28,27.84,27.84,300,0
2014-04-15,18:00:00,27.85,28,27.85,27.88,900,0
2014-04-15,19:00:00,27.95,27.95,27.841,27.841,1900,0
2014-04-15,20:00:00,27.85,28.08,27.83,28.08,5582,0
2014-04-15,21:00:00,28.04,28.04,27.87,27.99,3300,0
2014-04-15,22:00:00,28,28.07,27.85,27.85,5800,0
2014-04-16,17:00:00,27.905,27.91,27.905,27.91,700,0
2014-04-16,18:00:00,27.96,28.1,27.94,28.1,1439,0
2014-04-16,19:00:00,28.09,28.1,28.09,28.1,800,0
2014-04-16,21:00:00,27.89,28.1,27.89,28.1,200,0
2014-04-16,22:00:00,27.9,28.1,27.9,28.095,2250,0
2014-04-17,16:00:00,28,28,27.81,27.81,2264,0
2014-04-17,17:00:00,28.09,28.26,27.97,28.26,3835,0
2014-04-17,19:00:00,27.99,27.99,27.96,27.96,400,0
2014-04-17,20:00:00,27.995,28,27.995,28,600,0
2014-04-17,21:00:00,27.92,28,27.92,27.97,1801,0
2014-04-17,22:00:00,28,28,27.91,27.91,4700,0
2014-04-21,16:00:00,28,28,28,28,600,0
2014-04-21,17:00:00,27.955,27.955,27.95,27.95,400,0
2014-04-21,18:00:00,27.91,27.91,27.91,27.91,100,0
2014-04-21,19:00:00,28.03,28.152,27.83,27.99,1200,0
2014-04-21,20:00:00,28.16,28.16,28.1,28.16,300,0
2014-04-21,21:00:00,28.12,28.12,27.88,28.12,697,0
2014-04-21,22:00:00,28.1,28.33,27.83,28.08,5051,0
2014-04-22,17:00:00,27.97,28.49,27.97,28.49,600,0
2014-04-22,18:00:00,28.23,28.465,28.23,28.43,1900,0
2014-04-22,19:00:00,28.01,28.15,27.95,27.99,800,0
2014-04-22,20:00:00,28.369,28.369,28.234,28.234,600,0
2014-04-22,21:00:00,27.99,28.4799,27.99,28.1995,800,0
2014-04-22,22:00:00,28.16,28.16,27.95,27.99,3108,0
2014-04-23,16:00:00,27.77,27.77,27.77,27.77,942,0
2014-04-23,17:00:00,27.81,28.04,27.81,28.04,800,0
2014-04-23,18:00:00,27.875,28,27.875,28,700,0
2014-04-23,19:00:00,28,28,28,28,600,0
2014-04-23,20:00:00,28.36,28.36,27.925,27.925,900,0
2014-04-23,21:00:00,27.925,27.925,27.92,27.92,200,0
2014-04-23,22:00:00,27.99,28.02,27.79,27.79,3400,0
2014-04-24,16:00:00,27.995,28.34,27.81,28.34,900,0
2014-04-24,17:00:00,27.84,28.09,27.84,28.09,1000,0
2014-04-24,18:00:00,28,28,27.87,27.87,400,0
2014-04-24,19:00:00,28,28,27.935,27.935,200,0
2014-04-24,20:00:00,28,28,28,28,200,0
2014-04-24,21:00:00,27.96,27.99,27.935,27.965,500,0
2014-04-24,22:00:00,28.09,28.09,27.77,27.82,7027,0
2014-04-25,16:00:00,27.15,27.15,27.15,27.15,518,0
2014-04-25,17:00:00,27.23,27.23,27.23,27.23,300,0
2014-04-25,18:00:00,27.21,27.8,27.2001,27.4,2926,0
2014-04-25,19:00:00,27.27,27.3,27.2501,27.2501,700,0
2014-04-25,20:00:00,27.31,27.31,27.25,27.25,700,0
2014-04-25,21:00:00,27.26,27.26,27,27.07,3000,0
2014-04-25,22:00:00,27.05,27.36,27.02,27.27,2300,0
2014-04-28,16:00:00,28,28,27.78,27.78,1100,0
2014-04-28,17:00:00,28,28,28,28,700,0
2014-04-28,18:00:00,27.99,27.99,27.75,27.7601,700,0
2014-04-28,19:00:00,28.03,28.2,28.03,28.2,700,0
2014-04-28,20:00:00,28.01,28.01,27.99,27.99,1100,0
2014-04-28,21:00:00,27.985,27.985,27.88,27.96,1900,0
2014-04-28,22:00:00,28.18,28.41,28.05,28.41,4622,0
2014-04-29,16:00:00,28.65,28.65,28.65,28.65,3112,0
2014-04-29,18:00:00,28.11,28.11,27.96,27.96,500,0
2014-04-29,19:00:00,28.125,28.24,28.04,28.04,700,0
2014-04-29,20:00:00,27.91,27.91,27.91,27.91,300,0
2014-04-29,21:00:00,28,28,27.99,28,1606,0
2014-04-29,22:00:00,28.21,28.31,28.06,28.31,6990,0
2014-04-30,16:00:00,28.07,28.07,28.07,28.07,1800,0
2014-04-30,17:00:00,28.11,28.39,28.09,28.33,2400,0
2014-04-30,18:00:00,27.91,28.34,27.91,28.29,1804,0
2014-04-30,19:00:00,28.31,28.31,28.2,28.2,1000,0
2014-04-30,20:00:00,28.17,28.32,28.17,28.2,800,0
2014-04-30,21:00:00,27.93,28.32,27.93,27.99,1900,0
2014-04-30,22:00:00,28.21,28.75,28.01,28.74,4000,0
2014-05-01,16:00:00,28.385,28.39,28.09,28.09,1700,0
2014-05-01,17:00:00,28.14,28.48,28.08,28.32,5000,0
2014-05-01,18:00:00,28.2,28.23,28.15,28.19,1902,0
2014-05-01,19:00:00,28.19,28.19,27.92,27.92,800,0
2014-05-01,20:00:00,27.98,28.29,27.98,28.25,1200,0
2014-05-01,21:00:00,28.18,28.18,28.16,28.16,300,0
2014-05-01,22:00:00,28.12,28.24,27.99,28.2,9757,0
2014-05-02,16:00:00,28.27,28.28,28.19,28.21,2000,0
2014-05-02,17:00:00,28.3,28.34,28.19,28.19,1600,0
2014-05-02,18:00:00,28.03,28.21,28.03,28.15,2800,0
2014-05-02,20:00:00,28.2,28.2,28.16,28.16,1286,0
2014-05-02,21:00:00,28.2,28.2,28.03,28.03,800,0
2014-05-02,22:00:00,28.1,28.1375,28,28.02,10945,0
2014-05-05,16:00:00,28,28.26,28,28.26,1400,0
2014-05-05,17:00:00,28.26,28.33,28.26,28.26,700,0
2014-05-05,18:00:00,28.26,28.26,28.09,28.09,2606,0
2014-05-05,19:00:00,28.01,28.1499,28.01,28.07,1205,0
2014-05-05,20:00:00,28.07,28.07,27.92,27.97,4423,0
2014-05-05,21:00:00,27.93,28.075,27.93,28,600,0
2014-05-05,22:00:00,28,28.07,27.87,27.87,4880,0
2014-05-06,16:00:00,28,28.09,27.9,28.09,1400,0
2014-05-06,17:00:00,27.96,28.39,27.9,27.92,1700,0
2014-05-06,18:00:00,27.92,28.115,27.9,27.98,1700,0
2014-05-06,19:00:00,27.975,28.03,27.9,27.97,3199,0
2014-05-06,20:00:00,27.97,28,27.92,27.98,3310,0
2014-05-06,21:00:00,27.98,28.03,27.76,27.76,6109,0
2014-05-06,22:00:00,27.75,28.266,27.75,27.95,11239,0
2014-05-07,16:00:00,27.94,27.94,27.94,27.94,1000,0
2014-05-07,17:00:00,28,28,27.87,27.95,1900,0
2014-05-07,18:00:00,27.905,27.95,27.855,27.94,2300,0
2014-05-07,19:00:00,27.83,27.95,27.82,27.82,1105,0
2014-05-07,20:00:00,27.9,27.95,27.87,27.95,5200,0
2014-05-07,21:00:00,27.95,27.95,27.52,27.52,1400,0
2014-05-07,22:00:00,27.53,27.72,27.53,27.6,7485,0
