Date,Time,Open,High,Low,Close,Volume,OpenInt
2014-02-10,16:00:00,113.673,113.792,112.316,112.356,346109,0
2014-02-10,17:00:00,112.366,112.725,112.276,112.639,407450,0
2014-02-10,18:00:00,112.626,113.027,112.556,112.85,290362,0
2014-02-10,19:00:00,112.835,113.224,112.835,113.114,221770,0
2014-02-10,20:00:00,113.124,113.294,113.074,113.184,207660,0
2014-02-10,21:00:00,113.214,113.548,113.134,113.413,178951,0
2014-02-10,22:00:00,113.413,113.553,113.284,113.543,861421,0
2014-02-11,16:00:00,113.603,113.673,113.194,113.224,133697,0
2014-02-11,17:00:00,113.234,114.201,113.234,113.812,296622,0
2014-02-11,18:00:00,113.812,114.281,113.812,114.122,242946,0
2014-02-11,19:00:00,114.122,114.331,113.972,114.272,250949,0
2014-02-11,20:00:00,114.291,114.63,114.289,114.361,191105,0
2014-02-11,21:00:00,114.371,114.58,114.151,114.546,269313,0
2014-02-11,22:00:00,114.55,114.84,114.491,114.68,1570384,0
2014-02-12,16:00:00,114.88,115.41,114.66,115.31,229559,0
2014-02-12,17:00:00,115.32,115.43,114.39,114.57,364206,0
2014-02-12,18:00:00,114.561,114.87,114.36,114.435,217382,0
2014-02-12,19:00:00,114.42,114.55,114.3,114.417,167126,0
2014-02-12,20:00:00,114.43,115.19,114.43,115.16,201995,0
2014-02-12,21:00:00,115.14,115.16,114.83,114.846,245223,0
2014-02-12,22:00:00,114.859,114.92,114.72,114.81,748652,0
2014-02-13,16:00:00,114.14,114.95,114.14,114.83,231820,0
2014-02-13,17:00:00,114.9,115.72,114.84,115.53,256707,0
2014-02-13,18:00:00,115.53,115.93,115.53,115.68,240669,0
2014-02-13,19:00:00,115.66,115.66,115.42,115.425,201981,0
2014-02-13,20:00:00,115.425,115.79,115.4,115.64,162520,0
2014-02-13,21:00:00,115.64,115.76,115.58,115.73,239098,0
2014-02-13,22:00:00,115.73,115.86,115.57,115.81,578050,0
2014-02-14,16:00:00,115.16,115.79,114.5,115.655,293410,0
2014-02-14,17:00:00,115.71,116.055,115.41,116.011,299232,0
2014-02-14,18:00:00,116.03,116.44,115.94,116.24,207946,0
2014-02-14,19:00:00,116.23,116.24,115.9,116.022,148995,0
2014-02-14,20:00:00,116,116.38,115.99,116.38,143123,0
2014-02-14,21:00:00,116.361,116.49,116.21,116.49,172684,0
2014-02-14,22:00:00,116.46,116.48,116.08,116.1,515715,0
2014-02-18,16:00:00,116.29,116.3,115.27,115.58,245413,0
2014-02-18,17:00:00,115.52,115.645,114.92,115.6,387257,0
2014-02-18,18:00:00,115.61,115.78,115.37,115.38,208196,0
2014-02-18,19:00:00,115.38,115.56,115.17,115.225,177730,0
2014-02-18,20:00:00,115.23,115.37,115.02,115.205,243896,0
2014-02-18,21:00:00,115.2,115.52,115.199,115.43,309990,0
2014-02-18,22:00:00,115.43,115.505,115.25,115.36,1464886,0
2014-02-19,16:00:00,115.11,115.11,114.27,114.48,892831,0
2014-02-19,17:00:00,114.48,115.3,114.37,114.983,314934,0
2014-02-19,18:00:00,114.965,115.15,114.73,114.73,229304,0
2014-02-19,19:00:00,114.72,114.93,114.58,114.76,203795,0
2014-02-19,20:00:00,114.78,114.95,114.666,114.71,165519,0
2014-02-19,21:00:00,114.69,115.07,114.66,115.03,238142,0
2014-02-19,22:00:00,115,115.06,114.68,114.91,570092,0
2014-02-20,16:00:00,114.57,114.89,113.88,114.26,339963,0
2014-02-20,17:00:00,114.15,115.045,113.96,115.04,286480,0
2014-02-20,18:00:00,115.01,115.25,114.99,115.04,230411,0
2014-02-20,19:00:00,115.04,115.55,115.02,115.4,216576,0
2014-02-20,20:00:00,115.38,115.41,114.92,114.97,179404,0
2014-02-20,21:00:00,114.98,115.02,114.69,114.81,242471,0
2014-02-20,22:00:00,114.82,115.27,114.67,115.06,507313,0
2014-02-21,16:00:00,115.4,115.49,114.08,114.22,432811,0
2014-02-21,17:00:00,114.24,114.5,113.76,113.76,489882,0
2014-02-21,18:00:00,113.8,114.067,113.6,113.84,437163,0
2014-02-21,19:00:00,113.845,114.01,113.6,113.696,322740,0
2014-02-21,20:00:00,113.69,113.75,113.05,113.07,328055,0
2014-02-21,21:00:00,113.07,113.31,112.92,113.12,451343,0
2014-02-21,22:00:00,113.11,113.58,113.11,113.19,739327,0
2014-02-24,16:00:00,113.46,114.3,113.2,114.03,383651,0
2014-02-24,17:00:00,114.12,114.33,113.62,113.96,333603,0
2014-02-24,18:00:00,113.97,114.46,113.82,114.42,241909,0
2014-02-24,19:00:00,114.4,114.5,114.36,114.39,230239,0
2014-02-24,20:00:00,114.41,114.53,114.39,114.44,152035,0
2014-02-24,21:00:00,114.445,114.79,114.22,114.77,395602,0
2014-02-24,22:00:00,114.75,114.81,113.92,113.94,1082227,0
2014-02-25,16:00:00,114,114.94,114,114.5,226116,0
2014-02-25,17:00:00,114.44,115.84,114.37,115.83,499556,0
2014-02-25,18:00:00,115.85,115.887,115.5,115.52,320599,0
2014-02-25,19:00:00,115.52,115.61,115.16,115.35,176584,0
2014-02-25,20:00:00,115.35,115.56,115.24,115.39,148446,0
2014-02-25,21:00:00,115.37,115.46,115.15,115.43,316626,0
2014-02-25,22:00:00,115.43,115.48,115.02,115.46,646355,0
2014-02-26,16:00:00,115.5,116.25,115.46,116.18,202284,0
2014-02-26,17:00:00,116.19,116.7,116.16,116.5,418605,0
2014-02-26,18:00:00,116.5,116.83,116.38,116.611,331443,0
2014-02-26,19:00:00,116.58,116.66,116.39,116.62,195958,0
2014-02-26,20:00:00,116.6,116.62,115.84,115.84,282185,0
2014-02-26,21:00:00,115.85,115.93,115.37,115.615,324825,0
2014-02-26,22:00:00,115.62,115.99,115.43,115.88,541574,0
2014-02-27,16:00:00,116.03,116.42,115.71,115.95,151133,0
2014-02-27,17:00:00,115.98,116.17,115.28,115.57,310172,0
2014-02-27,18:00:00,115.63,116.38,115.57,116.18,214297,0
2014-02-27,19:00:00,116.23,116.27,115.75,115.958,110728,0
2014-02-27,20:00:00,115.95,116.07,115.73,116.01,183603,0
2014-02-27,21:00:00,116.03,116.18,115.87,115.97,146560,0
2014-02-27,22:00:00,115.965,116.27,115.87,116.22,754745,0
2014-02-28,16:00:00,116.08,116.57,115.89,116.2,153082,0
2014-02-28,17:00:00,116.3,117.28,116.22,117.28,461012,0
2014-02-28,18:00:00,117.25,117.47,117,117.3,300171,0
2014-02-28,19:00:00,117.3,117.32,117.057,117.195,210462,0
2014-02-28,20:00:00,117.21,117.35,117.09,117.29,193722,0
2014-02-28,21:00:00,117.29,117.35,116.48,116.54,301189,0
2014-02-28,22:00:00,116.52,116.92,115.96,116.8,1040795,0
2014-03-03,16:00:00,116.22,117.07,116.03,116.65,206948,0
2014-03-03,17:00:00,116.72,116.849,115.9,116.15,244984,0
2014-03-03,18:00:00,116.22,116.22,115.35,115.35,270262,0
2014-03-03,19:00:00,115.35,115.7,115.11,115.48,263942,0
2014-03-03,20:00:00,115.51,115.91,115.48,115.82,210049,0
2014-03-03,21:00:00,115.8,116.02,115.575,115.82,180250,0
2014-03-03,22:00:00,115.81,115.81,115.371,115.75,430165,0
2014-03-04,16:00:00,116.61,116.61,115.85,115.99,366791,0
2014-03-04,17:00:00,116.02,116.59,116.01,116.522,405707,0
2014-03-04,18:00:00,116.54,116.64,116.06,116.58,269780,0
2014-03-04,19:00:00,116.58,116.9,116.58,116.89,212647,0
2014-03-04,20:00:00,116.88,116.893,116.39,116.52,195784,0
2014-03-04,21:00:00,116.49,116.71,116.32,116.69,175519,0
2014-03-04,22:00:00,116.68,116.87,116.605,116.65,717434,0
2014-03-05,16:00:00,116.57,116.95,116.21,116.46,258340,0
2014-03-05,17:00:00,116.41,116.44,115.81,116.31,566404,0
2014-03-05,18:00:00,116.29,116.5,116.01,116.27,231130,0
2014-03-05,19:00:00,116.23,116.387,116,116.14,216893,0
2014-03-05,20:00:00,116.11,116.28,116,116.125,290173,0
2014-03-05,21:00:00,116.13,116.53,116.03,116.42,337452,0
2014-03-05,22:00:00,116.42,116.59,116.35,116.47,933960,0
2014-03-06,16:00:00,113,113.5,112.27,112.98,1680948,0
2014-03-06,17:00:00,112.92,113.03,112.43,112.79,2020567,0
2014-03-06,18:00:00,112.79,113.96,112.546,113.06,2143406,0
2014-03-06,19:00:00,113.05,113.86,113.03,113.58,1381470,0
2014-03-06,20:00:00,113.579,114.18,113.543,114.16,1124265,0
2014-03-06,21:00:00,114.18,114.64,113.51,113.53,871826,0
2014-03-06,22:00:00,113.53,113.78,113,113.28,1377875,0
2014-03-07,16:00:00,113.8,114,113.14,113.58,472556,0
2014-03-07,17:00:00,113.56,114.01,113.44,113.5,719532,0
2014-03-07,18:00:00,113.55,113.92,113.23,113.874,421995,0
2014-03-07,19:00:00,113.9,113.99,113.73,113.95,356260,0
2014-03-07,20:00:00,113.99,113.99,113.51,113.62,384158,0
2014-03-07,21:00:00,113.57,113.69,113.36,113.54,334498,0
2014-03-07,22:00:00,113.55,113.61,113.22,113.5,961926,0
2014-03-10,15:00:00,113.21,113.47,113,113.125,233203,0
2014-03-10,16:00:00,113.125,113.72,113.07,113.5,421754,0
2014-03-10,17:00:00,113.5,113.97,113.295,113.82,365375,0
2014-03-10,18:00:00,113.805,113.93,113.65,113.91,255777,0
2014-03-10,19:00:00,113.89,113.99,113.68,113.95,313429,0
2014-03-10,20:00:00,113.93,114.22,113.89,114.176,312245,0
2014-03-10,21:00:00,114.17,114.59,114.13,114.59,783140,0
2014-03-11,15:00:00,114.56,114.75,114.08,114.27,491028,0
2014-03-11,16:00:00,114.257,114.58,113.92,114.5,443587,0
2014-03-11,17:00:00,114.5,114.551,114.16,114.31,323541,0
2014-03-11,18:00:00,114.29,114.425,114.07,114.31,288309,0
2014-03-11,19:00:00,114.34,114.69,114.15,114.665,199389,0
2014-03-11,20:00:00,114.672,114.7,114.39,114.52,273739,0
2014-03-11,21:00:00,114.51,114.72,114.22,114.71,619290,0
2014-03-12,15:00:00,114.39,115.62,114.25,115.24,323623,0
2014-03-12,16:00:00,115.31,115.6,114.74,115.05,409805,0
2014-03-12,17:00:00,115.02,115.38,114.99,115.3,259683,0
2014-03-12,18:00:00,115.3,115.52,115.22,115.38,274491,0
2014-03-12,19:00:00,115.39,115.49,115.26,115.35,229246,0
2014-03-12,20:00:00,115.355,115.62,115.1,115.1,291002,0
2014-03-12,21:00:00,115.09,115.34,115.02,115.12,563318,0
2014-03-13,15:00:00,115.66,115.79,115.15,115.61,562476,0
2014-03-13,16:00:00,115.605,115.64,115.35,115.35,425055,0
2014-03-13,17:00:00,115.36,115.393,115.02,115.17,226436,0
2014-03-13,18:00:00,115.17,115.19,114.53,114.58,425261,0
2014-03-13,19:00:00,114.57,114.59,114.29,114.44,362335,0
2014-03-13,20:00:00,114.44,114.56,114.2,114.325,342753,0
2014-03-13,21:00:00,114.34,114.49,114.19,114.41,895659,0
2014-03-14,15:00:00,114,114.8,113.78,114.78,208262,0
2014-03-14,16:00:00,114.79,114.9,114.4,114.42,345031,0
2014-03-14,17:00:00,114.43,114.48,113.71,114.27,381247,0
2014-03-14,18:00:00,114.31,114.38,113.88,113.95,297983,0
2014-03-14,19:00:00,113.97,114.21,113.81,114.02,229707,0
2014-03-14,20:00:00,114.02,114.02,113.325,113.37,348111,0
2014-03-14,21:00:00,113.375,113.71,113.35,113.45,672193,0
2014-03-17,15:00:00,114.14,114.35,113.47,114.215,325400,0
2014-03-17,16:00:00,114.2,114.46,114,114.03,390692,0
2014-03-17,17:00:00,114.01,114.11,113.66,113.83,225245,0
2014-03-17,18:00:00,113.83,114.1,113.83,113.86,234876,0
2014-03-17,19:00:00,113.88,113.945,113.69,113.79,216414,0
2014-03-17,20:00:00,113.79,113.89,113.49,113.51,409204,0
2014-03-17,21:00:00,113.51,113.63,113.39,113.46,1269763,0
2014-03-18,15:00:00,113.9,114.03,113.38,113.92,195949,0
2014-03-18,16:00:00,113.95,114.12,113.62,113.78,341736,0
2014-03-18,17:00:00,113.79,113.82,113.33,113.33,254340,0
2014-03-18,18:00:00,113.35,113.36,113.1,113.26,278532,0
2014-03-18,19:00:00,113.25,113.35,113.02,113.16,352043,0
2014-03-18,20:00:00,113.16,113.28,113.14,113.27,318385,0
2014-03-18,21:00:00,113.25,113.86,113.19,113.85,896665,0
2014-03-19,15:00:00,113.54,114.06,113.38,113.967,237809,0
2014-03-19,16:00:00,114.02,114.25,113.58,113.58,250903,0
2014-03-19,17:00:00,113.58,113.71,113.58,113.594,156368,0
2014-03-19,18:00:00,113.6,113.65,113.51,113.53,159948,0
2014-03-19,19:00:00,113.55,113.58,113.31,113.43,146723,0
2014-03-19,20:00:00,113.39,113.39,112.94,113.328,378848,0
2014-03-19,21:00:00,113.34,113.41,112.46,112.85,551158,0
2014-03-20,15:00:00,112.8,112.898,112.131,112.349,230583,0
2014-03-20,16:00:00,112.36,112.91,112.19,112.88,301582,0
2014-03-20,17:00:00,112.87,112.98,112.6,112.86,214215,0
2014-03-20,18:00:00,112.9,113.22,112.816,113.01,163678,0
2014-03-20,19:00:00,113.02,113.13,112.82,112.97,177828,0
2014-03-20,20:00:00,112.98,113.14,112.9,113,233693,0
2014-03-20,21:00:00,113,113.18,112.88,113.16,440866,0
2014-03-21,15:00:00,114.41,114.41,113.3,113.65,1029950,0
2014-03-21,16:00:00,113.65,114.09,113.6,114.03,416768,0
2014-03-21,17:00:00,114.05,114.58,113.98,114.39,295298,0
2014-03-21,18:00:00,114.42,114.52,114.1,114.21,232094,0
2014-03-21,19:00:00,114.21,114.37,113.98,114.32,285821,0
2014-03-21,20:00:00,114.31,114.52,114.14,114.335,426992,0
2014-03-21,21:00:00,114.33,114.44,113.81,113.83,1014162,0
2014-03-24,15:00:00,113.99,114,113.6,113.7,227020,0
2014-03-24,16:00:00,113.71,113.71,113.045,113.14,576396,0
2014-03-24,17:00:00,113.13,113.29,113,113.11,389750,0
2014-03-24,18:00:00,113.11,113.15,112.89,113,192298,0
2014-03-24,19:00:00,113.02,113.25,112.94,113.25,301613,0
2014-03-24,20:00:00,113.24,113.3,113.07,113.15,252080,0
2014-03-24,21:00:00,113.15,113.51,113.01,113.37,760496,0
2014-03-25,15:00:00,113.82,114.29,113.792,114.22,392758,0
2014-03-25,16:00:00,114.22,114.46,113.96,114.14,658462,0
2014-03-25,17:00:00,114.1,114.21,113.85,114.07,426267,0
2014-03-25,18:00:00,114.06,114.07,113.81,114,307831,0
2014-03-25,19:00:00,114,114.35,113.97,114.14,268523,0
2014-03-25,20:00:00,114.16,114.24,113.95,114,244674,0
2014-03-25,21:00:00,114.02,114.129,113.85,113.93,607088,0
2014-03-26,15:00:00,114.08,114.47,114.01,114.01,114848,0
2014-03-26,16:00:00,114.01,114.129,113.5,113.55,152115,0
2014-03-26,17:00:00,113.58,113.61,113.04,113.18,216292,0
2014-03-26,18:00:00,113.17,113.36,113.1,113.36,130891,0
2014-03-26,19:00:00,113.37,113.42,112.98,113.04,174011,0
2014-03-26,20:00:00,113.04,113.25,112.9,113.01,197648,0
2014-03-26,21:00:00,113.03,113.08,112.46,112.51,422049,0
2014-03-27,15:00:00,112.33,112.91,112.25,112.37,261720,0
2014-03-27,16:00:00,112.38,112.94,112.27,112.69,300258,0
2014-03-27,17:00:00,112.68,112.78,112.25,112.3,274441,0
2014-03-27,18:00:00,112.31,112.37,111.831,112.19,372288,0
2014-03-27,19:00:00,112.19,112.38,112,112.059,297720,0
2014-03-27,20:00:00,112.05,112.28,111.97,112.03,394251,0
2014-03-27,21:00:00,112.04,112.17,111.82,112.03,1481065,0
2014-03-28,15:00:00,112.25,112.785,112.11,112.53,231969,0
2014-03-28,16:00:00,112.539,112.66,112.35,112.45,355227,0
2014-03-28,17:00:00,112.42,112.47,111.92,112.11,423878,0
2014-03-28,18:00:00,112.12,112.19,111.825,111.906,369664,0
2014-03-28,19:00:00,111.9,112.08,111.86,111.88,252103,0
2014-03-28,20:00:00,111.88,111.97,111.34,111.545,590812,0
2014-03-28,21:00:00,111.56,111.69,111.15,111.66,1682462,0
2014-03-31,16:00:00,111.84,112.25,111.58,112.18,235367,0
2014-03-31,17:00:00,112.16,112.282,112.01,112.12,246517,0
2014-03-31,18:00:00,112.14,112.14,111.73,111.8,252949,0
2014-03-31,19:00:00,111.8,111.95,111.72,111.78,321072,0
2014-03-31,20:00:00,111.76,111.81,111.625,111.66,247266,0
2014-03-31,21:00:00,111.69,111.84,111.656,111.68,228253,0
2014-03-31,22:00:00,111.698,111.72,111.57,111.68,1085193,0
2014-04-01,16:00:00,112.16,112.55,111.51,112.15,364407,0
2014-04-01,17:00:00,112.13,112.48,111.95,112.03,510968,0
2014-04-01,18:00:00,112.02,112.34,111.89,112.3,349509,0
2014-04-01,19:00:00,112.3,112.389,112.1,112.33,249322,0
2014-04-01,20:00:00,112.31,112.51,112.18,112.33,268551,0
2014-04-01,21:00:00,112.33,112.355,111.96,111.98,406244,0
2014-04-01,22:00:00,111.98,112.1,111.84,111.86,896558,0
2014-04-02,16:00:00,111.9,111.99,111.3,111.53,351267,0
2014-04-02,17:00:00,111.53,111.83,111.415,111.61,549753,0
2014-04-02,18:00:00,111.58,111.65,111.38,111.59,416141,0
2014-04-02,19:00:00,111.577,111.65,111.4,111.41,304852,0
2014-04-02,20:00:00,111.4,111.49,111.03,111.05,442864,0
2014-04-02,21:00:00,111.05,111.314,110.94,111.26,694402,0
2014-04-02,22:00:00,111.27,111.685,111.26,111.55,721205,0
2014-04-03,16:00:00,111.74,111.97,111.28,111.86,329443,0
2014-04-03,17:00:00,111.89,111.98,111.36,111.98,460812,0
2014-04-03,18:00:00,111.98,112.15,111.9,112.02,437492,0
2014-04-03,19:00:00,112.02,112.14,111.86,112,258591,0
2014-04-03,20:00:00,111.99,112.06,111.82,111.89,209881,0
2014-04-03,21:00:00,111.884,111.901,111.52,111.659,307650,0
2014-04-03,22:00:00,111.67,111.9,111.62,111.7,781855,0
2014-04-04,16:00:00,111.8,112,111.5,111.52,249610,0
2014-04-04,17:00:00,111.51,111.71,111.29,111.54,541666,0
2014-04-04,18:00:00,111.53,111.575,111.25,111.28,302683,0
2014-04-04,19:00:00,111.28,111.39,111.05,111.105,327717,0
2014-04-04,20:00:00,111.089,111.24,110.89,110.945,273014,0
2014-04-04,21:00:00,110.93,111,110.63,110.775,385988,0
2014-04-04,22:00:00,110.77,110.981,110.65,110.65,1042063,0
2014-04-07,16:00:00,110.73,111.13,110.36,110.71,508808,0
2014-04-07,17:00:00,110.725,110.739,110.4,110.592,607417,0
2014-04-07,18:00:00,110.585,110.86,110.53,110.778,369372,0
2014-04-07,19:00:00,110.76,110.88,110.47,110.85,394691,0
2014-04-07,20:00:00,110.85,110.95,110.683,110.875,340758,0
2014-04-07,21:00:00,110.875,111.08,110.78,110.85,434512,0
2014-04-07,22:00:00,110.86,111.13,110.78,110.79,1103790,0
2014-04-08,16:00:00,110.56,111.32,110.38,111.275,437174,0
2014-04-08,17:00:00,111.305,111.64,111.04,111.61,630724,0
2014-04-08,18:00:00,111.61,112.73,111.61,112.73,898886,0
2014-04-08,19:00:00,112.715,112.73,111.65,112.05,667721,0
2014-04-08,20:00:00,112.06,112.62,111.832,112.585,561325,0
2014-04-08,21:00:00,112.58,112.59,112.28,112.59,467539,0
2014-04-08,22:00:00,112.59,112.74,112.35,112.66,1036239,0
2014-04-09,16:00:00,112.72,112.77,112.11,112.53,252634,0
2014-04-09,17:00:00,112.49,112.64,112.32,112.43,411664,0
2014-04-09,18:00:00,112.43,112.53,112.12,112.47,388710,0
2014-04-09,19:00:00,112.46,112.55,112.19,112.4,246040,0
2014-04-09,20:00:00,112.41,112.7,112.4,112.55,315119,0
2014-04-09,21:00:00,112.56,112.87,112.32,112.77,517115,0
2014-04-09,22:00:00,112.76,113.14,112.65,113.05,982351,0
2014-04-10,16:00:00,114.12,114.438,113.78,113.85,629056,0
2014-04-10,17:00:00,113.8,113.97,113.4,113.53,583002,0
2014-04-10,18:00:00,113.549,113.549,113.17,113.463,461972,0
2014-04-10,19:00:00,113.455,113.66,113.12,113.16,492364,0
2014-04-10,20:00:00,113.17,113.26,112.9,112.945,422996,0
2014-04-10,21:00:00,112.92,112.92,112.22,112.368,445292,0
2014-04-10,22:00:00,112.36,112.43,111.94,112.08,989961,0
2014-04-11,16:00:00,111.44,112.5,111.44,112.219,390556,0
2014-04-11,17:00:00,112.2,112.775,111.7,112.71,518622,0
2014-04-11,18:00:00,112.71,112.75,112.1,112.28,297604,0
2014-04-11,19:00:00,112.262,112.39,111.82,112.097,407304,0
2014-04-11,20:00:00,112.095,112.19,111.98,112.111,394836,0
2014-04-11,21:00:00,112.115,112.345,111.94,112.19,400748,0
2014-04-11,22:00:00,112.19,112.33,111.94,112.08,1007485,0
2014-04-14,16:00:00,112.48,112.61,111.71,112.1,254947,0
2014-04-14,17:00:00,112.056,112.36,111.62,111.93,523888,0
2014-04-14,18:00:00,111.927,111.94,111.53,111.755,355288,0
2014-04-14,19:00:00,111.76,113,111.755,112.74,638764,0
2014-04-14,20:00:00,112.73,112.76,112.36,112.4,305679,0
2014-04-14,21:00:00,112.42,112.73,112.11,112.12,225733,0
2014-04-14,22:00:00,112.099,112.65,111.895,112.56,797939,0
2014-04-15,16:00:00,112.58,112.95,112.11,112.55,176630,0
2014-04-15,17:00:00,112.52,112.63,112.05,112.09,396285,0
2014-04-15,18:00:00,112.09,112.24,111.77,111.9,329468,0
2014-04-15,19:00:00,111.89,111.93,111.54,111.58,270179,0
2014-04-15,20:00:00,111.55,111.97,111.45,111.72,334393,0
2014-04-15,21:00:00,111.73,112.161,111.63,112.01,291913,0
2014-04-15,22:00:00,112.01,112.24,111.93,112.06,629729,0
2014-04-16,16:00:00,112.8,112.95,112.27,112.64,228276,0
2014-04-16,17:00:00,112.665,113.19,112.585,112.97,442032,0
2014-04-16,18:00:00,112.97,113.36,112.85,113.327,239479,0
2014-04-16,19:00:00,113.325,113.43,113.06,113.185,265597,0
2014-04-16,20:00:00,113.19,113.64,113.17,113.26,440562,0
2014-04-16,21:00:00,113.27,113.485,112.98,113.41,489380,0
2014-04-16,22:00:00,113.4,113.53,113.24,113.49,899657,0
2014-04-17,16:00:00,113.52,114.03,113.12,113.42,1336908,0
2014-04-17,17:00:00,113.43,113.67,113.22,113.296,213459,0
2014-04-17,18:00:00,113.31,113.61,113.2,113.54,211710,0
2014-04-17,19:00:00,113.55,113.68,113.348,113.58,185477,0
2014-04-17,20:00:00,113.57,113.76,113.335,113.539,273137,0
2014-04-17,21:00:00,113.51,113.59,113.3,113.38,261827,0
2014-04-17,22:00:00,113.38,113.708,113.35,113.5,331664,0
2014-04-21,16:00:00,113.632,113.86,113.4,113.71,172748,0
2014-04-21,17:00:00,113.74,113.98,113.63,113.96,332948,0
2014-04-21,18:00:00,113.98,114.09,113.9,114,229159,0
2014-04-21,19:00:00,114,114.1,113.92,114.02,167763,0
2014-04-21,20:00:00,113.97,114.08,113.8,113.84,166446,0
2014-04-21,21:00:00,113.86,114.07,113.83,114.068,338419,0
2014-04-21,22:00:00,114.05,114.1,113.9,114.1,454618,0
2014-04-22,16:00:00,114,114.09,113.68,113.96,305165,0
2014-04-22,17:00:00,113.99,114.15,113.6,114.141,391998,0
2014-04-22,18:00:00,114.14,114.23,113.97,114.01,263496,0
2014-04-22,19:00:00,114.02,114.107,113.785,113.855,423302,0
2014-04-22,20:00:00,113.855,114.11,113.76,113.99,606401,0
2014-04-22,21:00:00,113.99,114.04,113.77,113.81,246897,0
2014-04-22,22:00:00,113.815,113.89,113.52,113.56,521940,0
2014-04-23,16:00:00,113.45,114.19,113.33,113.88,146357,0
2014-04-23,17:00:00,113.82,114.5,113.79,114.38,429249,0
2014-04-23,18:00:00,114.35,114.702,114.31,114.59,289248,0
2014-04-23,19:00:00,114.6,114.68,114.36,114.47,180026,0
2014-04-23,20:00:00,114.46,114.57,114.39,114.53,209615,0
2014-04-23,21:00:00,114.53,114.59,114.35,114.54,330781,0
2014-04-23,22:00:00,114.56,114.99,114.49,114.79,852595,0
2014-04-24,16:00:00,114.9,115.15,114.14,114.84,259283,0
2014-04-24,17:00:00,114.73,115.31,114.545,115.23,598214,0
2014-04-24,18:00:00,115.21,115.22,114.9,114.95,277886,0
2014-04-24,19:00:00,114.949,115.01,114.66,115,212185,0
2014-04-24,20:00:00,114.99,115.03,114.66,114.665,187415,0
2014-04-24,21:00:00,114.67,114.94,114.57,114.79,212756,0
2014-04-24,22:00:00,114.8,115.07,114.79,115.03,484498,0
2014-04-25,16:00:00,114.85,114.85,114.2,114.43,207608,0
2014-04-25,17:00:00,114.455,114.795,114.35,114.45,247301,0
2014-04-25,18:00:00,114.41,114.61,114.26,114.46,233596,0
2014-04-25,19:00:00,114.455,114.68,114.32,114.4,168646,0
2014-04-25,20:00:00,114.42,114.76,114.39,114.73,252108,0
2014-04-25,21:00:00,114.73,115.25,114.68,115.23,304221,0
2014-04-25,22:00:00,115.23,115.3,114.92,115.01,1170072,0
2014-04-28,16:00:00,115.11,116.101,115.1,115.84,618611,0
2014-04-28,17:00:00,115.87,116.61,115.83,116.46,530910,0
2014-04-28,18:00:00,116.45,116.46,115.94,116.1,392284,0
2014-04-28,19:00:00,116.07,116.1,115.87,115.93,272424,0
2014-04-28,20:00:00,115.93,115.95,115.228,115.33,481602,0
2014-04-28,21:00:00,115.32,115.73,115.15,115.51,476579,0
2014-04-28,22:00:00,115.51,115.99,115.51,115.59,931890,0
2014-04-29,16:00:00,115.38,115.87,115.16,115.61,306006,0
2014-04-29,17:00:00,115.64,115.91,115.21,115.77,317981,0
2014-04-29,18:00:00,115.81,115.95,115.47,115.58,174169,0
2014-04-29,19:00:00,115.56,115.74,115.35,115.66,198404,0
2014-04-29,20:00:00,115.66,115.77,115.43,115.76,171219,0
2014-04-29,21:00:00,115.77,115.77,115.551,115.695,156173,0
2014-04-29,22:00:00,115.69,115.75,115.35,115.39,827932,0
2014-04-30,16:00:00,115.04,115.67,114.76,115.29,229188,0
2014-04-30,17:00:00,115.3,115.44,115.06,115.12,263525,0
2014-04-30,18:00:00,115.18,115.32,115.02,115.25,172955,0
2014-04-30,19:00:00,115.25,115.6,115.25,115.58,205349,0
2014-04-30,20:00:00,115.562,115.74,115.43,115.43,129041,0
2014-04-30,21:00:00,115.44,115.635,115.18,115.45,261892,0
2014-04-30,22:00:00,115.431,115.755,115.16,115.68,542677,0
2014-05-01,16:00:00,115.68,116,115.17,115.47,191748,0
2014-05-01,17:00:00,115.47,115.58,114.94,115.02,291473,0
2014-05-01,18:00:00,115.03,115.5,115.03,115.39,190245,0
2014-05-01,19:00:00,115.37,115.71,115.36,115.54,203391,0
2014-05-01,20:00:00,115.53,115.72,115.37,115.43,159543,0
2014-05-01,21:00:00,115.42,115.69,115.22,115.29,209537,0
2014-05-01,22:00:00,115.298,115.57,115.298,115.56,678588,0
2014-05-02,16:00:00,116.14,116.14,115.48,115.76,138357,0
2014-05-02,17:00:00,115.68,115.93,115.57,115.608,313746,0
2014-05-02,18:00:00,115.605,116.032,115.55,116,257312,0
2014-05-02,19:00:00,116,116.03,115.79,115.925,159652,0
2014-05-02,20:00:00,115.94,116.07,115.51,115.52,153396,0
2014-05-02,21:00:00,115.52,115.52,115.15,115.21,263916,0
2014-05-02,22:00:00,115.21,115.43,115.06,115.15,645248,0
2014-05-05,16:00:00,114.98,114.99,113.93,114.49,258090,0
2014-05-05,17:00:00,114.46,114.99,114.39,114.74,323828,0
2014-05-05,18:00:00,114.71,114.93,114.65,114.77,157421,0
2014-05-05,19:00:00,114.77,114.81,114.43,114.48,143078,0
2014-05-05,20:00:00,114.47,114.59,114.3,114.32,164546,0
2014-05-05,21:00:00,114.34,114.66,114.25,114.55,272199,0
2014-05-05,22:00:00,114.56,114.61,114.39,114.49,557288,0
2014-05-06,16:00:00,114.28,114.49,114.01,114.05,139099,0
2014-05-06,17:00:00,114.09,114.14,113.81,113.815,301403,0
2014-05-06,18:00:00,113.81,113.93,113.72,113.74,242330,0
2014-05-06,19:00:00,113.74,113.79,113.47,113.5,177168,0
2014-05-06,20:00:00,113.5,113.52,113.101,113.2,276102,0
2014-05-06,21:00:00,113.19,113.23,112.98,112.98,282294,0
2014-05-06,22:00:00,112.988,113.045,112.77,112.83,889094,0
2014-05-07,16:00:00,112.83,113.086,112.23,112.56,400312,0
2014-05-07,17:00:00,112.57,112.66,111.61,112.29,693080,0
2014-05-07,18:00:00,112.26,112.53,112.11,112.32,297218,0
2014-05-07,19:00:00,112.31,112.54,112.25,112.34,218792,0
2014-05-07,20:00:00,112.34,112.49,112.11,112.11,304433,0
2014-05-07,21:00:00,112.1,112.3,111.995,112.083,448463,0
2014-05-07,22:00:00,112.09,112.11,111.79,111.98,1300729,0
