Date,Time,Open,High,Low,Close,Volume,OpenInt
2014-02-10,16:00:00,69.78,69.78,69.06,69.06,12611,0
2014-02-10,17:00:00,69.01,69.512,68.39,69.12,118453,0
2014-02-10,18:00:00,68.84,68.84,68.84,68.84,1500,0
2014-02-10,19:00:00,69.15,69.16,69.14,69.16,2600,0
2014-02-10,20:00:00,69.2335,69.358,69.0772,69.2245,1500,0
2014-02-10,21:00:00,69.226,69.226,69.2208,69.2208,500,0
2014-02-10,22:00:00,69.23,69.402,69.01,69.19,3640,0
2014-02-11,16:00:00,68.35,68.35,67.84,68,7826,0
2014-02-11,17:00:00,68.0395,68.04,66.42,66.9,11447,0
2014-02-11,18:00:00,66.82,67.2245,66.2236,66.5408,7900,0
2014-02-11,19:00:00,66.9599,66.9599,66.4105,66.4105,1494,0
2014-02-11,20:00:00,66.6855,66.984,66.54,66.691,3105,0
2014-02-11,21:00:00,66.81,66.8848,66.4465,66.4695,5350,0
2014-02-11,22:00:00,66.46,66.666,66.431,66.603,4240,0
2014-02-12,16:00:00,66.96,67,66.45,66.69,6311,0
2014-02-12,17:00:00,66.7,66.7,65.95,66.17,4047,0
2014-02-12,18:00:00,66.2,66.2945,66.18,66.18,1900,0
2014-02-12,19:00:00,66.2199,66.2199,65.9,65.99,1480,0
2014-02-12,20:00:00,66.02,66.133,65.9,66.133,1350,0
2014-02-12,21:00:00,66.0016,66.5,66.0016,66.5,2629,0
2014-02-12,22:00:00,66.603,66.7385,66.593,66.699,2066,0
2014-02-13,16:00:00,66.24,66.24,65.7401,65.9268,3933,0
2014-02-13,17:00:00,65.69,65.6999,65.467,65.64,1175,0
2014-02-13,18:00:00,65.6235,65.6235,65.04,65.46,4900,0
2014-02-13,19:00:00,65.3124,65.7275,65.3124,65.529,1252,0
2014-02-13,20:00:00,65.11,65.123,64.62,64.98,4638,0
2014-02-13,21:00:00,64.947,65.39,64.947,65.39,6060,0
2014-02-13,22:00:00,64.84,64.97,64.84,64.97,700,0
2014-02-14,16:00:00,62.57,62.57,62.131,62.131,13007,0
2014-02-14,17:00:00,62.0734,62.73,62.06,62.73,21436,0
2014-02-14,18:00:00,62.85,62.85,62.47,62.578,11450,0
2014-02-14,19:00:00,62.52,62.8,62.27,62.32,2954,0
2014-02-14,20:00:00,62.35,62.35,62.2515,62.31,3055,0
2014-02-14,21:00:00,62.37,62.37,62.23,62.23,2525,0
2014-02-14,22:00:00,62.1,62.4,62.1,62.31,4800,0
2014-02-18,16:00:00,62.19,62.19,62.0865,62.0865,6220,0
2014-02-18,17:00:00,61.81,61.9,61.69,61.7888,4950,0
2014-02-18,18:00:00,61.939,61.951,61.75,61.75,1300,0
2014-02-18,19:00:00,61.9,61.9,61.75,61.75,800,0
2014-02-18,20:00:00,61.62,61.62,61.5201,61.5739,771,0
2014-02-18,21:00:00,61.6357,61.79,61.54,61.54,2913,0
2014-02-18,22:00:00,61.64,61.899,61.6235,61.88,5676,0
2014-02-19,16:00:00,62.05,62.06,61.9,61.9,1300,0
2014-02-19,17:00:00,62.01,62.13,61.98,61.999,3070,0
2014-02-19,18:00:00,62.12,62.4099,62.1035,62.375,2300,0
2014-02-19,19:00:00,62.25,62.413,62.2,62.21,4050,0
2014-02-19,20:00:00,62.37,62.37,62.1,62.1,1700,0
2014-02-19,21:00:00,62.16,62.87,62.16,62.79,3830,0
2014-02-19,22:00:00,62.91,63.623,62.9,63.5544,6056,0
2014-02-20,16:00:00,62.92,63.329,62.92,63.16,7256,0
2014-02-20,17:00:00,62.92,63.02,62.65,62.98,12725,0
2014-02-20,18:00:00,62.902,63.148,62.8,62.8,2425,0
2014-02-20,19:00:00,62.97,62.97,62.6,62.7115,4570,0
2014-02-20,20:00:00,62.634,62.67,62.56,62.56,1400,0
2014-02-20,21:00:00,62.5,62.6699,61.8114,61.8114,11205,0
2014-02-20,22:00:00,61.66,61.71,61.56,61.71,3910,0
2014-02-21,16:00:00,61.6368,61.8,61.6368,61.8,585,0
2014-02-21,17:00:00,61.6,61.91,61.575,61.78,2320,0
2014-02-21,18:00:00,62.24,62.264,62.06,62.146,2450,0
2014-02-21,19:00:00,62.04,62.0542,61.96,61.96,1425,0
2014-02-21,20:00:00,61.5228,61.5228,61.22,61.2525,800,0
2014-02-21,21:00:00,61.3,61.48,61.12,61.48,1500,0
2014-02-21,22:00:00,61.336,61.53,61.336,61.5116,3690,0
2014-02-24,16:00:00,60.277,60.6999,60.13,60.6999,4204,0
2014-02-24,17:00:00,60.188,60.188,59.7,59.7,8788,0
2014-02-24,18:00:00,59.6,59.81,59.5,59.81,6700,0
2014-02-24,19:00:00,59.5835,59.8246,59.5835,59.8246,600,0
2014-02-24,20:00:00,59.6,59.6,59.6,59.6,300,0
2014-02-24,21:00:00,59.6,59.6,59.6,59.6,700,0
2014-02-24,22:00:00,59.781,59.8001,59.73,59.73,1660,0
2014-02-25,16:00:00,60,60,59.6,59.61,2840,0
2014-02-25,17:00:00,59.6,59.6,59.3,59.46,4060,0
2014-02-25,18:00:00,59.2,59.2,59,59,5563,0
2014-02-25,19:00:00,59.0101,59.08,58.9999,59,4470,0
2014-02-25,20:00:00,59,59.059,58.95,59.059,2000,0
2014-02-25,21:00:00,59.038,59.05,58.9,58.9599,4490,0
2014-02-25,22:00:00,58.96,59.45,58.96,59.45,2340,0
2014-02-26,16:00:00,60.19,60.49,60.15,60.2225,3645,0
2014-02-26,17:00:00,60.42,61.419,60.351,61.36,8025,0
2014-02-26,18:00:00,61.446,61.446,61.1632,61.2,2950,0
2014-02-26,19:00:00,61.2,61.4394,61,61,2960,0
2014-02-26,20:00:00,60.75,61.1,60.75,60.7725,3375,0
2014-02-26,21:00:00,60.949,61.0099,60.8401,61.0099,1150,0
2014-02-26,22:00:00,60.9108,61,60.81,60.9118,5050,0
2014-02-27,16:00:00,60.57,60.57,60.4771,60.4771,300,0
2014-02-27,17:00:00,60.4,60.4,59.93,60.26,16100,0
2014-02-27,19:00:00,60.1,60.249,60.1,60.249,800,0
2014-02-27,20:00:00,60.31,60.53,60.31,60.53,3300,0
2014-02-27,21:00:00,60.95,61.2199,60.88,60.88,33668,0
2014-02-27,22:00:00,60.84,60.84,60.63,60.63,1400,0
2014-02-28,16:00:00,60.5545,60.75,60.5545,60.75,2200,0
2014-02-28,17:00:00,61.1086,61.6199,60.92,61.42,8368,0
2014-02-28,18:00:00,61.19,61.38,61.19,61.2835,8400,0
2014-02-28,19:00:00,61.3,61.656,61.3,61.656,1275,0
2014-02-28,20:00:00,61.65,62.04,61.64,61.877,4000,0
2014-02-28,21:00:00,61.87,62.1471,61.3704,61.3704,1400,0
2014-02-28,22:00:00,61.193,61.51,60.79,61.23,25028,0
2014-03-03,16:00:00,57.87,58.17,57.7,57.7,15246,0
2014-03-03,17:00:00,57.78,57.858,57.28,57.3425,17230,0
2014-03-03,18:00:00,57.39,57.39,57.071,57.071,4047,0
2014-03-03,19:00:00,57.2776,57.6,57.1421,57.6,8500,0
2014-03-03,20:00:00,58,58,57.595,57.88,1150,0
2014-03-03,21:00:00,57.635,57.6718,57.53,57.6718,7000,0
2014-03-03,22:00:00,57.751,57.751,57.44,57.566,5133,0
2014-03-04,16:00:00,59.657,60.163,59.51,59.51,15900,0
2014-03-04,17:00:00,59.82,59.899,59.16,59.415,4808,0
2014-03-04,18:00:00,59.399,59.51,59.08,59.08,4100,0
2014-03-04,19:00:00,59.5035,59.6205,59.3052,59.3052,2700,0
2014-03-04,20:00:00,59.51,59.51,58.77,58.92,22893,0
2014-03-04,21:00:00,59.1745,59.1745,59.1745,59.1745,400,0
2014-03-04,22:00:00,59.4845,59.75,59.4845,59.75,2500,0
2014-03-05,16:00:00,59.5,59.7,59.5,59.7,600,0
2014-03-05,17:00:00,59.386,59.386,59.36,59.36,1100,0
2014-03-05,18:00:00,59.2755,59.2755,59,59,1700,0
2014-03-05,19:00:00,59,59,58.9,58.9,2550,0
2014-03-05,20:00:00,58.9,58.9555,58.8509,58.94,950,0
2014-03-05,21:00:00,59.1745,59.2,59.15,59.1723,1914,0
2014-03-05,22:00:00,59.25,59.73,59.25,59.73,1000,0
2014-03-06,16:00:00,58.2,58.5955,58.2,58.5955,6725,0
2014-03-06,17:00:00,58.36,58.4,58.1,58.31,14261,0
2014-03-06,18:00:00,58.46,58.46,57.8,57.8,7900,0
2014-03-06,19:00:00,57.845,57.845,57.39,57.811,4280,0
2014-03-06,20:00:00,57.85,57.85,57.85,57.85,200,0
2014-03-06,21:00:00,57.47,57.5607,57.47,57.5607,700,0
2014-03-06,22:00:00,57.55,57.6536,57.4,57.6536,2676,0
2014-03-07,16:00:00,59.85,60.06,59.518,60.06,10850,0
2014-03-07,17:00:00,59.66,59.75,59.5591,59.69,2235,0
2014-03-07,18:00:00,59.54,59.55,59.058,59.1,1700,0
2014-03-07,19:00:00,59.34,59.36,59.34,59.36,200,0
2014-03-07,20:00:00,59.42,59.42,59.15,59.15,900,0
2014-03-07,21:00:00,59.1115,59.202,59.035,59.135,700,0
2014-03-07,22:00:00,59.1415,59.1415,58.91,59,1836,0
2014-03-10,15:00:00,59.118,59.3199,59.08,59.08,3170,0
2014-03-10,16:00:00,59.16,59.16,58.13,58.528,10165,0
2014-03-10,17:00:00,58.67,58.75,58.67,58.75,500,0
2014-03-10,18:00:00,58.67,58.67,58.67,58.67,1200,0
2014-03-10,19:00:00,58.95,58.95,58.95,58.95,145,0
2014-03-10,20:00:00,58.9875,59.19,58.9501,59.19,2125,0
2014-03-10,21:00:00,59.04,59.04,58.9086,59.03,900,0
2014-03-11,15:00:00,57.812,58.0373,57.7,57.7,3166,0
2014-03-11,16:00:00,57.9575,58.2225,57.9575,58.2225,783,0
2014-03-11,17:00:00,58.214,58.98,58.1423,58.98,1825,0
2014-03-11,18:00:00,58.664,58.689,58.2829,58.2829,9425,0
2014-03-11,19:00:00,58.261,58.261,57.9,57.94,3020,0
2014-03-11,20:00:00,57.9,58.03,57.8001,57.8475,1320,0
2014-03-11,21:00:00,57.9725,58.21,57.9725,58.21,850,0
2014-03-12,15:00:00,55.59,55.89,55.1981,55.577,8040,0
2014-03-12,16:00:00,55.63,55.8236,55.53,55.53,9870,0
2014-03-12,17:00:00,55.73,55.9199,55.65,55.678,2040,0
2014-03-12,18:00:00,55.65,55.65,55,55.3589,8605,0
2014-03-12,19:00:00,55.3,55.3,55,55,1876,0
2014-03-12,20:00:00,55.6676,55.6676,55.3745,55.3745,1150,0
2014-03-12,21:00:00,55.38,55.475,55.228,55.4045,2230,0
2014-03-13,15:00:00,55.5425,55.75,55.4496,55.47,3150,0
2014-03-13,16:00:00,55.25,55.38,55.25,55.37,2500,0
2014-03-13,17:00:00,55.3125,55.3625,55.021,55.087,8030,0
2014-03-13,18:00:00,55,55,54.55,54.56,3295,0
2014-03-13,19:00:00,54.9025,54.9025,54.7472,54.7716,400,0
2014-03-13,20:00:00,54.7476,54.8725,54.71,54.71,1300,0
2014-03-13,21:00:00,54.58,54.91,54.58,54.91,1579,0
2014-03-14,15:00:00,53.09,53.58,53.09,53.3201,3463,0
2014-03-14,16:00:00,53.3301,53.3526,53.11,53.208,1900,0
2014-03-14,17:00:00,53.359,54.38,53.31,54.38,2655,0
2014-03-14,18:00:00,54.314,54.321,54.251,54.321,500,0
2014-03-14,19:00:00,54.24,54.24,54.05,54.07,14832,0
2014-03-14,20:00:00,54.1,54.42,54,54,10710,0
2014-03-14,21:00:00,53.63,53.64,53.6,53.614,3200,0
2014-03-17,15:00:00,53.93,54.284,53.93,54.16,3030,0
2014-03-17,16:00:00,54.1,54.1,53.9,53.9,1100,0
2014-03-17,17:00:00,53.89,54.2,53.89,54.2,2240,0
2014-03-17,18:00:00,54.74,54.85,54.74,54.85,2275,0
2014-03-17,20:00:00,54.86,55.67,54.86,55.67,850,0
2014-03-17,21:00:00,55.4055,55.699,55.4055,55.511,5110,0
2014-03-18,15:00:00,57,57.07,56.8,56.8,6262,0
2014-03-18,16:00:00,56.561,56.989,56.561,56.7225,1500,0
2014-03-18,17:00:00,56.6825,56.7599,56.31,56.7599,3920,0
2014-03-18,18:00:00,56.3,56.3,55.8904,55.9001,1200,0
2014-03-18,19:00:00,56.4125,56.4125,56.39,56.39,800,0
2014-03-18,21:00:00,56.4,56.921,56.4,56.73,3925,0
2014-03-19,15:00:00,58.03,58.1794,58.01,58.11,5637,0
2014-03-19,16:00:00,58.3595,58.99,58.3595,58.7,6900,0
2014-03-19,17:00:00,58.65,59.01,58.54,58.54,4875,0
2014-03-19,18:00:00,58.6805,58.86,58.4,58.7,1310,0
2014-03-19,19:00:00,58.46,58.46,58.46,58.46,400,0
2014-03-19,20:00:00,59.5,59.92,59.3,59.92,6108,0
2014-03-19,21:00:00,60.0176,60.319,59.34,60.22,8836,0
2014-03-20,15:00:00,60.61,60.7789,60.4885,60.4885,29584,0
2014-03-20,16:00:00,60.124,60.598,60.124,60.44,11400,0
2014-03-20,17:00:00,60.2325,60.2325,59.8774,59.8774,2600,0
2014-03-20,18:00:00,59.88,60.05,59.8245,59.8245,1480,0
2014-03-20,20:00:00,59.8825,59.8925,59.8825,59.8925,700,0
2014-03-20,21:00:00,60,60.2115,60,60.2115,5600,0
2014-03-21,15:00:00,58.8,58.9,58.655,58.89,8485,0
2014-03-21,16:00:00,58.9601,59.35,58.801,59.1108,14410,0
2014-03-21,17:00:00,59.219,59.2799,59.077,59.1624,8690,0
2014-03-21,18:00:00,59.2,59.42,59.2,59.42,7000,0
2014-03-21,19:00:00,59.283,59.37,59.19,59.19,19785,0
2014-03-21,20:00:00,59.228,59.34,59.1312,59.155,2400,0
2014-03-21,21:00:00,59.178,59.3844,58.9501,59.37,4665,0
2014-03-24,15:00:00,61.68,61.68,61.32,61.551,3855,0
2014-03-24,16:00:00,61.63,62.3,61.59,62.25,4700,0
2014-03-24,17:00:00,62.47,62.869,62.14,62.401,13660,0
2014-03-24,18:00:00,62.4331,62.5731,62.321,62.5,3894,0
2014-03-24,19:00:00,62.5126,62.77,62.5,62.5053,4175,0
2014-03-24,20:00:00,62.45,62.839,62.45,62.839,4413,0
2014-03-24,21:00:00,62.769,62.769,62.5704,62.6001,3100,0
2014-03-25,15:00:00,62.46,62.46,61.801,61.801,2200,0
2014-03-25,16:00:00,61.99,62.0899,61.71,61.801,4579,0
2014-03-25,17:00:00,62.0836,62.4799,61.8901,62.3,5060,0
2014-03-25,18:00:00,62.5036,62.5036,62.2164,62.4,2400,0
2014-03-25,19:00:00,62.5436,62.5436,62.5436,62.5436,300,0
2014-03-25,20:00:00,62.6299,62.6299,62.4399,62.45,1500,0
2014-03-25,21:00:00,62.361,62.4689,62.361,62.44,701,0
2014-03-26,15:00:00,62.6291,62.8399,62.3375,62.525,1552,0
2014-03-26,16:00:00,62.65,63.95,62.4375,63.59,5852,0
2014-03-26,17:00:00,63.86,63.86,63.25,63.66,5878,0
2014-03-26,18:00:00,63.6699,64.0099,63.49,63.8,3315,0
2014-03-26,19:00:00,63.9399,63.9399,61.5,63.57,2184,0
2014-03-26,20:00:00,63.47,63.8925,63.47,63.75,2776,0
2014-03-26,21:00:00,63.7125,64.19,63.7125,64.07,16053,0
2014-03-27,15:00:00,64.4,64.45,64.2,64.23,8600,0
2014-03-27,16:00:00,64.22,64.7207,64.0601,64.522,5814,0
2014-03-27,17:00:00,64.776,64.776,64.472,64.58,2126,0
2014-03-27,18:00:00,64.59,65.09,64.541,65.09,3100,0
2014-03-27,19:00:00,64.9875,65.22,64.8375,65.22,5000,0
2014-03-27,20:00:00,65.48,65.48,65.48,65.48,500,0
2014-03-27,21:00:00,65.49,65.49,65,65.11,4770,0
2014-03-28,15:00:00,65.78,65.95,65.3,65.3,5179,0
2014-03-28,16:00:00,65.11,65.131,64.4942,64.7708,8012,0
2014-03-28,17:00:00,64.7,65.439,64.7,65.439,9225,0
2014-03-28,18:00:00,65.568,65.568,65,65,2200,0
2014-03-28,19:00:00,65.042,65.1701,65.042,65.17,775,0
2014-03-28,21:00:00,65.05,65.14,65.05,65.12,5246,0
2014-03-31,16:00:00,65.34,65.66,65.34,65.66,2650,0
2014-03-31,17:00:00,65.124,65.3299,64.81,65.3,9826,0
2014-03-31,18:00:00,65.9699,66.1299,65.4855,65.87,6948,0
2014-03-31,19:00:00,65.72,66.1599,65.72,66,5074,0
2014-03-31,20:00:00,66.458,66.6,66.281,66.59,2833,0
2014-03-31,21:00:00,66.8099,66.8099,66.5805,66.5805,900,0
2014-03-31,22:00:00,66.63,66.64,66.45,66.45,1700,0
2014-04-01,16:00:00,66.5475,66.5475,66.25,66.5,8420,0
2014-04-01,17:00:00,66.45,67.042,66.2724,66.98,11860,0
2014-04-01,18:00:00,67.0596,67.1,66.88,67,4900,0
2014-04-01,19:00:00,67.0325,67.1525,67.0325,67.1525,1500,0
2014-04-01,20:00:00,67.0825,67.4425,67.0225,67.08,4688,0
2014-04-01,21:00:00,67.2,67.4479,67.2,67.408,3100,0
2014-04-01,22:00:00,67.3,67.35,67.0749,67.2,3850,0
2014-04-02,16:00:00,65.29,65.3387,64.82,64.95,6891,0
2014-04-02,17:00:00,65.276,65.276,65.0508,65.091,2470,0
2014-04-02,18:00:00,65.0039,65.3725,64.9,65.3025,2600,0
2014-04-02,19:00:00,65.4325,65.46,65.4325,65.46,400,0
2014-04-02,20:00:00,65.6,65.6,65.37,65.59,2500,0
2014-04-02,21:00:00,65.5798,65.5875,65.399,65.5075,1050,0
2014-04-02,22:00:00,65.543,65.64,65.543,65.6359,1800,0
2014-04-03,16:00:00,66.23,66.23,65.9531,65.9531,7000,0
2014-04-03,17:00:00,66.5322,66.59,66.2025,66.2025,2575,0
2014-04-03,18:00:00,66.1,66.1,65.84,65.84,3332,0
2014-04-03,19:00:00,65.8601,66.11,65.8601,66.11,1200,0
2014-04-03,20:00:00,66.07,66.5325,66.07,66.5325,8200,0
2014-04-03,21:00:00,66.3125,66.3125,66.3125,66.3125,200,0
2014-04-03,22:00:00,66.08,66.0801,65.8835,65.8835,5944,0
2014-04-04,16:00:00,63.94,64.392,63.94,64.26,4466,0
2014-04-04,17:00:00,64.3675,64.3675,63.98,64,4206,0
2014-04-04,18:00:00,63.2182,63.34,63.0801,63.28,4870,0
2014-04-04,19:00:00,63,63.12,62.98,63.12,1190,0
2014-04-04,20:00:00,61.05,63.44,61.05,63.44,636,0
2014-04-04,21:00:00,63.789,63.81,63.671,63.81,2000,0
2014-04-04,22:00:00,63.544,63.544,63.49,63.49,3130,0
2014-04-07,16:00:00,64.1799,64.18,64.02,64.06,2540,0
2014-04-07,17:00:00,64.055,64.055,63.86,63.86,1100,0
2014-04-07,18:00:00,63.77,64.59,63.77,64.2525,1400,0
2014-04-07,19:00:00,64.5425,64.5625,64.08,64.36,3207,0
2014-04-07,20:00:00,64.38,64.38,64.26,64.26,900,0
2014-04-07,21:00:00,64.2,64.23,64.2,64.23,500,0
2014-04-07,22:00:00,64.4575,64.49,64.2701,64.49,975,0
2014-04-08,16:00:00,62.33,62.74,62.32,62.4775,2824,0
2014-04-08,17:00:00,62.55,62.77,62.511,62.6,3800,0
2014-04-08,18:00:00,62.69,62.8475,62.54,62.8475,3250,0
2014-04-08,19:00:00,62.57,62.6,62.33,62.5375,6300,0
2014-04-08,20:00:00,62.4475,62.6525,62.4475,62.5,3720,0
2014-04-08,21:00:00,62.44,62.63,62.44,62.63,5706,0
2014-04-08,22:00:00,62.6575,62.8299,62.384,62.8299,4473,0
2014-04-09,16:00:00,63.81,63.81,63.441,63.441,2130,0
2014-04-09,17:00:00,63.7303,63.7303,62.89,62.89,4000,0
2014-04-09,18:00:00,63.17,63.17,63.17,63.17,200,0
2014-04-09,19:00:00,63.1603,63.2903,63.1603,63.2903,200,0
2014-04-09,20:00:00,63.06,63.32,63.06,63.32,1300,0
2014-04-09,21:00:00,62.29,62.29,61.69,62.28,1414,0
2014-04-09,22:00:00,62.75,62.75,62.4,62.42,2928,0
2014-04-10,16:00:00,61.12,61.25,60.811,60.811,1618,0
2014-04-10,17:00:00,60.9101,61.0103,60.88,60.88,3750,0
2014-04-10,18:00:00,60.84,60.99,60.75,60.95,3928,0
2014-04-10,19:00:00,61,61.3299,61,61.18,3625,0
2014-04-10,20:00:00,61.0421,61.2803,60.8701,60.9701,1360,0
2014-04-10,21:00:00,60.91,60.91,60.91,60.91,400,0
2014-04-10,22:00:00,60.975,61.33,60.96,61.26,7580,0
2014-04-11,16:00:00,61.13,61.25,60.8101,60.8101,1700,0
2014-04-11,17:00:00,61.1,61.5503,61.06,61.5503,7449,0
2014-04-11,18:00:00,61.5203,61.5203,60.9801,60.9801,850,0
2014-04-11,19:00:00,61.2599,61.2599,61.2599,61.2599,200,0
2014-04-11,20:00:00,60.86,61.12,60.7701,61.12,400,0
2014-04-11,21:00:00,61.15,61.2603,61.0766,61.08,6650,0
2014-04-11,22:00:00,61.11,61.3699,61.045,61.3699,14315,0
2014-04-14,16:00:00,60.14,60.2,60,60.1414,1840,0
2014-04-14,17:00:00,60.04,60.3299,59.4901,59.5,6286,0
2014-04-14,18:00:00,59.581,60,59.581,59.97,15815,0
2014-04-14,19:00:00,60.21,60.21,60.21,60.21,100,0
2014-04-14,20:00:00,59.97,59.97,59.97,59.97,600,0
2014-04-14,22:00:00,60.0086,60.2414,60.0086,60.2414,750,0
2014-04-15,16:00:00,64.28,64.63,64.28,64.63,3788,0
2014-04-15,17:00:00,64.3214,64.3214,63.3258,63.3258,2900,0
2014-04-15,18:00:00,63.2525,63.619,63.2414,63.2414,1500,0
2014-04-15,19:00:00,63.23,63.3,63.1843,63.3,1500,0
2014-04-15,20:00:00,63.191,63.66,63.191,63.66,2200,0
2014-04-15,21:00:00,63.1661,63.4,63.1661,63.4,1818,0
2014-04-15,22:00:00,63.1586,63.25,63.13,63.25,3260,0
2014-04-16,16:00:00,63.25,63.5586,63.21,63.5586,1960,0
2014-04-16,17:00:00,63.6531,63.79,63.6,63.6,800,0
2014-04-16,18:00:00,63.7514,63.7514,63.412,63.55,1900,0
2014-04-16,19:00:00,63.55,63.55,63.5056,63.51,500,0
2014-04-16,21:00:00,63.32,63.32,63.32,63.32,200,0
2014-04-16,22:00:00,63.27,63.3814,63.25,63.3814,1100,0
2014-04-17,16:00:00,63.72,63.72,63.4,63.51,3500,0
2014-04-17,17:00:00,63.6586,63.88,63.5686,63.759,2290,0
2014-04-17,18:00:00,63.8799,63.889,63.4301,63.5786,1075,0
2014-04-17,19:00:00,63.72,64.1586,63.72,64.1586,1850,0
2014-04-17,20:00:00,64.3234,64.5,64.29,64.2918,1375,0
2014-04-17,21:00:00,64.4,64.408,64.3371,64.3371,3250,0
2014-04-17,22:00:00,64.29,64.46,64.29,64.46,2330,0
2014-04-21,16:00:00,65.37,65.59,65.2084,65.59,6268,0
2014-04-21,17:00:00,65.6396,65.69,65.55,65.69,2730,0
2014-04-21,18:00:00,65.4111,65.57,65.4111,65.57,400,0
2014-04-21,19:00:00,65.9,65.9,65.62,65.62,300,0
2014-04-21,20:00:00,65.69,65.69,65.3,65.3,1300,0
2014-04-21,21:00:00,65.131,65.131,65.131,65.131,600,0
2014-04-21,22:00:00,65.3,65.3,65.2396,65.2396,8541,0
2014-04-22,16:00:00,65.42,65.56,65.28,65.42,2250,0
2014-04-22,17:00:00,65.69,66.52,65.69,66.27,2200,0
2014-04-22,18:00:00,66.28,67.57,66.28,66.4495,4833,0
2014-04-22,19:00:00,66.6166,66.6166,66.25,66.25,512,0
2014-04-22,20:00:00,66.7799,66.7799,66.7799,66.7799,200,0
2014-04-22,21:00:00,66.4,66.4,66.09,66.3896,1700,0
2014-04-22,22:00:00,66.01,66.01,65.7501,65.791,2170,0
2014-04-23,16:00:00,65.9101,66.18,65.9101,66.18,1200,0
2014-04-23,17:00:00,66.0699,66.54,65.8499,66.42,4633,0
2014-04-23,18:00:00,66.0901,66.0901,65.84,66.001,1860,0
2014-04-23,19:00:00,66.0331,66.0331,65.81,66.02,2653,0
2014-04-23,20:00:00,66.18,66.18,65.6601,65.74,1550,0
2014-04-23,21:00:00,65.9326,66.07,65.9326,66.07,1100,0
2014-04-23,22:00:00,65.91,65.91,65.91,65.91,1400,0
2014-04-24,16:00:00,67.32,67.4496,64.545,64.7601,10867,0
2014-04-24,17:00:00,64.35,65.25,64.35,65.25,2725,0
2014-04-24,18:00:00,65.2699,65.2699,65.0592,65.0592,2600,0
2014-04-24,19:00:00,65.0792,65.0792,65.0792,65.0792,100,0
2014-04-24,20:00:00,65.052,65.052,64.59,64.7,1616,0
2014-04-24,21:00:00,65.109,65.109,65.109,65.109,200,0
2014-04-24,22:00:00,64.87,64.87,64.7,64.7,850,0
2014-04-25,16:00:00,63.7,63.7,63.19,63.19,3501,0
2014-04-25,17:00:00,63.3,63.3,62.4501,63.09,6823,0
2014-04-25,18:00:00,63.369,63.369,63.369,63.369,250,0
2014-04-25,19:00:00,63.45,63.97,63.43,63.7,2425,0
2014-04-25,20:00:00,63.3,63.5,63.3,63.5,400,0
2014-04-25,22:00:00,63.3001,63.3001,63.3001,63.3001,250,0
2014-04-28,16:00:00,63.38,63.51,63.37,63.48,18276,0
2014-04-28,17:00:00,64.01,64.3,64.01,64.3,1300,0
2014-04-28,18:00:00,64.071,64.071,64.071,64.071,500,0
2014-04-28,19:00:00,64.31,64.35,64.31,64.35,750,0
2014-04-28,21:00:00,63.82,64.06,63.82,64.06,1080,0
2014-04-29,16:00:00,63.82,63.82,63.739,63.75,775,0
2014-04-29,17:00:00,64.1351,64.1351,64.1351,64.1351,568,0
2014-04-29,18:00:00,63.8034,63.8034,63.8034,63.8034,321,0
2014-04-29,20:00:00,63.7504,63.7504,63.7504,63.7504,260,0
2014-04-29,22:00:00,64.07,64.1,63.99,64.1,1300,0
2014-04-30,16:00:00,65.29,65.38,65.29,65.38,400,0
2014-04-30,17:00:00,65.3,65.3,64.67,64.67,1400,0
2014-04-30,18:00:00,64.5922,64.6768,64.5922,64.6768,350,0
2014-04-30,19:00:00,64.52,64.6,64.52,64.6,300,0
2014-04-30,20:00:00,64.6195,64.6195,64.3399,64.3399,800,0
2014-04-30,21:00:00,64.76,64.76,64.75,64.75,460,0
2014-04-30,22:00:00,64.94,65.09,64.73,64.99,1226,0
2014-05-01,16:00:00,66.47,66.8399,66.203,66.6768,2171,0
2014-05-01,17:00:00,66.5565,66.5792,66,66.5792,2920,0
2014-05-01,18:00:00,66.44,66.44,66.12,66.12,1202,0
2014-05-01,19:00:00,65.9096,65.9212,65.9096,65.9212,500,0
2014-05-01,20:00:00,66.21,66.21,66.21,66.21,350,0
2014-05-01,21:00:00,65.99,65.99,65.85,65.88,2600,0
2014-05-01,22:00:00,65.84,65.95,65.82,65.95,1800,0
2014-05-02,16:00:00,65.85,66.29,65.85,66.1236,1550,0
2014-05-02,17:00:00,66.42,66.42,63.9001,64.5099,4865,0
2014-05-02,18:00:00,63.65,63.65,62.92,62.92,3550,0
2014-05-02,19:00:00,63.25,63.25,63.25,63.25,500,0
2014-05-02,20:00:00,63.74,63.7495,63,63,1400,0
2014-05-02,21:00:00,63.3,63.5,63.11,63.5,2500,0
2014-05-02,22:00:00,63.48,64,63.48,63.7499,3538,0
2014-05-05,16:00:00,61.51,61.7,61.33,61.33,2324,0
2014-05-05,17:00:00,61.58,61.919,61.5,61.919,1500,0
2014-05-05,18:00:00,61.761,62.2,61.761,62.2,900,0
2014-05-05,19:00:00,62.1409,62.1409,62.1241,62.1241,350,0
2014-05-05,20:00:00,62.0263,62.0878,62.0263,62.0878,250,0
2014-05-05,21:00:00,62.0941,62.0941,62.0941,62.0941,750,0
2014-05-05,22:00:00,62.1,62.1,62.1,62.1,200,0
2014-05-06,16:00:00,62.45,62.45,62.34,62.42,736,0
2014-05-06,17:00:00,62.545,62.57,62.5401,62.5401,2300,0
2014-05-06,18:00:00,62.35,62.38,62.35,62.38,770,0
2014-05-06,19:00:00,62.241,62.241,62.241,62.241,162,0
2014-05-06,20:00:00,62.51,62.51,62.51,62.51,400,0
2014-05-06,22:00:00,62.15,62.59,62.15,62.34,2558,0
2014-05-07,16:00:00,63,63,62.94,62.94,800,0
2014-05-07,17:00:00,63.78,63.97,63.7799,63.97,2300,0
2014-05-07,18:00:00,64.31,64.31,64.3,64.31,500,0
2014-05-07,19:00:00,64.5,65.4576,64.418,65.07,1350,0
2014-05-07,20:00:00,65.187,65.187,65,65,630,0
2014-05-07,21:00:00,64.541,64.79,64.541,64.79,1254,0
2014-05-07,22:00:00,64.8996,64.94,64.8776,64.8986,4750,0
