Date,Time,Open,High,Low,Close,Volume,OpenInt
2014-02-10,16:00:00,33.94,34.51,33.77,34.02,216068,0
2014-02-10,17:00:00,34.02,34.09,33.73,33.97,193827,0
2014-02-10,18:00:00,34.02,34.02,33.68,33.855,135525,0
2014-02-10,19:00:00,33.86,33.95,33.71,33.77,77529,0
2014-02-10,20:00:00,33.77,34.02,33.74,33.88,107385,0
2014-02-10,21:00:00,33.86,34.01,33.67,33.73,67875,0
2014-02-10,22:00:00,33.73,33.82,33.52,33.53,210078,0
2014-02-11,16:00:00,33.84,34.37,33.47,33.97,96177,0
2014-02-11,17:00:00,33.968,33.99,33.65,33.83,80603,0
2014-02-11,18:00:00,33.805,33.94,33.76,33.85,80627,0
2014-02-11,19:00:00,33.87,34.04,33.86,34.03,57178,0
2014-02-11,20:00:00,34.03,34.05,33.91,33.93,68332,0
2014-02-11,21:00:00,33.91,33.94,33.82,33.91,93962,0
2014-02-11,22:00:00,33.91,33.97,33.88,33.95,181141,0
2014-02-12,16:00:00,33.95,33.99,33.57,33.71,167788,0
2014-02-12,17:00:00,33.72,33.935,33.53,33.53,65388,0
2014-02-12,18:00:00,33.57,33.67,33.52,33.58,57951,0
2014-02-12,19:00:00,33.6,33.63,33.52,33.52,92054,0
2014-02-12,20:00:00,33.52,33.655,33.52,33.6,31808,0
2014-02-12,21:00:00,33.61,33.68,33.54,33.6,78717,0
2014-02-12,22:00:00,33.6,33.67,33.56,33.67,151668,0
2014-02-13,16:00:00,33.38,33.735,33.21,33.65,22163,0
2014-02-13,17:00:00,33.66,33.92,33.66,33.91,73651,0
2014-02-13,18:00:00,33.9,34.06,33.44,33.48,100160,0
2014-02-13,19:00:00,33.49,33.53,33.34,33.405,30239,0
2014-02-13,20:00:00,33.42,33.58,33.4,33.58,26325,0
2014-02-13,21:00:00,33.58,33.61,33.44,33.58,30097,0
2014-02-13,22:00:00,33.59,33.61,33.5,33.56,162783,0
2014-02-14,16:00:00,33.5,33.7,33.27,33.47,41266,0
2014-02-14,17:00:00,33.41,33.41,33.12,33.15,75571,0
2014-02-14,18:00:00,33.14,33.21,32.97,33.05,48985,0
2014-02-14,19:00:00,33.088,33.15,33,33.1,46709,0
2014-02-14,20:00:00,33.11,33.2,33.08,33.15,62650,0
2014-02-14,21:00:00,33.16,33.16,32.99,33.06,105581,0
2014-02-14,22:00:00,33.07,33.09,32.81,32.86,327437,0
2014-02-18,16:00:00,32.83,33.28,32.41,32.45,190254,0
2014-02-18,17:00:00,32.44,32.95,32.26,32.72,166322,0
2014-02-18,18:00:00,32.71,33.04,32.7,32.94,97872,0
2014-02-18,19:00:00,32.95,33.05,32.89,32.89,76812,0
2014-02-18,20:00:00,32.9,32.92,32.54,32.63,132078,0
2014-02-18,21:00:00,32.63,32.76,32.57,32.6399,160034,0
2014-02-18,22:00:00,32.64,32.67,32.42,32.44,341309,0
2014-02-19,16:00:00,32.44,32.62,32.13,32.25,41368,0
2014-02-19,17:00:00,32.275,32.305,31.89,31.9,175926,0
2014-02-19,18:00:00,31.91,32.09,31.88,31.88,143749,0
2014-02-19,19:00:00,31.86,32,31.86,31.9,164540,0
2014-02-19,20:00:00,31.905,32.09,31.89,32.02,195627,0
2014-02-19,21:00:00,32.02,32.35,31.97,32.32,159000,0
2014-02-19,22:00:00,32.32,32.35,31.96,32.01,335805,0
2014-02-20,16:00:00,32.19,32.5,31.92,32.24,222431,0
2014-02-20,17:00:00,32.27,32.45,31.97,32.36,73547,0
2014-02-20,18:00:00,32.38,32.38,32.08,32.165,51022,0
2014-02-20,19:00:00,32.165,32.39,32.165,32.3,76842,0
2014-02-20,20:00:00,32.31,32.34,32.27,32.31,70663,0
2014-02-20,21:00:00,32.32,32.77,32.29,32.71,119475,0
2014-02-20,22:00:00,32.68,32.8697,32.62,32.83,199012,0
2014-02-21,16:00:00,32.6722,32.994,32.62,32.6999,31838,0
2014-02-21,17:00:00,32.6,32.99,32.58,32.99,96791,0
2014-02-21,18:00:00,32.99,33.08,32.96,33.08,69703,0
2014-02-21,19:00:00,33.08,33.2,33.04,33.09,76107,0
2014-02-21,20:00:00,33.09,33.1,32.93,33.04,86274,0
2014-02-21,21:00:00,33.04,33.2,33.01,33.2,72945,0
2014-02-21,22:00:00,33.2,33.29,33.15,33.21,169083,0
2014-02-24,16:00:00,33.32,34.02,33.32,34.02,64317,0
2014-02-24,17:00:00,33.96,34.44,33.8,34.32,111211,0
2014-02-24,18:00:00,34.35,34.49,34.2216,34.41,82766,0
2014-02-24,19:00:00,34.41,34.63,34.39,34.49,76294,0
2014-02-24,20:00:00,34.48,34.68,34.44,34.51,64750,0
2014-02-24,21:00:00,34.5,34.595,34.485,34.59,128128,0
2014-02-24,22:00:00,34.56,35.055,34.515,34.85,519457,0
2014-02-25,16:00:00,34.96,35.08,34.5109,34.68,79731,0
2014-02-25,17:00:00,34.65,34.96,34.56,34.75,137979,0
2014-02-25,18:00:00,34.7,35.32,34.5,35.29,205211,0
2014-02-25,19:00:00,35.2999,35.37,34.97,34.99,133740,0
2014-02-25,20:00:00,34.975,35,34.31,34.336,157036,0
2014-02-25,21:00:00,34.34,34.73,34.18,34.57,232233,0
2014-02-25,22:00:00,34.57,35.24,34.45,35.2,983454,0
2014-02-26,16:00:00,30.9001,31.08,30.02,30.1099,2063677,0
2014-02-26,17:00:00,30.105,31,30.015,30.51,1479906,0
2014-02-26,18:00:00,30.52,30.66,30.41,30.51,834853,0
2014-02-26,19:00:00,30.5,31.27,30.33,30.871,746143,0
2014-02-26,20:00:00,30.875,30.94,30.395,30.465,503763,0
2014-02-26,21:00:00,30.465,31.07,30.465,31.03,547938,0
2014-02-26,22:00:00,31.02,31.1,30.65,30.91,1016709,0
2014-02-27,16:00:00,31.21,31.3,29.82,30.24,519037,0
2014-02-27,17:00:00,30.225,30.27,29.8,29.88,451885,0
2014-02-27,18:00:00,29.87,30,29.8,30,435579,0
2014-02-27,19:00:00,30,30.1,29.855,29.9301,243583,0
2014-02-27,20:00:00,29.93,29.99,29.82,29.84,373969,0
2014-02-27,21:00:00,29.8301,29.96,29.8,29.94,342580,0
2014-02-27,22:00:00,29.93,30.02,29.83,30.01,919050,0
2014-02-28,16:00:00,30.1,30.1,29.3101,29.9,175733,0
2014-02-28,17:00:00,29.8995,29.92,29.6403,29.81,226022,0
2014-02-28,18:00:00,29.83,29.99,29.81,29.94,162420,0
2014-02-28,19:00:00,29.95,30.2,29.82,29.87,162810,0
2014-02-28,20:00:00,29.87,30.04,29.82,29.87,130798,0
2014-02-28,21:00:00,29.88,29.93,29.77,29.85,128752,0
2014-02-28,22:00:00,29.85,29.94,29.61,29.91,385376,0
2014-03-03,16:00:00,29.51,29.65,29.04,29.07,159153,0
2014-03-03,17:00:00,29.13,29.23,28.9,28.95,300716,0
2014-03-03,18:00:00,28.9516,29.22,28.9015,28.98,273194,0
2014-03-03,19:00:00,28.98,29.02,28.86,28.93,182810,0
2014-03-03,20:00:00,28.94,28.99,28.85,28.91,143008,0
2014-03-03,21:00:00,28.89,28.91,28.71,28.71,251294,0
2014-03-03,22:00:00,28.71,28.75,28.42,28.5,710165,0
2014-03-04,16:00:00,28.8,28.97,28.75,28.91,229398,0
2014-03-04,17:00:00,28.93,29.07,28.86,28.921,276587,0
2014-03-04,18:00:00,28.93,29.17,28.92,29.04,141152,0
2014-03-04,19:00:00,29.0201,29.14,29.02,29.085,132087,0
2014-03-04,20:00:00,29.07,29.13,28.93,28.93,207370,0
2014-03-04,21:00:00,28.93,28.93,28.672,28.85,277885,0
2014-03-04,22:00:00,28.85,29.075,28.79,28.98,777507,0
2014-03-05,16:00:00,29.05,29.39,28.98,29.31,155562,0
2014-03-05,17:00:00,29.3,29.31,28.6,28.71,226574,0
2014-03-05,18:00:00,28.65,28.77,28.575,28.62,141903,0
2014-03-05,19:00:00,28.6,28.72,28.44,28.72,182184,0
2014-03-05,20:00:00,28.74,28.84,28.61,28.74,122320,0
2014-03-05,21:00:00,28.73,28.89,28.71,28.89,164420,0
2014-03-05,22:00:00,28.89,28.89,28.63,28.78,478439,0
2014-03-06,16:00:00,28.78,29.74,28.78,29.58,293748,0
2014-03-06,17:00:00,29.58,30.3,29.57,30.17,526124,0
2014-03-06,18:00:00,30.18,30.64,30.1,30.55,371677,0
2014-03-06,19:00:00,30.55,30.615,30.33,30.455,172075,0
2014-03-06,20:00:00,30.44,30.44,29.64,29.78,159770,0
2014-03-06,21:00:00,29.78,30.11,29.64,30.07,228047,0
2014-03-06,22:00:00,30.06,30.1,29.7,29.74,469953,0
2014-03-07,16:00:00,29.98,29.99,29.07,29.17,183927,0
2014-03-07,17:00:00,29.19,29.35,28.92,29.28,395742,0
2014-03-07,18:00:00,29.28,29.29,28.88,28.8959,178935,0
2014-03-07,19:00:00,28.88,29.38,28.86,29.16,215249,0
2014-03-07,20:00:00,29.15,29.33,29.08,29.27,189863,0
2014-03-07,21:00:00,29.26,29.54,29.19,29.53,149948,0
2014-03-07,22:00:00,29.54,29.55,29.3,29.46,432861,0
2014-03-10,15:00:00,30.08,30.58,29.89,30.14,224376,0
2014-03-10,16:00:00,30.13,30.17,29.57,29.77,339870,0
2014-03-10,17:00:00,29.789,29.84,29.3605,29.37,161041,0
2014-03-10,18:00:00,29.37,29.57,29.17,29.22,260180,0
2014-03-10,19:00:00,29.21,29.39,29.07,29.075,102740,0
2014-03-10,20:00:00,29.11,29.31,29.0901,29.14,150338,0
2014-03-10,21:00:00,29.13,29.19,28.99,29.05,404398,0
2014-03-11,15:00:00,29.06,29.25,28.72,28.9,84062,0
2014-03-11,16:00:00,28.9,28.96,28.71,28.74,160475,0
2014-03-11,17:00:00,28.74,28.81,28.43,28.55,172804,0
2014-03-11,18:00:00,28.56,28.6,28.43,28.471,157034,0
2014-03-11,19:00:00,28.44,28.89,28.43,28.89,162919,0
2014-03-11,20:00:00,28.9,28.93,28.72,28.72,186679,0
2014-03-11,21:00:00,28.74,28.94,28.725,28.9,420422,0
2014-03-12,15:00:00,28.855,28.855,28.33,28.38,38854,0
2014-03-12,16:00:00,28.435,28.87,28.43,28.73,73913,0
2014-03-12,17:00:00,28.74,28.74,28.42,28.42,140528,0
2014-03-12,18:00:00,28.42,28.71,28.38,28.71,120171,0
2014-03-12,19:00:00,28.72,28.72,28.51,28.54,77673,0
2014-03-12,20:00:00,28.55,28.61,28.495,28.545,121969,0
2014-03-12,21:00:00,28.54,28.54,28.36,28.5,251214,0
2014-03-13,15:00:00,28.31,28.59,28.13,28.14,60486,0
2014-03-13,16:00:00,28.155,28.23,27.99,28.01,223434,0
2014-03-13,17:00:00,28,28.1,27.77,27.899,182926,0
2014-03-13,18:00:00,27.88,27.88,27.5,27.51,220428,0
2014-03-13,19:00:00,27.52,27.73,27.34,27.65,171340,0
2014-03-13,20:00:00,27.66,27.67,27.43,27.43,143064,0
2014-03-13,21:00:00,27.43,27.47,27.2,27.3,416708,0
2014-03-14,15:00:00,27.53,27.55,27.12,27.17,38285,0
2014-03-14,16:00:00,27.165,27.65,27.165,27.61,112101,0
2014-03-14,17:00:00,27.62,27.73,27.42,27.59,103518,0
2014-03-14,18:00:00,27.59,27.59,27.28,27.43,93689,0
2014-03-14,19:00:00,27.44,27.48,27.259,27.32,91929,0
2014-03-14,20:00:00,27.34,27.47,27.19,27.2,117697,0
2014-03-14,21:00:00,27.21,27.44,27.21,27.38,290679,0
2014-03-17,15:00:00,27.57,27.94,27.4775,27.82,92075,0
2014-03-17,16:00:00,27.84,27.865,27.54,27.67,118374,0
2014-03-17,17:00:00,27.66,27.73,27.47,27.69,69981,0
2014-03-17,18:00:00,27.7,27.8,27.57,27.59,84965,0
2014-03-17,19:00:00,27.62,27.69,27.53,27.61,85866,0
2014-03-17,20:00:00,27.62,27.695,27.55,27.58,70050,0
2014-03-17,21:00:00,27.57,27.86,27.495,27.57,260368,0
2014-03-18,15:00:00,27.6447,27.73,27.55,27.65,25960,0
2014-03-18,16:00:00,27.66,27.76,27.48,27.52,51678,0
2014-03-18,17:00:00,27.53,27.7,27.5,27.7,49587,0
2014-03-18,18:00:00,27.7,27.76,27.455,27.59,75654,0
2014-03-18,19:00:00,27.6,27.71,27.55,27.66,104134,0
2014-03-18,20:00:00,27.67,27.68,27.59,27.64,74877,0
2014-03-18,21:00:00,27.635,27.72,27.56,27.7,233480,0
2014-03-19,15:00:00,27.51,27.62,27.31,27.37,34992,0
2014-03-19,16:00:00,27.34,27.59,27.26,27.49,66881,0
2014-03-19,17:00:00,27.48,27.61,27.28,27.41,50097,0
2014-03-19,18:00:00,27.43,27.54,27.355,27.54,48711,0
2014-03-19,19:00:00,27.55,27.55,27.26,27.26,59617,0
2014-03-19,20:00:00,27.26,27.38,27.175,27.27,85025,0
2014-03-19,21:00:00,27.28,27.3,27.05,27.11,252801,0
2014-03-20,15:00:00,27.07,27.34,26.9002,27.05,81061,0
2014-03-20,16:00:00,27.0497,27.49,27,27.36,80901,0
2014-03-20,17:00:00,27.38,27.38,27.29,27.36,43980,0
2014-03-20,18:00:00,27.36,27.4,27.33,27.4,45264,0
2014-03-20,19:00:00,27.4,27.41,27.2675,27.3,101846,0
2014-03-20,20:00:00,27.3,27.32,27.18,27.24,37861,0
2014-03-20,21:00:00,27.255,27.255,27.085,27.16,378686,0
2014-03-21,15:00:00,27.51,27.51,27.23,27.31,28734,0
2014-03-21,16:00:00,27.26,27.37,27.16,27.21,97126,0
2014-03-21,17:00:00,27.21,27.509,27.21,27.43,47988,0
2014-03-21,18:00:00,27.43,27.43,27.24,27.28,39045,0
2014-03-21,19:00:00,27.28,27.29,27,27,52046,0
2014-03-21,20:00:00,27.01,27.07,26.81,26.825,138213,0
2014-03-21,21:00:00,26.82,26.88,26.72,26.82,403786,0
2014-03-24,15:00:00,26.93,26.93,26.76,26.76,69076,0
2014-03-24,16:00:00,26.76,26.76,26.06,26.22,189942,0
2014-03-24,17:00:00,26.22,26.24,26.02,26.21,139693,0
2014-03-24,18:00:00,26.21,26.52,26.19,26.4,141377,0
2014-03-24,19:00:00,26.42,26.45,26.26,26.38,179617,0
2014-03-24,20:00:00,26.38,26.58,26.37,26.44,154258,0
2014-03-24,21:00:00,26.435,26.6,26.42,26.47,304346,0
2014-03-25,15:00:00,26.72,26.98,26.36,26.41,95025,0
2014-03-25,16:00:00,26.44,26.73,26.11,26.21,105841,0
2014-03-25,17:00:00,26.19,26.3,26.0027,26.1,140417,0
2014-03-25,18:00:00,26.09,26.28,26.03,26.235,147346,0
2014-03-25,19:00:00,26.24,26.3,26.1201,26.18,52741,0
2014-03-25,20:00:00,26.1771,26.2,26.01,26.12,114212,0
2014-03-25,21:00:00,26.12,26.3,26.05,26.29,269237,0
2014-03-26,15:00:00,26.47,26.5299,26.17,26.24,25290,0
2014-03-26,16:00:00,26.2,26.41,26.13,26.16,43400,0
2014-03-26,17:00:00,26.125,26.51,26.115,26.44,81407,0
2014-03-26,18:00:00,26.41,26.44,26.22,26.35,61972,0
2014-03-26,19:00:00,26.35,26.36,26.1,26.19,49099,0
2014-03-26,20:00:00,26.19,26.2625,26.06,26.2625,79723,0
2014-03-26,21:00:00,26.26,26.31,26.01,26.035,206532,0
2014-03-27,15:00:00,26,26.13,25.71,25.76,99757,0
2014-03-27,16:00:00,25.77,25.92,25.67,25.9,122514,0
2014-03-27,17:00:00,25.8805,25.96,25.78,25.93,94752,0
2014-03-27,18:00:00,25.925,26.04,25.92,26,104578,0
2014-03-27,19:00:00,26,26.09,25.85,25.9,157031,0
2014-03-27,20:00:00,25.91,26.21,25.88,26.21,161216,0
2014-03-27,21:00:00,26.2,26.27,26.09,26.12,375778,0
2014-03-28,15:00:00,26.17,26.38,26.12,26.18,27293,0
2014-03-28,16:00:00,26.2,26.62,26.2,26.5,83931,0
2014-03-28,17:00:00,26.5,26.62,26.15,26.23,90293,0
2014-03-28,18:00:00,26.23,26.255,26.02,26.05,69407,0
2014-03-28,19:00:00,26.05,26.105,25.99,26,66507,0
2014-03-28,20:00:00,26.02,26.02,25.89,25.99,114533,0
2014-03-28,21:00:00,25.99,26.08,25.93,26.07,221042,0
2014-03-31,16:00:00,26.21,26.51,26.15,26.51,73454,0
2014-03-31,17:00:00,26.5,26.51,26.23,26.23,74272,0
2014-03-31,18:00:00,26.2,26.35,26.12,26.2,52285,0
2014-03-31,19:00:00,26.17,26.355,26.17,26.22,53396,0
2014-03-31,20:00:00,26.24,26.48,26.237,26.43,81352,0
2014-03-31,21:00:00,26.44,26.6926,26.43,26.65,80291,0
2014-03-31,22:00:00,26.62,26.66,26.505,26.55,191984,0
2014-04-01,16:00:00,26.71,27.07,26.57,27.0096,110242,0
2014-04-01,17:00:00,27.0163,27.1,26.83,26.97,154917,0
2014-04-01,18:00:00,26.97,27.22,26.9,27.1,164353,0
2014-04-01,19:00:00,27.082,27.22,26.97,27.05,70377,0
2014-04-01,20:00:00,27.045,27.42,27.04,27.4,139288,0
2014-04-01,21:00:00,27.4,27.63,27.32,27.6,242029,0
2014-04-01,22:00:00,27.61,27.88,27.61,27.76,604272,0
2014-04-02,16:00:00,27.88,27.89,27.28,27.3,53542,0
2014-04-02,17:00:00,27.32,27.59,27.16,27.52,138370,0
2014-04-02,18:00:00,27.53,27.74,27.49,27.67,120296,0
2014-04-02,19:00:00,27.69,27.69,27.5,27.51,95502,0
2014-04-02,20:00:00,27.51,27.57,27.5,27.53,74671,0
2014-04-02,21:00:00,27.5275,27.57,27.31,27.365,116075,0
2014-04-02,22:00:00,27.36,27.42,27.23,27.35,294706,0
2014-04-03,16:00:00,27.35,27.7565,27.35,27.74,28448,0
2014-04-03,17:00:00,27.7999,27.8,27.3,27.43,61543,0
2014-04-03,18:00:00,27.42,27.49,27.35,27.3616,62677,0
2014-04-03,19:00:00,27.39,27.51,27.2726,27.36,71465,0
2014-04-03,20:00:00,27.36,27.41,27.01,27.02,66222,0
2014-04-03,21:00:00,27.04,27.1,26.97,27.03,53723,0
2014-04-03,22:00:00,27.04,27.2,27,27.11,140598,0
2014-04-04,16:00:00,27.34,27.3881,26.88,27.01,40179,0
2014-04-04,17:00:00,27.01,27.31,26.97,27.17,68485,0
2014-04-04,18:00:00,27.15,27.2,26.83,26.895,102798,0
2014-04-04,19:00:00,26.89,26.89,26.41,26.44,77130,0
2014-04-04,20:00:00,26.42,26.51,26.21,26.39,93566,0
2014-04-04,21:00:00,26.36,26.5,26.3,26.5,70734,0
2014-04-04,22:00:00,26.51,26.62,26.41,26.55,171294,0
2014-04-07,16:00:00,26.49,26.49,26.1,26.41,36617,0
2014-04-07,17:00:00,26.37,26.48,25.98,26.06,91530,0
2014-04-07,18:00:00,26.04,26.15,26.015,26.05,84722,0
2014-04-07,19:00:00,26.05,26.06,25.745,25.91,100378,0
2014-04-07,20:00:00,25.93,25.98,25.78,25.93,108913,0
2014-04-07,21:00:00,25.925,26.17,25.84,26.17,110448,0
2014-04-07,22:00:00,26.15,26.26,25.96,26.02,466367,0
2014-04-08,16:00:00,25.98,26.25,25.88,26.19,93145,0
2014-04-08,17:00:00,26.19,26.61,26.05,26.555,304674,0
2014-04-08,18:00:00,26.55,26.78,26.37,26.44,77141,0
2014-04-08,19:00:00,26.42,26.49,26.2,26.24,82581,0
2014-04-08,20:00:00,26.24,26.47,26.19,26.415,76358,0
2014-04-08,21:00:00,26.42,26.4577,26.17,26.4577,120236,0
2014-04-08,22:00:00,26.46,26.57,26.36,26.53,188702,0
2014-04-09,16:00:00,26.76,27.13,26.72,26.97,56517,0
2014-04-09,17:00:00,26.96,27.27,26.81,27.23,213995,0
2014-04-09,18:00:00,27.18,27.25,27.07,27.165,759860,0
2014-04-09,19:00:00,27.16,27.54,27.15,27.32,118836,0
2014-04-09,20:00:00,27.32,27.53,27.295,27.33,71409,0
2014-04-09,21:00:00,27.33,27.66,27.33,27.45,102958,0
2014-04-09,22:00:00,27.46,27.51,27.3,27.36,179108,0
2014-04-10,16:00:00,27.41,27.41,26.78,26.795,41921,0
2014-04-10,17:00:00,26.7969,27.03,26.71,26.93,121770,0
2014-04-10,18:00:00,26.92,27.11,26.73,26.78,150960,0
2014-04-10,19:00:00,26.79,26.81,26.605,26.7,80440,0
2014-04-10,20:00:00,26.68,27,26.67,26.82,159837,0
2014-04-10,21:00:00,26.81,26.99,26.64,26.755,136235,0
2014-04-10,22:00:00,26.74,27.13,26.67,26.86,538665,0
2014-04-11,16:00:00,26.77,26.97,26.45,26.83,74063,0
2014-04-11,17:00:00,26.8,27.46,26.56,27.43,567162,0
2014-04-11,18:00:00,27.425,27.76,27.36,27.45,388452,0
2014-04-11,19:00:00,27.445,27.55,27.09,27.44,133764,0
2014-04-11,20:00:00,27.44,27.71,27.37,27.6,215833,0
2014-04-11,21:00:00,27.58,27.96,27.46,27.76,344730,0
2014-04-11,22:00:00,27.76,28.025,27.6,27.68,548885,0
2014-04-14,16:00:00,27.53,27.81,26.91,27.2,318019,0
2014-04-14,17:00:00,27.16,27.45,27.06,27.39,131995,0
2014-04-14,18:00:00,27.39,27.49,27.3,27.47,140479,0
2014-04-14,19:00:00,27.44,27.45,27.33,27.35,93674,0
2014-04-14,20:00:00,27.35,27.49,27.34,27.39,152321,0
2014-04-14,21:00:00,27.385,27.425,26.97,26.97,149443,0
2014-04-14,22:00:00,26.96,27.11,26.79,26.96,543242,0
2014-04-15,16:00:00,27.1,27.1,26.72,26.8,60728,0
2014-04-15,17:00:00,26.79,26.87,26.36,26.44,118944,0
2014-04-15,18:00:00,26.39,26.425,26.21,26.4,124705,0
2014-04-15,19:00:00,26.4,26.41,26.14,26.24,108304,0
2014-04-15,20:00:00,26.23,26.61,26.225,26.52,101018,0
2014-04-15,21:00:00,26.51,26.81,26.44,26.71,80894,0
2014-04-15,22:00:00,26.71,26.91,26.63,26.75,210146,0
2014-04-16,16:00:00,26.82,27.25,26.77,26.94,39520,0
2014-04-16,17:00:00,26.91,27.03,26.82,26.87,67402,0
2014-04-16,18:00:00,26.83,27.09,26.81,27.04,81236,0
2014-04-16,19:00:00,27.045,27.33,27.04,27.14,60932,0
2014-04-16,20:00:00,27.12,27.25,27.02,27.18,72107,0
2014-04-16,21:00:00,27.17,27.369,27.1,27.3,54219,0
2014-04-16,22:00:00,27.31,27.36,27.22,27.33,160180,0
2014-04-17,16:00:00,27.34,27.576,27.231,27.41,25882,0
2014-04-17,17:00:00,27.4,27.53,27.26,27.45,66706,0
2014-04-17,18:00:00,27.47,27.56,27.43,27.51,72699,0
2014-04-17,19:00:00,27.5,27.55,27.36,27.37,35474,0
2014-04-17,20:00:00,27.36,27.46,27.35,27.4,43266,0
2014-04-17,21:00:00,27.41,27.51,27.29,27.39,80969,0
2014-04-17,22:00:00,27.39,27.48,27.36,27.37,94593,0
2014-04-21,16:00:00,27.599,27.599,27.32,27.41,9574,0
2014-04-21,17:00:00,27.43,27.55,27.2501,27.52,33747,0
2014-04-21,18:00:00,27.51,27.909,27.51,27.8823,135332,0
2014-04-21,19:00:00,27.88,27.89,27.71,27.72,37585,0
2014-04-21,20:00:00,27.72,27.75,27.69,27.74,27498,0
2014-04-21,21:00:00,27.74,27.91,27.74,27.81,55152,0
2014-04-21,22:00:00,27.83,27.96,27.71,27.94,252108,0
2014-04-22,16:00:00,27.92,28.07,27.83,27.93,94443,0
2014-04-22,17:00:00,27.93,28.06,27.6,27.6499,160254,0
2014-04-22,18:00:00,27.64,28.03,27.63,28.03,88790,0
2014-04-22,19:00:00,28.01,28.08,27.98,28.06,57620,0
2014-04-22,20:00:00,28.04,28.0699,27.98,28.0399,50955,0
2014-04-22,21:00:00,28.03,28.0804,27.93,27.93,76153,0
2014-04-22,22:00:00,27.93,27.94,27.76,27.78,196050,0
2014-04-23,16:00:00,27.78,27.9,27.47,27.54,89222,0
2014-04-23,17:00:00,27.53,27.67,27.2907,27.63,95355,0
2014-04-23,18:00:00,27.63,27.88,27.63,27.88,59561,0
2014-04-23,19:00:00,27.85,27.85,27.6,27.64,48044,0
2014-04-23,20:00:00,27.6,27.71,27.522,27.56,51431,0
2014-04-23,21:00:00,27.58,27.81,27.569,27.66,140619,0
2014-04-23,22:00:00,27.65,27.725,27.56,27.61,285456,0
2014-04-24,16:00:00,27.77,27.84,27.38,27.53,32432,0
2014-04-24,17:00:00,27.53,27.897,27.42,27.53,60692,0
2014-04-24,18:00:00,27.52,28.03,27.48,28,106450,0
2014-04-24,19:00:00,28,28.22,27.95,28.18,61982,0
2014-04-24,20:00:00,28.18,28.28,27.95,27.95,45220,0
2014-04-24,21:00:00,27.93,28.13,27.93,28.02,45794,0
2014-04-24,22:00:00,28.04,28.19,28.03,28.15,166798,0
2014-04-25,16:00:00,26.79,27.3,26.64,26.78,170782,0
2014-04-25,17:00:00,26.75,27.15,26.55,26.91,207448,0
2014-04-25,18:00:00,26.9,27.11,26.8,26.99,67224,0
2014-04-25,19:00:00,27,27.11,26.9,27.09,113540,0
2014-04-25,20:00:00,27.05,27.31,26.87,26.96,168006,0
2014-04-25,21:00:00,26.93,27,26.62,26.62,210584,0
2014-04-25,22:00:00,26.66,26.97,26.6,26.86,254052,0
2014-04-28,16:00:00,25.94,27.1,25.58,27.03,258531,0
2014-04-28,17:00:00,27.03,27.41,26.97,26.975,202830,0
2014-04-28,18:00:00,26.97,27.12,26.65,26.76,205869,0
2014-04-28,19:00:00,26.77,26.81,26.57,26.6,132650,0
2014-04-28,20:00:00,26.58,26.6,26.37,26.46,119410,0
2014-04-28,21:00:00,26.45,26.87,26.43,26.59,184044,0
2014-04-28,22:00:00,26.58,26.75,26.49,26.49,436636,0
2014-04-29,16:00:00,26.59,27,26.318,26.79,115668,0
2014-04-29,17:00:00,26.79,26.87,26.57,26.61,180983,0
2014-04-29,18:00:00,26.61,26.68,26.42,26.5,199075,0
2014-04-29,19:00:00,26.49,26.52,26.35,26.37,219505,0
2014-04-29,20:00:00,26.39,26.41,26.2,26.33,161106,0
2014-04-29,21:00:00,26.3,26.82,26.28,26.71,322326,0
2014-04-29,22:00:00,26.72,26.8,26.31,26.37,606945,0
2014-04-30,16:00:00,25.26,25.519,22.81,23.23,1436792,0
2014-04-30,17:00:00,23.22,23.76,22.85,23.7501,1195124,0
2014-04-30,18:00:00,23.75,23.81,23.29,23.59,816952,0
2014-04-30,19:00:00,23.59,23.93,23.43,23.88,359603,0
2014-04-30,20:00:00,23.88,23.98,23.65,23.855,284731,0
2014-04-30,21:00:00,23.855,24.19,23.75,24.15,453570,0
2014-04-30,22:00:00,24.1599,24.22,23.93,24.03,606441,0
2014-05-01,16:00:00,24.01,24.48,23.92,23.94,118714,0
2014-05-01,17:00:00,23.94,24.66,23.94,24.5903,349512,0
2014-05-01,18:00:00,24.59,25.08,24.59,24.92,194972,0
2014-05-01,19:00:00,24.92,25.1,24.88,25.07,167572,0
2014-05-01,20:00:00,25.05,25.1,24.67,24.73,172396,0
2014-05-01,21:00:00,24.72,24.797,24.62,24.74,149044,0
2014-05-01,22:00:00,24.73,24.94,24.69,24.92,384539,0
2014-05-02,16:00:00,24.89,25.05,24.59,24.72,116408,0
2014-05-02,17:00:00,24.72,24.7865,24.4,24.47,123500,0
2014-05-02,18:00:00,24.46,24.54,24.29,24.44,92589,0
2014-05-02,19:00:00,24.44,24.55,24.35,24.54,99697,0
2014-05-02,20:00:00,24.54,24.545,24.37,24.39,91328,0
2014-05-02,21:00:00,24.38,24.57,24.36,24.5,117012,0
2014-05-02,22:00:00,24.5,24.61,24.47,24.53,301337,0
2014-05-05,16:00:00,24.31,24.53,24.17,24.53,15157,0
2014-05-05,17:00:00,24.52,24.52,24.26,24.26,65584,0
2014-05-05,18:00:00,24.26,24.48,24.22,24.42,109769,0
2014-05-05,19:00:00,24.46,24.46,24.33,24.348,42089,0
2014-05-05,20:00:00,24.332,24.332,24.2,24.29,41592,0
2014-05-05,21:00:00,24.32,24.36,24.01,24.23,172732,0
2014-05-05,22:00:00,24.22,24.235,24.04,24.14,231708,0
2014-05-06,16:00:00,24.5,24.56,24.03,24.395,67722,0
2014-05-06,17:00:00,24.42,24.66,24.35,24.38,120243,0
2014-05-06,18:00:00,24.37,24.6,24.36,24.52,99298,0
2014-05-06,19:00:00,24.55,24.57,24.48,24.52,41567,0
2014-05-06,20:00:00,24.5,24.52,24.41,24.47,176150,0
2014-05-06,21:00:00,24.47,24.49,24.4,24.42,110004,0
2014-05-06,22:00:00,24.42,24.49,24.22,24.27,332250,0
2014-05-07,16:00:00,24.22,24.4,23.89,23.91,64816,0
2014-05-07,17:00:00,23.96,24.01,23.53,23.67,143262,0
2014-05-07,18:00:00,23.68,23.75,23.51,23.64,114837,0
2014-05-07,19:00:00,23.63,23.69,23.51,23.56,87724,0
2014-05-07,20:00:00,23.59,23.6,23.46,23.5,83456,0
2014-05-07,21:00:00,23.48,23.69,23.46,23.64,74540,0
2014-05-07,22:00:00,23.64,23.64,23.36,23.55,481917,0
