Date,Time,Open,High,Low,Close,Volume,OpenInt
2014-02-10,16:00:00,24.79,25.26,24.79,24.98,63762,0
2014-02-10,17:00:00,24.97,25.13,24.97,25.09,33284,0
2014-02-10,18:00:00,25.075,25.19,25.05,25.12,19741,0
2014-02-10,19:00:00,25.08,25.26,25.0625,25.24,14630,0
2014-02-10,20:00:00,25.26,25.49,25.26,25.37,20610,0
2014-02-10,21:00:00,25.3895,25.3895,25.23,25.27,17133,0
2014-02-10,22:00:00,25.266,25.3448,25.21,25.26,58714,0
2014-02-11,16:00:00,25.52,25.54,25.25,25.26,24442,0
2014-02-11,17:00:00,25.26,25.29,25.02,25.03,54076,0
2014-02-11,18:00:00,25.02,25.08,24.96,25.026,19292,0
2014-02-11,19:00:00,25.031,25.19,25.011,25.165,42369,0
2014-02-11,20:00:00,25.1401,25.45,25.1401,25.4,24096,0
2014-02-11,21:00:00,25.39,25.49,25.3,25.48,28261,0
2014-02-11,22:00:00,25.47,26.13,25.47,25.82,109562,0
2014-02-12,16:00:00,25.95,27.5,25.23,26.24,174044,0
2014-02-12,17:00:00,26.28,26.48,24.74,25.87,276922,0
2014-02-12,18:00:00,25.7455,26.02,25.73,25.98,34448,0
2014-02-12,19:00:00,25.88,26.527,25.851,26.47,37707,0
2014-02-12,20:00:00,26.47,26.78,26.451,26.73,30479,0
2014-02-12,21:00:00,26.71,26.7251,26.3404,26.41,28274,0
2014-02-12,22:00:00,26.45,27.07,26.44,27,158370,0
2014-02-13,16:00:00,26.46,26.6199,26.33,26.4,43356,0
2014-02-13,17:00:00,26.41,26.435,26,26.05,34348,0
2014-02-13,18:00:00,26.088,26.18,26.088,26.12,33829,0
2014-02-13,19:00:00,26.13,26.295,26.1201,26.17,33784,0
2014-02-13,20:00:00,26.22,26.28,26.1552,26.21,18319,0
2014-02-13,21:00:00,26.2,26.25,25.72,25.73,53138,0
2014-02-13,22:00:00,25.67,25.899,25.46,25.47,96072,0
2014-02-14,16:00:00,25.37,25.38,25.21,25.325,41799,0
2014-02-14,17:00:00,25.35,25.51,25.21,25.45,43415,0
2014-02-14,18:00:00,25.45,25.49,25.201,25.245,61894,0
2014-02-14,19:00:00,25.21,25.4,25.11,25.3316,37934,0
2014-02-14,20:00:00,25.34,25.34,25.2,25.21,36055,0
2014-02-14,21:00:00,25.21,25.39,25.21,25.31,52350,0
2014-02-14,22:00:00,25.33,25.59,25.17,25.58,131496,0
2014-02-18,16:00:00,25.62,26.18,25.58,25.99,55977,0
2014-02-18,17:00:00,25.94,26.22,25.85,26.065,40039,0
2014-02-18,18:00:00,26.09,26.265,25.83,25.95,124461,0
2014-02-18,19:00:00,25.9404,26,25.71,25.75,17344,0
2014-02-18,20:00:00,25.77,25.83,25.745,25.8299,15326,0
2014-02-18,21:00:00,25.803,25.9397,25.79,25.9,18200,0
2014-02-18,22:00:00,25.9,26,25.69,25.79,66089,0
2014-02-19,16:00:00,25.64,25.75,25.55,25.7,18984,0
2014-02-19,17:00:00,25.7,25.87,25.64,25.75,28346,0
2014-02-19,18:00:00,25.75,25.84,25.75,25.75,10219,0
2014-02-19,19:00:00,25.75,25.81,25.69,25.75,9100,0
2014-02-19,20:00:00,25.76,25.789,25.75,25.789,5100,0
2014-02-19,21:00:00,25.75,25.8,25.686,25.686,22344,0
2014-02-19,22:00:00,25.69,25.72,25.65,25.7,47549,0
2014-02-20,16:00:00,25.7582,25.76,25.45,25.49,10047,0
2014-02-20,17:00:00,25.5479,25.6,25.44,25.55,15733,0
2014-02-20,18:00:00,25.51,25.54,25.35,25.35,20913,0
2014-02-20,19:00:00,25.351,25.354,25.21,25.305,17913,0
2014-02-20,20:00:00,25.305,25.43,25.2511,25.32,16722,0
2014-02-20,21:00:00,25.34,25.44,25.31,25.41,7940,0
2014-02-20,22:00:00,25.43,25.56,25.38,25.38,25995,0
2014-02-21,16:00:00,25.37,25.87,25.3132,25.87,21053,0
2014-02-21,17:00:00,25.768,25.84,25.41,25.5,24919,0
2014-02-21,18:00:00,25.45,25.63,25.41,25.41,21309,0
2014-02-21,19:00:00,25.5,25.5,25.34,25.37,8364,0
2014-02-21,20:00:00,25.37,25.39,25.18,25.24,25640,0
2014-02-21,21:00:00,25.2791,25.32,25.171,25.22,5550,0
2014-02-21,22:00:00,25.21,25.26,25.05,25.15,63286,0
2014-02-24,16:00:00,25.05,25.29,25.037,25.29,21720,0
2014-02-24,17:00:00,25.165,25.3755,25.165,25.2,28061,0
2014-02-24,18:00:00,25.23,25.2592,25.1201,25.1201,17658,0
2014-02-24,19:00:00,25.145,25.2,25.12,25.16,13862,0
2014-02-24,20:00:00,25.1201,25.25,25.12,25.1503,8347,0
2014-02-24,21:00:00,25.2,25.2,25.045,25.085,17890,0
2014-02-24,22:00:00,25.1,25.26,25.06,25.21,43387,0
2014-02-25,16:00:00,25.4,25.46,25.27,25.35,18231,0
2014-02-25,17:00:00,25.38,25.63,25.31,25.54,66198,0
2014-02-25,18:00:00,25.5,25.63,25.27,25.3599,26562,0
2014-02-25,19:00:00,25.3,25.39,25.11,25.11,37855,0
2014-02-25,20:00:00,25.11,25.39,25.11,25.2699,26779,0
2014-02-25,21:00:00,25.34,25.45,25.19,25.2003,24999,0
2014-02-25,22:00:00,25.22,25.25,25.02,25.06,82638,0
2014-02-26,16:00:00,25.15,25.3,25.1,25.24,29662,0
2014-02-26,17:00:00,25.26,25.729,25.26,25.4725,78667,0
2014-02-26,18:00:00,25.47,25.715,25.35,25.35,51152,0
2014-02-26,19:00:00,25.3638,25.6095,25.36,25.48,7700,0
2014-02-26,20:00:00,25.5194,25.59,25.4,25.58,25045,0
2014-02-26,21:00:00,25.55,25.565,25.445,25.55,48563,0
2014-02-26,22:00:00,25.55,29.12,25.47,29.07,592243,0
2014-02-27,16:00:00,27.56,27.8275,26.131,26.59,275132,0
2014-02-27,17:00:00,26.64,27.29,26.64,27.13,100319,0
2014-02-27,18:00:00,27.14,27.51,27.06,27.22,64477,0
2014-02-27,19:00:00,27.2299,27.23,26.968,27.07,46552,0
2014-02-27,20:00:00,27,27.22,27,27.136,29045,0
2014-02-27,21:00:00,27.13,27.63,27.11,27.255,68321,0
2014-02-27,22:00:00,27.215,27.4,26.95,26.96,100042,0
2014-02-28,16:00:00,26.72,27,26.63,26.63,22890,0
2014-02-28,17:00:00,26.69,26.77,26.31,26.38,48793,0
2014-02-28,18:00:00,26.415,26.5,26.35,26.46,22572,0
2014-02-28,19:00:00,26.44,26.47,26.24,26.3,31628,0
2014-02-28,20:00:00,26.34,26.36,26.249,26.296,20970,0
2014-02-28,21:00:00,26.29,26.29,25.94,26,38903,0
2014-02-28,22:00:00,25.98,26.09,25.73,26.09,128159,0
2014-03-03,16:00:00,25.8,25.86,25.67,25.77,36565,0
2014-03-03,17:00:00,25.77,26.41,25.68,26.14,60064,0
2014-03-03,18:00:00,26.14,26.74,26.14,26.74,50476,0
2014-03-03,19:00:00,26.67,26.6994,26.3,26.35,27335,0
2014-03-03,20:00:00,26.35,26.35,26.095,26.29,31576,0
2014-03-03,21:00:00,26.27,26.38,26.25,26.32,24702,0
2014-03-03,22:00:00,26.34,26.35,26.05,26.15,47716,0
2014-03-04,16:00:00,26.56,26.88,26.56,26.87,27325,0
2014-03-04,17:00:00,26.8899,26.89,26.51,26.6599,30109,0
2014-03-04,18:00:00,26.6702,26.6702,26.34,26.34,26046,0
2014-03-04,19:00:00,26.4499,26.4499,26.31,26.32,7986,0
2014-03-04,20:00:00,26.3301,26.43,26.3301,26.4,14013,0
2014-03-04,21:00:00,26.368,26.4799,26.36,26.4799,7520,0
2014-03-04,22:00:00,26.47,26.58,26.42,26.58,30643,0
2014-03-05,16:00:00,26.5,26.79,26.4355,26.73,66445,0
2014-03-05,17:00:00,26.81,27.14,26.79,27.06,50174,0
2014-03-05,18:00:00,27.11,27.11,27,27.0255,10800,0
2014-03-05,19:00:00,26.89,26.9799,26.78,26.859,6501,0
2014-03-05,20:00:00,26.8439,26.8439,26.7,26.7001,5231,0
2014-03-05,21:00:00,26.7499,26.84,26.67,26.815,17701,0
2014-03-05,22:00:00,26.81,26.97,26.71,26.95,64530,0
2014-03-06,16:00:00,27.29,27.29,26.99,27.02,20979,0
2014-03-06,17:00:00,27.01,27.04,26.8,27.02,15197,0
2014-03-06,18:00:00,27.0193,27.0193,26.81,26.92,19929,0
2014-03-06,19:00:00,26.969,27,26.79,26.79,19575,0
2014-03-06,20:00:00,26.79,26.79,26.57,26.68,20223,0
2014-03-06,21:00:00,26.68,26.69,26.46,26.57,19700,0
2014-03-06,22:00:00,26.62,26.63,26.48,26.51,28832,0
2014-03-07,16:00:00,26.56,26.646,26.22,26.2301,11028,0
2014-03-07,17:00:00,26.3,26.479,26.25,26.38,18045,0
2014-03-07,18:00:00,26.41,26.41,26.22,26.25,20721,0
2014-03-07,19:00:00,26.221,26.29,26.2,26.2,10089,0
2014-03-07,20:00:00,26.16,26.33,26.15,26.32,14266,0
2014-03-07,21:00:00,26.33,26.4075,26.27,26.37,15750,0
2014-03-07,22:00:00,26.37,26.52,26.25,26.35,54448,0
2014-03-10,15:00:00,26.51,26.51,26.28,26.29,18596,0
2014-03-10,16:00:00,26.352,26.36,26.06,26.09,40184,0
2014-03-10,17:00:00,26.05,26.29,26,26.09,24984,0
2014-03-10,18:00:00,26.11,26.145,26,26.08,6788,0
2014-03-10,19:00:00,26.11,26.11,25.96,26.07,21845,0
2014-03-10,20:00:00,26.02,26.08,25.98,26,17720,0
2014-03-10,21:00:00,26,26.18,25.97,26.15,47153,0
2014-03-11,15:00:00,26.21,26.47,26.13,26.15,23429,0
2014-03-11,16:00:00,26.2,26.36,26.151,26.3,49933,0
2014-03-11,17:00:00,26.33,26.33,25.93,25.97,24486,0
2014-03-11,18:00:00,25.97,25.97,25.86,25.89,10248,0
2014-03-11,19:00:00,25.88,25.9,25.8,25.81,21235,0
2014-03-11,20:00:00,25.81,25.81,25.53,25.64,23866,0
2014-03-11,21:00:00,25.61,25.71,25.41,25.6,91741,0
2014-03-12,15:00:00,25.49,25.72,25.4201,25.47,11662,0
2014-03-12,16:00:00,25.49,25.555,25.37,25.41,14792,0
2014-03-12,17:00:00,25.42,25.44,25.33,25.36,27821,0
2014-03-12,18:00:00,25.34,25.37,25.24,25.3,13082,0
2014-03-12,19:00:00,25.26,26.34,25.21,25.82,76803,0
2014-03-12,20:00:00,25.81,25.92,25.7,25.85,14553,0
2014-03-12,21:00:00,25.85,25.96,25.68,25.88,40960,0
2014-03-13,15:00:00,26.02,26.03,25.9,25.9,12619,0
2014-03-13,16:00:00,25.93,25.93,25.58,25.616,22063,0
2014-03-13,17:00:00,25.72,25.804,25.66,25.74,22630,0
2014-03-13,18:00:00,25.78,25.87,25.69,25.74,28876,0
2014-03-13,19:00:00,25.69,25.79,25.56,25.63,37708,0
2014-03-13,20:00:00,25.62,25.69,25.5,25.59,30775,0
2014-03-13,21:00:00,25.612,25.7,25.52,25.67,50124,0
2014-03-14,15:00:00,25.66,25.78,25.66,25.76,10900,0
2014-03-14,16:00:00,25.76,25.96,25.64,25.829,14171,0
2014-03-14,17:00:00,25.815,25.88,25.59,25.61,33257,0
2014-03-14,18:00:00,25.769,25.769,25.484,25.53,11582,0
2014-03-14,19:00:00,25.53,25.58,25.33,25.57,18170,0
2014-03-14,20:00:00,25.435,25.6,25.3317,25.5,17150,0
2014-03-14,21:00:00,25.4101,25.58,25.4101,25.44,29454,0
2014-03-17,15:00:00,25.45,25.86,25.45,25.86,22608,0
2014-03-17,16:00:00,25.86,25.87,25.69,25.721,51544,0
2014-03-17,17:00:00,25.78,25.79,25.65,25.68,13292,0
2014-03-17,18:00:00,25.7,25.7,25.59,25.608,7541,0
2014-03-17,19:00:00,25.6,25.6,25.46,25.47,6700,0
2014-03-17,20:00:00,25.51,25.52,25.26,25.36,27356,0
2014-03-17,21:00:00,25.32,25.51,25.3,25.48,43433,0
2014-03-18,15:00:00,25.62,25.71,25.55,25.7,25405,0
2014-03-18,16:00:00,25.7,25.75,25.63,25.73,36033,0
2014-03-18,17:00:00,25.704,25.81,25.7,25.795,33802,0
2014-03-18,18:00:00,25.795,25.85,25.78,25.85,18420,0
2014-03-18,19:00:00,25.85,26,25.84,26,33913,0
2014-03-18,20:00:00,26,26,25.83,25.85,38262,0
2014-03-18,21:00:00,25.84,25.86,25.62,25.65,106033,0
2014-03-19,15:00:00,25.75,25.87,25.71,25.755,26651,0
2014-03-19,16:00:00,25.79,25.84,25.68,25.805,44230,0
2014-03-19,17:00:00,25.8222,25.8222,25.71,25.72,20832,0
2014-03-19,18:00:00,25.8,25.85,25.785,25.83,29377,0
2014-03-19,19:00:00,25.82,25.82,25.66,25.72,12196,0
2014-03-19,20:00:00,25.7,25.7,25.5137,25.6,23150,0
2014-03-19,21:00:00,25.55,25.6,25.45,25.6,39353,0
2014-03-20,15:00:00,25.444,25.5,25.44,25.44,1100,0
2014-03-20,16:00:00,25.484,25.79,25.47,25.75,15558,0
2014-03-20,17:00:00,25.74,25.81,25.63,25.8,5500,0
2014-03-20,18:00:00,25.74,25.86,25.74,25.85,2200,0
2014-03-20,19:00:00,25.84,25.8694,25.8193,25.8694,4600,0
2014-03-20,20:00:00,25.8406,25.8799,25.61,25.74,18895,0
2014-03-20,21:00:00,25.73,25.77,25.66,25.75,30635,0
2014-03-21,15:00:00,25.514,25.74,25.514,25.7,20440,0
2014-03-21,16:00:00,25.65,25.7,25.5201,25.5201,17022,0
2014-03-21,17:00:00,25.54,25.6,25.54,25.58,11250,0
2014-03-21,18:00:00,25.6,25.66,25.58,25.63,9128,0
2014-03-21,19:00:00,25.6,25.64,25.55,25.6,11878,0
2014-03-21,20:00:00,25.6392,25.66,25.55,25.58,7900,0
2014-03-21,21:00:00,25.53,25.65,25.45,25.6,43246,0
2014-03-24,15:00:00,25.88,25.88,25.8,25.8,9193,0
2014-03-24,16:00:00,25.8,25.819,25.6,25.6361,35656,0
2014-03-24,17:00:00,25.6481,25.84,25.2,25.23,55143,0
2014-03-24,18:00:00,25.24,25.459,25.24,25.32,8311,0
2014-03-24,19:00:00,25.35,25.659,25.34,25.56,13477,0
2014-03-24,20:00:00,25.62,25.769,25.56,25.73,12034,0
2014-03-24,21:00:00,25.77,25.77,25.54,25.66,28119,0
2014-03-25,15:00:00,25.97,26.41,25.97,26.32,33437,0
2014-03-25,16:00:00,26.3723,26.45,26.29,26.29,24492,0
2014-03-25,17:00:00,26.26,26.4,26.0155,26.028,25316,0
2014-03-25,18:00:00,26.02,26.2,25.94,26.09,22345,0
2014-03-25,19:00:00,26.12,26.34,26.11,26.34,16310,0
2014-03-25,20:00:00,26.35,26.35,26.12,26.234,10570,0
2014-03-25,21:00:00,26.2411,26.44,26.2411,26.42,51518,0
2014-03-26,15:00:00,26.57,26.6,26.37,26.42,10720,0
2014-03-26,16:00:00,26.42,26.49,26.08,26.08,27521,0
2014-03-26,17:00:00,26.08,26.35,25.91,26.11,26817,0
2014-03-26,18:00:00,26.11,26.3199,25.91,26.24,30800,0
2014-03-26,19:00:00,26.21,26.29,25.398,25.52,42247,0
2014-03-26,20:00:00,25.56,25.61,25.44,25.59,21188,0
2014-03-26,21:00:00,25.59,25.69,25.49,25.55,56712,0
2014-03-27,15:00:00,25.63,25.8,25.56,25.63,34101,0
2014-03-27,16:00:00,25.64,25.83,25.56,25.71,33106,0
2014-03-27,17:00:00,25.77,25.77,25.5614,25.73,19883,0
2014-03-27,18:00:00,25.72,25.72,25.62,25.71,11302,0
2014-03-27,19:00:00,25.71,25.71,25.66,25.71,4954,0
2014-03-27,20:00:00,25.71,25.7396,25.62,25.66,20302,0
2014-03-27,21:00:00,25.66,25.7,25.55,25.7,31405,0
2014-03-28,15:00:00,25.68,26.14,25.68,26,10492,0
2014-03-28,16:00:00,25.9,25.97,25.67,25.86,13650,0
2014-03-28,17:00:00,25.93,26,25.57,25.73,30896,0
2014-03-28,18:00:00,25.64,25.76,25.63,25.73,3100,0
2014-03-28,19:00:00,25.66,25.71,25.53,25.6,7097,0
2014-03-28,20:00:00,25.54,25.54,25.25,25.33,19777,0
2014-03-28,21:00:00,25.3,25.42,25.15,25.3,40701,0
2014-03-31,16:00:00,25.49,25.58,25.31,25.568,22033,0
2014-03-31,17:00:00,25.43,25.52,25.34,25.48,18523,0
2014-03-31,18:00:00,25.5,25.5,25.2,25.27,23010,0
2014-03-31,19:00:00,25.25,25.55,25.25,25.3,52090,0
2014-03-31,20:00:00,25.3299,25.3499,25.25,25.34,24561,0
2014-03-31,21:00:00,25.32,25.39,25.32,25.385,14914,0
2014-03-31,22:00:00,25.39,25.43,25.33,25.35,33965,0
2014-04-01,16:00:00,25.46,25.5399,25.4,25.44,8946,0
2014-04-01,17:00:00,25.37,25.53,25.37,25.49,19220,0
2014-04-01,18:00:00,25.51,25.53,25.46,25.52,22800,0
2014-04-01,19:00:00,25.4325,25.59,25.4325,25.54,21952,0
2014-04-01,20:00:00,25.5025,25.563,25.37,25.37,6800,0
2014-04-01,21:00:00,25.36,25.5,25.32,25.44,14902,0
2014-04-01,22:00:00,25.44,25.52,25.44,25.51,30043,0
2014-04-02,16:00:00,25.59,25.69,25.57,25.61,8300,0
2014-04-02,17:00:00,25.61,25.73,25.566,25.7,22543,0
2014-04-02,18:00:00,25.6639,25.75,25.64,25.695,12987,0
2014-04-02,19:00:00,25.69,25.73,25.69,25.73,6968,0
2014-04-02,20:00:00,25.72,25.74,25.7,25.74,12680,0
2014-04-02,21:00:00,25.73,25.7491,25.69,25.74,8102,0
2014-04-02,22:00:00,25.73,25.77,25.687,25.71,19982,0
2014-04-03,16:00:00,25.73,25.82,25.71,25.81,14849,0
2014-04-03,17:00:00,25.81,25.85,25.46,25.55,29526,0
2014-04-03,18:00:00,25.58,25.58,25.4,25.4099,11756,0
2014-04-03,19:00:00,25.35,25.4,25.18,25.23,30032,0
2014-04-03,20:00:00,25.2,25.32,25.16,25.23,20378,0
2014-04-03,21:00:00,25.203,25.27,25.175,25.26,19892,0
2014-04-03,22:00:00,25.26,25.31,25.16,25.24,36730,0
2014-04-04,16:00:00,25.23,25.65,25.23,25.285,11395,0
2014-04-04,17:00:00,25.3691,25.37,25.26,25.26,8525,0
2014-04-04,18:00:00,25.23,25.23,24.3301,24.4497,35411,0
2014-04-04,19:00:00,24.41,24.42,24.04,24.04,73971,0
2014-04-04,20:00:00,24.1,24.4,24.08,24.35,40633,0
2014-04-04,21:00:00,24.4,24.4,24.16,24.28,28326,0
2014-04-04,22:00:00,24.29,24.71,24.26,24.71,123652,0
2014-04-07,16:00:00,24.75,24.75,24.4,24.67,105948,0
2014-04-07,17:00:00,24.65,25.15,24.6289,24.97,36296,0
2014-04-07,18:00:00,25.0699,25.0699,24.7,24.7,2195,0
2014-04-07,19:00:00,24.72,24.72,24.6,24.6,8400,0
2014-04-07,20:00:00,24.689,24.81,24.61,24.66,11797,0
2014-04-07,21:00:00,24.73,24.94,24.645,24.7701,16155,0
2014-04-07,22:00:00,24.85,25.08,24.75,24.86,70970,0
2014-04-08,16:00:00,24.82,24.91,24.7429,24.7535,35112,0
2014-04-08,17:00:00,24.83,25.03,24.79,24.945,32516,0
2014-04-08,18:00:00,24.91,25.17,24.91,25.01,19846,0
2014-04-08,19:00:00,25,25.18,24.99,25.15,20095,0
2014-04-08,20:00:00,25.15,25.23,25.11,25.16,12135,0
2014-04-08,21:00:00,25.18,25.2,24.881,25.1,13400,0
2014-04-08,22:00:00,25.04,25.13,24.95,24.95,35990,0
2014-04-09,16:00:00,25.08,25.29,25.08,25.21,12285,0
2014-04-09,17:00:00,25.19,25.36,24.97,24.97,13441,0
2014-04-09,18:00:00,24.97,25.22,24.95,25.144,13154,0
2014-04-09,19:00:00,25.17,25.26,24.9,25.26,26659,0
2014-04-09,20:00:00,25.28,25.34,25.18,25.31,6506,0
2014-04-09,21:00:00,25.26,25.35,25.12,25.22,12600,0
2014-04-09,22:00:00,25.15,25.35,25.15,25.28,40673,0
2014-04-10,16:00:00,25.29,25.34,25.25,25.265,5562,0
2014-04-10,17:00:00,25.15,25.23,24.93,24.93,9119,0
2014-04-10,18:00:00,24.91,24.91,24.77,24.8,16691,0
2014-04-10,19:00:00,24.77,24.84,24.7101,24.7296,15217,0
2014-04-10,20:00:00,24.72,24.84,24.55,24.8,17731,0
2014-04-10,21:00:00,24.8,24.9,24.7175,24.78,8800,0
2014-04-10,22:00:00,24.78,24.8,24.68,24.76,30506,0
2014-04-11,16:00:00,24.84,24.84,24.5,24.55,7059,0
2014-04-11,17:00:00,24.55,24.64,24.14,24.64,25777,0
2014-04-11,18:00:00,24.53,24.58,24.43,24.55,8901,0
2014-04-11,19:00:00,24.52,24.52,24.29,24.32,21550,0
2014-04-11,20:00:00,24.38,24.38,24.25,24.3,10538,0
2014-04-11,21:00:00,24.24,24.2899,24.01,24.14,18899,0
2014-04-11,22:00:00,24.14,24.22,23.89,24.07,86071,0
2014-04-14,16:00:00,24.17,24.25,24.16,24.16,5569,0
2014-04-14,17:00:00,24.1999,24.5465,24.1601,24.47,15986,0
2014-04-14,18:00:00,24.54,24.54,24.41,24.45,7000,0
2014-04-14,19:00:00,24.45,24.57,24.2562,24.35,34741,0
2014-04-14,20:00:00,24.37,24.39,24.19,24.2006,10952,0
2014-04-14,21:00:00,24.209,24.39,24.209,24.3031,14307,0
2014-04-14,22:00:00,24.31,24.38,24.25,24.3,32458,0
2014-04-15,16:00:00,24.37,24.4329,24.16,24.4,3600,0
2014-04-15,17:00:00,24.37,24.379,23.8,23.8,47469,0
2014-04-15,18:00:00,23.78,23.93,23.75,23.93,12495,0
2014-04-15,19:00:00,23.89,23.92,23.76,23.81,9472,0
2014-04-15,20:00:00,23.81,24.04,23.7535,24.04,4500,0
2014-04-15,21:00:00,24.1,24.59,24.01,24.4,18673,0
2014-04-15,22:00:00,24.39,24.4,24.1001,24.22,55146,0
2014-04-16,16:00:00,24.3,24.34,24.21,24.29,10077,0
2014-04-16,17:00:00,24.26,24.399,24.08,24.29,21465,0
2014-04-16,18:00:00,24.29,24.345,24.09,24.27,30476,0
2014-04-16,19:00:00,24.2701,24.35,24.17,24.22,24496,0
2014-04-16,20:00:00,24.21,24.3,24.14,24.2,11165,0
2014-04-16,21:00:00,24.21,24.3,24.2,24.28,13050,0
2014-04-16,22:00:00,24.27,24.33,24.22,24.33,31405,0
2014-04-17,16:00:00,24.18,24.36,23.76,24.12,12762,0
2014-04-17,17:00:00,24.215,24.5292,24.195,24.26,11665,0
2014-04-17,18:00:00,24.33,24.5,24.278,24.5,22880,0
2014-04-17,19:00:00,24.53,24.66,24.37,24.49,21431,0
2014-04-17,20:00:00,24.5,24.6,24.485,24.56,20726,0
2014-04-17,21:00:00,24.57,24.6,24.502,24.55,11234,0
2014-04-17,22:00:00,24.52,24.55,24.45,24.47,12311,0
2014-04-21,16:00:00,24.68,24.68,24.501,24.525,21529,0
2014-04-21,17:00:00,24.535,24.719,24.4733,24.62,29056,0
2014-04-21,18:00:00,24.605,24.679,24.47,24.515,72981,0
2014-04-21,19:00:00,24.5,24.58,24.32,24.49,17829,0
2014-04-21,20:00:00,24.529,24.579,24.42,24.44,9694,0
2014-04-21,21:00:00,24.47,24.47,24.31,24.395,13601,0
2014-04-21,22:00:00,24.39,24.6095,24.39,24.54,23673,0
2014-04-22,16:00:00,24.57,24.67,24.43,24.53,18516,0
2014-04-22,17:00:00,24.53,24.85,24.53,24.8101,23534,0
2014-04-22,18:00:00,24.82,25.09,24.63,24.65,15885,0
2014-04-22,19:00:00,24.69,24.7963,24.49,24.64,32383,0
2014-04-22,20:00:00,24.63,24.86,24.63,24.7,21525,0
2014-04-22,21:00:00,24.76,24.77,24.63,24.69,13700,0
2014-04-22,22:00:00,24.69,24.78,24.54,24.6,60625,0
2014-04-23,16:00:00,24.7,24.705,24.49,24.56,17879,0
2014-04-23,17:00:00,24.58,24.86,24.55,24.66,13005,0
2014-04-23,18:00:00,24.62,24.739,24.43,24.51,5810,0
2014-04-23,19:00:00,24.53,24.53,24.41,24.43,3700,0
2014-04-23,20:00:00,24.43,24.559,24.21,24.32,6100,0
2014-04-23,21:00:00,24.5,24.53,24.25,24.5,8621,0
2014-04-23,22:00:00,24.5,24.552,24.31,24.4,30477,0
2014-04-24,16:00:00,24.67,24.67,24.23,24.279,11790,0
2014-04-24,17:00:00,24.21,24.4099,24.13,24.25,18045,0
2014-04-24,18:00:00,24.25,24.42,24.2,24.24,11550,0
2014-04-24,19:00:00,24.25,24.2599,24.12,24.19,16418,0
2014-04-24,20:00:00,24.19,24.215,24.06,24.06,11311,0
2014-04-24,21:00:00,24.06,24.15,23.94,24.15,15695,0
2014-04-24,22:00:00,24.1,24.16,23.95,24.14,66412,0
2014-04-25,16:00:00,24.12,24.15,23.856,23.96,7620,0
2014-04-25,17:00:00,23.91,23.97,23.8,23.8,21963,0
2014-04-25,18:00:00,23.78,23.9,23.68,23.75,40811,0
2014-04-25,19:00:00,23.74,23.749,23.56,23.6225,23608,0
2014-04-25,20:00:00,23.625,23.695,23.5,23.64,11323,0
2014-04-25,21:00:00,23.64,23.74,23.53,23.7,11595,0
2014-04-25,22:00:00,23.7,23.82,23.66,23.78,29719,0
2014-04-28,16:00:00,23.85,24.05,23.81,24.05,16951,0
2014-04-28,17:00:00,24,24.08,24,24.02,19950,0
2014-04-28,18:00:00,24.01,24.04,23.864,23.9397,26935,0
2014-04-28,19:00:00,23.91,23.91,23.655,23.6601,11666,0
2014-04-28,20:00:00,23.67,23.81,23.52,23.76,14288,0
2014-04-28,21:00:00,23.72,23.9,23.623,23.842,13779,0
2014-04-28,22:00:00,23.84,24.12,23.84,24.015,55150,0
2014-04-29,16:00:00,23.98,24.2899,23.98,24.07,34609,0
2014-04-29,17:00:00,23.98,24.16,23.96,24.16,19439,0
2014-04-29,18:00:00,24.19,24.19,24.031,24.07,11261,0
2014-04-29,19:00:00,24.085,24.16,23.99,24.06,22269,0
2014-04-29,20:00:00,24.06,24.08,23.9,24.01,8811,0
2014-04-29,21:00:00,24.06,24.19,23.91,24.135,27194,0
2014-04-29,22:00:00,24.0901,24.12,23.95,24,34055,0
2014-04-30,16:00:00,24,24.02,23.88,23.92,7698,0
2014-04-30,17:00:00,23.8501,24.01,23.8501,23.95,14388,0
2014-04-30,18:00:00,23.97,24,23.92,23.96,3300,0
2014-04-30,19:00:00,23.92,24.01,23.92,23.954,7200,0
2014-04-30,20:00:00,23.98,24.045,23.94,23.95,7100,0
2014-04-30,21:00:00,23.93,24.06,23.92,24.04,16584,0
2014-04-30,22:00:00,24.04,24.0699,23.9,23.95,41252,0
2014-05-01,16:00:00,24.14,24.14,23.94,24.03,12080,0
2014-05-01,17:00:00,24.06,24.12,23.91,24.12,15073,0
2014-05-01,18:00:00,24.11,24.11,23.95,23.97,11158,0
2014-05-01,19:00:00,24,24,23.95,23.95,6534,0
2014-05-01,20:00:00,23.93,23.99,23.93,23.95,9160,0
2014-05-01,21:00:00,23.95,23.97,23.89,23.89,8930,0
2014-05-01,22:00:00,23.85,23.859,23.7501,23.8,25385,0
2014-05-02,16:00:00,23.71,23.73,23.601,23.72,4675,0
2014-05-02,17:00:00,23.76,23.95,23.7511,23.7601,9735,0
2014-05-02,18:00:00,23.84,23.965,23.8,23.848,9602,0
2014-05-02,19:00:00,23.821,23.821,23.73,23.73,14849,0
2014-05-02,20:00:00,23.74,23.77,23.69,23.73,11499,0
2014-05-02,21:00:00,23.7414,23.93,23.73,23.925,10570,0
2014-05-02,22:00:00,23.88,23.95,23.76,23.85,19920,0
2014-05-05,16:00:00,23.64,23.85,23.546,23.85,2775,0
2014-05-05,17:00:00,23.85,24.02,23.74,24.01,27103,0
2014-05-05,18:00:00,24.008,24.008,23.85,23.925,2700,0
2014-05-05,19:00:00,23.925,23.95,23.91,23.94,12100,0
2014-05-05,20:00:00,23.915,23.92,23.87,23.89,5500,0
2014-05-05,21:00:00,23.89,23.9,23.875,23.875,4200,0
2014-05-05,22:00:00,23.9,23.9,23.8,23.86,14234,0
2014-05-06,16:00:00,23.8887,23.8887,23.554,23.6999,7805,0
2014-05-06,17:00:00,23.64,23.7,23.6,23.655,18601,0
2014-05-06,18:00:00,23.655,23.7,23.6,23.7,43356,0
2014-05-06,19:00:00,23.69,23.75,23.67,23.75,9064,0
2014-05-06,20:00:00,23.74,23.75,23.7,23.7207,17879,0
2014-05-06,21:00:00,23.72,23.73,23.626,23.7,21114,0
2014-05-06,22:00:00,23.688,23.7,23.6001,23.66,52153,0
2014-05-07,16:00:00,23.8,23.8,23.645,23.65,18485,0
2014-05-07,17:00:00,23.6,23.6865,23.3101,23.44,29809,0
2014-05-07,18:00:00,23.41,23.5,23.41,23.42,9339,0
2014-05-07,19:00:00,23.42,23.42,23.23,23.26,8753,0
2014-05-07,20:00:00,23.23,23.28,23.16,23.225,6700,0
2014-05-07,21:00:00,23.18,23.3999,23.18,23.37,14687,0
2014-05-07,22:00:00,23.37,23.5201,23.32,23.45,45876,0
