Date,Time,Open,High,Low,Close,Volume,OpenInt
2014-02-10,16:00:00,17.3036,17.3036,17.3036,17.3036,624,0
2014-02-10,17:00:00,17.2737,17.2737,17.2737,17.2737,702,0
2014-02-10,19:00:00,17.2537,17.2537,17.2537,17.2537,601,0
2014-02-10,20:00:00,17.3036,17.3634,17.2946,17.3634,602,0
2014-02-10,22:00:00,17.2737,17.4032,17.2637,17.2637,1806,0
2014-02-11,16:00:00,18.299,18.299,18.0511,18.0511,903,0
2014-02-11,17:00:00,17.5029,17.5228,17.3634,17.3634,823,0
2014-02-11,18:00:00,17.3634,17.5029,17.3634,17.483,1214,0
2014-02-11,20:00:00,17.8019,17.8019,17.8019,17.8019,201,0
2014-02-11,22:00:00,17.9913,17.9913,17.8219,17.8617,1104,0
2014-02-12,16:00:00,17.9016,17.9016,17.9016,17.9016,301,0
2014-02-12,19:00:00,17.9215,18.0312,17.9215,18.0312,201,0
2014-02-12,20:00:00,18.0411,18.0411,18.0411,18.0411,1505,0
2014-02-12,21:00:00,18.0411,18.0411,17.9415,17.9415,401,0
2014-02-13,17:00:00,18.1553,18.1553,18.1508,18.1508,551,0
2014-02-13,18:00:00,18.2604,18.3801,18.2106,18.2903,3108,0
2014-02-13,19:00:00,18.2903,18.2903,18.2903,18.2903,200,0
2014-02-13,20:00:00,18.1653,18.1653,18.1653,18.1653,201,0
2014-02-13,21:00:00,18.1847,18.6292,18.1807,18.6292,889,0
2014-02-13,22:00:00,18.4897,18.6292,18.4847,18.6292,2080,0
2014-02-14,17:00:00,18.4598,18.4897,18.4598,18.4598,1026,0
2014-02-14,18:00:00,18.4498,18.4498,18.4498,18.4498,100,0
2014-02-14,19:00:00,18.4498,18.5495,18.4,18.4,400,0
2014-02-14,20:00:00,18.2305,18.2305,18.2305,18.2305,100,0
2014-02-14,21:00:00,18.2505,18.2505,18.0511,18.0511,1202,0
2014-02-14,22:00:00,18.0611,18.1508,18.0611,18.1508,600,0
2014-02-18,17:00:00,18.5296,18.5296,18.5296,18.5296,400,0
2014-02-18,18:00:00,18.4,18.4299,18.3601,18.4299,1101,0
2014-02-18,19:00:00,18.2903,18.3103,18.1907,18.3103,700,0
2014-02-18,20:00:00,18.3402,18.3402,18.3402,18.3402,100,0
2014-02-18,21:00:00,18.2305,18.2505,18.0611,18.2505,700,0
2014-02-18,22:00:00,18.0511,18.2405,17.9181,18.2405,2504,0
2014-02-19,16:00:00,18.0611,18.3601,18.0611,18.3601,3809,0
2014-02-19,18:00:00,18.2305,18.2704,18.2305,18.2704,801,0
2014-02-19,19:00:00,18.3601,18.3601,18.101,18.101,600,0
2014-02-19,20:00:00,18.2505,18.2505,18.2305,18.2305,400,0
2014-02-19,22:00:00,18.1408,18.1408,17.3634,18.0711,501,0
2014-02-20,16:00:00,18.0511,18.3202,18.0511,18.3202,1469,0
2014-02-20,18:00:00,18.3103,18.3601,18.2704,18.3601,501,0
2014-02-20,19:00:00,18.3701,18.3701,18.3701,18.3701,100,0
2014-02-20,21:00:00,18.3402,18.3501,18.3302,18.3302,300,0
2014-02-20,22:00:00,18.3501,18.3501,18.3103,18.3302,501,0
2014-02-21,17:00:00,18.3103,18.4398,18.3103,18.3103,800,0
2014-02-21,18:00:00,18.3202,18.6791,18.3202,18.4997,1200,0
2014-02-21,19:00:00,18.6791,18.6791,18.3501,18.4797,2100,0
2014-02-21,20:00:00,18.4598,18.5495,18.3202,18.3402,2048,0
2014-02-21,21:00:00,18.3601,18.4299,18.3402,18.4299,500,0
2014-02-21,22:00:00,18.4299,18.4299,18.3103,18.3103,700,0
2014-02-24,16:00:00,18.2305,18.2305,18.2305,18.2305,464,0
2014-02-24,17:00:00,18.4398,18.4598,18.3801,18.3801,4218,0
2014-02-24,18:00:00,18.3801,18.4598,18.3601,18.4398,4102,0
2014-02-24,19:00:00,18.4359,18.4887,18.2505,18.2505,1827,0
2014-02-24,21:00:00,18.4398,18.5595,18.4398,18.5595,2919,0
2014-02-24,22:00:00,18.4797,18.5694,18.4498,18.5595,1200,0
2014-02-25,17:00:00,18.5694,18.5993,18.4199,18.4398,1301,0
2014-02-25,18:00:00,18.4398,18.5595,18.4398,18.5046,1000,0
2014-02-25,19:00:00,18.4897,18.4897,18.4398,18.4797,1009,0
2014-02-25,20:00:00,18.4697,18.4697,18.4398,18.4398,600,0
2014-02-25,21:00:00,18.4299,18.4398,18.3302,18.4,3420,0
2014-02-25,22:00:00,18.4,18.4797,18.4,18.4697,1001,0
2014-02-26,17:00:00,18.7488,18.7488,18.7488,18.7488,200,0
2014-02-26,20:00:00,18.5495,18.5495,18.3701,18.3701,1001,0
2014-02-26,21:00:00,18.3028,18.3103,18.3003,18.3003,2344,0
2014-02-26,22:00:00,18.1408,18.5993,18.1408,18.3501,1200,0
2014-02-27,17:00:00,18.3003,18.3003,18.0411,18.0411,600,0
2014-02-27,18:00:00,18.2106,18.3003,18.2006,18.3003,400,0
2014-02-27,19:00:00,18.2505,18.2505,18.2505,18.2505,200,0
2014-02-27,20:00:00,18.5196,18.5296,18.5196,18.5296,400,0
2014-02-27,21:00:00,18.6093,18.6093,18.091,18.101,700,0
2014-02-27,22:00:00,18.2704,18.3302,18.2604,18.2604,800,0
2014-02-28,17:00:00,18.5196,18.5196,18.5196,18.5196,1001,0
2014-02-28,18:00:00,18.201,18.5296,18.201,18.3003,900,0
2014-02-28,19:00:00,18.4498,18.4498,18.3801,18.3801,500,0
2014-02-28,20:00:00,18.3202,18.5096,18.3202,18.4997,700,0
2014-02-28,21:00:00,18.4901,18.4901,17.5428,18.4697,2320,0
2014-02-28,22:00:00,18.3601,18.3601,18.2006,18.2405,1400,0
2014-03-03,16:00:00,18.3402,18.4697,18.3402,18.3402,2044,0
2014-03-03,17:00:00,18.3003,18.3501,18.1109,18.2903,800,0
2014-03-03,18:00:00,18.1707,18.2604,18.0611,18.0611,1000,0
2014-03-03,19:00:00,18.0611,18.0611,18.0611,18.0611,100,0
2014-03-03,20:00:00,18.0511,18.0511,18.0511,18.0511,100,0
2014-03-03,21:00:00,17.9813,17.9813,17.9813,17.9813,200,0
2014-03-03,22:00:00,18.0611,18.2006,17.9415,18.1309,3601,0
2014-03-04,16:00:00,18.4498,18.8685,18.4498,18.8086,498,0
2014-03-04,17:00:00,18.6292,18.8486,17.5428,18.5395,6203,0
2014-03-04,18:00:00,18.8884,18.8884,18.6392,18.7888,1899,0
2014-03-04,19:00:00,18.7887,18.8485,18.7887,18.8485,800,0
2014-03-04,20:00:00,18.9283,18.9283,18.9033,18.9033,500,0
2014-03-04,21:00:00,18.8784,18.8784,18.7887,18.8086,900,0
2014-03-04,22:00:00,18.689,18.7488,18.5296,18.6193,1801,0
2014-03-05,16:00:00,18.644,18.644,18.4498,18.5096,500,0
2014-03-05,17:00:00,18.39,18.6391,18.39,18.5395,900,0
2014-03-05,18:00:00,18.5395,18.5395,18.2902,18.2903,1704,0
2014-03-05,19:00:00,18.2903,18.4897,18.2106,18.4897,2606,0
2014-03-05,20:00:00,18.3801,18.4797,18.2305,18.4797,300,0
2014-03-05,21:00:00,18.4008,18.4008,18.4,18.4,301,0
2014-03-05,22:00:00,18.4,18.4,18.2505,18.2505,810,0
2014-03-06,17:00:00,18.2406,18.2406,18.2406,18.2406,261,0
2014-03-06,19:00:00,18.3726,18.3726,18.3726,18.3726,351,0
2014-03-06,22:00:00,18.3945,18.3945,18.3945,18.3945,1114,0
2014-03-07,16:00:00,18.28,18.29,18.28,18.29,555,0
2014-03-07,17:00:00,18.31,18.31,18.29,18.29,327,0
2014-03-07,19:00:00,18.35,18.35,18.35,18.35,700,0
2014-03-07,20:00:00,18.48,18.48,18.46,18.46,1300,0
2014-03-07,21:00:00,18.22,18.22,18.22,18.22,100,0
2014-03-07,22:00:00,18.46,18.5,18.36,18.36,700,0
2014-03-10,16:00:00,18.34,18.45,18.1201,18.28,5694,0
2014-03-10,17:00:00,18.45,18.45,18.44,18.44,500,0
2014-03-10,18:00:00,18.44,18.44,18.44,18.44,200,0
2014-03-10,19:00:00,18.44,18.44,18.38,18.44,800,0
2014-03-10,20:00:00,18.44,18.44,18.43,18.43,900,0
2014-03-10,21:00:00,18.44,18.44,18.44,18.44,1000,0
2014-03-11,17:00:00,18.37,18.43,18.37,18.43,700,0
2014-03-11,18:00:00,18.45,18.45,18.45,18.45,100,0
2014-03-11,19:00:00,18.45,18.45,18.45,18.45,300,0
2014-03-11,21:00:00,18.325,18.45,18.25,18.45,2000,0
2014-03-12,16:00:00,18.4,18.4,18.35,18.4,400,0
2014-03-12,17:00:00,18.45,18.45,18.35,18.35,300,0
2014-03-12,18:00:00,18.54,18.54,18.2801,18.36,1300,0
2014-03-12,19:00:00,18.36,18.36,18.3,18.3,1200,0
2014-03-12,20:00:00,18.35,18.45,18.35,18.45,1400,0
2014-03-12,21:00:00,18.45,18.49,18.33,18.33,909,0
2014-03-13,18:00:00,18.55,18.57,18.55,18.57,400,0
2014-03-13,19:00:00,18.4501,18.4501,18.4501,18.4501,318,0
2014-03-14,17:00:00,18.37,18.37,18.35,18.35,1100,0
2014-03-14,18:00:00,18.44,18.44,18.44,18.44,300,0
2014-03-14,20:00:00,18.45,18.45,18.45,18.45,890,0
2014-03-17,16:00:00,18.71,18.71,18.71,18.71,200,0
2014-03-17,17:00:00,18.65,18.76,18.65,18.76,200,0
2014-03-17,18:00:00,18.76,18.8001,18.76,18.8001,1500,0
2014-03-17,19:00:00,18.83,18.9,18.67,18.9,400,0
2014-03-17,20:00:00,18.8,18.88,18.8,18.88,300,0
2014-03-17,21:00:00,18.91,18.92,18.91,18.92,1200,0
2014-03-18,17:00:00,18.92,18.92,18.92,18.92,300,0
2014-03-18,18:00:00,18.95,18.9842,18.95,18.9842,400,0
2014-03-18,19:00:00,19.15,19.171,19.15,19.171,800,0
2014-03-18,20:00:00,19.06,19.3,19.06,19.3,352,0
2014-03-18,21:00:00,19.37,19.42,19.37,19.42,600,0
2014-03-19,17:00:00,19.4,19.4,19.4,19.4,4527,0
2014-03-19,18:00:00,19.56,19.56,19.43,19.44,4200,0
2014-03-19,19:00:00,19.51,19.63,19.51,19.63,700,0
2014-03-19,20:00:00,19.4601,19.4601,19.35,19.35,2500,0
2014-03-19,21:00:00,19.3132,19.37,19.31,19.34,3600,0
2014-03-20,15:00:00,19.1,19.1,18.99,19,4500,0
2014-03-20,16:00:00,19.03,19.43,19,19.43,628,0
2014-03-20,19:00:00,19.41,19.71,19.41,19.65,2007,0
2014-03-20,20:00:00,19.84,19.84,19.81,19.81,700,0
2014-03-20,21:00:00,19.68,19.76,19.68,19.68,900,0
2014-03-21,15:00:00,19.68,19.68,19.68,19.68,1148,0
2014-03-21,17:00:00,19.6004,19.95,19.6004,19.92,2200,0
2014-03-21,18:00:00,19.95,19.95,19.95,19.95,684,0
2014-03-21,19:00:00,19.96,19.96,19.73,19.73,1600,0
2014-03-21,20:00:00,19.73,19.73,19.47,19.47,700,0
2014-03-21,21:00:00,19.62,19.62,19.26,19.53,1584,0
2014-03-24,16:00:00,19.42,19.43,19.29,19.29,760,0
2014-03-24,18:00:00,19.2584,19.26,19.2584,19.26,1900,0
2014-03-24,19:00:00,19.25,19.25,18.93,19.0941,1000,0
2014-03-24,20:00:00,18.96,19.13,18.96,18.9941,930,0
2014-03-24,21:00:00,19.01,19.27,19.01,19.1,1000,0
2014-03-25,19:00:00,19.12,19.12,19.12,19.12,200,0
2014-03-25,20:00:00,19.13,19.13,19.09,19.09,600,0
2014-03-25,21:00:00,19.11,19.3,19.05,19.3,1324,0
2014-03-26,15:00:00,19.26,19.54,18.53,19.54,626,0
2014-03-26,16:00:00,19.53,19.53,19.42,19.42,200,0
2014-03-26,17:00:00,19.36,19.54,19.36,19.49,1390,0
2014-03-26,18:00:00,19.44,19.55,19.33,19.51,600,0
2014-03-26,19:00:00,19.52,19.52,19.52,19.52,300,0
2014-03-26,20:00:00,19.42,19.52,19.221,19.52,300,0
2014-03-26,21:00:00,19.42,19.42,18.91,18.91,1937,0
2014-03-27,15:00:00,18.97,19,18.97,19,7168,0
2014-03-27,18:00:00,18.98,18.99,18.71,18.99,700,0
2014-03-27,19:00:00,18.86,18.98,18.76,18.76,1000,0
2014-03-27,20:00:00,18.91,18.91,18.59,18.59,1100,0
2014-03-27,21:00:00,18.74,18.765,18.63,18.63,500,0
2014-03-28,16:00:00,18.511,18.52,18.3,18.52,1900,0
2014-03-28,17:00:00,18.65,18.76,18.62,18.76,866,0
2014-03-28,18:00:00,18.74,18.94,18.35,18.94,4492,0
2014-03-28,19:00:00,18.39,18.39,18.39,18.39,100,0
2014-03-28,20:00:00,18.37,18.37,18.37,18.37,200,0
2014-03-28,21:00:00,18.351,18.54,18.35,18.35,2417,0
2014-03-31,18:00:00,18.82,18.82,18.8,18.82,2006,0
2014-03-31,19:00:00,18.67,18.67,18.67,18.67,700,0
2014-03-31,21:00:00,18.67,18.67,18.67,18.67,700,0
2014-03-31,22:00:00,18.67,18.67,18.67,18.67,206,0
2014-04-01,17:00:00,18.499,18.5,18.499,18.5,5500,0
2014-04-01,18:00:00,18.37,18.37,18.37,18.37,300,0
2014-04-01,19:00:00,18.35,18.49,17.839,18.49,1500,0
2014-04-01,20:00:00,18.5,18.5,18.41,18.5,3000,0
2014-04-01,21:00:00,18.5,19,17.76,18.72,4871,0
2014-04-01,22:00:00,18.8275,19,18.8275,18.95,5064,0
2014-04-02,16:00:00,18.6,18.74,18.26,18.26,8171,0
2014-04-02,17:00:00,18.42,18.99,18.42,18.99,1100,0
2014-04-02,18:00:00,18.97,18.99,18.74,18.74,3100,0
2014-04-02,22:00:00,18.7501,18.89,18.7,18.89,12889,0
2014-04-03,17:00:00,18.92,19,18.88,19,900,0
2014-04-03,22:00:00,18.97,18.97,18.85,18.91,1630,0
2014-04-04,17:00:00,19,19,19,19,2304,0
2014-04-04,22:00:00,18.83,19.02,18.56,18.71,2332,0
2014-04-07,18:00:00,18.46,18.98,18.46,18.98,700,0
2014-04-07,19:00:00,18.91,18.91,18.91,18.91,200,0
2014-04-07,20:00:00,18.44,18.64,18.44,18.64,600,0
2014-04-07,22:00:00,18.569,18.569,18.4,18.4,2098,0
2014-04-08,18:00:00,18.48,18.48,18.48,18.48,300,0
2014-04-08,21:00:00,18.52,18.52,18.42,18.42,5655,0
2014-04-08,22:00:00,18.26,18.26,18.26,18.26,646,0
2014-04-09,17:00:00,18.19,18.35,18.19,18.33,1730,0
2014-04-09,18:00:00,18.43,18.43,18.37,18.37,3100,0
2014-04-09,21:00:00,18.37,18.37,18.35,18.35,1746,0
2014-04-09,22:00:00,18.36,18.38,18.35,18.38,1300,0
2014-04-10,19:00:00,18.302,18.302,18.3,18.3,1300,0
2014-04-10,21:00:00,18.27,18.27,18.15,18.15,1116,0
2014-04-10,22:00:00,18.3,18.36,18.29,18.36,3478,0
2014-04-11,22:00:00,18.38,18.38,18.05,18.23,1412,0
2014-04-14,20:00:00,18.32,18.32,18.32,18.32,200,0
2014-04-14,21:00:00,18.28,18.28,18.28,18.28,200,0
2014-04-14,22:00:00,18.3,18.31,18.3,18.31,400,0
2014-04-15,17:00:00,18.63,18.8,18.41,18.8,918,0
2014-04-15,19:00:00,18.49,18.49,18.49,18.49,200,0
2014-04-15,20:00:00,18.55,18.58,18.55,18.58,200,0
2014-04-15,21:00:00,18.72,18.72,18.72,18.72,100,0
2014-04-15,22:00:00,18.79,18.79,18.511,18.62,1000,0
2014-04-16,19:00:00,18.468,18.54,18.35,18.54,1100,0
2014-04-16,22:00:00,18.52,18.55,18.29,18.55,3910,0
2014-04-17,20:00:00,18.5,18.81,18.5,18.81,1283,0
2014-04-17,21:00:00,18.68,18.71,18.68,18.71,400,0
2014-04-17,22:00:00,18.7,18.7,18.5,18.5,2000,0
2014-04-21,20:00:00,18.35,18.35,18.35,18.35,700,0
2014-04-21,21:00:00,18.49,18.5,18.49,18.5,300,0
2014-04-21,22:00:00,18.5,18.5,18.4,18.49,3811,0
2014-04-22,20:00:00,18.45,18.45,18.45,18.45,342,0
2014-04-22,22:00:00,18.16,18.23,18.16,18.22,2220,0
2014-04-23,17:00:00,17.9,18.025,17.8,17.95,2000,0
2014-04-23,18:00:00,18.08,18.17,18.08,18.17,700,0
2014-04-23,19:00:00,18.14,18.14,18.01,18.01,400,0
2014-04-23,22:00:00,17.801,17.86,17.8,17.8,2001,0
2014-04-24,16:00:00,17.8,17.8,17.55,17.55,1500,0
2014-04-24,17:00:00,17.7,17.7,17.03,17.127,3085,0
2014-04-24,18:00:00,17.49,17.5,17.47,17.5,1700,0
2014-04-24,21:00:00,17.06,17.3,17.03,17.15,600,0
2014-04-24,22:00:00,17.35,17.49,17.35,17.49,905,0
2014-04-25,16:00:00,17.29,17.29,16.96,17.29,1500,0
2014-04-25,17:00:00,17.25,17.25,16.981,16.981,800,0
2014-04-25,18:00:00,16.98,17.29,16.98,17.27,5800,0
2014-04-25,19:00:00,17.101,17.101,17.101,17.101,100,0
2014-04-25,20:00:00,17.101,17.101,17.101,17.101,100,0
2014-04-25,21:00:00,17.12,17.28,17.101,17.101,1000,0
2014-04-25,22:00:00,17.1,17.28,17.1,17.28,2600,0
2014-04-28,16:00:00,17.33,17.33,16.9995,16.9995,300,0
2014-04-28,17:00:00,17.3,17.3,17.06,17.06,1900,0
2014-04-28,18:00:00,17.0401,17.0401,17.0401,17.0401,200,0
2014-04-28,19:00:00,17.04,17.06,17.04,17.04,1100,0
2014-04-28,20:00:00,17.035,17.04,17.01,17.01,408,0
2014-04-28,21:00:00,17.02,17.02,17.02,17.02,400,0
2014-04-28,22:00:00,17.265,17.31,17.24,17.27,2000,0
2014-04-29,17:00:00,16.95,17.12,16.92,17.12,300,0
2014-04-29,18:00:00,17.25,17.25,17.18,17.18,4700,0
2014-04-29,19:00:00,17.25,17.25,17.17,17.17,200,0
2014-04-29,20:00:00,17.171,17.171,17.171,17.171,100,0
2014-04-29,21:00:00,17.18,17.18,17.18,17.18,200,0
2014-04-29,22:00:00,17.01,17.26,17.01,17.15,1100,0
2014-04-30,17:00:00,17.299,17.299,17.299,17.299,600,0
2014-04-30,18:00:00,17.2,17.2,17.2,17.2,2400,0
2014-04-30,19:00:00,17.3,17.3,17.28,17.28,800,0
2014-04-30,20:00:00,17.34,17.46,17.34,17.4,8100,0
2014-04-30,21:00:00,17.4,17.75,17.1,17.61,800,0
2014-04-30,22:00:00,17.64,17.64,17.52,17.52,300,0
2014-05-01,16:00:00,17.05,17.05,17.05,17.05,800,0
2014-05-01,18:00:00,17.37,17.37,17.37,17.37,600,0
2014-05-01,19:00:00,17.54,17.54,17.54,17.54,1000,0
2014-05-01,22:00:00,17.45,17.45,17.45,17.45,800,0
2014-05-02,16:00:00,17.4,17.4,17.39,17.4,1500,0
2014-05-02,20:00:00,17.25,17.25,17.25,17.25,200,0
2014-05-02,21:00:00,17.21,17.22,17.21,17.22,900,0
2014-05-02,22:00:00,17.22,17.6,17.22,17.33,4124,0
2014-05-05,20:00:00,17.5,17.5,17.41,17.41,400,0
2014-05-05,21:00:00,17.36,17.36,17.3,17.3,1800,0
2014-05-05,22:00:00,17.31,17.31,17.3,17.3,1597,0
2014-05-06,16:00:00,17.32,17.32,17.25,17.25,3000,0
2014-05-06,17:00:00,17.2,17.24,17.2,17.24,2800,0
2014-05-06,18:00:00,17.25,17.25,17.25,17.25,4450,0
2014-05-06,22:00:00,17.11,17.16,16.2,17.16,10818,0
2014-05-07,16:00:00,17.15,17.15,17.15,17.15,100,0
2014-05-07,17:00:00,17.29,17.29,17.19,17.19,200,0
2014-05-07,18:00:00,17.18,17.34,17.18,17.18,529,0
2014-05-07,19:00:00,17.19,17.35,17.19,17.21,800,0
2014-05-07,20:00:00,17.18,17.4,17.18,17.32,800,0
2014-05-07,21:00:00,17.308,17.416,17.19,17.416,500,0
2014-05-07,22:00:00,17.38,17.38,17.26,17.26,800,0
