Date,Time,Open,High,Low,Close,Volume,OpenInt
2014-02-10,16:00:00,20.7071,20.7071,20.3402,20.3402,1008,0
2014-02-10,17:00:00,20.3699,21.0214,20.1121,20.9154,10898,0
2014-02-10,18:00:00,20.7567,20.7964,20.4592,20.4592,1613,0
2014-02-10,19:00:00,20.4195,20.485,19.9138,19.9138,2319,0
2014-02-10,20:00:00,20.0923,20.598,20.0923,20.598,2218,0
2014-02-10,21:00:00,20.5088,20.7964,20.4096,20.4295,6090,0
2014-02-10,22:00:00,20.4691,20.8162,20.4691,20.6873,10942,0
2014-02-11,16:00:00,21.4212,21.4212,20.6873,20.6873,1008,0
2014-02-11,17:00:00,20.7369,20.7567,20.6873,20.6873,1916,0
2014-02-11,18:00:00,20.6972,20.7468,20.6972,20.7369,1916,0
2014-02-11,19:00:00,20.6873,20.7865,20.6873,20.7865,1210,0
2014-02-11,20:00:00,20.8261,20.9352,20.8261,20.9154,1210,0
2014-02-11,21:00:00,20.9452,21.0741,20.8162,21.0245,3328,0
2014-02-11,22:00:00,21.0245,21.222,20.8063,20.965,22073,0
2014-02-12,17:00:00,21.1137,21.1137,20.6774,20.8162,1311,0
2014-02-12,18:00:00,20.727,20.7369,20.5782,20.5782,605,0
2014-02-12,19:00:00,20.6576,20.9055,20.6576,20.7567,5042,0
2014-02-12,20:00:00,20.9253,20.9253,20.9253,20.9253,1714,0
2014-02-12,21:00:00,20.5187,20.8857,20.5187,20.8857,9075,0
2014-02-12,22:00:00,20.9154,20.9154,20.6774,20.8063,9390,0
2014-02-13,16:00:00,20.5881,20.8361,20.5881,20.7766,1109,0
2014-02-13,17:00:00,20.5197,20.9154,20.5197,20.9154,2486,0
2014-02-13,18:00:00,20.7766,20.9154,20.7567,20.8956,2521,0
2014-02-13,19:00:00,20.9154,20.9154,20.9154,20.9154,504,0
2014-02-13,20:00:00,20.9154,21.4013,20.9154,21.3121,2723,0
2014-02-13,21:00:00,21.3815,21.4013,21.2625,21.2625,3328,0
2014-02-13,22:00:00,21.4906,21.8179,21.4013,21.5898,11586,0
2014-02-14,16:00:00,21.5997,21.5997,21.3518,21.3617,2021,0
2014-02-14,17:00:00,21.2228,21.5104,21.1733,21.1733,2017,0
2014-02-14,18:00:00,21.3022,21.322,21.2823,21.2823,1008,0
2014-02-14,20:00:00,21.3518,21.3518,21.1733,21.1733,706,0
2014-02-14,21:00:00,21.084,21.3319,21.0741,21.0741,4231,0
2014-02-14,22:00:00,21.0542,21.2427,20.8166,21.1733,10182,0
2014-02-18,16:00:00,20.9253,20.9253,20.8757,20.8757,706,0
2014-02-18,17:00:00,20.9378,21.1237,20.9378,20.9947,4235,0
2014-02-18,18:00:00,21.3319,21.3319,21.1733,21.1733,706,0
2014-02-18,19:00:00,21.2724,21.2724,21.201,21.201,2319,0
2014-02-18,20:00:00,21.1435,21.1435,21.1435,21.1435,706,0
2014-02-18,21:00:00,21.1237,21.1237,21.0741,21.1137,1008,0
2014-02-18,22:00:00,21.063,21.1336,20.9452,21.0146,15820,0
2014-02-19,16:00:00,20.846,20.846,20.846,20.846,3966,0
2014-02-19,17:00:00,20.8757,20.8757,20.8757,20.8757,3529,0
2014-02-19,18:00:00,21.0939,21.0939,21.0939,21.0939,3721,0
2014-02-19,19:00:00,20.8261,20.8261,20.727,20.8162,60382,0
2014-02-19,20:00:00,20.8757,21.0047,20.8757,20.9154,5899,0
2014-02-19,21:00:00,20.9551,20.9551,20.8261,20.8261,3227,0
2014-02-19,22:00:00,20.8261,20.846,20.727,20.8063,37354,0
2014-02-20,16:00:00,20.7468,21.6989,20.7468,21.6592,8848,0
2014-02-20,17:00:00,21.5402,21.5402,21.2427,21.4212,10482,0
2014-02-20,18:00:00,21.5005,21.5104,21.4013,21.4212,4235,0
2014-02-20,19:00:00,21.4113,21.5402,21.4112,21.5303,6260,0
2014-02-20,20:00:00,21.5005,21.5401,21.441,21.5401,2823,0
2014-02-20,21:00:00,21.4608,21.5005,21.1633,21.5005,5429,0
2014-02-20,22:00:00,21.4708,21.4708,21.1336,21.3716,13623,0
2014-02-21,16:00:00,21.5402,21.5402,21.5402,21.5402,1008,0
2014-02-21,17:00:00,21.6989,21.6989,21.441,21.441,11092,0
2014-02-21,18:00:00,21.6989,21.6989,21.6989,21.6989,1008,0
2014-02-21,19:00:00,21.6889,21.7187,21.6889,21.7088,1714,0
2014-02-21,20:00:00,21.7187,21.7187,21.6989,21.7187,2017,0
2014-02-21,21:00:00,21.7088,21.7088,21.679,21.7088,2521,0
2014-02-21,22:00:00,21.7187,21.7187,21.4608,21.6195,5472,0
2014-02-24,16:00:00,21.0542,21.5997,21.0542,21.5997,3319,0
2014-02-24,18:00:00,21.6195,21.7683,21.5997,21.6989,2118,0
2014-02-24,19:00:00,21.798,22.046,21.798,21.8675,9781,0
2014-02-24,20:00:00,21.798,22.046,21.7683,21.7683,4638,0
2014-02-24,21:00:00,21.917,22.0162,21.917,22.0162,1412,0
2014-02-24,22:00:00,21.9369,21.9468,21.5005,21.6394,27752,0
2014-02-25,17:00:00,21.4023,21.6185,21.4023,21.6185,5183,0
2014-02-25,18:00:00,21.5997,21.6195,21.5997,21.6195,1633,0
2014-02-25,19:00:00,21.6473,21.917,21.6473,21.917,2143,0
2014-02-25,20:00:00,21.9468,21.9468,21.5898,21.6989,2218,0
2014-02-25,21:00:00,21.7286,21.7286,21.2228,21.2228,2097,0
2014-02-25,22:00:00,21.4509,21.7088,21.2625,21.4708,10810,0
2014-02-26,17:00:00,21.3418,21.5104,21.3418,21.5104,1613,0
2014-02-26,18:00:00,21.56,21.56,21.5486,21.5486,1056,0
2014-02-26,19:00:00,21.7088,21.7088,21.5699,21.5699,1311,0
2014-02-26,20:00:00,21.5699,22.046,21.5699,21.6195,3150,0
2014-02-26,21:00:00,21.8079,21.8575,21.5798,21.5798,4235,0
2014-02-26,22:00:00,21.5699,21.5699,21.3319,21.4311,13843,0
2014-02-27,16:00:00,20.8658,20.8658,20.8658,20.8658,1513,0
2014-02-27,17:00:00,21.4212,21.4212,21.2922,21.3815,2723,0
2014-02-27,18:00:00,21.2922,21.4212,21.2823,21.2823,5126,0
2014-02-27,19:00:00,21.3567,21.5303,21.2823,21.5104,4235,0
2014-02-27,20:00:00,21.5798,21.7683,21.5798,21.7683,3025,0
2014-02-27,21:00:00,21.7187,21.7187,21.7187,21.7187,4235,0
2014-02-27,22:00:00,21.56,21.7187,21.56,21.6394,5900,0
2014-02-28,16:00:00,21.679,21.7286,21.2922,21.6493,3184,0
2014-02-28,17:00:00,21.6691,22.0658,21.6195,21.7683,3529,0
2014-02-28,18:00:00,21.8774,21.9666,21.8774,21.9567,1008,0
2014-02-28,19:00:00,21.9666,21.9666,21.8278,21.8278,605,0
2014-02-28,20:00:00,21.8278,21.8278,21.8278,21.8278,101,0
2014-02-28,21:00:00,21.8179,21.8575,21.7782,21.7881,5400,0
2014-02-28,22:00:00,21.8179,21.8774,21.6195,21.8575,13645,0
2014-03-03,16:00:00,21.8179,21.8179,21.8179,21.8179,1210,0
2014-03-03,17:00:00,21.9458,21.9567,21.9071,21.9567,4392,0
2014-03-03,18:00:00,21.917,21.917,21.7088,21.7088,1513,0
2014-03-03,19:00:00,21.8179,21.8179,21.8179,21.8179,101,0
2014-03-03,20:00:00,21.7881,21.8278,21.7881,21.8278,1406,0
2014-03-03,21:00:00,21.9374,21.9468,21.8179,21.917,1437,0
2014-03-03,22:00:00,21.8179,21.8476,21.7038,21.8179,4626,0
2014-03-04,16:00:00,22.036,22.6807,22.036,22.6807,4714,0
2014-03-04,17:00:00,22.641,23.0079,22.5073,22.998,6380,0
2014-03-04,18:00:00,23.0079,23.0179,22.7104,23.0179,5848,0
2014-03-04,19:00:00,23.0179,23.0179,22.7907,23.0079,4638,0
2014-03-04,20:00:00,23.0079,23.3848,23.0079,23.1666,4033,0
2014-03-04,21:00:00,22.9683,22.9683,22.4625,22.4724,4536,0
2014-03-04,22:00:00,22.5121,23.1567,22.5121,22.9385,31043,0
2014-03-05,16:00:00,23.5236,23.5335,22.4625,22.4625,2420,0
2014-03-05,17:00:00,22.8195,22.9088,22.4922,22.4922,12770,0
2014-03-05,19:00:00,22.7005,23.0972,22.7005,23.0972,4009,0
2014-03-05,20:00:00,23.0377,23.0377,23.0377,23.0377,1714,0
2014-03-05,22:00:00,22.8691,23.0179,22.8592,22.998,13436,0
2014-03-06,16:00:00,22.9583,22.9583,22.2443,22.2443,4134,0
2014-03-06,17:00:00,22.2542,22.2939,22.2146,22.2641,25527,0
2014-03-06,18:00:00,22.046,22.1451,22.046,22.1352,504,0
2014-03-06,19:00:00,22.0757,22.2939,22.0757,22.1253,2924,0
2014-03-06,20:00:00,22.2046,22.4129,22.1352,22.4129,2105,0
2014-03-06,21:00:00,22.5121,22.5121,22.3336,22.403,1109,0
2014-03-06,22:00:00,22.3236,22.6212,22.3236,22.5914,5193,0
2014-03-07,17:00:00,22.4526,22.76,22.2741,22.6608,409518,0
2014-03-07,18:00:00,22.76,22.8096,22.6707,22.8096,3126,0
2014-03-07,19:00:00,23.0506,23.0506,23.0476,23.0476,2218,0
2014-03-07,20:00:00,23.1864,23.2856,22.9197,23.2856,7852,0
2014-03-07,21:00:00,22.9881,22.9881,22.9881,22.9881,1412,0
2014-03-07,22:00:00,22.6906,22.9385,22.6906,22.9385,16638,0
2014-03-10,15:00:00,22.7699,22.7699,22.7699,22.7699,5648,0
2014-03-10,16:00:00,22.9167,23.0377,22.6311,22.6311,2727,0
2014-03-10,17:00:00,22.6013,22.6013,22.6013,22.6013,303,0
2014-03-10,18:00:00,22.6509,22.7354,22.6013,22.641,1751,0
2014-03-10,19:00:00,22.6013,22.641,22.6013,22.641,1414,0
2014-03-10,20:00:00,22.6212,22.6212,22.6212,22.6212,202,0
2014-03-10,21:00:00,22.6212,22.76,22.6212,22.641,4546,0
2014-03-11,15:00:00,22.94,22.94,22.91,22.91,1000,0
2014-03-11,16:00:00,22.95,23.17,22.94,22.94,5400,0
2014-03-11,17:00:00,22.94,23.06,22.94,22.95,8582,0
2014-03-11,18:00:00,22.95,22.95,22.56,22.77,55742,0
2014-03-11,19:00:00,22.872,22.872,22.74,22.82,5360,0
2014-03-11,20:00:00,22.74,22.83,22.54,22.65,4200,0
2014-03-11,21:00:00,22.58,22.72,22.27,22.53,11570,0
2014-03-12,15:00:00,22.35,22.89,22.35,22.6,2700,0
2014-03-12,16:00:00,22.63,22.63,22.43,22.6,1944,0
2014-03-12,17:00:00,22.65,22.69,22.64,22.64,1228,0
2014-03-12,18:00:00,22.6,22.6,22.5,22.59,500,0
2014-03-12,19:00:00,22.52,22.77,22.47,22.51,7176,0
2014-03-12,20:00:00,22.498,22.68,22.498,22.575,7734,0
2014-03-12,21:00:00,22.66,22.85,22.53,22.67,9939,0
2014-03-13,16:00:00,22.97,22.97,22.51,22.51,4100,0
2014-03-13,18:00:00,22.565,22.57,22.495,22.51,53700,0
2014-03-13,19:00:00,22.51,22.52,22.4,22.45,4700,0
2014-03-13,20:00:00,22.42,22.76,22.42,22.76,138488,0
2014-03-13,21:00:00,22.54,22.84,22.53,22.7,17500,0
2014-03-14,15:00:00,22.56,22.92,22.56,22.92,3100,0
2014-03-14,16:00:00,22.76,23.05,22.76,22.99,2500,0
2014-03-14,17:00:00,22.81,23,22.7,23,9800,0
2014-03-14,18:00:00,23,23.03,22.69,22.96,11621,0
2014-03-14,19:00:00,22.97,22.97,22.67,22.7,3200,0
2014-03-14,20:00:00,22.7,23,22.7,22.88,4414,0
2014-03-14,21:00:00,22.94,22.98,22.66,22.88,14879,0
2014-03-17,15:00:00,22.8201,23,22.82,23,1700,0
2014-03-17,16:00:00,22.86,23.09,22.86,23.04,8100,0
2014-03-17,17:00:00,23.04,23.1,23.03,23.065,2400,0
2014-03-17,18:00:00,23.05,23.1,23.04,23.04,4308,0
2014-03-17,19:00:00,23.06,23.12,23.04,23.12,4600,0
2014-03-17,20:00:00,23.15,23.15,23.11,23.15,5300,0
2014-03-17,21:00:00,23.14,23.27,23.14,23.23,7584,0
2014-03-18,15:00:00,23.15,23.15,23.09,23.09,1100,0
2014-03-18,16:00:00,22.93,23.13,22.93,23.13,200,0
2014-03-18,17:00:00,23.16,23.54,23.14,23.36,2710,0
2014-03-18,18:00:00,23.645,23.81,23.42,23.43,1901,0
2014-03-18,19:00:00,23.61,23.655,23.61,23.655,1030,0
2014-03-18,20:00:00,23.535,23.61,23.45,23.45,4600,0
2014-03-18,21:00:00,23.5,23.56,23.42,23.47,11605,0
2014-03-19,15:00:00,23.55,23.55,23.385,23.42,3400,0
2014-03-19,16:00:00,23.52,23.52,23.45,23.5,1900,0
2014-03-19,19:00:00,23.49,23.49,23.49,23.49,400,0
2014-03-19,20:00:00,23.49,23.85,23.35,23.49,14830,0
2014-03-19,21:00:00,23.585,23.84,23.29,23.69,10714,0
2014-03-20,15:00:00,23.6,23.6,23.6,23.6,1000,0
2014-03-20,16:00:00,23.46,24.03,23.43,24.03,10742,0
2014-03-20,18:00:00,23.98,24.15,23.95,23.99,14578,0
2014-03-20,19:00:00,23.74,23.74,23.74,23.74,800,0
2014-03-20,20:00:00,23.66,24.18,23.64,23.91,15534,0
2014-03-20,21:00:00,23.6735,23.68,23.505,23.68,6900,0
2014-03-21,15:00:00,23.68,23.68,23.28,23.635,21080,0
2014-03-21,16:00:00,23.95,24,23.3,23.85,19798,0
2014-03-21,17:00:00,23.9,23.92,23.9,23.92,10706,0
2014-03-21,19:00:00,23.84,23.85,23.84,23.85,1200,0
2014-03-21,20:00:00,23.68,23.71,23.65,23.65,1700,0
2014-03-21,21:00:00,23.65,23.81,23.4,23.71,30366,0
2014-03-24,15:00:00,23.6,23.65,23.42,23.47,9639,0
2014-03-24,16:00:00,23.27,23.27,23.04,23.04,3100,0
2014-03-24,17:00:00,23.04,23.04,23.02,23.02,1200,0
2014-03-24,18:00:00,23.04,23.07,23.02,23.07,3365,0
2014-03-24,19:00:00,22.98,23.23,22.98,23.03,2200,0
2014-03-24,20:00:00,23.04,23.23,23.014,23.22,4700,0
2014-03-24,21:00:00,23.03,23.25,23.01,23.12,25814,0
2014-03-25,15:00:00,23.03,23.03,23.03,23.03,300,0
2014-03-25,16:00:00,23.809,23.809,22.66,23.06,20300,0
2014-03-25,17:00:00,23.01,23.28,22.91,22.91,29294,0
2014-03-25,18:00:00,23.09,23.16,22.77,22.87,56381,0
2014-03-25,19:00:00,22.85,22.88,22.85,22.88,200,0
2014-03-25,20:00:00,22.922,23.263,22.922,23.263,1118,0
2014-03-25,21:00:00,23.072,23.4,23.06,23.39,8371,0
2014-03-26,15:00:00,23.64,23.7,23.43,23.63,676,0
2014-03-26,16:00:00,23.66,23.66,23.12,23.12,7999,0
2014-03-26,17:00:00,23.3,23.42,23.0203,23.26,7263,0
2014-03-26,18:00:00,23.42,23.58,23.31,23.37,1700,0
2014-03-26,19:00:00,23.31,23.5,23.31,23.34,300,0
2014-03-26,20:00:00,23.45,23.575,23.4,23.575,1140,0
2014-03-26,21:00:00,23.56,23.6,22.875,22.89,15555,0
2014-03-27,15:00:00,23.25,23.265,22.92,22.92,8596,0
2014-03-27,16:00:00,22.38,22.8,22.38,22.75,15135,0
2014-03-27,17:00:00,22.79,22.79,22.56,22.63,10792,0
2014-03-27,18:00:00,22.81,22.81,22.65,22.7,28057,0
2014-03-27,19:00:00,22.7,22.8,22.67,22.75,27942,0
2014-03-27,20:00:00,22.7,22.7999,22.68,22.745,61879,0
2014-03-27,21:00:00,22.81,22.85,22.71,22.8,16118,0
2014-03-28,15:00:00,22.8,23.28,22.61,22.93,11784,0
2014-03-28,16:00:00,23.12,23.12,23.09,23.11,1457,0
2014-03-28,17:00:00,23.3,23.3,22.85,23.18,15998,0
2014-03-28,18:00:00,23.11,23.2,22.85,23,19930,0
2014-03-28,19:00:00,23.14,23.18,22.44,22.82,26291,0
2014-03-28,20:00:00,22.45,22.45,22.45,22.45,300,0
2014-03-28,21:00:00,22.9,22.9,22.56,22.64,8892,0
2014-03-31,16:00:00,23.19,23.35,22.96,23,6554,0
2014-03-31,17:00:00,22.93,23.05,22.57,22.93,22166,0
2014-03-31,18:00:00,22.89,23.05,22.81,22.92,16187,0
2014-03-31,19:00:00,22.97,23.19,22.81,22.99,17612,0
2014-03-31,20:00:00,23.01,23.25,23.01,23.131,5144,0
2014-03-31,21:00:00,23.13,23.15,22.98,22.98,10386,0
2014-03-31,22:00:00,23.06,23.1886,22.98,23.02,43444,0
2014-04-01,16:00:00,22.9,23.3,22.9,22.97,9456,0
2014-04-01,17:00:00,23.19,23.19,22.98,22.98,1800,0
2014-04-01,18:00:00,23.25,23.44,23.15,23.43,3000,0
2014-04-01,19:00:00,23.33,23.43,23.2801,23.43,2128,0
2014-04-01,20:00:00,23.43,23.45,23.3801,23.3801,2200,0
2014-04-01,21:00:00,23.45,23.96,23.45,23.64,8420,0
2014-04-01,22:00:00,23.74,24.18,23.74,23.98,16934,0
2014-04-02,16:00:00,24.11,24.33,23.61,24,19298,0
2014-04-02,17:00:00,23.971,24.3,23.971,24.14,1500,0
2014-04-02,18:00:00,24.0701,24.27,24.0701,24.25,1300,0
2014-04-02,19:00:00,24.25,24.25,24.19,24.24,1000,0
2014-04-02,20:00:00,24.19,24.25,24.18,24.25,800,0
2014-04-02,21:00:00,24.18,24.25,24.03,24.03,2500,0
2014-04-02,22:00:00,24.08,24.25,24.08,24.19,7658,0
2014-04-03,16:00:00,24.35,24.35,22.42,24.18,2517,0
2014-04-03,17:00:00,24.376,24.376,24.13,24.3,8511,0
2014-04-03,18:00:00,24.21,24.26,24.21,24.25,6980,0
2014-04-03,19:00:00,24.25,24.33,24.2,24.33,7878,0
2014-04-03,20:00:00,24.29,24.3,24.26,24.26,5908,0
2014-04-03,21:00:00,24.26,24.3,24.25,24.3,13902,0
2014-04-03,22:00:00,24.3,24.54,24.27,24.41,25741,0
2014-04-04,16:00:00,24.68,24.68,24.21,24.67,7360,0
2014-04-04,17:00:00,24.63,24.818,24.6,24.63,10455,0
2014-04-04,18:00:00,24.6,24.63,24.35,24.35,20399,0
2014-04-04,19:00:00,24.17,24.17,23.86,23.86,2619,0
2014-04-04,20:00:00,23.86,23.93,23.85,23.85,1852,0
2014-04-04,21:00:00,23.84,24.18,23.78,23.89,18835,0
2014-04-04,22:00:00,23.87,23.94,23.67,23.81,12534,0
2014-04-07,16:00:00,23.61,23.7,23.37,23.64,10476,0
2014-04-07,17:00:00,23.51,23.7,23.36,23.43,4070,0
2014-04-07,18:00:00,23.58,23.65,23.44,23.49,4519,0
2014-04-07,19:00:00,23.49,23.68,23.48,23.48,3200,0
2014-04-07,20:00:00,23.49,23.66,23.49,23.62,900,0
2014-04-07,21:00:00,23.66,23.69,23.55,23.67,8000,0
2014-04-07,22:00:00,23.7,23.7,23.26,23.38,26857,0
2014-04-08,16:00:00,23.69,23.69,23.68,23.68,3400,0
2014-04-08,17:00:00,23.839,23.84,23.839,23.84,10620,0
2014-04-08,18:00:00,23.69,23.69,23.69,23.69,1200,0
2014-04-08,19:00:00,23.78,24.01,23.78,24.01,2100,0
2014-04-08,20:00:00,23.76,23.76,23.72,23.73,4400,0
2014-04-08,21:00:00,23.8,23.8,23.78,23.8,5000,0
2014-04-08,22:00:00,23.87,23.87,23.72,23.79,7899,0
2014-04-09,16:00:00,23.7,23.7,23.59,23.61,51600,0
2014-04-09,17:00:00,23.59,23.59,23.13,23.13,600,0
2014-04-09,18:00:00,23.04,23.229,23.04,23.14,1900,0
2014-04-09,19:00:00,23.16,23.3,23.15,23.25,2200,0
2014-04-09,20:00:00,23.25,23.33,22.99,23.33,5500,0
2014-04-09,21:00:00,23.27,23.32,23.14,23.21,3600,0
2014-04-09,22:00:00,23.17,23.55,23.17,23.48,9276,0
2014-04-10,16:00:00,23.4,23.4,23.34,23.4,1200,0
2014-04-10,17:00:00,23.39,23.55,23.3,23.35,63001,0
2014-04-10,18:00:00,23.37,23.45,23.37,23.37,13700,0
2014-04-10,19:00:00,23.37,23.4,23.35,23.37,14195,0
2014-04-10,20:00:00,23.37,23.42,22.95,23.35,39648,0
2014-04-10,21:00:00,23.32,23.32,22.93,22.95,2500,0
2014-04-10,22:00:00,22.96,23.37,22.96,23.2,11129,0
2014-04-11,16:00:00,23.16,23.37,23.15,23.29,1800,0
2014-04-11,17:00:00,23.2,23.29,23.19,23.24,4693,0
2014-04-11,18:00:00,23.34,23.35,23.2,23.31,4652,0
2014-04-11,19:00:00,23.23,23.26,23.2,23.26,1938,0
2014-04-11,20:00:00,23.25,23.33,23.25,23.26,5911,0
2014-04-11,21:00:00,23.26,23.31,23.25,23.31,4824,0
2014-04-11,22:00:00,23.25,23.38,23.25,23.25,8467,0
2014-04-14,16:00:00,23.4,23.4,23.4,23.4,10270,0
2014-04-14,17:00:00,23.4,23.47,23.4,23.44,21558,0
2014-04-14,21:00:00,23.41,23.41,23.25,23.25,3000,0
2014-04-14,22:00:00,23.25,23.44,23.2,23.36,25344,0
2014-04-15,16:00:00,23.34,23.45,23.34,23.45,3700,0
2014-04-15,17:00:00,23.35,23.36,23.01,23.25,8500,0
2014-04-15,18:00:00,23.25,23.29,23.06,23.06,38078,0
2014-04-15,19:00:00,22.99,23.05,22.77,22.78,1500,0
2014-04-15,20:00:00,22.67,23.18,22.67,23.04,4000,0
2014-04-15,21:00:00,23.25,23.25,22.98,22.99,4530,0
2014-04-15,22:00:00,23.09,23.39,23.09,23.27,11506,0
2014-04-16,16:00:00,23.64,23.64,23.39,23.39,700,0
2014-04-16,17:00:00,23.6,23.6,23.11,23.17,1400,0
2014-04-16,18:00:00,23.23,23.72,23.23,23.72,4500,0
2014-04-16,19:00:00,23.68,23.88,23.68,23.69,2200,0
2014-04-16,20:00:00,23.63,23.672,23.59,23.59,900,0
2014-04-16,21:00:00,23.51,23.55,23.32,23.55,1200,0
2014-04-16,22:00:00,23.58,23.81,23.55,23.72,4492,0
2014-04-17,16:00:00,23.65,23.65,23.65,23.65,500,0
2014-04-17,17:00:00,23.11,23.75,23.11,23.69,3200,0
2014-04-17,18:00:00,23.68,23.68,23.68,23.68,200,0
2014-04-17,20:00:00,23.81,24,23.75,24,2800,0
2014-04-17,21:00:00,23.98,24.18,23.9274,24.16,2554,0
2014-04-17,22:00:00,24.15,24.3,24.061,24.29,3000,0
2014-04-21,17:00:00,24,24,23.87,23.91,2389,0
2014-04-21,18:00:00,24.0899,24.17,23.96,24.16,1050,0
2014-04-21,19:00:00,24.17,24.17,23.92,23.98,1700,0
2014-04-21,20:00:00,23.85,24.06,23.8001,24.05,4800,0
2014-04-21,21:00:00,23.96,24.01,23.93,23.975,932,0
2014-04-21,22:00:00,23.89,24.05,23.88,23.96,5100,0
2014-04-22,16:00:00,23.5757,23.96,23.5757,23.96,2317,0
2014-04-22,17:00:00,23.83,24.029,23.61,23.7,4696,0
2014-04-22,18:00:00,23.87,23.9,23.77,23.85,8925,0
2014-04-22,19:00:00,23.85,24,23.84,24,2800,0
2014-04-22,20:00:00,23.91,24,23.9,23.91,9500,0
2014-04-22,21:00:00,24.04,24.2,23.94,23.94,11685,0
2014-04-22,22:00:00,23.94,23.98,23.81,23.96,10627,0
2014-04-23,17:00:00,23.63,23.63,23.63,23.63,500,0
2014-04-23,18:00:00,23.8,23.8,23.64,23.64,1469,0
2014-04-23,19:00:00,23.78,23.849,23.37,23.77,28216,0
2014-04-23,20:00:00,23.84,23.84,23.46,23.69,4700,0
2014-04-23,21:00:00,23.59,23.84,23.38,23.63,8500,0
2014-04-23,22:00:00,23.63,23.75,23.54,23.69,33090,0
2014-04-24,16:00:00,23.75,23.9,23.5,23.73,14796,0
2014-04-24,17:00:00,23.83,24.01,23.83,23.87,16873,0
2014-04-24,18:00:00,23.97,24,23.74,23.84,7830,0
2014-04-24,19:00:00,23.84,23.894,23.84,23.84,1000,0
2014-04-24,20:00:00,23.854,23.854,23.7,23.782,3332,0
2014-04-24,21:00:00,23.76,23.77,23.65,23.65,6357,0
2014-04-24,22:00:00,23.65,23.81,23.63,23.72,24748,0
2014-04-25,16:00:00,23.77,23.77,23.62,23.72,2164,0
2014-04-25,17:00:00,23.63,23.865,23.62,23.86,31800,0
2014-04-25,18:00:00,23.81,23.91,23.64,23.72,5600,0
2014-04-25,19:00:00,23.66,23.75,23.5,23.54,3799,0
2014-04-25,20:00:00,23.54,23.54,23.36,23.47,3800,0
2014-04-25,21:00:00,23.465,23.71,23.315,23.65,5000,0
2014-04-25,22:00:00,23.6,23.7,23.5,23.5,9314,0
2014-04-28,16:00:00,23.68,23.86,23.23,23.79,1872,0
2014-04-28,17:00:00,23.76,23.79,23.6,23.66,2875,0
2014-04-28,18:00:00,23.79,24,23.56,23.76,40637,0
2014-04-28,19:00:00,23.93,23.95,23.72,23.72,5300,0
2014-04-28,20:00:00,23.71,23.83,23.67,23.67,900,0
2014-04-28,21:00:00,23.66,23.87,23.561,23.561,5451,0
2014-04-28,22:00:00,23.6222,23.71,23.5,23.51,16430,0
2014-04-29,16:00:00,23.65,23.73,23.64,23.64,7308,0
2014-04-29,17:00:00,23.64,23.64,23.57,23.57,1300,0
2014-04-29,18:00:00,23.59,23.6,23.58,23.58,5300,0
2014-04-29,19:00:00,23.45,23.53,23.35,23.53,3861,0
2014-04-29,20:00:00,23.4,23.5,23.35,23.5,2800,0
2014-04-29,21:00:00,23.4,23.52,23.35,23.4,5428,0
2014-04-29,22:00:00,23.53,23.53,23.18,23.28,17365,0
2014-04-30,16:00:00,23.07,23.2052,22.88,22.89,2550,0
2014-04-30,17:00:00,23,23.33,22.88,23.23,8125,0
2014-04-30,18:00:00,23.18,23.19,22.99,22.99,2600,0
2014-04-30,19:00:00,22.86,22.86,22.74,22.74,3519,0
2014-04-30,20:00:00,22.73,22.75,22.69,22.75,4059,0
2014-04-30,21:00:00,22.75,22.93,22.75,22.91,7980,0
2014-04-30,22:00:00,23,23.21,23,23.15,16461,0
2014-05-01,16:00:00,22.99,22.99,22.43,22.43,5962,0
2014-05-01,17:00:00,22.53,22.69,22.42,22.59,6700,0
2014-05-01,18:00:00,22.71,22.92,22.71,22.77,204000,0
2014-05-01,19:00:00,22.88,23.37,22.88,23,5600,0
2014-05-01,20:00:00,23.23,23.23,22.96,22.96,10108,0
2014-05-01,21:00:00,22.96,23.1,22.96,23,4420,0
2014-05-01,22:00:00,23,23.34,22.99,23.29,10676,0
2014-05-02,16:00:00,23.28,23.75,23.28,23.28,12080,0
2014-05-02,17:00:00,23.75,23.99,23.56,23.56,9767,0
2014-05-02,18:00:00,23.58,23.59,23.49,23.58,6570,0
2014-05-02,19:00:00,23.5001,23.74,23.451,23.74,10110,0
2014-05-02,20:00:00,23.64,23.7,23.51,23.51,2200,0
2014-05-02,21:00:00,23.36,23.69,23.36,23.52,3600,0
2014-05-02,22:00:00,23.49,23.56,23.31,23.42,9839,0
2014-05-05,16:00:00,23.31,23.39,23.1,23.2275,3777,0
2014-05-05,17:00:00,23.24,23.24,23.1,23.18,1000,0
2014-05-05,18:00:00,23.1,23.35,22.95,23.1,8673,0
2014-05-05,19:00:00,23.29,23.54,23.14,23.27,9512,0
2014-05-05,20:00:00,23.37,23.37,23.09,23.09,2865,0
2014-05-05,21:00:00,23.26,23.47,23.12,23.27,4520,0
2014-05-05,22:00:00,23.27,23.58,23.26,23.38,9036,0
2014-05-06,16:00:00,23.23,23.68,23.23,23.515,3996,0
2014-05-06,17:00:00,23.42,23.7,23.15,23.15,4116,0
2014-05-06,18:00:00,23.15,23.27,23,23.1,4500,0
2014-05-06,19:00:00,23.1,23.14,23,23.09,800,0
2014-05-06,20:00:00,23.1,23.15,23,23.04,31700,0
2014-05-06,21:00:00,23.05,23.1,23,23.09,135500,0
2014-05-06,22:00:00,22.99,23.1,22.92,22.93,25267,0
2014-05-07,16:00:00,22.79,22.96,22.79,22.96,2300,0
2014-05-07,17:00:00,22.86,22.89,22.8,22.88,4552,0
2014-05-07,18:00:00,22.92,23,22.8,22.955,11633,0
2014-05-07,19:00:00,22.95,23.06,22.92,22.92,17933,0
2014-05-07,20:00:00,22.92,23.07,22.87,22.93,17750,0
2014-05-07,21:00:00,22.9,23.1894,22.9,22.95,24311,0
2014-05-07,22:00:00,22.94,23.01,22.77,22.82,34370,0
