Date,Time,Open,High,Low,Close,Volume,OpenInt
2014-02-10,16:00:00,2.66,2.668,2.66,2.668,200,0
2014-02-10,17:00:00,2.65,2.65,2.6201,2.6499,10120,0
2014-02-10,18:00:00,2.61,2.63,2.6,2.6,21134,0
2014-02-10,19:00:00,2.59,2.63,2.55,2.63,5850,0
2014-02-10,20:00:00,2.59,2.595,2.59,2.5901,3270,0
2014-02-10,21:00:00,2.61,2.61,2.61,2.61,100,0
2014-02-10,22:00:00,2.6,2.6099,2.56,2.6,8230,0
2014-02-11,17:00:00,2.6199,2.67,2.57,2.58,16900,0
2014-02-11,18:00:00,2.59,2.61,2.59,2.6,12507,0
2014-02-11,20:00:00,2.6,2.6,2.599,2.6,18740,0
2014-02-11,21:00:00,2.6,2.6,2.6,2.6,4907,0
2014-02-11,22:00:00,2.59,2.59,2.56,2.58,12300,0
2014-02-12,16:00:00,2.6,2.66,2.6,2.6401,6338,0
2014-02-12,17:00:00,2.6299,2.6299,2.6284,2.6284,1330,0
2014-02-12,18:00:00,2.6,2.6,2.6,2.6,300,0
2014-02-12,19:00:00,2.6,2.6199,2.6,2.6,2700,0
2014-02-12,20:00:00,2.6199,2.62,2.6199,2.62,1100,0
2014-02-12,21:00:00,2.62,2.64,2.62,2.638,5275,0
2014-02-12,22:00:00,2.64,2.6499,2.63,2.64,1600,0
2014-02-13,16:00:00,2.61,2.61,2.6,2.6,1200,0
2014-02-13,17:00:00,2.6,2.64,2.6,2.6,4700,0
2014-02-13,18:00:00,2.6,2.6,2.6,2.6,1800,0
2014-02-13,19:00:00,2.6,2.6,2.6,2.6,800,0
2014-02-13,22:00:00,2.6,2.62,2.6,2.6,9116,0
2014-02-14,16:00:00,2.62,2.62,2.62,2.62,100,0
2014-02-14,17:00:00,2.66,2.7,2.66,2.7,5900,0
2014-02-14,18:00:00,2.677,2.6799,2.6501,2.6501,3000,0
2014-02-14,19:00:00,2.67,2.77,2.66,2.75,10176,0
2014-02-14,20:00:00,2.746,2.746,2.72,2.73,3385,0
2014-02-14,21:00:00,2.72,2.73,2.72,2.73,1200,0
2014-02-14,22:00:00,2.68,2.6999,2.67,2.67,1155,0
2014-02-18,16:00:00,2.67,2.689,2.66,2.689,5192,0
2014-02-18,17:00:00,2.63,2.6599,2.613,2.62,10000,0
2014-02-18,18:00:00,2.6699,2.67,2.64,2.64,3500,0
2014-02-18,19:00:00,2.65,2.665,2.64,2.665,2800,0
2014-02-18,20:00:00,2.66,2.66,2.641,2.65,3100,0
2014-02-18,21:00:00,2.63,2.63,2.63,2.63,200,0
2014-02-18,22:00:00,2.64,2.64,2.63,2.63,400,0
2014-02-19,17:00:00,2.6396,2.6396,2.6,2.6,2125,0
2014-02-19,18:00:00,2.61,2.6299,2.61,2.61,1706,0
2014-02-19,19:00:00,2.61,2.62,2.59,2.59,9499,0
2014-02-19,21:00:00,2.6399,2.6399,2.6001,2.6001,2050,0
2014-02-19,22:00:00,2.59,2.59,2.59,2.59,200,0
2014-02-20,16:00:00,2.64,2.74,2.6,2.6,4334,0
2014-02-20,17:00:00,2.5904,2.616,2.59,2.616,1972,0
2014-02-20,18:00:00,2.62,2.62,2.56,2.6,17600,0
2014-02-20,19:00:00,2.6,2.6,2.6,2.6,5600,0
2014-02-20,20:00:00,2.6,2.62,2.6,2.6,2200,0
2014-02-20,22:00:00,2.63,2.63,2.6,2.6,1400,0
2014-02-21,17:00:00,2.61,2.6101,2.6,2.6001,3309,0
2014-02-21,18:00:00,2.59,2.59,2.59,2.59,1970,0
2014-02-21,19:00:00,2.6,2.6,2.6,2.6,250,0
2014-02-21,20:00:00,2.6,2.6,2.6,2.6,100,0
2014-02-21,21:00:00,2.6,2.61,2.59,2.59,8000,0
2014-02-21,22:00:00,2.59,2.59,2.58,2.581,4350,0
2014-02-24,16:00:00,2.57,2.575,2.56,2.56,16173,0
2014-02-24,17:00:00,2.57,2.57,2.56,2.56,17485,0
2014-02-24,18:00:00,2.5601,2.57,2.5601,2.57,4600,0
2014-02-24,19:00:00,2.581,2.6,2.58,2.6,700,0
2014-02-24,20:00:00,2.6,2.6,2.6,2.6,100,0
2014-02-24,21:00:00,2.59,2.59,2.581,2.59,833,0
2014-02-24,22:00:00,2.59,2.59,2.59,2.59,200,0
2014-02-25,16:00:00,2.62,2.69,2.62,2.62,5800,0
2014-02-25,17:00:00,2.62,2.6201,2.62,2.6201,1300,0
2014-02-25,18:00:00,2.63,2.64,2.63,2.6399,7824,0
2014-02-25,19:00:00,2.6214,2.6214,2.62,2.62,900,0
2014-02-25,20:00:00,2.6,2.6,2.5899,2.6,6000,0
2014-02-25,22:00:00,2.6,2.6,2.5501,2.5501,11495,0
2014-02-26,16:00:00,2.6,2.6,2.6,2.6,4500,0
2014-02-26,17:00:00,2.5655,2.6,2.56,2.58,11600,0
2014-02-26,18:00:00,2.58,2.85,2.58,2.79,62107,0
2014-02-26,19:00:00,2.82,2.8599,2.76,2.7615,51036,0
2014-02-26,20:00:00,2.77,2.79,2.76,2.79,900,0
2014-02-26,21:00:00,2.781,2.781,2.71,2.7699,21216,0
2014-02-26,22:00:00,2.75,2.75,2.71,2.72,13665,0
2014-02-27,16:00:00,2.75,2.7799,2.75,2.7799,2860,0
2014-02-27,17:00:00,2.78,2.78,2.74,2.74,3000,0
2014-02-27,18:00:00,2.7482,2.7482,2.71,2.731,1900,0
2014-02-27,20:00:00,2.73,2.73,2.73,2.73,300,0
2014-02-27,21:00:00,2.75,2.75,2.72,2.7201,2100,0
2014-02-27,22:00:00,2.7201,2.7201,2.71,2.71,3150,0
2014-02-28,16:00:00,2.75,2.8,2.75,2.8,2400,0
2014-02-28,17:00:00,2.8,2.8001,2.7501,2.7599,10200,0
2014-02-28,18:00:00,2.75,2.75,2.64,2.6799,5695,0
2014-02-28,19:00:00,2.68,2.68,2.68,2.68,100,0
2014-02-28,20:00:00,2.68,2.7,2.68,2.7,3900,0
2014-02-28,21:00:00,2.7,2.7,2.7,2.7,100,0
2014-02-28,22:00:00,2.6801,2.681,2.64,2.64,7820,0
2014-03-03,16:00:00,2.57,2.571,2.57,2.571,300,0
2014-03-03,17:00:00,2.57,2.5799,2.57,2.5799,3900,0
2014-03-03,18:00:00,2.58,2.5999,2.58,2.5999,725,0
2014-03-03,19:00:00,2.6,2.6,2.58,2.58,2500,0
2014-03-03,20:00:00,2.5998,2.5998,2.58,2.58,600,0
2014-03-03,21:00:00,2.596,2.596,2.596,2.596,200,0
2014-03-03,22:00:00,2.599,2.599,2.58,2.58,2100,0
2014-03-04,16:00:00,2.65,2.65,2.65,2.65,250,0
2014-03-04,18:00:00,2.61,2.61,2.61,2.61,200,0
2014-03-04,19:00:00,2.62,2.62,2.6,2.62,16990,0
2014-03-04,20:00:00,2.59,2.59,2.59,2.59,100,0
2014-03-04,21:00:00,2.59,2.59,2.59,2.59,300,0
2014-03-04,22:00:00,2.59,2.6,2.59,2.6,2700,0
2014-03-05,16:00:00,2.601,2.6599,2.601,2.65,9000,0
2014-03-05,17:00:00,2.65,2.66,2.6499,2.66,2300,0
2014-03-05,18:00:00,2.656,2.74,2.656,2.74,5100,0
2014-03-05,19:00:00,2.73,2.75,2.7001,2.72,11859,0
2014-03-05,21:00:00,2.7199,2.72,2.7199,2.72,3400,0
2014-03-05,22:00:00,2.72,2.85,2.7183,2.83,79158,0
2014-03-06,16:00:00,2.85,2.95,2.85,2.903,77152,0
2014-03-06,17:00:00,2.918,3.187,2.918,3.079,173483,0
2014-03-06,18:00:00,3.0602,3.0684,3.0262,3.0262,18820,0
2014-03-06,19:00:00,3.03,3.037,3,3.037,8500,0
2014-03-06,20:00:00,3.018,3.04,3.018,3.04,9454,0
2014-03-06,21:00:00,3.03,3.05,3,3.0399,31524,0
2014-03-06,22:00:00,3.02,3.04,2.97,3.02,27488,0
2014-03-07,16:00:00,3.05,3.05,2.8,2.82,18855,0
2014-03-07,17:00:00,2.8958,2.95,2.841,2.8704,12405,0
2014-03-07,18:00:00,2.86,2.8899,2.85,2.8899,4050,0
2014-03-07,19:00:00,2.88,2.9,2.88,2.899,6100,0
2014-03-07,20:00:00,2.9,2.95,2.9,2.95,5690,0
2014-03-07,21:00:00,2.95,3.02,2.95,3.02,10843,0
2014-03-07,22:00:00,3.02,3.02,2.9501,3,19829,0
2014-03-10,15:00:00,3.09,3.09,2.891,2.891,13655,0
2014-03-10,16:00:00,2.9,2.91,2.9,2.9,4600,0
2014-03-10,17:00:00,2.9101,2.98,2.9101,2.98,4865,0
2014-03-10,18:00:00,2.9501,2.9699,2.95,2.9699,4150,0
2014-03-10,19:00:00,2.96,2.96,2.92,2.92,6350,0
2014-03-10,21:00:00,2.921,2.98,2.911,2.94,9620,0
2014-03-11,15:00:00,2.9101,2.924,2.9101,2.92,8000,0
2014-03-11,16:00:00,2.91,2.91,2.8109,2.8744,12414,0
2014-03-11,17:00:00,2.8601,2.8601,2.82,2.8299,10568,0
2014-03-11,18:00:00,2.83,2.9,2.82,2.9,8675,0
2014-03-11,19:00:00,2.871,2.871,2.871,2.871,500,0
2014-03-11,20:00:00,2.9001,2.9001,2.9,2.9,6300,0
2014-03-11,21:00:00,2.88,2.89,2.8701,2.89,700,0
2014-03-12,15:00:00,2.8207,2.8207,2.8,2.8,3300,0
2014-03-12,16:00:00,2.801,2.812,2.8,2.8099,8450,0
2014-03-12,17:00:00,2.8,2.8,2.779,2.79,5514,0
2014-03-12,18:00:00,2.8001,2.8001,2.8001,2.8001,1000,0
2014-03-12,19:00:00,2.8001,2.88,2.8001,2.88,600,0
2014-03-12,21:00:00,2.83,2.83,2.83,2.83,100,0
2014-03-13,15:00:00,2.81,2.81,2.81,2.81,717,0
2014-03-13,16:00:00,2.821,2.821,2.82,2.82,3000,0
2014-03-13,17:00:00,2.84,2.85,2.84,2.85,400,0
2014-03-13,18:00:00,2.84,2.84,2.84,2.84,400,0
2014-03-13,19:00:00,2.83,2.85,2.81,2.85,5700,0
2014-03-13,20:00:00,2.85,2.85,2.8128,2.8128,450,0
2014-03-13,21:00:00,2.83,2.839,2.8,2.81,7937,0
2014-03-14,15:00:00,2.89,2.89,2.86,2.86,7200,0
2014-03-14,16:00:00,2.8,2.84,2.8,2.8,1500,0
2014-03-14,17:00:00,2.83,2.84,2.83,2.84,200,0
2014-03-14,18:00:00,2.83,2.83,2.8201,2.8201,844,0
2014-03-14,19:00:00,2.8201,2.8699,2.82,2.8699,1800,0
2014-03-14,20:00:00,2.8385,2.8385,2.82,2.82,700,0
2014-03-14,21:00:00,2.83,2.88,2.83,2.87,2500,0
2014-03-17,16:00:00,2.93,3.08,2.9299,3.03,95551,0
2014-03-17,17:00:00,3.04,3.25,3.04,3.1801,225854,0
2014-03-17,18:00:00,3.18,3.39,3.09,3.39,158685,0
2014-03-17,19:00:00,3.3899,3.4,3.17,3.25,92878,0
2014-03-17,20:00:00,3.2001,3.25,3.18,3.2278,18427,0
2014-03-17,21:00:00,3.25,3.27,3.21,3.22,22441,0
2014-03-18,15:00:00,3.22,3.25,3.19,3.201,14514,0
2014-03-18,16:00:00,3.2,3.2001,3.07,3.14,22780,0
2014-03-18,17:00:00,3.19,3.2,3.1801,3.2,3600,0
2014-03-18,18:00:00,3.18,3.1899,3.15,3.1899,2650,0
2014-03-18,19:00:00,3.168,3.18,3.16,3.18,5128,0
2014-03-18,20:00:00,3.19,3.25,3.1838,3.25,6592,0
2014-03-18,21:00:00,3.2728,3.39,3.27,3.36,46226,0
2014-03-19,15:00:00,3.43,3.7,3.3301,3.6,158017,0
2014-03-19,16:00:00,3.61,3.65,3.431,3.4899,53429,0
2014-03-19,17:00:00,3.4899,3.4999,3.35,3.36,45167,0
2014-03-19,18:00:00,3.36,3.43,3.22,3.22,82318,0
2014-03-19,19:00:00,3.22,3.26,3.22,3.25,13297,0
2014-03-19,20:00:00,3.251,3.33,3.24,3.27,12900,0
2014-03-19,21:00:00,3.3,3.3,3.18,3.22,48439,0
2014-03-20,15:00:00,3.34,3.34,3.2401,3.2999,6390,0
2014-03-20,16:00:00,3.29,3.35,3.2899,3.3202,9315,0
2014-03-20,17:00:00,3.3365,3.4456,3.321,3.33,10900,0
2014-03-20,18:00:00,3.33,3.33,3.3265,3.3265,1800,0
2014-03-20,19:00:00,3.32,3.32,3.32,3.32,100,0
2014-03-20,20:00:00,3.32,3.5,3.32,3.45,45814,0
2014-03-20,21:00:00,3.47,3.47,3.35,3.36,33547,0
2014-03-21,15:00:00,3.4,3.48,3.31,3.354,14828,0
2014-03-21,16:00:00,3.4344,3.67,3.36,3.42,132708,0
2014-03-21,17:00:00,3.42,3.44,3.3906,3.4399,8198,0
2014-03-21,18:00:00,3.39,3.4,3.35,3.39,12353,0
2014-03-21,19:00:00,3.38,3.38,3.32,3.34,12294,0
2014-03-21,20:00:00,3.3501,3.3501,3.32,3.3201,10000,0
2014-03-21,21:00:00,3.32,3.3899,3.31,3.31,14550,0
2014-03-24,15:00:00,3.45,3.67,3.448,3.5,76781,0
2014-03-24,16:00:00,3.5,3.88,3.5,3.51,193042,0
2014-03-24,17:00:00,3.51,3.51,3.36,3.436,77555,0
2014-03-24,18:00:00,3.44,3.48,3.43,3.43,14256,0
2014-03-24,19:00:00,3.43,3.56,3.3801,3.4501,6900,0
2014-03-24,20:00:00,3.56,3.57,3.5001,3.57,15000,0
2014-03-24,21:00:00,3.56,3.68,3.5401,3.6,21319,0
2014-03-25,15:00:00,3.51,3.6099,3.51,3.56,8210,0
2014-03-25,16:00:00,3.541,3.65,3.521,3.61,45896,0
2014-03-25,17:00:00,3.6,3.6,3.56,3.5698,13333,0
2014-03-25,18:00:00,3.56,3.5899,3.5,3.54,37952,0
2014-03-25,19:00:00,3.54,3.5475,3.54,3.54,2800,0
2014-03-25,20:00:00,3.51,3.56,3.51,3.5599,8600,0
2014-03-25,21:00:00,3.55,3.6,3.55,3.6,5880,0
2014-03-26,15:00:00,3.6,3.63,3.59,3.6299,3418,0
2014-03-26,16:00:00,3.6,3.68,3.6,3.63,16164,0
2014-03-26,17:00:00,3.62,3.63,3.5501,3.5955,5801,0
2014-03-26,18:00:00,3.5878,3.5878,3.58,3.58,300,0
2014-03-26,19:00:00,3.598,3.643,3.34,3.34,52502,0
2014-03-26,20:00:00,3.34,3.45,3.331,3.3999,17950,0
2014-03-26,21:00:00,3.373,3.3999,3.35,3.38,10600,0
2014-03-27,15:00:00,3.32,3.32,3.29,3.29,8003,0
2014-03-27,16:00:00,3.3,3.37,3.29,3.37,3512,0
2014-03-27,17:00:00,3.39,3.4,3.3421,3.3421,5898,0
2014-03-27,18:00:00,3.34,3.34,3.34,3.34,100,0
2014-03-27,19:00:00,3.35,3.35,3.35,3.35,200,0
2014-03-27,20:00:00,3.301,3.301,3.29,3.29,1600,0
2014-03-27,21:00:00,3.29,3.34,3.29,3.34,1200,0
2014-03-28,15:00:00,3.28,3.3099,3.2408,3.3099,4057,0
2014-03-28,16:00:00,3.3099,3.451,3.3099,3.4499,31995,0
2014-03-28,17:00:00,3.44,3.4452,3.31,3.35,6890,0
2014-03-28,18:00:00,3.3358,3.3358,3.2601,3.28,6820,0
2014-03-28,19:00:00,3.379,3.379,3.29,3.29,6100,0
2014-03-28,20:00:00,3.28,3.359,3.27,3.359,4100,0
2014-03-28,21:00:00,3.31,3.32,3.2,3.23,10370,0
2014-03-31,16:00:00,3.23,3.23,2.9,2.95,138405,0
2014-03-31,17:00:00,2.97,3.01,2.84,2.905,121119,0
2014-03-31,18:00:00,2.94,2.94,2.86,2.86,15110,0
2014-03-31,19:00:00,2.865,2.865,2.63,2.6699,110645,0
2014-03-31,20:00:00,2.6401,2.68,2.63,2.65,69410,0
2014-03-31,21:00:00,2.65,2.7599,2.635,2.74,51926,0
2014-03-31,22:00:00,2.739,2.78,2.68,2.78,67926,0
2014-04-01,16:00:00,2.79,2.79,2.57,2.67,89447,0
2014-04-01,17:00:00,2.66,2.72,2.62,2.66,27147,0
2014-04-01,18:00:00,2.7,2.81,2.7,2.81,23267,0
2014-04-01,19:00:00,2.8,2.81,2.79,2.81,9200,0
2014-04-01,20:00:00,2.8025,2.81,2.7701,2.79,4000,0
2014-04-01,21:00:00,2.79,2.8,2.76,2.76,14307,0
2014-04-01,22:00:00,2.765,2.765,2.715,2.72,14992,0
2014-04-02,16:00:00,2.7254,2.74,2.7,2.72,2894,0
2014-04-02,17:00:00,2.7215,2.73,2.661,2.6707,9850,0
2014-04-02,18:00:00,2.67,2.68,2.57,2.6,32181,0
2014-04-02,19:00:00,2.6496,2.67,2.6101,2.6501,6900,0
2014-04-02,20:00:00,2.65,2.676,2.64,2.6501,2778,0
2014-04-02,21:00:00,2.66,2.69,2.66,2.69,6700,0
2014-04-02,22:00:00,2.6899,2.7,2.66,2.7,14698,0
2014-04-03,17:00:00,2.7,2.7,2.66,2.6899,16100,0
2014-04-03,18:00:00,2.66,2.72,2.66,2.72,14277,0
2014-04-03,19:00:00,2.7,2.7,2.66,2.66,800,0
2014-04-03,20:00:00,2.66,2.67,2.6,2.62,8708,0
2014-04-03,21:00:00,2.62,2.68,2.6,2.68,6768,0
2014-04-03,22:00:00,2.6396,2.6499,2.6,2.62,8506,0
2014-04-04,16:00:00,2.65,2.65,2.62,2.62,3550,0
2014-04-04,17:00:00,2.6001,2.61,2.5799,2.6,16000,0
2014-04-04,18:00:00,2.6,2.65,2.6,2.6,2400,0
2014-04-04,19:00:00,2.6012,2.62,2.55,2.55,23676,0
2014-04-04,20:00:00,2.54,2.54,2.5226,2.53,10400,0
2014-04-04,21:00:00,2.5344,2.5344,2.51,2.51,5392,0
2014-04-04,22:00:00,2.52,2.53,2.51,2.52,3000,0
2014-04-07,16:00:00,2.52,2.52,2.41,2.46,34469,0
2014-04-07,17:00:00,2.4501,2.46,2.41,2.4597,17141,0
2014-04-07,18:00:00,2.4599,2.4599,2.43,2.4496,6524,0
2014-04-07,19:00:00,2.4401,2.45,2.43,2.45,3058,0
2014-04-07,20:00:00,2.449,2.45,2.44,2.4499,4140,0
2014-04-07,21:00:00,2.4499,2.45,2.43,2.45,35927,0
2014-04-07,22:00:00,2.4499,2.45,2.44,2.44,5605,0
2014-04-08,16:00:00,2.447,2.447,2.42,2.421,3850,0
2014-04-08,17:00:00,2.43,2.43,2.43,2.43,200,0
2014-04-08,18:00:00,2.44,2.49,2.4301,2.49,30566,0
2014-04-08,19:00:00,2.49,2.5001,2.49,2.5001,1700,0
2014-04-08,20:00:00,2.53,2.53,2.53,2.53,100,0
2014-04-08,21:00:00,2.52,2.52,2.48,2.508,8708,0
2014-04-08,22:00:00,2.49,2.5,2.44,2.47,13911,0
2014-04-09,16:00:00,2.4801,2.4801,2.4801,2.4801,500,0
2014-04-09,17:00:00,2.51,2.51,2.45,2.48,3400,0
2014-04-09,18:00:00,2.49,2.49,2.4501,2.48,2600,0
2014-04-09,19:00:00,2.4601,2.4601,2.45,2.45,5719,0
2014-04-09,20:00:00,2.449,2.45,2.449,2.45,2500,0
2014-04-09,21:00:00,2.44,2.45,2.44,2.45,600,0
2014-04-09,22:00:00,2.44,2.46,2.44,2.45,10257,0
2014-04-10,16:00:00,2.45,2.53,2.45,2.4901,19405,0
2014-04-10,17:00:00,2.5,2.52,2.5,2.5,1300,0
2014-04-10,18:00:00,2.5101,2.5101,2.5101,2.5101,1000,0
2014-04-10,19:00:00,2.52,2.52,2.52,2.52,100,0
2014-04-10,20:00:00,2.51,2.5199,2.48,2.5199,10700,0
2014-04-10,21:00:00,2.52,2.52,2.5167,2.52,6639,0
2014-04-10,22:00:00,2.49,2.53,2.49,2.5002,8276,0
2014-04-11,16:00:00,2.51,2.53,2.5,2.53,4537,0
2014-04-11,17:00:00,2.5699,2.58,2.52,2.52,13952,0
2014-04-11,18:00:00,2.5596,2.5596,2.54,2.55,3387,0
2014-04-11,19:00:00,2.56,2.6,2.56,2.5801,8000,0
2014-04-11,20:00:00,2.58,2.5801,2.58,2.5801,11300,0
2014-04-11,22:00:00,2.5681,2.57,2.55,2.55,3296,0
2014-04-14,16:00:00,2.55,2.57,2.55,2.55,9533,0
2014-04-14,17:00:00,2.53,2.53,2.53,2.53,100,0
2014-04-14,18:00:00,2.52,2.5399,2.48,2.5399,2800,0
2014-04-14,19:00:00,2.5,2.53,2.4699,2.5199,10814,0
2014-04-14,20:00:00,2.51,2.51,2.51,2.51,600,0
2014-04-14,21:00:00,2.501,2.508,2.5001,2.5001,2800,0
2014-04-14,22:00:00,2.49,2.49,2.43,2.45,23030,0
2014-04-15,16:00:00,2.431,2.4501,2.431,2.4501,6500,0
2014-04-15,17:00:00,2.4601,2.5,2.46,2.4601,29600,0
2014-04-15,18:00:00,2.46,2.46,2.38,2.38,33204,0
2014-04-15,19:00:00,2.37,2.37,2.3,2.33,5185,0
2014-04-15,20:00:00,2.32,2.339,2.3,2.3299,5748,0
2014-04-15,21:00:00,2.33,2.35,2.33,2.35,5200,0
2014-04-15,22:00:00,2.39,2.3999,2.39,2.39,2200,0
2014-04-16,16:00:00,2.4,2.48,2.4,2.47,1900,0
2014-04-16,17:00:00,2.46,2.46,2.45,2.46,900,0
2014-04-16,18:00:00,2.47,2.48,2.44,2.4699,1400,0
2014-04-16,19:00:00,2.46,2.56,2.46,2.52,15800,0
2014-04-16,20:00:00,2.54,2.59,2.471,2.471,22277,0
2014-04-16,21:00:00,2.51,2.53,2.48,2.4996,1600,0
2014-04-16,22:00:00,2.5,2.65,2.46,2.63,20920,0
2014-04-17,16:00:00,2.59,2.61,2.59,2.5999,13498,0
2014-04-17,17:00:00,2.6,2.6,2.5601,2.5651,2734,0
2014-04-17,18:00:00,2.569,2.569,2.5401,2.5598,5360,0
2014-04-17,19:00:00,2.54,2.54,2.54,2.54,2000,0
2014-04-17,20:00:00,2.52,2.52,2.4995,2.4996,9100,0
2014-04-17,21:00:00,2.5,2.53,2.4996,2.53,5301,0
2014-04-17,22:00:00,2.54,2.54,2.5132,2.5132,2600,0
2014-04-21,17:00:00,2.5501,2.56,2.55,2.55,3318,0
2014-04-21,18:00:00,2.5499,2.5499,2.54,2.54,1116,0
2014-04-21,19:00:00,2.54,2.55,2.54,2.55,1999,0
2014-04-21,20:00:00,2.5399,2.5399,2.5399,2.5399,5960,0
2014-04-21,21:00:00,2.53,2.53,2.52,2.52,400,0
2014-04-21,22:00:00,2.52,2.53,2.51,2.53,1840,0
2014-04-22,16:00:00,2.56,2.58,2.527,2.53,8181,0
2014-04-22,17:00:00,2.5399,2.6096,2.53,2.6096,15525,0
2014-04-22,18:00:00,2.62,2.6299,2.6004,2.6004,1175,0
2014-04-22,19:00:00,2.62,2.62,2.5804,2.5804,935,0
2014-04-22,20:00:00,2.599,2.599,2.59,2.59,2500,0
2014-04-22,21:00:00,2.59,2.59,2.58,2.59,2500,0
2014-04-22,22:00:00,2.59,2.59,2.56,2.57,2800,0
2014-04-23,17:00:00,2.56,2.57,2.56,2.57,1500,0
2014-04-23,18:00:00,2.56,2.56,2.5,2.55,5350,0
2014-04-23,19:00:00,2.55,2.55,2.55,2.55,300,0
2014-04-23,20:00:00,2.531,2.55,2.531,2.55,3730,0
2014-04-23,21:00:00,2.55,2.57,2.55,2.57,1000,0
2014-04-23,22:00:00,2.559,2.57,2.559,2.56,1900,0
2014-04-24,16:00:00,2.57,2.57,2.5616,2.5616,3928,0
2014-04-24,17:00:00,2.54,2.541,2.48,2.54,27428,0
2014-04-24,18:00:00,2.52,2.52,2.52,2.52,600,0
2014-04-24,19:00:00,2.52,2.52,2.51,2.51,3494,0
2014-04-24,20:00:00,2.4906,2.4999,2.4906,2.4999,260,0
2014-04-24,21:00:00,2.5,2.5,2.4999,2.4999,750,0
2014-04-24,22:00:00,2.5,2.52,2.493,2.52,4353,0
2014-04-25,16:00:00,2.5225,2.5225,2.4844,2.4844,950,0
2014-04-25,17:00:00,2.5001,2.531,2.5,2.531,2700,0
2014-04-25,18:00:00,2.5599,2.5599,2.5599,2.5599,1000,0
2014-04-25,19:00:00,2.56,2.6,2.56,2.6,7285,0
2014-04-25,20:00:00,2.5701,2.6,2.57,2.57,3460,0
2014-04-25,21:00:00,2.57,2.59,2.56,2.59,8989,0
2014-04-25,22:00:00,2.59,2.6,2.5801,2.5801,4826,0
2014-04-28,16:00:00,2.491,2.491,2.37,2.44,15650,0
2014-04-28,17:00:00,2.46,2.54,2.45,2.53,19300,0
2014-04-28,18:00:00,2.55,2.55,2.53,2.53,4478,0
2014-04-28,19:00:00,2.5365,2.5365,2.5365,2.5365,100,0
2014-04-28,20:00:00,2.54,2.54,2.54,2.54,100,0
2014-04-28,21:00:00,2.5328,2.54,2.53,2.54,1975,0
2014-04-28,22:00:00,2.5308,2.5308,2.5308,2.5308,1000,0
2014-04-29,17:00:00,2.5799,2.5799,2.54,2.54,5150,0
2014-04-29,18:00:00,2.55,2.55,2.55,2.55,200,0
2014-04-29,19:00:00,2.5399,2.5399,2.5,2.5,2183,0
2014-04-29,20:00:00,2.5,2.5,2.45,2.462,3300,0
2014-04-29,21:00:00,2.47,2.47,2.43,2.4599,4600,0
2014-04-29,22:00:00,2.42,2.48,2.42,2.47,1000,0
2014-04-30,16:00:00,2.4028,2.45,2.4028,2.45,3253,0
2014-04-30,17:00:00,2.45,2.46,2.43,2.43,3551,0
2014-04-30,18:00:00,2.43,2.441,2.41,2.4299,7600,0
2014-04-30,19:00:00,2.41,2.42,2.35,2.4,10021,0
2014-04-30,20:00:00,2.4,2.4001,2.38,2.38,3300,0
2014-04-30,21:00:00,2.38,2.381,2.3799,2.38,1900,0
2014-04-30,22:00:00,2.38,2.38,2.34,2.3425,3250,0
2014-05-01,16:00:00,2.3399,2.3399,2.3399,2.3399,200,0
2014-05-01,17:00:00,2.31,2.31,2.3,2.31,400,0
2014-05-01,18:00:00,2.3299,2.34,2.3,2.3,7374,0
2014-05-01,19:00:00,2.299,2.46,2.299,2.35,9680,0
2014-05-01,21:00:00,2.36,2.36,2.36,2.36,100,0
2014-05-01,22:00:00,2.4,2.4,2.3999,2.3999,2300,0
2014-05-02,16:00:00,2.42,2.42,2.42,2.42,100,0
2014-05-02,17:00:00,2.42,2.42,2.4,2.4,2400,0
2014-05-02,18:00:00,2.38,2.4,2.35,2.4,1900,0
2014-05-02,20:00:00,2.39,2.39,2.39,2.39,100,0
2014-05-02,21:00:00,2.39,2.39,2.39,2.39,100,0
2014-05-02,22:00:00,2.39,2.39,2.38,2.39,8842,0
2014-05-05,16:00:00,2.6,2.62,2.6,2.62,900,0
2014-05-05,17:00:00,2.51,2.51,2.42,2.42,4500,0
2014-05-05,18:00:00,2.39,2.39,2.39,2.39,800,0
2014-05-05,20:00:00,2.39,2.39,2.39,2.39,236,0
2014-05-05,21:00:00,2.36,2.36,2.36,2.36,100,0
2014-05-05,22:00:00,2.38,2.38,2.34,2.34,7100,0
2014-05-06,16:00:00,2.34,2.34,2.2504,2.2504,5709,0
2014-05-06,17:00:00,2.27,2.34,2.27,2.33,20498,0
2014-05-06,18:00:00,2.33,2.34,2.32,2.32,7182,0
2014-05-06,19:00:00,2.31,2.31,2.28,2.29,9239,0
2014-05-06,20:00:00,2.29,2.2901,2.2601,2.2601,4700,0
2014-05-06,21:00:00,2.26,2.3199,2.26,2.281,19239,0
2014-05-06,22:00:00,2.2899,2.34,2.27,2.29,13425,0
2014-05-07,16:00:00,2.25,2.2504,2.08,2.13,41744,0
2014-05-07,17:00:00,2.13,2.13,1.94,1.9463,66182,0
2014-05-07,18:00:00,1.95,2.0312,1.94,2,12845,0
2014-05-07,19:00:00,2.029,2.03,1.96,2.0001,26896,0
2014-05-07,20:00:00,2,2.01,2,2.01,2786,0
2014-05-07,21:00:00,2.0099,2.01,2,2.0096,3590,0
2014-05-07,22:00:00,2.01,2.01,2,2.01,8450,0
