Date,Time,Open,High,Low,Close,Volume,OpenInt
2014-02-10,16:00:00,12.8046,12.9434,12.7252,12.9434,5586,0
2014-02-10,17:00:00,12.8145,12.9732,12.7748,12.8046,6034,0
2014-02-10,18:00:00,12.8145,12.9236,12.7649,12.8442,3730,0
2014-02-10,19:00:00,12.7897,12.8839,12.7649,12.8839,2642,0
2014-02-10,20:00:00,12.8542,12.8641,12.7748,12.7748,807,0
2014-02-10,21:00:00,12.7947,12.8244,12.7292,12.7351,1734,0
2014-02-10,22:00:00,12.7748,12.8839,12.7451,12.8343,13417,0
2014-02-11,17:00:00,12.9226,12.9633,12.8641,12.9434,10052,0
2014-02-11,18:00:00,12.9534,12.9534,12.8145,12.8839,1588,0
2014-02-11,19:00:00,12.9732,12.9732,12.9732,12.9732,101,0
2014-02-11,20:00:00,13.0327,13.0922,13.0228,13.0426,2155,0
2014-02-11,21:00:00,13.0823,13.112,12.9831,13.0724,2621,0
2014-02-11,22:00:00,13.0823,13.112,12.8839,12.9236,21544,0
2014-02-12,16:00:00,12.9831,12.9831,12.9831,12.9831,3327,0
2014-02-12,17:00:00,13.0922,13.1021,13.0029,13.0922,7176,0
2014-02-12,18:00:00,13.1021,13.2311,13.1021,13.2112,6786,0
2014-02-12,19:00:00,13.1915,13.2608,13.1915,13.2211,4235,0
2014-02-12,20:00:00,13.1914,13.1914,13.1616,13.1616,1897,0
2014-02-12,21:00:00,13.1517,13.1517,12.9733,12.9733,9509,0
2014-02-12,22:00:00,12.9633,13.0525,12.9434,13.0029,16651,0
2014-02-13,16:00:00,12.9038,12.9038,12.8938,12.8938,808,0
2014-02-13,17:00:00,13.112,13.2201,13.0833,13.1021,10482,0
2014-02-13,18:00:00,13.1319,13.1319,13.0922,13.0922,808,0
2014-02-13,19:00:00,13.1219,13.1715,13.1219,13.1616,2645,0
2014-02-13,20:00:00,13.1815,13.2707,13.1815,13.2211,2925,0
2014-02-13,21:00:00,13.2807,13.2906,13.2608,13.2707,4379,0
2014-02-13,22:00:00,13.241,13.2807,13.241,13.2707,11040,0
2014-02-14,16:00:00,13.3005,13.3005,13.2311,13.2311,20105,0
2014-02-14,17:00:00,13.2906,13.3498,13.2906,13.3302,1313,0
2014-02-14,18:00:00,13.3104,13.3412,13.3104,13.3302,2321,0
2014-02-14,19:00:00,13.2807,13.3302,13.2807,13.3302,5042,0
2014-02-14,20:00:00,13.3203,13.3302,13.3104,13.3104,808,0
2014-02-14,21:00:00,13.3302,13.3402,13.3302,13.3302,2725,0
2014-02-14,22:00:00,13.3302,13.4096,13.3302,13.36,11565,0
2014-02-18,16:00:00,13.525,13.525,13.52,13.52,3750,0
2014-02-18,17:00:00,13.451,13.456,13.451,13.456,800,0
2014-02-18,18:00:00,13.46,13.4601,13.4403,13.4501,3520,0
2014-02-18,19:00:00,13.45,13.46,13.4,13.45,1400,0
2014-02-18,20:00:00,13.46,13.48,13.45,13.45,1300,0
2014-02-18,21:00:00,13.46,13.46,13.39,13.43,1200,0
2014-02-18,22:00:00,13.42,13.47,13.42,13.46,10121,0
2014-02-19,16:00:00,13.4788,13.4788,13.4788,13.4788,2992,0
2014-02-19,17:00:00,13.499,13.512,13.497,13.51,12486,0
2014-02-19,18:00:00,13.548,13.55,13.46,13.46,3000,0
2014-02-19,19:00:00,13.423,13.423,13.42,13.42,750,0
2014-02-19,20:00:00,13.41,13.45,13.41,13.45,1900,0
2014-02-19,21:00:00,13.4,13.47,13.4,13.41,1200,0
2014-02-19,22:00:00,13.44,13.44,13.31,13.31,16697,0
2014-02-20,17:00:00,13.3,13.36,13.3,13.36,2200,0
2014-02-20,18:00:00,13.3808,13.51,13.3808,13.48,1500,0
2014-02-20,19:00:00,13.54,13.65,13.54,13.61,16762,0
2014-02-20,20:00:00,13.62,13.62,13.52,13.55,2200,0
2014-02-20,21:00:00,13.52,13.6,13.52,13.59,2600,0
2014-02-20,22:00:00,13.64,13.64,13.55,13.62,14578,0
2014-02-21,16:00:00,13.66,13.7,13.6,13.6,2000,0
2014-02-21,17:00:00,13.7,13.7,13.44,13.56,4500,0
2014-02-21,18:00:00,13.55,13.6325,13.51,13.6325,1700,0
2014-02-21,19:00:00,13.55,13.64,13.55,13.608,3033,0
2014-02-21,20:00:00,13.59,13.64,13.59,13.59,5000,0
2014-02-21,21:00:00,13.63,13.65,13.63,13.63,2000,0
2014-02-21,22:00:00,13.63,13.65,13.55,13.57,14090,0
2014-02-24,16:00:00,13.59,13.59,13.59,13.59,707,0
2014-02-24,17:00:00,13.61,13.7,13.61,13.7,1800,0
2014-02-24,18:00:00,13.69,13.69,13.6,13.68,3914,0
2014-02-24,19:00:00,13.72,13.75,13.72,13.74,3398,0
2014-02-24,20:00:00,13.734,13.734,13.68,13.68,2000,0
2014-02-24,21:00:00,13.69,13.71,13.66,13.7,4900,0
2014-02-24,22:00:00,13.74,13.74,13.66,13.69,28737,0
2014-02-25,16:00:00,13.73,13.73,13.6,13.6,2382,0
2014-02-25,17:00:00,13.6063,13.726,13.6063,13.68,1700,0
2014-02-25,18:00:00,13.61,13.68,13.61,13.68,1700,0
2014-02-25,19:00:00,13.68,13.72,13.6,13.67,2985,0
2014-02-25,20:00:00,13.695,13.704,13.66,13.66,2285,0
2014-02-25,21:00:00,13.65,13.73,13.61,13.71,2687,0
2014-02-25,22:00:00,13.65,13.65,13.51,13.53,7359,0
2014-02-26,16:00:00,13.52,13.524,13.52,13.524,600,0
2014-02-26,17:00:00,13.51,13.52,13.44,13.48,4314,0
2014-02-26,18:00:00,13.4888,13.6,13.4888,13.6,1664,0
2014-02-26,19:00:00,13.59,13.66,13.59,13.66,1100,0
2014-02-26,20:00:00,13.59,13.64,13.58,13.58,700,0
2014-02-26,21:00:00,13.55,13.72,13.51,13.58,13459,0
2014-02-26,22:00:00,13.679,13.679,13.56,13.66,11019,0
2014-02-27,16:00:00,13.7391,13.7391,13.71,13.71,3204,0
2014-02-27,18:00:00,13.73,13.74,13.6,13.74,1900,0
2014-02-27,19:00:00,13.72,13.72,13.67,13.68,1900,0
2014-02-27,20:00:00,13.7,13.7,13.68,13.7,2600,0
2014-02-27,21:00:00,13.75,13.75,13.7,13.71,7320,0
2014-02-27,22:00:00,13.73,13.81,13.71,13.78,8016,0
2014-02-28,16:00:00,13.989,13.989,13.771,13.771,2501,0
2014-02-28,17:00:00,13.85,13.91,13.76,13.82,6726,0
2014-02-28,18:00:00,13.87,13.9297,13.87,13.925,1900,0
2014-02-28,19:00:00,13.94,13.95,13.86,13.95,6753,0
2014-02-28,20:00:00,13.95,13.95,13.93,13.94,1200,0
2014-02-28,21:00:00,13.87,13.92,13.87,13.91,1436,0
2014-02-28,22:00:00,13.94,13.94,13.87,13.91,21590,0
2014-03-03,16:00:00,13.84,13.85,13.75,13.785,2900,0
2014-03-03,17:00:00,13.839,13.839,13.65,13.69,7005,0
2014-03-03,18:00:00,13.68,13.73,13.65,13.68,6124,0
2014-03-03,19:00:00,13.65,13.76,13.65,13.7,2505,0
2014-03-03,20:00:00,13.69,13.76,13.65,13.755,5554,0
2014-03-03,21:00:00,13.755,13.83,13.7,13.75,8810,0
2014-03-03,22:00:00,13.76,13.79,13.71,13.76,12652,0
2014-03-04,16:00:00,13.9,14.25,13.9,14.25,5996,0
2014-03-04,17:00:00,14.25,14.46,14.25,14.37,11625,0
2014-03-04,18:00:00,14.35,14.35,14.26,14.31,6306,0
2014-03-04,19:00:00,14.31,14.31,14.25,14.31,6600,0
2014-03-04,20:00:00,14.28,14.37,14.28,14.28,4386,0
2014-03-04,21:00:00,14.2224,14.32,14.18,14.25,3800,0
2014-03-04,22:00:00,14.32,14.4,14.25,14.29,40647,0
2014-03-05,16:00:00,14.21,14.22,14.1922,14.22,1832,0
2014-03-05,17:00:00,14.244,14.244,14.1,14.125,16236,0
2014-03-05,18:00:00,14.12,14.14,14.1,14.14,2300,0
2014-03-05,19:00:00,14.15,14.15,14.15,14.15,1600,0
2014-03-05,20:00:00,14.14,14.15,14.1,14.12,2428,0
2014-03-05,21:00:00,14.1,14.12,14.062,14.09,6294,0
2014-03-05,22:00:00,14.12,14.17,14.12,14.17,6710,0
2014-03-06,16:00:00,14.15,14.15,14.02,14.08,1400,0
2014-03-06,17:00:00,14,14.01,14,14.01,2200,0
2014-03-06,18:00:00,14,14,13.94,14,2666,0
2014-03-06,19:00:00,13.97,13.97,13.96,13.96,800,0
2014-03-06,20:00:00,14.04,14.04,14,14,1300,0
2014-03-06,21:00:00,14.01,14.01,14.01,14.01,2200,0
2014-03-06,22:00:00,13.99,14,13.94,13.98,3400,0
2014-03-07,16:00:00,13.97,14,13.87,13.87,3100,0
2014-03-07,17:00:00,14,14,13.91,13.92,4269,0
2014-03-07,18:00:00,13.945,13.945,13.9,13.9,700,0
2014-03-07,19:00:00,13.9,13.9,13.9,13.9,100,0
2014-03-07,20:00:00,13.86,13.86,13.86,13.86,1000,0
2014-03-07,21:00:00,13.885,13.93,13.7,13.75,5300,0
2014-03-07,22:00:00,13.76,13.88,13.75,13.85,7905,0
2014-03-10,15:00:00,13.9,14.0699,13.89,14.06,14800,0
2014-03-10,16:00:00,14.1,14.14,14,14.11,11500,0
2014-03-10,17:00:00,14.135,14.16,14.124,14.16,2400,0
2014-03-10,18:00:00,14.14,14.15,14.07,14.09,5800,0
2014-03-10,19:00:00,14.13,14.13,14.0601,14.07,3210,0
2014-03-10,20:00:00,14.11,14.16,14.11,14.16,1690,0
2014-03-10,21:00:00,14.16,14.16,14.1,14.16,18300,0
2014-03-11,16:00:00,14,14.05,13.82,13.905,10557,0
2014-03-11,17:00:00,13.87,13.9,13.86,13.86,1800,0
2014-03-11,18:00:00,13.82,13.835,13.82,13.835,1100,0
2014-03-11,19:00:00,13.86,13.96,13.835,13.96,3200,0
2014-03-11,20:00:00,13.905,13.99,13.85,13.87,9748,0
2014-03-11,21:00:00,13.85,13.88,13.798,13.84,13449,0
2014-03-12,15:00:00,13.8,13.84,13.8,13.8,1793,0
2014-03-12,16:00:00,13.85,13.91,13.8,13.8,5174,0
2014-03-12,17:00:00,13.87,13.94,13.865,13.875,3974,0
2014-03-12,18:00:00,13.88,13.92,13.84,13.895,5700,0
2014-03-12,19:00:00,13.92,13.92,13.87,13.88,1900,0
2014-03-12,20:00:00,13.88,13.93,13.88,13.93,3300,0
2014-03-12,21:00:00,13.93,14.16,13.905,14.13,28846,0
2014-03-13,15:00:00,13.78,13.95,13.77,13.92,2536,0
2014-03-13,16:00:00,13.88,13.97,13.88,13.962,2485,0
2014-03-13,17:00:00,13.86,13.86,13.84,13.84,3500,0
2014-03-13,18:00:00,13.86,13.86,13.82,13.85,9000,0
2014-03-13,19:00:00,13.8,13.85,13.76,13.76,19800,0
2014-03-13,20:00:00,13.775,13.775,13.63,13.64,20132,0
2014-03-13,21:00:00,13.64,13.71,13.64,13.68,22327,0
2014-03-14,15:00:00,13,13.46,12.98,13.46,9364,0
2014-03-14,16:00:00,13.34,13.45,13.33,13.33,6181,0
2014-03-14,17:00:00,13.33,13.33,13.04,13.15,28451,0
2014-03-14,18:00:00,13.1,13.229,13.1,13.18,10899,0
2014-03-14,19:00:00,13.16,13.24,13.06,13.1,14100,0
2014-03-14,20:00:00,13.11,13.33,13,13.2,139867,0
2014-03-14,21:00:00,13.1104,13.26,13.035,13.07,31230,0
2014-03-17,15:00:00,13.04,13.22,13.04,13.21,3418,0
2014-03-17,16:00:00,13.16,13.16,13.1,13.11,5600,0
2014-03-17,17:00:00,13.11,13.12,13.1,13.12,6325,0
2014-03-17,18:00:00,13.13,13.15,13.13,13.15,5000,0
2014-03-17,19:00:00,13.15,13.17,13.15,13.16,6152,0
2014-03-17,20:00:00,13.15,13.17,13.15,13.15,6178,0
2014-03-17,21:00:00,13.18,13.22,13.14,13.14,13904,0
2014-03-18,15:00:00,13.22,13.22,13.07,13.0884,8394,0
2014-03-18,16:00:00,13.06,13.09,13.06,13.08,3899,0
2014-03-18,17:00:00,13.06,13.11,13.06,13.11,5369,0
2014-03-18,18:00:00,13.07,13.19,13.07,13.15,3350,0
2014-03-18,19:00:00,13.12,13.15,13.12,13.14,17510,0
2014-03-18,20:00:00,13.12,13.19,13.12,13.18,4860,0
2014-03-18,21:00:00,13.1301,13.1897,13.05,13.14,37857,0
2014-03-19,15:00:00,13.13,13.1795,13.02,13.1795,5465,0
2014-03-19,16:00:00,13.14,13.17,13.11,13.17,6500,0
2014-03-19,17:00:00,13.17,13.17,13.1,13.1,2000,0
2014-03-19,18:00:00,13.11,13.11,13.1,13.11,4200,0
2014-03-19,19:00:00,13.12,13.2,13.1,13.2,1900,0
2014-03-19,20:00:00,13.13,13.13,13.11,13.11,2214,0
2014-03-19,21:00:00,13.11,13.17,13.11,13.15,10641,0
2014-03-20,15:00:00,13.17,13.17,13.08,13.08,400,0
2014-03-20,16:00:00,13.128,13.13,13.085,13.09,6600,0
2014-03-20,17:00:00,13.09,13.1,13.0207,13.04,3700,0
2014-03-20,18:00:00,13.05,13.06,13.02,13.06,2000,0
2014-03-20,19:00:00,13.04,13.05,13.02,13.03,8047,0
2014-03-20,20:00:00,13.04,13.04,13.03,13.04,4230,0
2014-03-20,21:00:00,13.04,13.05,13,13.02,24300,0
2014-03-21,15:00:00,13.01,13.2,13.01,13.01,2100,0
2014-03-21,16:00:00,13.0814,13.12,13.04,13.04,3051,0
2014-03-21,17:00:00,13.07,13.07,13.0671,13.07,1800,0
2014-03-21,18:00:00,13.07,13.14,13.05,13.05,3810,0
2014-03-21,19:00:00,13.1,13.31,13.1,13.31,19028,0
2014-03-21,20:00:00,13.31,13.44,13.31,13.39,3552,0
2014-03-21,21:00:00,13.42,13.53,13.37,13.4,27309,0
2014-03-24,15:00:00,13.53,13.53,13.42,13.42,1400,0
2014-03-24,16:00:00,13.4,13.4697,13.4,13.41,7048,0
2014-03-24,17:00:00,13.4,13.41,13.37,13.37,5598,0
2014-03-24,18:00:00,13.41,13.41,13.37,13.39,7411,0
2014-03-24,19:00:00,13.385,13.43,13.38,13.41,2800,0
2014-03-24,20:00:00,13.42,13.455,13.4,13.4,10575,0
2014-03-24,21:00:00,13.4,13.45,13.4,13.4,11910,0
2014-03-25,15:00:00,13.49,13.52,13.45,13.52,1592,0
2014-03-25,16:00:00,13.52,13.55,13.52,13.52,3460,0
2014-03-25,17:00:00,13.46,13.47,13.44,13.47,700,0
2014-03-25,18:00:00,13.48,13.48,13.44,13.46,4704,0
2014-03-25,19:00:00,13.45,13.49,13.44,13.47,1500,0
2014-03-25,20:00:00,13.49,13.53,13.467,13.52,1630,0
2014-03-25,21:00:00,13.49,13.5,13.43,13.45,9854,0
2014-03-26,15:00:00,13.45,13.6,13.45,13.57,4321,0
2014-03-26,16:00:00,13.46,13.46,13.38,13.3925,10440,0
2014-03-26,17:00:00,13.37,13.44,13.37,13.38,11008,0
2014-03-26,18:00:00,13.37,13.4,13.37,13.37,3300,0
2014-03-26,19:00:00,13.4,13.4,13.18,13.25,3750,0
2014-03-26,20:00:00,13.19,13.25,13.17,13.1803,4270,0
2014-03-26,21:00:00,13.15,13.19,12.91,13,15358,0
2014-03-27,15:00:00,12.98,12.98,12.93,12.94,1300,0
2014-03-27,16:00:00,12.9,13.0499,12.84,12.99,10206,0
2014-03-27,17:00:00,12.99,13,12.96,12.96,5460,0
2014-03-27,18:00:00,12.98,12.99,12.97,12.98,3311,0
2014-03-27,19:00:00,12.98,13,12.96,12.96,8600,0
2014-03-27,20:00:00,12.96,12.99,12.96,12.98,7795,0
2014-03-27,21:00:00,12.98,13,12.865,12.9,26409,0
2014-03-28,16:00:00,13,13.0564,12.995,13.0564,2500,0
2014-03-28,17:00:00,13.07,13.0766,13.03,13.03,1300,0
2014-03-28,18:00:00,13.06,13.065,13,13,1300,0
2014-03-28,19:00:00,13.03,13.168,12.98,13.04,4575,0
2014-03-28,20:00:00,13.04,13.08,13.04,13.04,2000,0
2014-03-28,21:00:00,13.02,13.07,13,13.05,7940,0
2014-03-31,17:00:00,13.13,13.2,13.13,13.16,2100,0
2014-03-31,18:00:00,13.18,13.19,13.02,13.06,10823,0
2014-03-31,19:00:00,13.03,13.29,13.03,13.19,9317,0
2014-03-31,20:00:00,13.18,13.31,13.16,13.16,4481,0
2014-03-31,21:00:00,13.16,13.16,13.08,13.14,7939,0
2014-03-31,22:00:00,13.16,13.23,13.11,13.13,37902,0
2014-04-01,16:00:00,13.095,13.12,13.09,13.12,3543,0
2014-04-01,17:00:00,13.12,13.275,13.06,13.27,5399,0
2014-04-01,18:00:00,13.27,13.27,13.13,13.24,9230,0
2014-04-01,19:00:00,13.24,13.24,13.09,13.12,6047,0
2014-04-01,20:00:00,13.12,13.17,13.1,13.14,7278,0
2014-04-01,21:00:00,13.14,13.24,13.13,13.14,12200,0
2014-04-01,22:00:00,13.15,13.2,13,13.13,422588,0
2014-04-02,16:00:00,12.93,13.01,12.93,12.956,2200,0
2014-04-02,17:00:00,13.01,13.12,12.97,13.12,17462,0
2014-04-02,18:00:00,13.12,13.12,13.1,13.12,7100,0
2014-04-02,19:00:00,13.12,13.2,13.11,13.2,3380,0
2014-04-02,20:00:00,13.17,13.19,13.07,13.07,1900,0
2014-04-02,21:00:00,13.1,13.18,13.1,13.17,9433,0
2014-04-02,22:00:00,13.17,13.17,13.08,13.08,11145,0
2014-04-03,16:00:00,13.15,13.15,13.1499,13.15,16000,0
2014-04-03,17:00:00,13.1895,13.1895,13.14,13.15,2595,0
2014-04-03,18:00:00,13.15,13.16,13.11,13.16,11215,0
2014-04-03,19:00:00,13.14,13.16,13.13,13.14,3500,0
2014-04-03,20:00:00,13.15,13.22,13.14,13.15,3945,0
2014-04-03,21:00:00,13.15,13.16,13.135,13.15,4100,0
2014-04-03,22:00:00,13.16,13.24,13.14,13.18,7435,0
2014-04-04,16:00:00,13.34,13.34,13.15,13.15,4447,0
2014-04-04,17:00:00,13.13,13.13,13.13,13.13,800,0
2014-04-04,18:00:00,13.13,13.13,12.69,12.69,8900,0
2014-04-04,19:00:00,12.69,12.72,12.52,12.71,9101,0
2014-04-04,20:00:00,12.74,12.79,12.65,12.7,11962,0
2014-04-04,21:00:00,12.7,12.73,12.6,12.62,7795,0
2014-04-04,22:00:00,12.62,12.62,12.45,12.52,34917,0
2014-04-07,16:00:00,12.54,12.63,12.39,12.4,5820,0
2014-04-07,17:00:00,12.41,12.42,12.37,12.4,4192,0
2014-04-07,18:00:00,12.41,12.47,12.38,12.46,8445,0
2014-04-07,19:00:00,12.46,12.46,12.41,12.43,1600,0
2014-04-07,20:00:00,12.47,12.49,12.41,12.41,3860,0
2014-04-07,21:00:00,12.45,12.481,12.41,12.46,3000,0
2014-04-07,22:00:00,12.52,12.57,12.45,12.48,26439,0
2014-04-08,16:00:00,12.54,12.78,12.37,12.49,15427,0
2014-04-08,17:00:00,12.53,12.54,12.45,12.5,2691,0
2014-04-08,18:00:00,12.52,12.68,12.52,12.58,6700,0
2014-04-08,19:00:00,12.59,12.68,12.59,12.68,3346,0
2014-04-08,20:00:00,12.69,12.77,12.68,12.74,2600,0
2014-04-08,21:00:00,12.75,12.75,12.71,12.71,5750,0
2014-04-08,22:00:00,12.7,12.72,12.6,12.69,19281,0
2014-04-09,16:00:00,12.71,12.71,12.53,12.7,2500,0
2014-04-09,17:00:00,12.7,12.7,12.57,12.58,2800,0
2014-04-09,18:00:00,12.62,12.7,12.62,12.7,2308,0
2014-04-09,19:00:00,12.701,12.75,12.7,12.75,4718,0
2014-04-09,20:00:00,12.75,12.82,12.68,12.68,4695,0
2014-04-09,21:00:00,12.8,12.8,12.69,12.69,2600,0
2014-04-09,22:00:00,12.69,12.79,12.69,12.75,16021,0
2014-04-10,16:00:00,12.73,12.73,12.66,12.66,1336,0
2014-04-10,17:00:00,12.66,12.82,12.61,12.71,6500,0
2014-04-10,18:00:00,12.65,12.65,12.52,12.52,5309,0
2014-04-10,19:00:00,12.52,12.55,12.51,12.55,2900,0
2014-04-10,20:00:00,12.6,12.6,12.5,12.5,1200,0
2014-04-10,21:00:00,12.51,12.58,12.5,12.57,4858,0
2014-04-10,22:00:00,12.57,12.61,12.52,12.52,11464,0
2014-04-11,16:00:00,12.59,12.66,12.59,12.5903,2200,0
2014-04-11,17:00:00,12.51,12.51,12.41,12.42,1600,0
2014-04-11,18:00:00,12.43,12.48,12.42,12.47,7078,0
2014-04-11,19:00:00,12.42,12.51,12.42,12.4899,6265,0
2014-04-11,20:00:00,12.49,12.5,12.49,12.5,3608,0
2014-04-11,21:00:00,12.532,12.532,12.49,12.49,4542,0
2014-04-11,22:00:00,12.49,12.56,12.49,12.5,6130,0
2014-04-14,16:00:00,12.47,12.47,12.47,12.47,700,0
2014-04-14,17:00:00,12.48,12.61,12.47,12.61,210769,0
2014-04-14,18:00:00,12.531,12.63,12.531,12.63,4400,0
2014-04-14,19:00:00,12.61,12.61,12.55,12.59,6800,0
2014-04-14,20:00:00,12.6,12.61,12.5,12.5,13087,0
2014-04-14,21:00:00,12.53,12.57,12.5,12.55,9397,0
2014-04-14,22:00:00,12.55,12.64,12.5,12.64,107921,0
2014-04-15,16:00:00,12.67,12.67,12.6,12.6,5416,0
2014-04-15,17:00:00,12.59,12.59,12.5,12.52,178078,0
2014-04-15,18:00:00,12.52,12.61,12.52,12.61,4124,0
2014-04-15,19:00:00,12.5,12.5,12.5,12.5,200,0
2014-04-15,20:00:00,12.5,12.57,12.5,12.57,1823,0
2014-04-15,21:00:00,12.5898,12.5898,12.56,12.56,3700,0
2014-04-15,22:00:00,12.56,12.6061,12.53,12.54,14293,0
2014-04-16,16:00:00,12.79,12.79,12.64,12.64,3200,0
2014-04-16,17:00:00,12.64,12.64,12.56,12.56,2200,0
2014-04-16,18:00:00,12.58,12.61,12.57,12.58,4100,0
2014-04-16,19:00:00,12.6,12.6,12.59,12.59,900,0
2014-04-16,20:00:00,12.59,12.6,12.58,12.581,10600,0
2014-04-16,21:00:00,12.58,12.64,12.58,12.63,2900,0
2014-04-16,22:00:00,12.66,12.67,12.58,12.65,18769,0
2014-04-17,16:00:00,12.67,12.67,12.67,12.67,1000,0
2014-04-17,17:00:00,12.69,12.7,12.675,12.69,2200,0
2014-04-17,18:00:00,12.69,12.7,12.66,12.69,1863,0
2014-04-17,19:00:00,12.66,12.7,12.66,12.67,2100,0
2014-04-17,20:00:00,12.7,12.7,12.67,12.7,2950,0
2014-04-17,21:00:00,12.7,12.77,12.68,12.69,4514,0
2014-04-17,22:00:00,12.72,12.78,12.69,12.75,15448,0
2014-04-21,16:00:00,12.7191,12.73,12.64,12.72,2536,0
2014-04-21,17:00:00,12.7,12.729,12.57,12.6099,13198,0
2014-04-21,18:00:00,12.5601,12.62,12.56,12.6,4196,0
2014-04-21,19:00:00,12.59,12.6,12.56,12.585,3840,0
2014-04-21,20:00:00,12.6,12.61,12.59,12.59,3600,0
2014-04-21,21:00:00,12.631,12.68,12.58,12.68,6354,0
2014-04-21,22:00:00,12.61,12.63,12.51,12.55,14436,0
2014-04-22,16:00:00,12.8471,12.85,12.46,12.46,3158,0
2014-04-22,17:00:00,12.42,12.47,12.42,12.47,1200,0
2014-04-22,18:00:00,12.47,12.47,12.41,12.45,2480,0
2014-04-22,19:00:00,12.47,12.47,12.45,12.46,4958,0
2014-04-22,20:00:00,12.46,12.48,12.46,12.48,2200,0
2014-04-22,21:00:00,12.49,12.53,12.45,12.52,6921,0
2014-04-22,22:00:00,12.52,12.54,12.5,12.52,9095,0
2014-04-23,16:00:00,12.49,12.57,12.49,12.57,1182,0
2014-04-23,17:00:00,12.5,12.55,12.5,12.54,7960,0
2014-04-23,18:00:00,12.544,12.55,12.51,12.54,3250,0
2014-04-23,19:00:00,12.52,12.54,12.5,12.5,4700,0
2014-04-23,20:00:00,12.5,12.5399,12.5,12.515,8297,0
2014-04-23,21:00:00,12.5001,12.52,12.5,12.501,6260,0
2014-04-23,22:00:00,12.5,12.5202,12.46,12.46,18828,0
2014-04-24,16:00:00,12.5,12.53,12.5,12.5,6696,0
2014-04-24,17:00:00,12.5,12.62,12.48,12.62,147376,0
2014-04-24,18:00:00,12.59,12.63,12.53,12.5601,17997,0
2014-04-24,19:00:00,12.5637,12.6,12.55,12.6,4377,0
2014-04-24,20:00:00,12.599,12.599,12.57,12.585,7300,0
2014-04-24,21:00:00,12.57,12.74,12.57,12.6,24047,0
2014-04-24,22:00:00,12.62,12.7,12.56,12.63,13400,0
2014-04-25,16:00:00,12.54,12.591,12.5,12.5,6137,0
2014-04-25,17:00:00,12.54,12.54,12.5,12.5,3400,0
2014-04-25,18:00:00,12.5,12.54,12.5,12.53,9600,0
2014-04-25,19:00:00,12.5,12.5,12.5,12.5,2800,0
2014-04-25,20:00:00,12.5,12.51,12.45,12.46,7075,0
2014-04-25,21:00:00,12.45,12.45,12.41,12.41,1144,0
2014-04-25,22:00:00,12.4,12.537,12.4,12.43,11215,0
2014-04-28,16:00:00,12.5,12.61,12.43,12.43,1400,0
2014-04-28,17:00:00,12.5,12.51,12.46,12.51,5723,0
2014-04-28,18:00:00,12.51,12.54,12.4,12.4,7083,0
2014-04-28,19:00:00,12.4,12.42,12.4,12.42,4300,0
2014-04-28,20:00:00,12.4,12.43,12.4,12.41,7150,0
2014-04-28,21:00:00,12.4399,12.47,12.41,12.46,9250,0
2014-04-28,22:00:00,12.46,12.54,12.46,12.47,8313,0
2014-04-29,16:00:00,12.54,12.54,12.42,12.42,2811,0
2014-04-29,17:00:00,12.46,12.46,12.16,12.36,43177,0
2014-04-29,18:00:00,12.385,12.41,12.38,12.38,5850,0
2014-04-29,19:00:00,12.44,12.46,12.4,12.46,2099,0
2014-04-29,20:00:00,12.46,12.47,12.46,12.47,3100,0
2014-04-29,21:00:00,12.46,12.4999,12.46,12.4799,4140,0
2014-04-29,22:00:00,12.46,12.5,12.34,12.42,27712,0
2014-04-30,16:00:00,12.4,12.4499,12.35,12.38,5109,0
2014-04-30,17:00:00,12.4,12.43,12.4,12.43,2020,0
2014-04-30,18:00:00,12.43,12.47,12.43,12.43,4207,0
2014-04-30,19:00:00,12.43,12.47,12.43,12.47,800,0
2014-04-30,20:00:00,12.49,12.49,12.46,12.48,2212,0
2014-04-30,21:00:00,12.47,12.5,12.44,12.5,6086,0
2014-04-30,22:00:00,12.51,12.54,12.46,12.46,8922,0
2014-05-01,16:00:00,12.48,12.53,12.295,12.33,10934,0
2014-05-01,17:00:00,12.34,12.35,12.3,12.3,8590,0
2014-05-01,18:00:00,12.32,12.32,12.2,12.21,79509,0
2014-05-01,19:00:00,12.2,12.26,12.2,12.23,17344,0
2014-05-01,20:00:00,12.27,12.3,12.23,12.23,23015,0
2014-05-01,21:00:00,12.24,12.26,12.19,12.19,13027,0
2014-05-01,22:00:00,12.19,12.22,12.13,12.19,49642,0
2014-05-02,16:00:00,12.23,12.28,12.2,12.2,7275,0
2014-05-02,17:00:00,12.23,12.29,12.17,12.29,14825,0
2014-05-02,18:00:00,12.23,12.29,12.19,12.27,24980,0
2014-05-02,19:00:00,12.265,12.294,12.24,12.255,22015,0
2014-05-02,20:00:00,12.25,12.25,12.24,12.25,4627,0
2014-05-02,21:00:00,12.25,12.25,12.22,12.22,12161,0
2014-05-02,22:00:00,12.22,12.22,11.9,12.05,27124,0
2014-05-05,16:00:00,12.02,12.1,12.01,12.01,2000,0
2014-05-05,17:00:00,12.01,12.16,12.01,12.16,2500,0
2014-05-05,18:00:00,12.13,12.13,12.1,12.11,6300,0
2014-05-05,19:00:00,12.11,12.17,12.11,12.11,7378,0
2014-05-05,20:00:00,12.11,12.12,12.11,12.12,5500,0
2014-05-05,21:00:00,12.12,12.13,12.1,12.12,1800,0
2014-05-05,22:00:00,12.1,12.12,12.06,12.1,14210,0
2014-05-06,16:00:00,12.03,12.15,12.03,12.04,5017,0
2014-05-06,17:00:00,12.04,12.12,12,12.04,11766,0
2014-05-06,18:00:00,12,12.02,11.99,11.99,3100,0
2014-05-06,19:00:00,12.026,12.04,12,12.04,3400,0
2014-05-06,20:00:00,12.04,12.05,11.89,11.89,3946,0
2014-05-06,21:00:00,11.9,11.9,11.76,11.785,6200,0
2014-05-06,22:00:00,11.77,11.885,11.77,11.8,27366,0
2014-05-07,16:00:00,11.8,11.89,11.65,11.68,2953,0
2014-05-07,17:00:00,11.67,11.67,11.51,11.63,11110,0
2014-05-07,18:00:00,11.6,11.68,11.55,11.645,5680,0
2014-05-07,19:00:00,11.64,11.68,11.55,11.6093,4400,0
2014-05-07,20:00:00,11.6,11.65,11.53,11.53,3919,0
2014-05-07,21:00:00,11.57,11.75,11.49,11.75,9161,0
2014-05-07,22:00:00,11.735,11.84,11.63,11.74,30564,0
