Date,Time,Open,High,Low,Close,Volume,OpenInt
2014-02-10,16:00:00,18.9702,18.9702,18.8773,18.9702,7950,0
2014-02-10,17:00:00,18.9702,19.0101,18.9203,18.9802,8686,0
2014-02-10,18:00:00,18.9702,18.9802,18.9203,18.9652,7380,0
2014-02-10,19:00:00,18.9602,18.9902,18.9203,18.9702,4407,0
2014-02-10,20:00:00,18.9702,19.0002,18.9702,18.9702,3205,0
2014-02-10,21:00:00,18.9802,19.0201,18.9702,18.9802,5797,0
2014-02-10,22:00:00,18.9802,19.1299,18.9802,19.09,20509,0
2014-02-11,16:00:00,18.9353,19.1299,18.9353,19.0101,3305,0
2014-02-11,17:00:00,19.0401,19.1599,18.9502,19.0601,9976,0
2014-02-11,18:00:00,19.12,19.1799,19.0401,19.1699,10100,0
2014-02-11,19:00:00,19.1299,19.2298,19.07,19.1799,3405,0
2014-02-11,20:00:00,19.1749,19.2897,19.1749,19.2797,26005,0
2014-02-11,21:00:00,19.2797,19.3296,19.2498,19.3296,3405,0
2014-02-11,22:00:00,19.3097,19.4694,19.2947,19.4694,37992,0
2014-02-12,16:00:00,19.6192,19.6491,19.6192,19.6491,1102,0
2014-02-12,17:00:00,19.6292,19.6392,19.5094,19.5193,3305,0
2014-02-12,18:00:00,19.4395,19.4395,19.3696,19.3696,2008,0
2014-02-12,19:00:00,19.3596,19.5693,19.3097,19.5693,1803,0
2014-02-12,20:00:00,19.4794,19.4844,19.3696,19.3696,4444,0
2014-02-12,21:00:00,19.2398,19.2398,19.0501,19.0601,2203,0
2014-02-12,22:00:00,19.0601,19.0601,18.9802,19.0501,9908,0
2014-02-13,16:00:00,18.9702,19.11,18.9702,19.1,10483,0
2014-02-13,17:00:00,19.1599,19.2697,19.1599,19.2598,3906,0
2014-02-13,18:00:00,19.2697,19.4894,19.2548,19.4894,14519,0
2014-02-13,19:00:00,19.4195,19.4594,19.1799,19.3097,15354,0
2014-02-13,20:00:00,19.3296,19.9287,19.3197,19.8638,31955,0
2014-02-13,21:00:00,19.8988,19.9686,19.7689,19.9686,3682,0
2014-02-13,22:00:00,19.9686,20.0086,19.7989,19.9387,40655,0
2014-02-14,16:00:00,19.9047,19.9207,19.7789,19.9207,1603,0
2014-02-14,17:00:00,19.729,19.8748,19.6192,19.6192,5308,0
2014-02-14,18:00:00,19.5892,19.6292,19.5094,19.5393,1703,0
2014-02-14,19:00:00,19.4694,19.4694,19.3696,19.4694,901,0
2014-02-14,20:00:00,19.4195,19.6392,19.4095,19.5793,12119,0
2014-02-14,21:00:00,19.5593,19.5593,19.3796,19.3796,2454,0
2014-02-14,22:00:00,19.4894,19.5293,19.4295,19.4994,8597,0
2014-02-18,16:00:00,19.6092,19.7889,19.6092,19.7889,1102,0
2014-02-18,17:00:00,19.3396,19.749,19.2458,19.5193,112276,0
2014-02-18,18:00:00,19.5882,19.6092,19.4295,19.5094,4465,0
2014-02-18,19:00:00,19.4395,19.4415,19.3696,19.3696,11811,0
2014-02-18,20:00:00,19.2298,19.4654,19.2298,19.2997,7537,0
2014-02-18,21:00:00,19.2997,19.4594,19.2697,19.4095,14623,0
2014-02-18,22:00:00,19.4395,19.4894,19.2897,19.3895,46033,0
2014-02-19,16:00:00,19.2797,19.2797,18.5213,19.1499,5233,0
2014-02-19,17:00:00,19.1899,19.3077,19.1899,19.2987,4247,0
2014-02-19,18:00:00,19.1998,19.1998,18.8903,18.9103,9214,0
2014-02-19,19:00:00,18.8654,19.11,18.8604,18.9702,7728,0
2014-02-19,20:00:00,18.9702,19.07,18.9203,19.0201,3105,0
2014-02-19,21:00:00,19.0301,19.12,18.9403,18.9702,4106,0
2014-02-19,22:00:00,18.9702,19.0501,18.8803,18.9702,32269,0
2014-02-20,16:00:00,18.9163,19.09,18.9163,19.0251,3759,0
2014-02-20,17:00:00,19.0201,19.3296,18.9862,19.1299,15124,0
2014-02-20,18:00:00,19.1299,19.1849,18.9303,18.9652,14276,0
2014-02-20,19:00:00,18.9502,19.09,18.8778,19.0101,13521,0
2014-02-20,20:00:00,19.0101,19.0601,18.9003,19.0601,19320,0
2014-02-20,21:00:00,18.9403,19.12,18.9403,19.07,5909,0
2014-02-20,22:00:00,19.0601,19.1699,18.9702,19.0501,53307,0
2014-02-21,16:00:00,19.1799,19.1799,18.9502,19.0102,24830,0
2014-02-21,17:00:00,19.1,19.106,19.0101,19.07,2404,0
2014-02-21,18:00:00,19.1699,19.1699,19.07,19.1399,2604,0
2014-02-21,19:00:00,19.09,19.09,18.9403,18.9652,2905,0
2014-02-21,20:00:00,18.9403,19.09,18.9403,18.9702,4707,0
2014-02-21,21:00:00,18.9702,19.0101,18.9103,18.9203,9472,0
2014-02-21,22:00:00,19.0002,19.12,18.9303,18.9702,12511,0
2014-02-24,16:00:00,18.9702,19.0601,18.7206,18.9103,37737,0
2014-02-24,17:00:00,18.9902,19.0501,18.8454,18.9602,5809,0
2014-02-24,18:00:00,19.0002,19.2398,18.9702,19.1599,6110,0
2014-02-24,19:00:00,19.2098,19.2997,19.1699,19.1699,3806,0
2014-02-24,20:00:00,19.2048,19.2697,19.1699,19.1998,2604,0
2014-02-24,21:00:00,19.2697,19.2697,19.1699,19.2048,5618,0
2014-02-24,22:00:00,19.1949,19.1949,18.9502,19.0101,30206,0
2014-02-25,16:00:00,18.9702,19.0401,18.9702,19.0401,1402,0
2014-02-25,17:00:00,18.8504,19.0601,18.788,18.9702,2905,0
2014-02-25,18:00:00,18.9802,19.09,18.9103,18.9203,2704,0
2014-02-25,19:00:00,18.9502,19.3396,18.8754,19.1799,4908,0
2014-02-25,20:00:00,19.2098,19.2098,19.07,19.09,4307,0
2014-02-25,21:00:00,19.0002,19.1299,18.9702,19.0501,3505,0
2014-02-25,22:00:00,19.1,19.1,18.8903,18.9403,17578,0
2014-02-26,16:00:00,18.9303,18.9403,18.9003,18.9203,1980,0
2014-02-26,17:00:00,19.0501,19.3197,19.0501,19.1998,4607,0
2014-02-26,18:00:00,19.2298,19.4395,19.2298,19.4395,1824,0
2014-02-26,19:00:00,19.3796,19.3895,19.2298,19.2747,2804,0
2014-02-26,20:00:00,19.2937,19.3197,19.1499,19.2098,4207,0
2014-02-26,21:00:00,19.2198,19.2248,19.12,19.1998,5244,0
2014-02-26,22:00:00,19.2498,19.3197,19.0002,19.11,45574,0
2014-02-27,16:00:00,19.0301,19.2997,19.0101,19.1899,2087,0
2014-02-27,17:00:00,19.2198,19.2198,19.1299,19.1699,1502,0
2014-02-27,18:00:00,19.1699,19.2098,19.1399,19.1399,2704,0
2014-02-27,19:00:00,19.1,19.1699,19.1,19.11,205035,0
2014-02-27,20:00:00,19.125,19.3097,19.0101,19.2548,11919,0
2014-02-27,21:00:00,19.2448,19.2448,19.2298,19.2398,2404,0
2014-02-27,22:00:00,19.2398,19.3296,19.1399,19.2098,23316,0
2014-02-28,16:00:00,19.2298,19.4395,19.2298,19.3696,6431,0
2014-02-28,17:00:00,19.3696,19.9487,19.3296,19.7689,33044,0
2014-02-28,18:00:00,19.7789,19.7989,19.6591,19.7989,5511,0
2014-02-28,19:00:00,19.739,19.9187,19.729,19.8988,4407,0
2014-02-28,20:00:00,19.8688,19.9986,19.8089,19.9986,12934,0
2014-02-28,21:00:00,19.9986,19.9986,19.9237,19.9986,5311,0
2014-02-28,22:00:00,19.9287,19.9786,19.6691,19.8688,46033,0
2014-03-03,16:00:00,19.1624,19.9087,19.1624,19.9087,1502,0
2014-03-03,17:00:00,19.6392,19.6392,19.4195,19.4894,5509,0
2014-03-03,18:00:00,19.4694,19.5992,19.3396,19.3396,9415,0
2014-03-03,19:00:00,19.2598,19.5992,19.2598,19.5793,6610,0
2014-03-03,20:00:00,19.5942,20.0785,19.5942,19.6591,7612,0
2014-03-03,21:00:00,19.709,19.7789,19.5493,19.6791,4186,0
2014-03-03,22:00:00,19.6991,19.709,19.3995,19.4494,22405,0
2014-03-04,16:00:00,19.749,20.1583,19.3296,19.9986,7992,0
2014-03-04,17:00:00,20.0285,20.2782,19.8688,20.2782,15755,0
2014-03-04,18:00:00,20.2282,20.348,20.0425,20.3081,12436,0
2014-03-04,19:00:00,20.2582,20.368,20.1883,20.1983,10561,0
2014-03-04,20:00:00,20.2782,20.368,19.8588,20.0086,5709,0
2014-03-04,21:00:00,19.9786,20.0685,19.8988,20.0485,7712,0
2014-03-04,22:00:00,20.0186,20.4579,20.0086,20.1783,56045,0
2014-03-05,16:00:00,20.0984,20.1084,19.7929,19.8588,11402,0
2014-03-05,17:00:00,19.8788,19.8888,19.709,19.739,14170,0
2014-03-05,18:00:00,19.9087,19.9287,19.709,19.729,12103,0
2014-03-05,19:00:00,19.744,19.9187,19.739,19.9187,3606,0
2014-03-05,20:00:00,19.9187,19.9187,19.8189,19.8189,1502,0
2014-03-05,21:00:00,19.8189,19.8388,19.719,19.7789,9898,0
2014-03-05,22:00:00,19.8189,19.9087,19.749,19.8588,34284,0
2014-03-06,16:00:00,19.9786,20.4634,19.9686,19.9936,2815,0
2014-03-06,17:00:00,19.9686,20.1084,19.8703,20.0186,8069,0
2014-03-06,18:00:00,19.9686,20.0425,19.8082,20.0425,6170,0
2014-03-06,19:00:00,20.0585,20.1483,20.0585,20.1184,1603,0
2014-03-06,20:00:00,20.0984,20.1483,19.9886,20.0884,4207,0
2014-03-06,21:00:00,20.0884,20.1384,19.9886,20.0685,4307,0
2014-03-06,22:00:00,20.0585,20.1384,20.0086,20.0685,13221,0
2014-03-07,16:00:00,20.0285,20.2981,20.0186,20.0485,4698,0
2014-03-07,17:00:00,20.1483,20.2782,20.0485,20.0485,7203,0
2014-03-07,18:00:00,19.9886,20.1483,19.9187,20.0884,13389,0
2014-03-07,19:00:00,19.9886,20.2083,19.9686,20.0395,3105,0
2014-03-07,20:00:00,19.9936,20.0036,19.9387,19.9587,3148,0
2014-03-07,21:00:00,20.0585,20.1384,20.0086,20.0285,5609,0
2014-03-07,22:00:00,20.0485,20.2083,19.9786,20.1783,9929,0
2014-03-10,15:00:00,20.0385,20.2482,20.0385,20.1483,4107,0
2014-03-10,16:00:00,20.0685,20.0984,20.0685,20.0785,1769,0
2014-03-10,17:00:00,20.0585,20.0884,20.0305,20.0305,2426,0
2014-03-10,18:00:00,20.0785,20.1284,20.0685,20.1284,2559,0
2014-03-10,19:00:00,20.1284,20.1284,19.9786,20.0685,6578,0
2014-03-10,20:00:00,19.9087,19.9686,19.8588,19.9686,3105,0
2014-03-10,21:00:00,19.8688,20.0385,19.8588,19.9587,20838,0
2014-03-11,15:00:00,19.7989,20.1134,19.7989,19.9487,4250,0
2014-03-11,16:00:00,19.9587,19.9736,19.749,19.764,10804,0
2014-03-11,17:00:00,19.764,19.8289,19.6491,19.6891,3500,0
2014-03-11,18:00:00,19.6991,19.6991,19.4594,19.6691,7570,0
2014-03-11,19:00:00,19.4794,19.5393,19.4594,19.4894,2000,0
2014-03-11,20:00:00,19.4095,19.4195,19.1899,19.2198,4450,0
2014-03-11,21:00:00,19.1399,19.2997,19.0101,19.1,20878,0
2014-03-12,15:00:00,18.98,19.29,18.98,19.24,3107,0
2014-03-12,16:00:00,19.06,19.22,19.02,19.04,3400,0
2014-03-12,17:00:00,19.02,19.21,19.02,19.21,1700,0
2014-03-12,18:00:00,19.23,19.23,19.14,19.14,500,0
2014-03-12,19:00:00,19.06,19.098,18.97,18.98,900,0
2014-03-12,20:00:00,19.05,19.07,19,19.01,1700,0
2014-03-12,21:00:00,19.01,19.09,19,19.05,15526,0
2014-03-13,15:00:00,19.17,19.23,18.98,18.98,4477,0
2014-03-13,16:00:00,18.99,19.05,18.9,19.05,9350,0
2014-03-13,17:00:00,18.979,19,18.88,18.92,8135,0
2014-03-13,18:00:00,19,19,18.83,18.99,19200,0
2014-03-13,19:00:00,18.99,19,18.86,19,12710,0
2014-03-13,20:00:00,18.94,19.03,18.885,18.98,24650,0
2014-03-13,21:00:00,18.98,19,18.71,18.8101,42700,0
2014-03-14,15:00:00,18.93,18.93,18.6303,18.85,8704,0
2014-03-14,16:00:00,18.98,19.05,18.91,19,4600,0
2014-03-14,17:00:00,18.975,19,18.875,19,3600,0
2014-03-14,18:00:00,18.98,19.04,18.92,18.94,4345,0
2014-03-14,19:00:00,18.95,19.1,18.92,19.1,1600,0
2014-03-14,20:00:00,18.96,19.045,18.96,19.045,2900,0
2014-03-14,21:00:00,19.01,19.08,18.8,19.08,15400,0
2014-03-17,15:00:00,18.99,19.4,18.99,19.2801,8198,0
2014-03-17,16:00:00,19.28,19.49,19.22,19.22,3200,0
2014-03-17,17:00:00,19.1294,19.13,19.02,19.02,855,0
2014-03-17,18:00:00,19.08,19.08,19.08,19.08,1200,0
2014-03-17,19:00:00,19.05,19.09,19.05,19.09,2400,0
2014-03-17,20:00:00,19.12,19.12,19.01,19.11,3000,0
2014-03-17,21:00:00,19.12,19.28,19.03,19.11,27800,0
2014-03-18,15:00:00,19.13,19.13,18.9501,18.9501,716,0
2014-03-18,16:00:00,19.3531,19.3531,19.105,19.17,5919,0
2014-03-18,17:00:00,19.17,19.36,19.17,19.32,1861,0
2014-03-18,18:00:00,19.305,19.305,19.13,19.13,4025,0
2014-03-18,19:00:00,19.01,19.18,19.01,19.18,2000,0
2014-03-18,20:00:00,19.21,19.26,19.11,19.19,13515,0
2014-03-18,21:00:00,19.185,19.22,19.04,19.15,26932,0
2014-03-19,15:00:00,19.07,19.28,19.06,19.24,7029,0
2014-03-19,16:00:00,19,19.126,18.975,18.975,800,0
2014-03-19,17:00:00,19,19.01,18.99,19.01,2900,0
2014-03-19,18:00:00,18.99,18.99,18.99,18.99,200,0
2014-03-19,19:00:00,18.995,19.02,18.94,19.02,1900,0
2014-03-19,20:00:00,18.97,19.21,18.97,19.05,3103,0
2014-03-19,21:00:00,19,19.14,18.75,19.05,16567,0
2014-03-20,15:00:00,18.95,19.08,18.95,19.08,1200,0
2014-03-20,16:00:00,19.25,19.25,19.08,19.175,3500,0
2014-03-20,17:00:00,19.09,19.21,19.07,19.07,2900,0
2014-03-20,18:00:00,19,19.01,19,19,2200,0
2014-03-20,19:00:00,19.09,19.099,19,19.03,6340,0
2014-03-20,20:00:00,19,19.03,19,19,1686,0
2014-03-20,21:00:00,19,19.04,19,19,21396,0
2014-03-21,15:00:00,19.15,19.239,19.15,19.23,2500,0
2014-03-21,16:00:00,19.28,19.539,19.28,19.42,7649,0
2014-03-21,17:00:00,19.57,19.6786,19.422,19.505,6000,0
2014-03-21,18:00:00,19.42,19.44,19.385,19.44,4161,0
2014-03-21,19:00:00,19.43,19.43,19.38,19.38,1600,0
2014-03-21,20:00:00,19.39,19.574,19.39,19.57,2612,0
2014-03-21,21:00:00,19.5,19.5,19.14,19.16,26254,0
2014-03-24,15:00:00,19.25,19.25,19.2,19.21,3100,0
2014-03-24,16:00:00,19.2,19.43,19.14,19.43,12000,0
2014-03-24,17:00:00,19.31,19.31,19.18,19.242,8200,0
2014-03-24,18:00:00,19.23,19.37,19.23,19.36,5200,0
2014-03-24,19:00:00,19.33,19.34,19.33,19.34,3200,0
2014-03-24,20:00:00,19.36,19.36,19.2759,19.285,5050,0
2014-03-24,21:00:00,19.33,19.49,19.22,19.31,19814,0
2014-03-25,15:00:00,19.57,19.57,19.5,19.5,900,0
2014-03-25,16:00:00,19.47,19.665,19.4401,19.54,14029,0
2014-03-25,17:00:00,19.54,19.64,19.51,19.51,3000,0
2014-03-25,18:00:00,19.51,19.585,19.5,19.56,2426,0
2014-03-25,19:00:00,19.58,19.74,19.5,19.64,7529,0
2014-03-25,20:00:00,19.65,19.69,19.6,19.65,5202,0
2014-03-25,21:00:00,19.62,19.6548,19.6,19.605,13748,0
2014-03-26,15:00:00,19.83,19.85,19.32,19.6,2711,0
2014-03-26,16:00:00,19.3974,19.41,19.029,19.03,3353,0
2014-03-26,17:00:00,18.96,19.39,18.96,19.39,4706,0
2014-03-26,18:00:00,19.22,19.33,19.17,19.27,3400,0
2014-03-26,19:00:00,19.29,19.32,19.21,19.25,8033,0
2014-03-26,20:00:00,19.25,19.25,19.15,19.24,3400,0
2014-03-26,21:00:00,19.3,19.47,19.08,19.2,26372,0
2014-03-27,15:00:00,19,19.19,19,19.19,3383,0
2014-03-27,16:00:00,19.22,19.27,19.15,19.15,6393,0
2014-03-27,17:00:00,19.15,19.15,19,19.04,9548,0
2014-03-27,18:00:00,19.04,19.39,19,19.27,4300,0
2014-03-27,19:00:00,19.27,19.27,19.03,19.15,2500,0
2014-03-27,20:00:00,19.12,19.13,19.03,19.13,5663,0
2014-03-27,21:00:00,19.11,19.16,19.03,19.07,21855,0
2014-03-28,15:00:00,19.16,19.25,19.15,19.16,1600,0
2014-03-28,16:00:00,19.28,19.28,19.05,19.24,33615,0
2014-03-28,17:00:00,19.24,19.51,19.24,19.51,24100,0
2014-03-28,18:00:00,19.5,19.72,19.475,19.658,5993,0
2014-03-28,19:00:00,19.54,19.54,19.27,19.27,2400,0
2014-03-28,20:00:00,19.26,19.26,19.01,19.08,3689,0
2014-03-28,21:00:00,19.05,19.24,19,19.23,34612,0
2014-03-31,16:00:00,19.31,19.76,19.3,19.68,9512,0
2014-03-31,17:00:00,19.6399,20.14,19.54,20.02,15443,0
2014-03-31,18:00:00,19.93,19.93,19.72,19.82,4700,0
2014-03-31,19:00:00,19.83,19.85,19.7,19.7,12471,0
2014-03-31,20:00:00,19.72,19.85,19.7,19.7,2900,0
2014-03-31,21:00:00,19.72,19.74,19.55,19.6,6100,0
2014-03-31,22:00:00,19.59,19.84,19.52,19.67,85134,0
2014-04-01,16:00:00,19.7,20,19.673,19.9999,18069,0
2014-04-01,17:00:00,20,20,19.8701,20,14039,0
2014-04-01,18:00:00,20,20,19.935,19.935,6205,0
2014-04-01,19:00:00,19.93,19.93,19.78,19.81,2700,0
2014-04-01,20:00:00,19.81,19.81,19.6,19.79,2100,0
2014-04-01,21:00:00,19.79,20,19.75,19.97,13943,0
2014-04-01,22:00:00,19.99,20.17,19.94,19.99,32411,0
2014-04-02,16:00:00,19.975,20.24,19.79,20.13,14700,0
2014-04-02,17:00:00,20.155,20.29,20.1475,20.29,2815,0
2014-04-02,18:00:00,20.28,20.69,20.23,20.69,16525,0
2014-04-02,19:00:00,20.69,21,20.64,20.64,13420,0
2014-04-02,20:00:00,20.63,20.7,20.55,20.56,3300,0
2014-04-02,21:00:00,20.57,20.89,20.57,20.89,9946,0
2014-04-02,22:00:00,20.81,20.84,20.7,20.76,30716,0
2014-04-03,16:00:00,20.484,20.92,20.484,20.92,11500,0
2014-04-03,17:00:00,20.8,20.84,20.73,20.8,8400,0
2014-04-03,18:00:00,20.8,20.8,20.7,20.8,7912,0
2014-04-03,19:00:00,20.83,20.92,20.7555,20.8,5900,0
2014-04-03,20:00:00,20.77,21.12,20.765,21.03,13191,0
2014-04-03,21:00:00,20.99,21.06,20.96,21.06,11084,0
2014-04-03,22:00:00,21.05,21.05,20.91,20.92,29673,0
2014-04-04,16:00:00,20.862,21.005,20.85,20.86,2564,0
2014-04-04,17:00:00,20.925,20.94,20.88,20.89,4800,0
2014-04-04,18:00:00,20.85,20.86,20.59,20.62,30418,0
2014-04-04,19:00:00,20.63,20.89,20.44,20.72,35034,0
2014-04-04,20:00:00,20.72,20.75,20.4975,20.5,10108,0
2014-04-04,21:00:00,20.44,20.49,20.2225,20.36,8475,0
2014-04-04,22:00:00,20.4,20.45,20.25,20.4,24098,0
2014-04-07,16:00:00,20.28,20.39,19.93,20.04,32252,0
2014-04-07,17:00:00,20,20.03,19.74,19.85,6450,0
2014-04-07,18:00:00,19.84,19.9,19.65,19.68,8800,0
2014-04-07,19:00:00,19.67,20.04,19.67,20,6800,0
2014-04-07,20:00:00,19.96,19.96,19.7,19.74,3100,0
2014-04-07,21:00:00,19.7,19.9,19.7,19.9,2306,0
2014-04-07,22:00:00,20.01,20.01,19.73,19.81,15715,0
2014-04-08,17:00:00,20,20.075,19.82,20.075,11492,0
2014-04-08,18:00:00,20.01,20.21,19.89,19.91,7200,0
2014-04-08,19:00:00,19.98,20,19.958,20,2100,0
2014-04-08,20:00:00,20.09,20.24,20.074,20.14,8184,0
2014-04-08,21:00:00,20.05,20.15,20.024,20.06,7400,0
2014-04-08,22:00:00,20.08,20.25,20.05,20.12,101927,0
2014-04-09,16:00:00,20.15,20.2,20.15,20.2,1200,0
2014-04-09,17:00:00,20.25,20.34,20.14,20.2,3800,0
2014-04-09,18:00:00,20.2,20.26,20.15,20.25,3400,0
2014-04-09,19:00:00,20.19,20.3,20.16,20.16,2200,0
2014-04-09,20:00:00,20.16,20.21,20.1,20.2,3814,0
2014-04-09,21:00:00,20.26,20.3,20.17,20.18,3200,0
2014-04-09,22:00:00,20.2,20.43,20.15,20.34,22129,0
2014-04-10,16:00:00,20.071,20.35,20.071,20.35,2400,0
2014-04-10,17:00:00,20.45,20.45,20.19,20.29,4009,0
2014-04-10,18:00:00,20.17,20.35,20.1,20.21,12300,0
2014-04-10,19:00:00,20.21,20.24,20.06,20.18,10100,0
2014-04-10,20:00:00,20.31,20.31,20.2,20.2,4100,0
2014-04-10,21:00:00,20.28,20.28,19.94,19.94,6034,0
2014-04-10,22:00:00,20.07,20.21,19.84,20.11,28725,0
2014-04-11,16:00:00,20.1,20.1,19.91,19.91,1500,0
2014-04-11,17:00:00,19.9,20.13,19.9,19.98,2442,0
2014-04-11,18:00:00,19.95,19.99,19.9,19.91,7500,0
2014-04-11,19:00:00,19.9,20,19.8,19.9,13207,0
2014-04-11,20:00:00,19.9,19.96,19.8,19.96,1900,0
2014-04-11,21:00:00,19.95,20.01,19.85,19.93,6700,0
2014-04-11,22:00:00,19.9799,20.05,19.9,20,17251,0
2014-04-14,16:00:00,20.17,20.24,20.02,20.24,4500,0
2014-04-14,17:00:00,20.1,20.49,20.1,20.3,3364,0
2014-04-14,18:00:00,20.3,20.3,20.18,20.18,1500,0
2014-04-14,19:00:00,20.19,20.23,20.17,20.17,1500,0
2014-04-14,20:00:00,20.14,20.15,19.95,20.01,5100,0
2014-04-14,21:00:00,20.1,20.1,19.73,19.89,4800,0
2014-04-14,22:00:00,19.8,20.1,19.48,19.98,41388,0
2014-04-15,16:00:00,20.06,20.06,20.01,20.06,800,0
2014-04-15,17:00:00,20.06,20.12,19.85,19.91,22140,0
2014-04-15,18:00:00,19.91,19.98,19.85,19.95,9683,0
2014-04-15,19:00:00,19.94,19.94,19.51,19.68,10600,0
2014-04-15,20:00:00,19.72,19.92,19.55,19.72,5200,0
2014-04-15,21:00:00,19.95,19.96,19.74,19.89,2000,0
2014-04-15,22:00:00,19.89,20.03,19.89,19.9,16854,0
2014-04-16,16:00:00,20.08,20.31,19.9124,20.14,7480,0
2014-04-16,17:00:00,20.12,20.17,19.95,19.95,3900,0
2014-04-16,18:00:00,19.95,19.99,19.84,19.965,3200,0
2014-04-16,19:00:00,19.99,20,19.93,19.98,2200,0
2014-04-16,20:00:00,19.95,20.07,19.92,20.06,4800,0
2014-04-16,21:00:00,20.07,20.48,20.05,20.45,7899,0
2014-04-16,22:00:00,20.35,20.64,20.33,20.52,21198,0
2014-04-17,16:00:00,22.9408,22.9408,21.73,22.38,15315,0
2014-04-17,17:00:00,22.37,24.26,22.37,23.98,58248,0
2014-04-17,18:00:00,23.99,24.07,23.5345,23.89,40168,0
2014-04-17,19:00:00,23.89,23.89,23.5,23.52,60996,0
2014-04-17,20:00:00,23.57,23.8,23.48,23.7,11495,0
2014-04-17,21:00:00,23.74,23.99,23.66,23.77,28057,0
2014-04-17,22:00:00,23.8,23.9999,23.64,23.85,36030,0
2014-04-21,16:00:00,23.74,23.95,23.64,23.95,24580,0
2014-04-21,17:00:00,24.04,24.2277,23.81,24,22761,0
2014-04-21,18:00:00,23.89,24.14,23.88,23.99,48594,0
2014-04-21,19:00:00,23.945,24.0425,23.8,23.97,18800,0
2014-04-21,20:00:00,23.98,24.04,23.88,24,30967,0
2014-04-21,21:00:00,24,24.125,23.4155,23.52,25944,0
2014-04-21,22:00:00,23.26,23.59,23.22,23.27,35359,0
2014-04-22,16:00:00,23.25,23.466,22.72,22.88,7310,0
2014-04-22,17:00:00,22.88,23.05,22.62,22.9,8400,0
2014-04-22,18:00:00,22.91,22.94,22.65,22.65,6400,0
2014-04-22,19:00:00,22.65,22.78,22.53,22.54,8993,0
2014-04-22,20:00:00,22.55,22.65,22.39,22.45,33106,0
2014-04-22,21:00:00,22.42,22.44,22.33,22.34,5200,0
2014-04-22,22:00:00,22.37,22.38,21.97,22.1,34157,0
2014-04-23,16:00:00,21.99,22.07,21.98,22.07,4000,0
2014-04-23,17:00:00,22.08,22.12,21.8901,22.03,18060,0
2014-04-23,18:00:00,22.08,22.15,21.98,22,10834,0
2014-04-23,19:00:00,22,22,21.9125,21.99,3300,0
2014-04-23,20:00:00,22.01,22.04,21.63,21.8,5842,0
2014-04-23,21:00:00,21.82,21.82,21.5,21.5492,10168,0
2014-04-23,22:00:00,21.55,21.57,21.25,21.3,46802,0
2014-04-24,16:00:00,21.72,21.72,21.3,21.51,5305,0
2014-04-24,17:00:00,21.41,21.555,21.38,21.38,8800,0
2014-04-24,18:00:00,21.435,21.45,21.33,21.415,10843,0
2014-04-24,19:00:00,21.41,21.41,21.3,21.3,12100,0
2014-04-24,20:00:00,21.3,21.3,21.18,21.19,17590,0
2014-04-24,21:00:00,21.2,21.2,21.09,21.135,5400,0
2014-04-24,22:00:00,21.09,21.19,20.89,20.98,60436,0
2014-04-25,16:00:00,20.81,21.05,20.8,20.8,4860,0
2014-04-25,17:00:00,20.75,20.91,20.5,20.5575,3500,0
2014-04-25,18:00:00,20.645,20.65,20.5,20.51,23617,0
2014-04-25,19:00:00,20.51,20.57,20.51,20.52,6534,0
2014-04-25,20:00:00,20.51,20.55,20.5,20.53,6300,0
2014-04-25,21:00:00,20.53,20.59,20.5,20.55,8900,0
2014-04-25,22:00:00,20.53,20.61,20.5,20.51,38415,0
2014-04-28,16:00:00,20.53,21.63,20.53,20.92,11121,0
2014-04-28,17:00:00,21,21.14,20.9,20.94,3100,0
2014-04-28,18:00:00,20.955,20.955,20.5,20.5,11470,0
2014-04-28,19:00:00,20.53,20.57,20.5,20.53,7094,0
2014-04-28,20:00:00,20.5,20.54,20.4,20.48,56045,0
2014-04-28,21:00:00,20.43,20.58,20.43,20.52,33848,0
2014-04-28,22:00:00,20.52,20.64,20.46,20.55,36068,0
2014-04-29,16:00:00,20.72,20.72,20.44,20.61,53285,0
2014-04-29,17:00:00,20.57,20.575,20.5,20.53,11064,0
2014-04-29,18:00:00,20.51,20.58,20.5,20.527,43041,0
2014-04-29,19:00:00,20.52,20.52,20.5,20.505,19859,0
2014-04-29,20:00:00,20.5,20.51,20.5,20.5,6552,0
2014-04-29,21:00:00,20.505,20.51,20.5,20.505,9800,0
2014-04-29,22:00:00,20.5,20.51,20.5,20.51,31719,0
2014-04-30,16:00:00,20.25,20.36,20.25,20.35,7584,0
2014-04-30,17:00:00,20.4,20.42,20.01,20.3225,23157,0
2014-04-30,18:00:00,20.3,20.31,20.25,20.28,44142,0
2014-04-30,19:00:00,20.32,20.35,20.29,20.35,4300,0
2014-04-30,20:00:00,20.35,20.47,20.35,20.37,13713,0
2014-04-30,21:00:00,20.43,20.6,20.32,20.6,24636,0
2014-04-30,22:00:00,20.55,20.79,20.38,20.58,70873,0
2014-05-01,16:00:00,20.35,20.46,20.25,20.275,4926,0
2014-05-01,17:00:00,20.3,20.5,20.19,20.24,125592,0
2014-05-01,18:00:00,20.21,20.43,20.18,20.39,7154,0
2014-05-01,19:00:00,20.36,20.5,20.19,20.2,6326,0
2014-05-01,20:00:00,20.225,20.25,20.01,20.1,19060,0
2014-05-01,21:00:00,20.05,20.27,20,20.1,12407,0
2014-05-01,22:00:00,20.1,20.32,20.02,20.25,38882,0
2014-05-02,16:00:00,20.35,20.52,20.246,20.48,11112,0
2014-05-02,17:00:00,20.5,20.7875,20.32,20.321,22185,0
2014-05-02,18:00:00,20.32,20.34,20.27,20.3,17600,0
2014-05-02,19:00:00,20.31,20.35,20.26,20.28,13884,0
2014-05-02,20:00:00,20.281,20.31,20.13,20.15,8218,0
2014-05-02,21:00:00,20.15,20.36,20.08,20.33,14528,0
2014-05-02,22:00:00,20.35,20.39,20.217,20.36,27419,0
2014-05-05,16:00:00,20.14,20.31,20.01,20.26,5174,0
2014-05-05,17:00:00,20.27,20.38,20.21,20.34,6713,0
2014-05-05,18:00:00,20.32,20.32,20.19,20.19,6200,0
2014-05-05,19:00:00,20.18,20.18,20.02,20.1,8160,0
2014-05-05,20:00:00,20.11,20.14,20.05,20.1,9462,0
2014-05-05,21:00:00,20.11,20.15,20.07,20.12,4400,0
2014-05-05,22:00:00,20.15,20.21,20.08,20.15,16334,0
2014-05-06,16:00:00,20.01,21.16,19.974,20.1,15824,0
2014-05-06,17:00:00,20.02,20.33,20.02,20.11,13854,0
2014-05-06,18:00:00,20.05,20.2,20.05,20.18,7000,0
2014-05-06,19:00:00,20.16,20.24,20.07,20.16,5800,0
2014-05-06,20:00:00,20.16,20.17,20.05,20.1,15900,0
2014-05-06,21:00:00,20.1,20.29,20.08,20.11,14699,0
2014-05-06,22:00:00,20.11,20.22,20.02,20.08,33276,0
2014-05-07,16:00:00,20.1,20.29,20.1,20.18,5651,0
2014-05-07,17:00:00,20.1,20.3899,20.05,20.115,22471,0
2014-05-07,18:00:00,20.1,20.23,20.1,20.17,20152,0
2014-05-07,19:00:00,20.17,20.17,20.05,20.14,21243,0
2014-05-07,20:00:00,20.11,20.22,19.99,19.99,10204,0
2014-05-07,21:00:00,20,20.15,19.9396,20.062,35943,0
2014-05-07,22:00:00,20.12,20.25,19.98,20.24,25063,0
