Date,Time,Open,High,Low,Close,Volume,OpenInt
2014-02-10,16:00:00,19.85,20.066,19.85,20.0268,5631,0
2014-02-10,17:00:00,19.9482,20.0268,19.8401,19.85,4480,0
2014-02-10,18:00:00,19.8598,19.8991,19.8008,19.8205,6211,0
2014-02-10,19:00:00,19.8107,19.8598,19.7223,19.7223,4899,0
2014-02-10,20:00:00,19.7125,19.8794,19.6732,19.791,8737,0
2014-02-10,21:00:00,19.7972,19.8794,19.7419,19.7812,8302,0
2014-02-10,22:00:00,19.7812,19.8696,19.6732,19.6732,10894,0
2014-02-11,16:00:00,19.8892,19.8892,19.8303,19.8303,916,0
2014-02-11,17:00:00,19.8401,19.8598,19.8401,19.8598,713,0
2014-02-11,18:00:00,19.8696,19.9384,19.849,19.9187,4714,0
2014-02-11,19:00:00,19.8598,19.8991,19.8598,19.8892,878,0
2014-02-11,21:00:00,19.9187,20.0287,19.8794,19.903,15779,0
2014-02-11,22:00:00,19.8892,19.9384,19.8401,19.8892,9418,0
2014-02-12,16:00:00,20.0366,20.1544,19.8303,19.9285,10950,0
2014-02-12,17:00:00,19.8991,19.9384,19.7321,19.9138,11586,0
2014-02-12,18:00:00,19.8991,19.9285,19.8107,19.9276,3299,0
2014-02-12,19:00:00,19.9284,19.9285,19.9089,19.9167,4013,0
2014-02-12,20:00:00,19.9282,19.9285,19.8436,19.8981,4829,0
2014-02-12,21:00:00,19.85,19.85,19.85,19.85,2576,0
2014-02-12,22:00:00,19.879,19.9384,19.879,19.9384,7717,0
2014-02-13,16:00:00,19.9285,19.9285,19.8991,19.8991,204,0
2014-02-13,17:00:00,20.0366,20.0366,20.0358,20.0358,1628,0
2014-02-13,18:00:00,19.8795,20.0366,19.8794,19.8794,3084,0
2014-02-13,19:00:00,19.9973,20.0857,19.9973,20.0562,1793,0
2014-02-13,20:00:00,20.0366,20.0857,19.7812,19.9776,8511,0
2014-02-13,21:00:00,19.9285,20.1348,19.8303,20.0759,5740,0
2014-02-13,22:00:00,19.9482,20.1053,19.85,20.0955,8620,0
2014-02-14,16:00:00,20.233,20.233,20.0464,20.0528,2038,0
2014-02-14,17:00:00,20.1446,20.1446,20.0562,20.0955,1190,0
2014-02-14,18:00:00,20.1741,20.1741,20.0563,20.0661,3972,0
2014-02-14,19:00:00,20.1151,20.1446,19.9973,20.1348,18261,0
2014-02-14,20:00:00,20.0759,20.292,20.066,20.292,16517,0
2014-02-14,21:00:00,20.2036,20.3509,20.0857,20.0857,16654,0
2014-02-14,22:00:00,20.3312,20.3312,20.0562,20.0562,18726,0
2014-02-18,16:00:00,20.2723,20.2723,20.1446,20.1446,3488,0
2014-02-18,17:00:00,20.3509,20.3509,20.3018,20.3273,3257,0
2014-02-18,18:00:00,20.3493,20.3509,20.2517,20.2517,5736,0
2014-02-18,19:00:00,20.2959,20.3902,20.2428,20.2821,8341,0
2014-02-18,20:00:00,20.3018,20.3607,20.1446,20.3302,4462,0
2014-02-18,21:00:00,20.2329,20.2329,20.2329,20.2329,1527,0
2014-02-18,22:00:00,20.233,20.3411,20.1152,20.1348,22500,0
2014-02-19,16:00:00,20.3312,20.3312,20.3312,20.3312,408,0
2014-02-19,17:00:00,20.3067,20.4334,20.2134,20.3803,10860,0
2014-02-19,18:00:00,20.3803,20.4196,20.3313,20.3313,3261,0
2014-02-19,19:00:00,20.3313,20.3902,20.233,20.233,9912,0
2014-02-19,20:00:00,20.18,20.233,20.1741,20.1918,1477,0
2014-02-19,21:00:00,20.1839,20.233,20.1839,20.232,2241,0
2014-02-19,22:00:00,20.233,20.233,20.0366,20.125,12206,0
2014-02-20,16:00:00,20.2625,20.3116,20.2625,20.2625,2607,0
2014-02-20,17:00:00,20.2428,20.4196,20.233,20.4,4638,0
2014-02-20,18:00:00,20.3121,20.4098,20.3116,20.4098,3650,0
2014-02-20,19:00:00,20.4098,20.4098,20.4,20.4098,663,0
2014-02-20,20:00:00,20.3745,20.4,20.2428,20.3019,8565,0
2014-02-20,21:00:00,20.3019,20.4,20.3019,20.3754,8870,0
2014-02-20,22:00:00,20.3509,20.3509,20.233,20.3312,15608,0
2014-02-21,16:00:00,20.4294,20.4294,20.4294,20.4294,102,0
2014-02-21,17:00:00,20.4294,20.4982,20.4,20.4452,5228,0
2014-02-21,18:00:00,20.4294,20.4294,20.2723,20.4098,3092,0
2014-02-21,19:00:00,20.4,20.4098,20.4,20.4098,1020,0
2014-02-21,20:00:00,20.4196,20.4471,20.4196,20.4471,2856,0
2014-02-21,21:00:00,20.4884,20.4884,20.3607,20.452,3517,0
2014-02-21,22:00:00,20.4687,20.5179,20.3411,20.5179,7746,0
2014-02-24,16:00:00,20.4908,20.4908,20.3623,20.3623,1034,0
2014-02-24,17:00:00,20.508,20.5768,20.4294,20.5179,5111,0
2014-02-24,18:00:00,20.5277,20.6239,20.5277,20.6239,8109,0
2014-02-24,20:00:00,20.4854,20.5571,20.4854,20.5473,3194,0
2014-02-24,21:00:00,20.5571,20.5571,20.5375,20.5375,1427,0
2014-02-24,22:00:00,20.5179,20.7585,20.4687,20.7585,8769,0
2014-02-25,17:00:00,20.5866,20.6063,20.5768,20.5768,4584,0
2014-02-25,18:00:00,20.5285,20.5768,20.5277,20.5277,11681,0
2014-02-25,19:00:00,20.5277,20.6063,20.4786,20.6063,7905,0
2014-02-25,20:00:00,20.645,20.7536,20.6259,20.7496,7821,0
2014-02-25,21:00:00,20.6554,20.7143,20.6063,20.6259,11036,0
2014-02-25,22:00:00,20.6259,20.7143,20.5277,20.6946,8575,0
2014-02-26,17:00:00,20.83,20.85,20.75,20.8,4435,0
2014-02-26,18:00:00,20.858,20.86,20.73,20.84,5723,0
2014-02-26,19:00:00,20.72,20.86,20.72,20.86,800,0
2014-02-26,20:00:00,20.73,20.86,20.73,20.86,2000,0
2014-02-26,21:00:00,20.882,20.95,20.71,20.86,8426,0
2014-02-26,22:00:00,20.8501,20.8501,20.8,20.8,3042,0
2014-02-27,17:00:00,20.78,20.97,20.76,20.96,7025,0
2014-02-27,18:00:00,20.9,20.97,20.7,20.7,19531,0
2014-02-27,19:00:00,20.66,20.77,20.66,20.7575,3375,0
2014-02-27,20:00:00,20.77,20.85,20.72,20.84,12002,0
2014-02-27,21:00:00,20.8499,20.8499,20.822,20.822,1700,0
2014-02-27,22:00:00,20.82,20.89,20.82,20.89,5288,0
2014-02-28,16:00:00,20.685,20.97,20.685,20.97,1400,0
2014-02-28,17:00:00,20.95,21.05,20.9,20.9,4007,0
2014-02-28,18:00:00,20.924,20.9624,20.92,20.94,3461,0
2014-02-28,19:00:00,20.86,20.98,20.8,20.9,1000,0
2014-02-28,20:00:00,20.86,20.95,20.811,20.95,7732,0
2014-02-28,21:00:00,20.94,20.94,20.801,20.801,4010,0
2014-02-28,22:00:00,20.821,20.94,20.821,20.93,5750,0
2014-03-03,16:00:00,20.98,20.98,20.68,20.9,2600,0
2014-03-03,17:00:00,20.96,20.96,20.73,20.73,12960,0
2014-03-03,18:00:00,20.7101,20.83,20.7101,20.83,8400,0
2014-03-03,19:00:00,20.82,20.84,20.82,20.8348,7910,0
2014-03-03,20:00:00,20.84,20.84,20.79,20.79,3800,0
2014-03-03,21:00:00,20.86,20.8989,20.84,20.85,9200,0
2014-03-03,22:00:00,20.85,20.88,20.78,20.78,5163,0
2014-03-04,16:00:00,20.91,20.9184,20.91,20.91,1400,0
2014-03-04,17:00:00,20.9319,20.98,20.92,20.94,3920,0
2014-03-04,18:00:00,20.94,20.98,20.89,20.97,15855,0
2014-03-04,19:00:00,20.97,20.97,20.8889,20.95,7884,0
2014-03-04,21:00:00,20.8601,21,20.8601,20.93,16934,0
2014-03-04,22:00:00,20.93,20.93,20.84,20.84,8403,0
2014-03-05,16:00:00,21.04,21.04,21.01,21.01,4425,0
2014-03-05,17:00:00,21.01,21.01,20.93,20.93,7371,0
2014-03-05,18:00:00,20.94,21.07,20.915,20.97,2150,0
2014-03-05,19:00:00,20.93,21.03,20.9,21.03,7225,0
2014-03-05,20:00:00,20.92,21.15,20.85,20.98,9167,0
2014-03-05,21:00:00,20.91,21.19,20.88,21.04,31170,0
2014-03-05,22:00:00,21.19,21.24,21.12,21.24,3271,0
2014-03-06,16:00:00,21.19,21.23,21.19,21.22,1300,0
2014-03-06,17:00:00,21.16,21.31,21.16,21.3,16775,0
2014-03-06,18:00:00,21.41,21.4332,21.3101,21.3101,5825,0
2014-03-06,19:00:00,21.366,21.366,21.2,21.2,13826,0
2014-03-06,20:00:00,21.3,21.3,21.24,21.26,2708,0
2014-03-06,21:00:00,21.21,21.23,21.0501,21.09,3100,0
2014-03-06,22:00:00,21.1,21.209,20.99,20.99,2055,0
2014-03-07,16:00:00,20.86,20.86,20.76,20.76,1200,0
2014-03-07,17:00:00,21.1499,21.1499,20.97,20.97,4866,0
2014-03-07,18:00:00,20.97,21.09,20.97,21.0584,6036,0
2014-03-07,19:00:00,21.1346,21.1346,21,21,600,0
2014-03-07,20:00:00,21.05,21.05,20.92,20.9201,3300,0
2014-03-07,21:00:00,20.96,21.12,20.81,20.97,8593,0
2014-03-07,22:00:00,21.0896,21.09,20.84,21.03,3600,0
2014-03-10,15:00:00,21.11,21.31,21.1,21.164,2100,0
2014-03-10,16:00:00,20.85,21.098,20.85,20.97,105685,0
2014-03-10,17:00:00,21.13,21.13,21.13,21.13,800,0
2014-03-10,18:00:00,21.05,21.05,20.94,20.94,1100,0
2014-03-10,19:00:00,20.94,20.98,20.91,20.91,5760,0
2014-03-10,20:00:00,20.9805,20.9805,20.98,20.98,8000,0
2014-03-10,21:00:00,20.97,21,20.955,21,3481,0
2014-03-11,15:00:00,21.05,21.099,21.04,21.04,1663,0
2014-03-11,16:00:00,21.0482,21.13,20.932,20.9516,6380,0
2014-03-11,17:00:00,20.96,21.0753,20.86,20.88,2272,0
2014-03-11,18:00:00,20.86,20.88,20.86,20.88,2300,0
2014-03-11,19:00:00,20.88,21.06,20.88,20.92,3100,0
2014-03-11,20:00:00,20.88,20.9299,20.85,20.9299,8494,0
2014-03-11,21:00:00,21,21,20.84,20.85,2750,0
2014-03-12,15:00:00,20.91,21.05,20.91,21,2665,0
2014-03-12,16:00:00,20.99,21,20.99,21,2296,0
2014-03-12,17:00:00,21,21.015,20.99,21.015,5249,0
2014-03-12,18:00:00,21,21.0585,20.82,20.99,21086,0
2014-03-12,19:00:00,20.9307,21.1307,20.9307,21,15440,0
2014-03-12,20:00:00,21.04,21.12,21.02,21.12,3300,0
2014-03-12,21:00:00,21.13,21.18,21,21.15,32839,0
2014-03-13,15:00:00,21.16,21.16,21.16,21.16,300,0
2014-03-13,16:00:00,21.097,21.16,21.097,21.16,1200,0
2014-03-13,17:00:00,21.139,21.16,21.139,21.154,3100,0
2014-03-13,18:00:00,21.16,21.17,21.1507,21.17,3800,0
2014-03-13,19:00:00,21.17,21.2,21.13,21.16,6700,0
2014-03-13,20:00:00,21.08,21.08,21.06,21.06,1060,0
2014-03-13,21:00:00,21.07,21.155,20.99,21.05,7120,0
2014-03-14,15:00:00,21.1,21.26,21.1,21.1843,2510,0
2014-03-14,16:00:00,21.25,21.41,21.05,21.09,9620,0
2014-03-14,17:00:00,21.13,21.35,21.01,21.2,6054,0
2014-03-14,18:00:00,21.25,21.2799,21.14,21.2799,22250,0
2014-03-14,19:00:00,21.28,21.31,21.155,21.17,25375,0
2014-03-14,20:00:00,21.145,21.167,21.145,21.145,7000,0
2014-03-14,21:00:00,21.12,21.19,21.12,21.19,2650,0
2014-03-17,15:00:00,21.38,21.63,21.31,21.33,2581,0
2014-03-17,16:00:00,21.405,21.46,21.405,21.45,1200,0
2014-03-17,17:00:00,21.36,21.4294,21.2101,21.2101,11491,0
2014-03-17,18:00:00,21.2001,21.36,21.171,21.2201,3600,0
2014-03-17,19:00:00,21.37,21.39,21.27,21.336,7300,0
2014-03-17,20:00:00,21.38,21.38,21.25,21.27,7600,0
2014-03-17,21:00:00,21.25,21.36,21.18,21.18,3800,0
2014-03-18,15:00:00,21.26,21.35,21.14,21.14,3059,0
2014-03-18,16:00:00,21.23,21.32,21.18,21.18,2400,0
2014-03-18,17:00:00,21.18,21.29,21.12,21.23,7176,0
2014-03-18,18:00:00,21.1,21.28,21.1,21.165,11836,0
2014-03-18,19:00:00,21.19,21.2,21.04,21.0407,10624,0
2014-03-18,20:00:00,21.11,21.4,21.04,21.2701,7003,0
2014-03-18,21:00:00,21.27,21.38,21.14,21.35,9895,0
2014-03-19,15:00:00,21.5,21.51,21.237,21.3035,8213,0
2014-03-19,16:00:00,21.3299,21.36,21.26,21.26,2796,0
2014-03-19,17:00:00,21.25,21.25,21.25,21.25,400,0
2014-03-19,18:00:00,21.33,21.36,21.22,21.35,3244,0
2014-03-19,19:00:00,21.3101,21.42,21.23,21.4,4300,0
2014-03-19,20:00:00,21.31,21.39,21.2304,21.34,4815,0
2014-03-19,21:00:00,21.21,21.21,21.21,21.21,800,0
2014-03-20,16:00:00,21.23,21.47,21.18,21.44,7000,0
2014-03-20,17:00:00,21.44,21.5,21.38,21.4525,6050,0
2014-03-20,18:00:00,21.45,21.45,21.34,21.34,840,0
2014-03-20,19:00:00,21.39,21.39,21.356,21.356,2675,0
2014-03-20,20:00:00,21.37,21.37,21.34,21.34,4019,0
2014-03-20,21:00:00,21.34,21.34,21.25,21.34,5350,0
2014-03-21,15:00:00,21.5199,21.5199,21.205,21.205,609,0
2014-03-21,16:00:00,21.39,21.54,21.287,21.287,3820,0
2014-03-21,17:00:00,21.41,21.46,21.41,21.4372,1300,0
2014-03-21,18:00:00,21.27,21.35,21.24,21.28,8274,0
2014-03-21,19:00:00,21.39,21.39,21.24,21.241,2400,0
2014-03-21,20:00:00,21.2778,21.2778,21.2778,21.2778,1250,0
2014-03-21,21:00:00,21.29,21.3,21.24,21.3,5842,0
2014-03-24,15:00:00,21.445,21.445,21.4,21.4,1180,0
2014-03-24,16:00:00,21.45,21.65,21.45,21.65,5900,0
2014-03-24,17:00:00,21.64,21.6501,21.54,21.54,7192,0
2014-03-24,18:00:00,21.54,21.66,21.39,21.55,6858,0
2014-03-24,19:00:00,21.6,21.6,21.5,21.51,15750,0
2014-03-24,20:00:00,21.51,21.51,21.27,21.31,14412,0
2014-03-24,21:00:00,21.3,21.49,21.28,21.49,5022,0
2014-03-25,15:00:00,21.53,21.53,21.2901,21.2901,923,0
2014-03-25,16:00:00,21.55,21.55,21.43,21.5,7400,0
2014-03-25,17:00:00,21.492,21.5,21.3868,21.49,7491,0
2014-03-25,18:00:00,21.48,21.48,21.42,21.42,1739,0
2014-03-25,19:00:00,21.4145,21.48,21.3275,21.35,10360,0
2014-03-25,20:00:00,21.38,21.48,21.33,21.33,2602,0
2014-03-25,21:00:00,21.32,21.37,21.27,21.27,4903,0
2014-03-26,15:00:00,21.12,21.12,21.12,21.12,200,0
2014-03-26,16:00:00,21.43,21.45,21.29,21.29,3100,0
2014-03-26,17:00:00,21.28,21.37,21.28,21.37,2950,0
2014-03-26,18:00:00,21.29,21.3,21.29,21.3,1000,0
2014-03-26,19:00:00,21.29,21.346,21.29,21.346,1800,0
2014-03-26,20:00:00,21.358,21.37,21.298,21.37,3653,0
2014-03-26,21:00:00,21.39,21.7,21.39,21.7,6821,0
2014-03-27,15:00:00,21.68,21.7,21.68,21.69,5500,0
2014-03-27,16:00:00,21.69,21.697,21.6,21.6,3418,0
2014-03-27,17:00:00,21.6,21.6,21.51,21.6,6005,0
2014-03-27,18:00:00,21.51,21.5789,21.51,21.5789,705,0
2014-03-27,19:00:00,21.558,21.6,21.5,21.5,9550,0
2014-03-27,20:00:00,21.656,21.656,21.55,21.55,4080,0
2014-03-27,21:00:00,21.57,21.57,21.57,21.57,300,0
2014-03-28,15:00:00,21.56,21.57,21.55,21.55,1167,0
2014-03-28,16:00:00,21.55,21.55,21.55,21.55,1300,0
2014-03-28,17:00:00,21.58,21.58,21.5545,21.5545,5192,0
2014-03-28,18:00:00,21.55,21.58,21.55,21.559,10010,0
2014-03-28,19:00:00,21.571,21.571,21.36,21.36,10705,0
2014-03-28,20:00:00,21.4156,21.46,21.4156,21.4501,2102,0
2014-03-28,21:00:00,21.5256,21.5496,21.4601,21.47,1615,0
2014-03-31,17:00:00,21.48,21.48,21.47,21.47,1200,0
2014-03-31,18:00:00,21.7099,21.74,21.43,21.43,15816,0
2014-03-31,19:00:00,21.5111,21.6,21.5,21.6,2965,0
2014-03-31,20:00:00,21.64,21.71,21.64,21.71,2716,0
2014-03-31,21:00:00,21.67,21.75,21.66,21.75,1200,0
2014-03-31,22:00:00,21.7378,21.76,21.7378,21.76,5541,0
2014-04-01,16:00:00,21.87,21.87,21.75,21.86,1252,0
2014-04-01,17:00:00,21.86,21.99,21.86,21.912,9475,0
2014-04-01,18:00:00,21.94,21.94,21.9,21.94,3632,0
2014-04-01,19:00:00,21.933,21.941,21.59,21.61,13099,0
2014-04-01,20:00:00,21.58,21.85,21.57,21.7263,18616,0
2014-04-01,21:00:00,21.71,21.84,21.64,21.84,15650,0
2014-04-01,22:00:00,21.83,21.87,21.83,21.87,15998,0
2014-04-02,16:00:00,21.84,21.94,21.84,21.8967,2949,0
2014-04-02,17:00:00,21.84,21.92,21.84,21.85,5273,0
2014-04-02,18:00:00,21.768,21.9,21.768,21.88,3559,0
2014-04-02,19:00:00,21.94,22.1,21.91,22.1,18218,0
2014-04-02,20:00:00,22.1,22.15,22.1,22.15,6149,0
2014-04-02,21:00:00,22.14,22.14,21.98,22.1,7708,0
2014-04-02,22:00:00,22.09,22.09,21.99,22,3338,0
2014-04-03,16:00:00,21.93,22.23,21.93,22.18,2240,0
2014-04-03,17:00:00,22.2194,22.2814,22.17,22.2814,7790,0
2014-04-03,18:00:00,22.22,22.22,22.18,22.18,900,0
2014-04-03,19:00:00,22.1201,22.3,22.1201,22.3,8546,0
2014-04-03,20:00:00,22.26,22.27,22.19,22.251,16160,0
2014-04-03,21:00:00,22.2,22.2599,21.95,22.02,19431,0
2014-04-03,22:00:00,21.99,22.02,21.9559,21.98,3813,0
2014-04-04,16:00:00,21.95,22.22,21.95,22.16,5349,0
2014-04-04,17:00:00,22.26,22.27,22.14,22.15,32789,0
2014-04-04,18:00:00,22.21,22.28,22.21,22.24,8516,0
2014-04-04,19:00:00,22.24,22.26,22.24,22.26,5811,0
2014-04-04,20:00:00,22.24,22.27,22.13,22.26,17699,0
2014-04-04,21:00:00,22.28,22.3,22.16,22.218,49576,0
2014-04-04,22:00:00,22.28,22.28,22.2,22.2482,5134,0
2014-04-07,17:00:00,22.182,22.182,22.182,22.182,800,0
2014-04-07,18:00:00,22.14,22.25,22.03,22.0925,18405,0
2014-04-07,19:00:00,22.06,22.06,21.87,21.92,3619,0
2014-04-07,20:00:00,21.91,22.02,21.88,21.9465,3765,0
2014-04-07,21:00:00,21.95,21.95,21.95,21.95,1302,0
2014-04-07,22:00:00,22.05,22.0579,21.88,21.88,6100,0
2014-04-08,16:00:00,21.901,22,21.901,22,1855,0
2014-04-08,17:00:00,21.92,21.9979,21.89,21.89,3500,0
2014-04-08,18:00:00,21.901,21.99,21.61,21.63,10818,0
2014-04-08,19:00:00,21.65,21.67,21.63,21.65,9510,0
2014-04-08,20:00:00,21.65,21.67,21.6145,21.64,3261,0
2014-04-08,21:00:00,21.61,21.61,21.59,21.6,2271,0
2014-04-08,22:00:00,21.61,21.65,21.5985,21.6,7868,0
2014-04-09,16:00:00,21.74,21.74,21.74,21.74,400,0
2014-04-09,17:00:00,21.88,21.88,21.58,21.58,7408,0
2014-04-09,18:00:00,21.59,21.76,21.34,21.76,7074,0
2014-04-09,19:00:00,21.73,21.7689,21.72,21.75,6718,0
2014-04-09,20:00:00,21.74,21.74,21.63,21.73,9405,0
2014-04-09,21:00:00,21.73,21.95,21.72,21.93,16500,0
2014-04-09,22:00:00,21.95,21.95,21.79,21.83,4100,0
2014-04-10,16:00:00,21.99,21.99,21.85,21.98,2398,0
2014-04-10,17:00:00,21.86,21.96,21.71,21.71,21874,0
2014-04-10,18:00:00,21.74,21.85,21.71,21.712,7530,0
2014-04-10,19:00:00,21.71,21.75,21.69,21.75,5011,0
2014-04-10,20:00:00,21.75,21.92,21.72,21.9,9063,0
2014-04-10,21:00:00,21.91,21.988,21.79,21.93,7987,0
2014-04-10,22:00:00,21.84,21.96,21.75,21.8884,3720,0
2014-04-11,17:00:00,21.84,21.91,21.84,21.91,1600,0
2014-04-11,18:00:00,21.95,22,21.94,22,2200,0
2014-04-11,19:00:00,21.99,22,21.99,21.9989,2135,0
2014-04-11,20:00:00,21.909,21.909,21.909,21.909,625,0
2014-04-11,21:00:00,21.92,21.97,21.91,21.94,2604,0
2014-04-11,22:00:00,21.94,21.98,21.77,21.7895,5325,0
2014-04-14,16:00:00,21.95,21.95,21.8,21.8,500,0
2014-04-14,17:00:00,21.81,21.9,21.78,21.78,800,0
2014-04-14,18:00:00,21.81,22,21.76,22,6898,0
2014-04-14,19:00:00,21.84,21.882,21.84,21.86,1405,0
2014-04-14,20:00:00,21.86,21.95,21.8,21.95,5735,0
2014-04-14,21:00:00,21.99,22.2,21.91,22.06,7996,0
2014-04-14,22:00:00,22,22,21.86,21.86,2200,0
2014-04-15,16:00:00,22.08,22.08,22.08,22.08,398,0
2014-04-15,17:00:00,22.14,22.19,22.05,22.1301,4550,0
2014-04-15,18:00:00,22.0802,22.17,22.08,22.13,8700,0
2014-04-15,19:00:00,22.08,22.08,21.78,21.78,5760,0
2014-04-15,20:00:00,22,22,22,22,700,0
2014-04-15,21:00:00,22.12,22.12,21.98,21.98,2420,0
2014-04-15,22:00:00,22.04,22.04,22.02,22.03,1456,0
2014-04-16,16:00:00,22.19,22.19,22.07,22.0806,4850,0
2014-04-16,17:00:00,22.1,22.12,21.77,22.0499,17528,0
2014-04-16,18:00:00,22,22,21.77,21.81,10848,0
2014-04-16,19:00:00,21.89,21.95,21.89,21.95,600,0
2014-04-16,20:00:00,21.95,21.95,21.95,21.95,700,0
2014-04-16,21:00:00,21.8684,21.98,21.82,21.98,7121,0
2014-04-16,22:00:00,21.97,22.03,21.9,21.91,4056,0
2014-04-17,16:00:00,21.9,21.9001,21.831,21.831,800,0
2014-04-17,17:00:00,21.9048,22.08,21.9048,22.03,1895,0
2014-04-17,18:00:00,22.05,22.07,21.86,22.05,4261,0
2014-04-17,19:00:00,22.05,22.15,22,22.14,7177,0
2014-04-17,20:00:00,22.105,22.12,21.97,22.09,6102,0
2014-04-17,21:00:00,22.09,22.39,21.94,22.38,27693,0
2014-04-17,22:00:00,22.37,22.44,22.2,22.36,20785,0
2014-04-21,16:00:00,22.3,22.3,22.22,22.28,1500,0
2014-04-21,17:00:00,22.248,22.3,22.248,22.27,9940,0
2014-04-21,19:00:00,22.3,22.35,22.27,22.27,2258,0
2014-04-21,20:00:00,22.24,22.24,22.06,22.11,10500,0
2014-04-21,21:00:00,22.13,22.25,22.12,22.25,5454,0
2014-04-21,22:00:00,22.25,22.3593,22.18,22.18,10104,0
2014-04-22,16:00:00,22.12,22.2,22.12,22.19,600,0
2014-04-22,17:00:00,22.25,22.25,22.238,22.25,1200,0
2014-04-22,18:00:00,22.2,22.215,22.2,22.2,2600,0
2014-04-22,19:00:00,22.2255,22.36,22.2,22.24,6080,0
2014-04-22,20:00:00,22.3,22.3,22.21,22.21,9083,0
2014-04-22,21:00:00,22.21,22.359,22.09,22.09,4370,0
2014-04-22,22:00:00,22.07,22.1657,22.04,22.11,5529,0
2014-04-23,16:00:00,22.07,22.07,22.07,22.07,1570,0
2014-04-23,17:00:00,22.08,22.1,22.08,22.1,1955,0
2014-04-23,18:00:00,22.27,22.27,22.09,22.25,4100,0
2014-04-23,19:00:00,22.145,22.145,22.1,22.1,644,0
2014-04-23,20:00:00,22.14,22.15,22.115,22.115,3591,0
2014-04-23,21:00:00,22.15,22.15,22.1,22.1,5550,0
2014-04-23,22:00:00,22.11,22.1695,22.11,22.11,1500,0
2014-04-24,17:00:00,22.29,22.3993,22.27,22.27,7906,0
2014-04-24,19:00:00,22.18,22.18,22.12,22.12,17381,0
2014-04-24,21:00:00,22.18,22.23,22.18,22.204,2900,0
2014-04-24,22:00:00,22.17,22.24,22.17,22.24,1235,0
2014-04-25,16:00:00,22.2,22.2,22.2,22.2,1500,0
2014-04-25,18:00:00,22.231,22.43,22.231,22.42,6197,0
2014-04-25,20:00:00,22.24,22.26,22.24,22.26,2100,0
2014-04-25,21:00:00,22.338,22.38,22.26,22.288,2237,0
2014-04-25,22:00:00,22.3693,22.3693,22.27,22.27,1200,0
2014-04-28,16:00:00,22.25,22.272,22.25,22.27,2150,0
2014-04-28,17:00:00,22.27,22.31,22.2,22.31,7921,0
2014-04-28,18:00:00,22.34,22.34,22.252,22.252,1240,0
2014-04-28,19:00:00,22.33,22.39,22.33,22.39,17185,0
2014-04-28,20:00:00,22.26,22.3593,22.255,22.3493,2108,0
2014-04-28,21:00:00,22.28,22.45,22.26,22.28,4625,0
2014-04-28,22:00:00,22.32,22.33,22.27,22.27,14200,0
2014-04-29,16:00:00,22.2,22.2,22.19,22.2,3800,0
2014-04-29,17:00:00,22.44,22.44,22.39,22.43,3088,0
2014-04-29,18:00:00,22.39,22.42,22.26,22.3785,3300,0
2014-04-29,19:00:00,22.38,22.41,22.26,22.32,8756,0
2014-04-29,21:00:00,22.35,22.35,22.35,22.35,800,0
2014-04-29,22:00:00,22.34,22.35,22.23,22.3,10507,0
2014-04-30,16:00:00,22.3,22.3,22.3,22.3,2700,0
2014-04-30,17:00:00,22.3,22.3,22.24,22.3,13677,0
2014-04-30,18:00:00,22.3,22.3,22.2188,22.25,11184,0
2014-04-30,19:00:00,22.25,22.25,22.191,22.24,2372,0
2014-04-30,20:00:00,22.25,22.25,22.249,22.25,3463,0
2014-04-30,21:00:00,22.25,22.291,22.216,22.291,10742,0
2014-04-30,22:00:00,22.29,22.425,22.2,22.42,19701,0
2014-05-01,16:00:00,22.3001,22.33,22.3,22.3,6418,0
2014-05-01,17:00:00,22.3299,22.35,22.224,22.35,4822,0
2014-05-01,18:00:00,22.22,22.294,22.2,22.251,28730,0
2014-05-01,19:00:00,22.22,22.24,22.14,22.17,3745,0
2014-05-01,20:00:00,22.24,22.25,22.11,22.25,14356,0
2014-05-01,21:00:00,22.25,22.25,22.12,22.25,6430,0
2014-05-01,22:00:00,22.25,22.39,22.15,22.39,4480,0
2014-05-02,16:00:00,22.41,22.41,22.41,22.41,300,0
2014-05-02,17:00:00,22.2899,22.2899,22.15,22.19,1800,0
2014-05-02,18:00:00,22.232,22.232,22.232,22.232,500,0
2014-05-02,19:00:00,22.25,22.25,22.162,22.182,14476,0
2014-05-02,20:00:00,22.2311,22.29,22.2311,22.25,4335,0
2014-05-02,21:00:00,22.25,22.2626,22.24,22.24,6030,0
2014-05-02,22:00:00,22.23,22.23,22.11,22.12,19358,0
2014-05-05,16:00:00,22.128,22.239,22.128,22.239,1932,0
2014-05-05,17:00:00,22.2,22.27,22.14,22.192,3547,0
2014-05-05,18:00:00,22.21,22.29,22.128,22.128,6439,0
2014-05-05,19:00:00,22.2056,22.2056,22.2056,22.2056,400,0
2014-05-05,20:00:00,22.22,22.27,22.21,22.27,4557,0
2014-05-05,21:00:00,22.24,22.27,21.85,21.865,28767,0
2014-05-05,22:00:00,21.85,21.85,21.68,21.73,28616,0
2014-05-06,16:00:00,21.56,21.8092,21.56,21.66,1800,0
2014-05-06,17:00:00,21.664,21.664,21.42,21.6,7080,0
2014-05-06,18:00:00,21.563,21.78,21.44,21.52,12527,0
2014-05-06,19:00:00,21.52,21.63,21.51,21.52,6423,0
2014-05-06,20:00:00,21.523,21.5235,21.36,21.45,19196,0
2014-05-06,21:00:00,21.43,21.53,21.43,21.53,3116,0
2014-05-06,22:00:00,21.508,21.58,21.39,21.5695,9718,0
2014-05-07,17:00:00,21.47,21.55,21.43,21.55,3121,0
2014-05-07,18:00:00,21.55,21.84,21.55,21.7501,22369,0
2014-05-07,19:00:00,21.79,21.91,21.79,21.85,4300,0
2014-05-07,20:00:00,21.85,21.93,21.83,21.882,16545,0
2014-05-07,21:00:00,21.85,21.9,21.75,21.75,4334,0
2014-05-07,22:00:00,21.87,21.99,21.76,21.9,15288,0
