Date,Time,Open,High,Low,Close,Volume,OpenInt
2014-02-10,16:00:00,13.78,13.78,13.69,13.69,300,0
2014-02-10,17:00:00,13.65,14,13.65,13.9,6003,0
2014-02-10,18:00:00,13.92,14.192,13.9,14.01,500,0
2014-02-10,19:00:00,13.933,13.933,13.881,13.924,1800,0
2014-02-10,20:00:00,14,14,14,14,100,0
2014-02-10,21:00:00,14.34,14.34,13.85,14.06,2304,0
2014-02-10,22:00:00,14.13,14.16,14.12,14.12,416,0
2014-02-11,16:00:00,13.96,14.13,13.96,14.13,1900,0
2014-02-11,17:00:00,14.2,14.2,14.2,14.2,100,0
2014-02-11,18:00:00,14.141,14.35,14.14,14.14,7451,0
2014-02-11,21:00:00,14.25,14.25,14.12,14.1201,5160,0
2014-02-11,22:00:00,14.14,14.26,14.02,14.14,5657,0
2014-02-12,17:00:00,14.12,14.12,14.12,14.12,180,0
2014-02-12,19:00:00,14.11,14.12,14.11,14.12,2800,0
2014-02-12,20:00:00,14.12,14.151,14.12,14.151,3830,0
2014-02-12,21:00:00,14.17,14.17,14.15,14.15,2100,0
2014-02-12,22:00:00,14.15,14.45,14.15,14.45,5708,0
2014-02-13,17:00:00,15.14,15.14,14.81,14.86,2500,0
2014-02-13,19:00:00,14.72,14.72,14.6,14.6,355,0
2014-02-13,20:00:00,14.8532,14.8532,14.8532,14.8532,323,0
2014-02-13,22:00:00,14.67,14.67,14.43,14.58,2470,0
2014-02-14,17:00:00,15.61,15.61,14.58,14.73,400,0
2014-02-14,18:00:00,14.85,14.94,14.43,14.75,5100,0
2014-02-14,19:00:00,14.82,15.07,14.82,14.98,1300,0
2014-02-14,20:00:00,14.93,14.94,14.6401,14.6401,888,0
2014-02-14,21:00:00,14.7,14.81,14.65,14.76,2100,0
2014-02-14,22:00:00,14.67,14.78,14.65,14.67,1000,0
2014-02-18,17:00:00,14.326,15.07,14.326,14.87,4700,0
2014-02-18,18:00:00,14.96,15,14.9,15,1400,0
2014-02-18,19:00:00,15.24,15.4,15.24,15.4,800,0
2014-02-18,22:00:00,15.25,15.4,15.25,15.28,1418,0
2014-02-19,17:00:00,15.44,15.44,15.28,15.28,750,0
2014-02-19,18:00:00,15.44,15.58,15.44,15.55,3900,0
2014-02-19,20:00:00,15.5201,15.5201,15.52,15.52,925,0
2014-02-19,21:00:00,15.5,15.51,15.5,15.5,2200,0
2014-02-19,22:00:00,15.5,15.54,15.5,15.54,3354,0
2014-02-20,16:00:00,15.45,15.45,15.3401,15.3401,1050,0
2014-02-20,17:00:00,15.325,15.33,15.24,15.25,5994,0
2014-02-20,18:00:00,15.09,15.09,14.43,14.43,1055,0
2014-02-20,19:00:00,14.42,14.42,14.42,14.42,200,0
2014-02-20,20:00:00,14.18,14.18,14.18,14.18,300,0
2014-02-20,21:00:00,14.01,14.2499,14.01,14.034,1600,0
2014-02-20,22:00:00,14.036,14.28,14.036,14.19,8884,0
2014-02-21,17:00:00,14.9,15.2325,14.51,14.696,2300,0
2014-02-21,18:00:00,14.65,15.22,14.64,15.03,12474,0
2014-02-21,19:00:00,14.794,14.794,14.794,14.794,100,0
2014-02-21,20:00:00,14.99,14.99,14.84,14.852,700,0
2014-02-21,21:00:00,14.99,14.99,14.99,14.99,500,0
2014-02-21,22:00:00,14.89,15,14.5,14.63,3976,0
2014-02-24,16:00:00,14.68,14.75,14.41,14.75,1800,0
2014-02-24,17:00:00,14.85,14.85,14.85,14.85,500,0
2014-02-24,22:00:00,14.38,14.38,14.38,14.38,516,0
2014-02-25,16:00:00,15.242,15.242,14.3901,14.44,500,0
2014-02-25,17:00:00,14.625,14.625,14.625,14.625,100,0
2014-02-25,19:00:00,14.53,14.53,14.38,14.38,600,0
2014-02-25,20:00:00,14.426,14.426,14.426,14.426,100,0
2014-02-25,21:00:00,14.35,14.35,14.35,14.35,300,0
2014-02-25,22:00:00,14.31,14.35,14.2,14.32,2700,0
2014-02-26,16:00:00,14.19,14.19,14.19,14.19,336,0
2014-02-26,19:00:00,14.24,14.76,14.2,14.76,3373,0
2014-02-26,21:00:00,14.7,14.7,14.41,14.6199,1850,0
2014-02-26,22:00:00,14.39,14.485,14.08,14.08,4494,0
2014-02-27,17:00:00,14.59,14.59,14.59,14.59,100,0
2014-02-27,19:00:00,14.24,14.24,14.2,14.2,700,0
2014-02-27,20:00:00,14.25,14.25,14.25,14.25,100,0
2014-02-27,22:00:00,14.2001,14.29,14.2,14.2,776,0
2014-02-28,18:00:00,14.6,14.6,14.6,14.6,300,0
2014-02-28,19:00:00,14.54,14.82,14.54,14.82,2720,0
2014-02-28,21:00:00,14.6501,14.67,14.6501,14.67,1798,0
2014-02-28,22:00:00,14.695,14.695,14.65,14.65,500,0
2014-03-03,17:00:00,14.65,14.65,14.65,14.65,2146,0
2014-03-03,20:00:00,14.282,14.282,14.075,14.075,500,0
2014-03-03,21:00:00,14.08,14.57,14.06,14.57,6400,0
2014-03-03,22:00:00,14.42,14.55,14.22,14.38,10898,0
2014-03-04,16:00:00,14.37,14.39,14.37,14.39,1000,0
2014-03-04,17:00:00,14.508,14.51,14.34,14.34,1500,0
2014-03-04,18:00:00,14.389,14.59,14.389,14.59,14900,0
2014-03-04,19:00:00,14.47,14.85,14.37,14.58,4700,0
2014-03-04,20:00:00,14.48,14.62,14.48,14.62,1200,0
2014-03-04,21:00:00,14.52,14.7,14.46,14.6,1600,0
2014-03-04,22:00:00,14.61,14.82,14.46,14.82,2062,0
2014-03-05,16:00:00,14.84,14.84,14.83,14.83,699,0
2014-03-05,21:00:00,14.9,14.94,14.88,14.88,1400,0
2014-03-05,22:00:00,14.88,14.96,14.86,14.88,2587,0
2014-03-06,16:00:00,14.99,14.99,14.5,14.5,1711,0
2014-03-06,17:00:00,14.45,14.63,14.45,14.63,600,0
2014-03-06,18:00:00,14.95,14.95,14.95,14.95,100,0
2014-03-06,22:00:00,14.9,14.9,14.9,14.9,300,0
2014-03-07,17:00:00,14.9,15,14.9,15,3404,0
2014-03-07,19:00:00,15.15,15.37,15.15,15.2,7374,0
2014-03-07,20:00:00,15.2,15.243,14.96,14.985,2100,0
2014-03-07,21:00:00,14.98,15.25,14.98,15.25,2300,0
2014-03-07,22:00:00,15.1642,15.3,15.1642,15.18,4468,0
2014-03-10,16:00:00,14.93,14.93,14.93,14.93,166,0
2014-03-10,17:00:00,14.95,14.95,14.9,14.91,800,0
2014-03-10,18:00:00,15.05,15.1,15.05,15.1,950,0
2014-03-10,20:00:00,15.1,15.16,15.1,15.15,600,0
2014-03-10,21:00:00,15.239,15.3,15.15,15.25,6991,0
2014-03-11,15:00:00,15.16,15.25,15.1075,15.25,1135,0
2014-03-11,16:00:00,15.25,15.26,15.24,15.24,450,0
2014-03-11,17:00:00,15.25,15.33,15.25,15.33,1950,0
2014-03-11,21:00:00,15.25,15.32,15.14,15.215,1418,0
2014-03-12,16:00:00,15.36,15.36,15.15,15.19,1625,0
2014-03-12,17:00:00,15.18,15.18,15.18,15.18,200,0
2014-03-12,20:00:00,15.135,15.54,15.135,15.43,6100,0
2014-03-12,21:00:00,15.43,15.55,15.35,15.37,2602,0
2014-03-13,15:00:00,15.4,15.4,15.4,15.4,200,0
2014-03-13,16:00:00,15.26,15.26,15.26,15.26,100,0
2014-03-13,17:00:00,15.281,15.4,15.281,15.4,1975,0
2014-03-13,19:00:00,15.39,15.4,15.35,15.4,4200,0
2014-03-13,20:00:00,15.4,15.41,15.4,15.4,600,0
2014-03-13,21:00:00,15.4699,15.47,15.4,15.4114,2764,0
2014-03-14,15:00:00,15.2601,15.2601,15.25,15.25,3311,0
2014-03-14,16:00:00,15.275,15.275,15.275,15.275,400,0
2014-03-14,19:00:00,15.275,15.37,15.275,15.37,11000,0
2014-03-14,20:00:00,15.302,15.38,15.302,15.38,1660,0
2014-03-14,21:00:00,15.37,15.51,15.3412,15.5,5810,0
2014-03-17,16:00:00,15.37,15.37,15.37,15.37,700,0
2014-03-17,17:00:00,15.29,15.33,15.16,15.16,800,0
2014-03-17,18:00:00,15.43,15.55,15.29,15.47,3200,0
2014-03-17,19:00:00,15.15,15.55,15.15,15.41,4200,0
2014-03-17,20:00:00,15.41,15.41,15.41,15.41,100,0
2014-03-17,21:00:00,15.4799,15.5,15.41,15.42,1600,0
2014-03-18,16:00:00,15.51,15.6,15.25,15.37,4299,0
2014-03-18,17:00:00,15.362,15.362,15.362,15.362,165,0
2014-03-18,18:00:00,15.51,15.84,15.51,15.84,1499,0
2014-03-18,19:00:00,15.96,15.96,15.55,15.71,3700,0
2014-03-18,20:00:00,15.89,16,15.89,16,5374,0
2014-03-18,21:00:00,15.87,15.87,15.87,15.87,368,0
2014-03-19,15:00:00,15.83,15.96,15.295,15.96,2560,0
2014-03-19,17:00:00,15.845,15.97,15.845,15.97,500,0
2014-03-19,18:00:00,15.9,16.06,15.72,16.06,4106,0
2014-03-19,19:00:00,15.99,16,15.99,16,1200,0
2014-03-19,20:00:00,15.9,15.95,15.591,15.66,2890,0
2014-03-19,21:00:00,15.9,15.9,15.7,15.9,2000,0
2014-03-20,15:00:00,15.88,15.88,15.85,15.85,2476,0
2014-03-20,16:00:00,15.88,15.88,15.64,15.81,4101,0
2014-03-20,19:00:00,15.77,16.25,15.52,15.94,12258,0
2014-03-20,21:00:00,15.7,15.94,15.7,15.94,1507,0
2014-03-21,15:00:00,16,16.02,15.965,16.02,1700,0
2014-03-21,16:00:00,16.07,16.1,15.96,16.1,4217,0
2014-03-21,17:00:00,16.25,16.25,15.84,15.84,4601,0
2014-03-21,19:00:00,15.96,16,15.74,15.877,2000,0
2014-03-21,20:00:00,16,16.01,15.83,15.99,6400,0
2014-03-21,21:00:00,15.98,16.2,15.59,15.775,15000,0
2014-03-24,15:00:00,15.87,15.87,15.87,15.87,600,0
2014-03-24,16:00:00,15.87,16,15.86,16,3750,0
2014-03-24,17:00:00,16,16,15.97,16,800,0
2014-03-24,18:00:00,16,16,16,16,300,0
2014-03-24,19:00:00,15.9,16,15.66,15.998,2060,0
2014-03-24,20:00:00,15.945,15.945,15.945,15.945,100,0
2014-03-24,21:00:00,15.925,16.1,15.925,16.1,2000,0
2014-03-25,16:00:00,16.04,16.07,15.9,15.915,1900,0
2014-03-25,17:00:00,15.92,16,15.92,16,900,0
2014-03-25,18:00:00,16.03,16.03,16,16,400,0
2014-03-25,19:00:00,15.995,16,15.96,15.968,10800,0
2014-03-25,20:00:00,15.97,15.97,15.955,15.955,1100,0
2014-03-25,21:00:00,16.12,16.12,15.99,16.01,1800,0
2014-03-26,16:00:00,15.8,16,15.8,15.9,2000,0
2014-03-26,18:00:00,15.8764,15.9925,15.8764,15.985,15149,0
2014-03-26,21:00:00,15.92,16,15.92,16,556,0
2014-03-27,16:00:00,16,16,15.98,15.98,700,0
2014-03-27,17:00:00,15.84,16,15.785,15.785,3300,0
2014-03-27,18:00:00,15.78,15.78,15.765,15.765,400,0
2014-03-27,19:00:00,15.7,15.7615,15.565,15.565,1900,0
2014-03-27,20:00:00,15.54,15.99,15.54,15.84,5800,0
2014-03-27,21:00:00,15.75,16.04,15.66,15.97,3700,0
2014-03-28,16:00:00,15.85,15.85,15.85,15.85,200,0
2014-03-28,20:00:00,15.985,15.985,15.985,15.985,100,0
2014-03-28,21:00:00,15.96,15.96,15.96,15.96,300,0
2014-03-31,16:00:00,16,16.16,16,16.08,2680,0
2014-03-31,22:00:00,16.0101,16.18,16.0101,16.07,12534,0
2014-04-01,16:00:00,16.1,16.25,16.1,16.25,1484,0
2014-04-01,17:00:00,16.25,16.25,16.156,16.156,3990,0
2014-04-01,19:00:00,16.141,16.25,16,16.25,87591,0
2014-04-01,20:00:00,16.16,16.17,16.082,16.082,5846,0
2014-04-01,21:00:00,16.145,16.145,16.1,16.1,8954,0
2014-04-01,22:00:00,16.002,16.05,16.002,16.05,300,0
2014-04-02,17:00:00,16.042,16.24,16.042,16.0789,2103,0
2014-04-02,18:00:00,16.25,16.25,16.18,16.18,1000,0
2014-04-02,19:00:00,16.31,16.31,16.18,16.19,500,0
2014-04-02,21:00:00,16.2,16.2,16.19,16.19,600,0
2014-04-02,22:00:00,16.2,16.2,16.17,16.17,500,0
2014-04-03,16:00:00,16.19,16.19,16.19,16.19,400,0
2014-04-03,19:00:00,16.3341,16.3341,16.3341,16.3341,100,0
2014-04-03,22:00:00,16.38,16.398,16.38,16.398,600,0
2014-04-04,17:00:00,16.4,16.4,16.4,16.4,3302,0
2014-04-04,20:00:00,16.4,16.44,16.37,16.37,1922,0
2014-04-04,21:00:00,16.48,16.48,16.48,16.48,100,0
2014-04-04,22:00:00,16.31,16.449,16.3,16.32,585,0
2014-04-07,16:00:00,16.3,16.3,16.3,16.3,468,0
2014-04-07,17:00:00,16.39,16.39,16.36,16.36,391,0
2014-04-07,20:00:00,16.3,16.3,16.3,16.3,200,0
2014-04-07,22:00:00,16.2,16.2,16.2,16.2,828,0
2014-04-08,16:00:00,16.21,16.21,16.2,16.2,300,0
2014-04-08,18:00:00,16.23,16.25,16.21,16.225,1878,0
2014-04-08,19:00:00,16.225,16.24,16.2,16.24,10500,0
2014-04-08,20:00:00,16.24,16.25,16.24,16.25,1180,0
2014-04-09,18:00:00,16.17,16.17,16.17,16.17,200,0
2014-04-09,20:00:00,16.185,16.24,16.17,16.24,1400,0
2014-04-09,21:00:00,16.25,16.25,16.25,16.25,100,0
2014-04-09,22:00:00,16.185,16.24,16.176,16.24,1340,0
2014-04-10,21:00:00,16.25,16.3,16.25,16.3,300,0
2014-04-10,22:00:00,16.23,16.49,16.23,16.32,3025,0
2014-04-11,18:00:00,16.32,16.37,16.32,16.34,2196,0
2014-04-11,19:00:00,16.281,16.281,16.08,16.08,1850,0
2014-04-11,22:00:00,16.1925,16.5,16.185,16.44,4069,0
2014-04-14,16:00:00,16.41,16.41,16.12,16.12,1003,0
2014-04-14,18:00:00,16.25,16.35,16.25,16.35,1100,0
2014-04-14,19:00:00,16.34,16.34,16.34,16.34,200,0
2014-04-14,20:00:00,16.35,16.4,16.34,16.34,700,0
2014-04-14,21:00:00,16.29,16.39,16.29,16.39,400,0
2014-04-14,22:00:00,16.29,16.29,16.245,16.275,1540,0
2014-04-15,16:00:00,16.48,16.48,16.48,16.48,100,0
2014-04-15,17:00:00,16.285,16.38,16,16.15,53448,0
2014-04-15,18:00:00,16.45,16.45,16.45,16.45,100,0
2014-04-15,19:00:00,16.124,16.124,16.04,16.04,600,0
2014-04-15,20:00:00,16.0401,16.35,16.0401,16.19,16100,0
2014-04-15,21:00:00,16.294,16.294,16.04,16.16,1200,0
2014-04-15,22:00:00,16.175,16.28,16.17,16.28,600,0
2014-04-16,16:00:00,16.34,16.34,16.34,16.34,235,0
2014-04-16,17:00:00,16.25,16.3,16.13,16.28,800,0
2014-04-16,18:00:00,16.26,16.26,16.24,16.25,2900,0
2014-04-16,19:00:00,16.25,16.25,16.25,16.25,400,0
2014-04-16,20:00:00,16.25,16.25,16.25,16.25,200,0
2014-04-16,21:00:00,16.25,16.268,16.25,16.268,600,0
2014-04-16,22:00:00,16.26,16.26,16.17,16.17,629,0
2014-04-17,17:00:00,16.07,16.12,16.05,16.05,5055,0
2014-04-17,18:00:00,16.12,16.15,16.06,16.14,10000,0
2014-04-17,19:00:00,16.05,16.15,16.05,16.15,200,0
2014-04-17,20:00:00,16.05,16.15,16.05,16.0575,15300,0
2014-04-17,21:00:00,16.07,16.15,15.79,16.04,12094,0
2014-04-17,22:00:00,16.03,16.13,15.91,16.13,5000,0
2014-04-21,16:00:00,16.09,16.09,16.09,16.09,1336,0
2014-04-21,17:00:00,16.09,16.09,16.0805,16.09,2102,0
2014-04-21,18:00:00,16.09,16.09,16.09,16.09,1400,0
2014-04-21,20:00:00,16.17,16.17,16.17,16.17,100,0
2014-04-21,21:00:00,16.17,16.17,16.17,16.17,300,0
2014-04-21,22:00:00,16.37,16.48,16.09,16.48,3645,0
2014-04-22,16:00:00,16.3,16.3,16.292,16.3,900,0
2014-04-22,17:00:00,16.305,16.305,16.0101,16.25,675,0
2014-04-22,18:00:00,16.248,16.29,16.248,16.29,400,0
2014-04-22,19:00:00,16.3,16.425,16.3,16.3,1941,0
2014-04-22,20:00:00,16.31,16.31,16.31,16.31,200,0
2014-04-22,21:00:00,16.455,16.455,16.29,16.29,1664,0
2014-04-22,22:00:00,16.29,16.29,16.18,16.22,2770,0
2014-04-23,16:00:00,16.2,16.22,16.2,16.22,1700,0
2014-04-23,17:00:00,15.95,16.4,15.95,16.0775,2506,0
2014-04-23,20:00:00,16.08,16.19,16.08,16.13,1000,0
2014-04-23,21:00:00,16.23,16.23,16.22,16.22,300,0
2014-04-23,22:00:00,15.891,16.29,15.891,16.29,1335,0
2014-04-24,16:00:00,16.3,16.31,15.77,16,4600,0
2014-04-24,18:00:00,16.11,16.12,16.11,16.12,1100,0
2014-04-24,19:00:00,16.11,16.12,15.718,16.11,1400,0
2014-04-24,20:00:00,15.782,16.12,15.782,16.11,1500,0
2014-04-24,21:00:00,15.902,16.12,15.902,16.12,2400,0
2014-04-24,22:00:00,16.11,16.25,15.946,16.11,1100,0
2014-04-25,17:00:00,16.09,16.14,16.09,16.095,345,0
2014-04-25,19:00:00,16.0901,16.13,16.09,16.09,1700,0
2014-04-25,22:00:00,16.1,16.1,15.92,15.98,5181,0
2014-04-28,16:00:00,15.87,15.87,15.87,15.87,196,0
2014-04-28,17:00:00,16.08,16.44,16.08,16.37,2600,0
2014-04-28,18:00:00,16.13,16.13,16.13,16.13,100,0
2014-04-28,19:00:00,16.08,16.1,16.05,16.07,2997,0
2014-04-28,20:00:00,16.07,16.07,16.07,16.07,200,0
2014-04-28,21:00:00,16.07,16.08,16.07,16.08,2200,0
2014-04-28,22:00:00,16.05,16.1,15.78,16.1,9100,0
2014-04-29,17:00:00,16.24,16.58,16.23,16.24,3426,0
2014-04-29,18:00:00,16.3634,16.3634,15.99,16.22,9707,0
2014-04-29,19:00:00,16.22,16.3,16.22,16.28,700,0
2014-04-29,20:00:00,16.29,16.3,16.29,16.3,1000,0
2014-04-29,21:00:00,16.29,16.6,16.275,16.3,2000,0
2014-04-29,22:00:00,16.3,16.35,16.2401,16.33,3697,0
2014-04-30,16:00:00,16.72,16.72,16.15,16.45,5599,0
2014-04-30,19:00:00,16.43,16.78,16.19,16.4999,8926,0
2014-04-30,20:00:00,16.45,16.8299,16.36,16.8299,2120,0
2014-04-30,21:00:00,16.3101,16.3101,16.3101,16.3101,100,0
2014-04-30,22:00:00,16.83,17,16.46,16.84,9767,0
2014-05-01,17:00:00,17.356,17.356,16.42,16.42,1816,0
2014-05-01,20:00:00,16.5,16.5,16.5,16.5,100,0
2014-05-01,21:00:00,16.475,16.475,16.475,16.475,511,0
2014-05-01,22:00:00,16.48,16.6,16.48,16.6,1713,0
2014-05-02,16:00:00,16.54,17.01,16.43,16.94,2900,0
2014-05-02,17:00:00,16.75,16.95,16.61,16.61,4440,0
2014-05-02,19:00:00,16.495,16.57,16.455,16.455,3606,0
2014-05-02,21:00:00,16.47,16.475,16.2701,16.475,1499,0
2014-05-02,22:00:00,16.33,16.63,16.27,16.45,5962,0
2014-05-05,16:00:00,16.346,17,16.346,16.59,2900,0
2014-05-05,17:00:00,17,17,16.76,16.76,240,0
2014-05-05,18:00:00,16.58,16.695,16.58,16.63,400,0
2014-05-05,19:00:00,16.55,16.95,16.26,16.95,1100,0
2014-05-05,20:00:00,16.52,16.52,16.27,16.27,200,0
2014-05-05,21:00:00,16.85,16.85,16.37,16.37,500,0
2014-05-05,22:00:00,16.31,16.545,16.3,16.38,3051,0
2014-05-06,16:00:00,17.274,17.274,16.08,16.08,983,0
2014-05-06,17:00:00,16.42,16.62,16.08,16.26,4870,0
2014-05-06,18:00:00,16.26,16.37,16.26,16.275,600,0
2014-05-06,19:00:00,16.3,16.36,16.24,16.24,1400,0
2014-05-06,20:00:00,16.31,16.32,16.205,16.285,2100,0
2014-05-06,21:00:00,16.32,16.32,16.25,16.32,1000,0
2014-05-06,22:00:00,16.23,16.3,16.1,16.18,3000,0
2014-05-07,16:00:00,16.27,16.27,16.2,16.2,500,0
2014-05-07,17:00:00,16.18,16.2,16.11,16.2,900,0
2014-05-07,18:00:00,16.2,16.23,16.07,16.2,2600,0
2014-05-07,19:00:00,16.15,16.73,16.1,16.73,12700,0
2014-05-07,20:00:00,16.542,16.57,16.352,16.352,1205,0
2014-05-07,21:00:00,16.63,16.65,16.42,16.42,1606,0
2014-05-07,22:00:00,16.41,16.41,16.19,16.19,700,0
