Date,Time,Open,High,Low,Close,Volume,OpenInt
2014-02-10,16:00:00,17.55,17.59,17.5,17.53,59953,0
2014-02-10,17:00:00,17.56,17.7,17.5,17.64,38521,0
2014-02-10,18:00:00,17.6648,17.7934,17.58,17.79,24245,0
2014-02-10,19:00:00,17.8,17.89,17.67,17.7164,35286,0
2014-02-10,20:00:00,17.72,17.75,17.71,17.73,18006,0
2014-02-10,21:00:00,17.72,17.75,17.62,17.65,36543,0
2014-02-10,22:00:00,17.63,17.84,17.63,17.82,61299,0
2014-02-11,16:00:00,17.82,17.989,17.76,17.92,4126,0
2014-02-11,17:00:00,17.97,18.08,17.86,17.98,21476,0
2014-02-11,18:00:00,17.98,17.99,17.85,17.92,22905,0
2014-02-11,19:00:00,17.93,18.11,17.86,18.06,16516,0
2014-02-11,20:00:00,18.1,18.205,18.09,18.12,13919,0
2014-02-11,21:00:00,18.12,18.22,18.12,18.21,13839,0
2014-02-11,22:00:00,18.18,18.2099,18.04,18.06,67836,0
2014-02-12,16:00:00,18.15,18.25,18.1,18.21,8070,0
2014-02-12,17:00:00,18.23,18.29,18.11,18.11,38207,0
2014-02-12,18:00:00,18.1,18.13,17.9,17.99,17500,0
2014-02-12,19:00:00,17.985,18.16,17.985,18.13,10254,0
2014-02-12,20:00:00,18.1704,18.25,18.14,18.14,40548,0
2014-02-12,21:00:00,18.11,18.25,18.11,18.25,27693,0
2014-02-12,22:00:00,18.25,18.29,18.17,18.29,80103,0
2014-02-13,16:00:00,18.28,18.31,18.1,18.14,45843,0
2014-02-13,17:00:00,18.15,18.35,18.02,18.1,25811,0
2014-02-13,18:00:00,18.11,18.18,18.07,18.1,15788,0
2014-02-13,19:00:00,18.095,18.29,18.08,18.2,11277,0
2014-02-13,20:00:00,18.1925,18.27,18.09,18.25,21411,0
2014-02-13,21:00:00,18.23,18.39,18.17,18.25,29830,0
2014-02-13,22:00:00,18.25,18.26,18.14,18.19,61579,0
2014-02-14,16:00:00,18.21,18.33,17.9601,18.25,46143,0
2014-02-14,17:00:00,18.26,18.49,18.22,18.245,19527,0
2014-02-14,18:00:00,18.245,18.28,18.23,18.2599,29512,0
2014-02-14,19:00:00,18.245,18.28,18.22,18.27,33049,0
2014-02-14,20:00:00,18.25,18.27,18.08,18.1,71673,0
2014-02-14,21:00:00,18.1,18.19,18.1,18.16,17479,0
2014-02-14,22:00:00,18.15,18.23,18.12,18.21,67664,0
2014-02-18,16:00:00,18.31,18.5099,18.31,18.39,11483,0
2014-02-18,17:00:00,18.37,18.62,18.35,18.59,21523,0
2014-02-18,18:00:00,18.59,18.66,18.51,18.63,17089,0
2014-02-18,19:00:00,18.57,18.64,18.55,18.56,9398,0
2014-02-18,20:00:00,18.57,18.6,18.54,18.6,19829,0
2014-02-18,21:00:00,18.57,18.61,18.57,18.6,25124,0
2014-02-18,22:00:00,18.6,18.72,18.59,18.71,106032,0
2014-02-19,16:00:00,18.62,18.74,18.62,18.7,4760,0
2014-02-19,17:00:00,18.66,18.79,18.6107,18.66,81170,0
2014-02-19,18:00:00,18.66,18.82,18.64,18.75,36033,0
2014-02-19,19:00:00,18.725,18.7683,18.59,18.675,21411,0
2014-02-19,20:00:00,18.66,18.75,18.65,18.74,41887,0
2014-02-19,21:00:00,18.71,18.84,18.685,18.766,103180,0
2014-02-19,22:00:00,18.76,18.89,18.7409,18.84,149892,0
2014-02-20,16:00:00,18.81,18.85,18.64,18.71,14182,0
2014-02-20,17:00:00,18.71,18.95,18.6211,18.8,11110,0
2014-02-20,18:00:00,18.87,18.991,18.7,18.81,41203,0
2014-02-20,19:00:00,18.82,18.97,18.78,18.82,28501,0
2014-02-20,20:00:00,18.87,18.89,18.733,18.75,18731,0
2014-02-20,21:00:00,18.74,18.75,18.65,18.7,23035,0
2014-02-20,22:00:00,18.7,18.8,18.69,18.75,63537,0
2014-02-21,16:00:00,18.85,18.85,18.62,18.77,57317,0
2014-02-21,17:00:00,18.76,18.79,18.63,18.78,14703,0
2014-02-21,18:00:00,18.84,18.88,18.74,18.79,17940,0
2014-02-21,19:00:00,18.78,18.82,18.73,18.795,16814,0
2014-02-21,20:00:00,18.79,18.85,18.76,18.84,18272,0
2014-02-21,21:00:00,18.82,18.83,18.76,18.81,15317,0
2014-02-21,22:00:00,18.78,18.8477,18.77,18.8,106070,0
2014-02-24,16:00:00,18.79,19.09,18.79,18.95,14168,0
2014-02-24,17:00:00,18.87,19.0355,18.81,18.965,50044,0
2014-02-24,18:00:00,18.96,19.17,18.9,19.16,41941,0
2014-02-24,19:00:00,19.16,19.31,19.1264,19.18,37426,0
2014-02-24,20:00:00,19.18,19.25,19.13,19.19,12600,0
2014-02-24,21:00:00,19.22,19.24,19.2,19.22,12700,0
2014-02-24,22:00:00,19.2,19.2,19.08,19.14,87667,0
2014-02-25,16:00:00,19.12,19.32,19.12,19.22,16135,0
2014-02-25,17:00:00,19.15,19.18,19.02,19.16,10100,0
2014-02-25,18:00:00,19.18,19.29,19.18,19.2,9200,0
2014-02-25,19:00:00,19.16,19.16,18.97,19.05,24850,0
2014-02-25,20:00:00,19.05,19.12,19.04,19.05,40241,0
2014-02-25,21:00:00,19.06,19.19,19.03,19.14,16630,0
2014-02-25,22:00:00,19.13,19.2,19.05,19.2,77628,0
2014-02-26,16:00:00,19.25,19.25,19.1,19.14,6350,0
2014-02-26,17:00:00,19.15,19.47,19.15,19.3,20579,0
2014-02-26,18:00:00,19.31,19.54,19.3,19.41,28398,0
2014-02-26,19:00:00,19.38,19.66,19.34,19.48,22770,0
2014-02-26,20:00:00,19.42,19.57,19.29,19.482,47898,0
2014-02-26,21:00:00,19.46,19.47,18.98,19.14,52291,0
2014-02-26,22:00:00,19.16,19.18,18.98,19.1,59801,0
2014-02-27,16:00:00,18.98,19,18.7,18.7,10377,0
2014-02-27,17:00:00,18.72,18.75,18.61,18.7,22417,0
2014-02-27,18:00:00,18.66,18.8,18.64,18.72,16122,0
2014-02-27,19:00:00,18.73,18.8,18.64,18.64,10510,0
2014-02-27,20:00:00,18.63,18.65,18.5,18.61,59082,0
2014-02-27,21:00:00,18.65,18.7293,18.57,18.61,14915,0
2014-02-27,22:00:00,18.61,18.78,18.6,18.77,81959,0
2014-02-28,16:00:00,18.84,18.96,18.81,18.92,8914,0
2014-02-28,17:00:00,18.96,19.03,18.8,18.8,39315,0
2014-02-28,18:00:00,18.82,18.84,18.66,18.68,11072,0
2014-02-28,19:00:00,18.68,18.75,18.665,18.7,43204,0
2014-02-28,20:00:00,18.7,18.8,18.68,18.7,12489,0
2014-02-28,21:00:00,18.71,18.8,18.67,18.69,79995,0
2014-02-28,22:00:00,18.69,18.69,18.29,18.48,168717,0
2014-03-03,16:00:00,18.3,18.91,18.28,18.76,20852,0
2014-03-03,17:00:00,18.77,18.785,18.31,18.4,31181,0
2014-03-03,18:00:00,18.43,18.43,18.21,18.24,25000,0
2014-03-03,19:00:00,18.22,18.3475,18.08,18.33,19760,0
2014-03-03,20:00:00,18.33,18.53,18.32,18.53,19015,0
2014-03-03,21:00:00,18.57,18.67,18.505,18.505,34680,0
2014-03-03,22:00:00,18.505,18.64,18.5,18.57,130798,0
2014-03-04,16:00:00,18.73,19.51,18.73,19.51,26275,0
2014-03-04,17:00:00,19.48,19.59,19.25,19.59,35432,0
2014-03-04,18:00:00,19.55,19.55,19.38,19.48,41700,0
2014-03-04,19:00:00,19.48,19.6,19.44,19.5,51434,0
2014-03-04,20:00:00,19.54,19.58,19.37,19.46,43574,0
2014-03-04,21:00:00,19.45,19.56,19.44,19.52,30222,0
2014-03-04,22:00:00,19.54,19.69,19.38,19.5,380411,0
2014-03-05,16:00:00,19.41,19.41,19.17,19.22,8934,0
2014-03-05,17:00:00,19.25,19.35,19.14,19.25,32294,0
2014-03-05,18:00:00,19.23,19.34,19.16,19.24,11500,0
2014-03-05,19:00:00,19.234,19.4,19.2,19.31,17600,0
2014-03-05,20:00:00,19.33,19.46,19.295,19.3575,22078,0
2014-03-05,21:00:00,19.3533,19.432,19.33,19.35,25415,0
2014-03-05,22:00:00,19.34,19.5,19.32,19.46,83655,0
2014-03-06,16:00:00,19.44,19.46,19.4,19.4,44555,0
2014-03-06,17:00:00,19.42,19.72,19.42,19.71,25523,0
2014-03-06,18:00:00,19.71,19.77,19.7,19.72,16341,0
2014-03-06,19:00:00,19.75,19.77,19.65,19.65,16397,0
2014-03-06,20:00:00,19.64,19.68,19.44,19.5,44885,0
2014-03-06,21:00:00,19.5,19.61,19.48,19.59,17071,0
2014-03-06,22:00:00,19.61,19.61,19.5,19.56,58400,0
2014-03-07,16:00:00,19.675,19.76,19.22,19.31,21267,0
2014-03-07,17:00:00,19.33,19.77,19.2,19.69,35865,0
2014-03-07,18:00:00,19.69,19.94,19.6,19.91,28557,0
2014-03-07,19:00:00,19.85,19.98,19.82,19.82,30552,0
2014-03-07,20:00:00,19.83,19.93,19.73,19.93,13400,0
2014-03-07,21:00:00,19.94,19.95,19.8,19.86,44876,0
2014-03-07,22:00:00,19.86,20.1504,19.86,20.08,65824,0
2014-03-10,15:00:00,19.97,20.21,19.928,20.17,15647,0
2014-03-10,16:00:00,20.11,20.115,19.87,19.9299,32493,0
2014-03-10,17:00:00,19.89,20.21,19.88,20.09,35385,0
2014-03-10,18:00:00,20.1,20.16,20.005,20.02,14970,0
2014-03-10,19:00:00,20.0177,20.07,19.9625,20.03,15345,0
2014-03-10,20:00:00,20.04,20.07,20,20,15029,0
2014-03-10,21:00:00,20.02,20.23,20,20.21,42784,0
2014-03-11,15:00:00,20.28,20.28,20.08,20.125,10076,0
2014-03-11,16:00:00,20.09,20.38,20,20.35,11992,0
2014-03-11,17:00:00,20.3,20.3,20.075,20.265,34070,0
2014-03-11,18:00:00,20.25,20.265,20,20.18,31337,0
2014-03-11,19:00:00,20.11,20.12,20,20.05,22790,0
2014-03-11,20:00:00,20.085,20.12,19.91,20.02,23073,0
2014-03-11,21:00:00,20,20.23,19.95,20.22,52289,0
2014-03-12,15:00:00,20.03,20.388,19.87,19.96,11513,0
2014-03-12,16:00:00,20,20,19.78,19.78,11668,0
2014-03-12,17:00:00,19.79,19.92,19.78,19.85,10278,0
2014-03-12,18:00:00,19.84,19.88,19.78,19.81,16427,0
2014-03-12,19:00:00,19.8295,19.88,19.75,19.85,27156,0
2014-03-12,20:00:00,19.85,19.957,19.8431,19.86,29419,0
2014-03-12,21:00:00,19.87,20.15,19.83,20.14,118802,0
2014-03-13,15:00:00,20.24,20.3,20.14,20.23,7324,0
2014-03-13,16:00:00,20.2521,20.2521,19.92,19.94,16202,0
2014-03-13,17:00:00,19.915,19.915,19.83,19.875,21918,0
2014-03-13,18:00:00,19.86,19.88,19.46,19.47,49049,0
2014-03-13,19:00:00,19.475,19.5,19.25,19.25,34590,0
2014-03-13,20:00:00,19.27,19.33,19.07,19.09,21864,0
2014-03-13,21:00:00,19.07,19.12,18.92,18.97,93651,0
2014-03-14,15:00:00,18.85,19.118,18.85,18.9,23393,0
2014-03-14,16:00:00,18.9,19.18,18.89,18.95,22757,0
2014-03-14,17:00:00,18.94,19.08,18.9,19.045,17661,0
2014-03-14,18:00:00,19.04,19.14,19.005,19.02,13254,0
2014-03-14,19:00:00,19.035,19.066,18.99,19.06,13754,0
2014-03-14,20:00:00,19.07,19.1395,18.98,18.98,10380,0
2014-03-14,21:00:00,18.96,19.1,18.93,19.01,47007,0
2014-03-17,15:00:00,19.15,19.296,19.15,19.28,7797,0
2014-03-17,16:00:00,19.3,19.4,19.2418,19.28,27770,0
2014-03-17,17:00:00,19.27,19.3,19.11,19.19,7100,0
2014-03-17,18:00:00,19.19,19.27,19.16,19.24,9904,0
2014-03-17,19:00:00,19.22,19.2696,19.19,19.21,18588,0
2014-03-17,20:00:00,19.225,19.2865,19.1854,19.22,29903,0
2014-03-17,21:00:00,19.23,19.23,19.15,19.17,31344,0
2014-03-18,15:00:00,19.23,19.414,19.2001,19.26,4700,0
2014-03-18,16:00:00,19.26,19.31,19.23,19.23,29646,0
2014-03-18,17:00:00,19.28,19.36,19.25,19.32,25266,0
2014-03-18,18:00:00,19.317,19.317,19.185,19.185,9800,0
2014-03-18,19:00:00,19.17,19.28,19.13,19.28,15885,0
2014-03-18,20:00:00,19.27,19.3,19.23,19.27,8810,0
2014-03-18,21:00:00,19.28,19.37,19.255,19.36,122741,0
2014-03-19,15:00:00,19.57,19.57,19.34,19.37,4700,0
2014-03-19,16:00:00,19.39,19.405,19.3,19.36,15773,0
2014-03-19,17:00:00,19.325,19.34,19.28,19.32,9462,0
2014-03-19,18:00:00,19.32,19.325,19.27,19.31,5170,0
2014-03-19,19:00:00,19.31,19.31,19.21,19.22,4792,0
2014-03-19,20:00:00,19.21,19.24,19.12,19.17,9464,0
2014-03-19,21:00:00,19.14,19.165,18.81,18.84,76619,0
2014-03-20,15:00:00,18.93,18.93,18.83,18.88,4330,0
2014-03-20,16:00:00,18.91,19.26,18.91,19.13,18990,0
2014-03-20,17:00:00,19.1,19.11,18.99,19.04,6500,0
2014-03-20,18:00:00,18.99,18.99,18.74,18.75,15800,0
2014-03-20,19:00:00,18.75,18.75,18.63,18.64,10964,0
2014-03-20,20:00:00,18.66,18.729,18.6,18.72,25106,0
2014-03-20,21:00:00,18.71,18.78,18.7,18.77,27508,0
2014-03-21,15:00:00,18.78,18.99,18.78,18.86,46831,0
2014-03-21,16:00:00,18.78,19.07,18.74,19.07,72108,0
2014-03-21,17:00:00,19.11,19.14,18.95,19.12,66006,0
2014-03-21,18:00:00,19.12,19.17,19.07,19.07,20471,0
2014-03-21,19:00:00,19.07,19.07,18.84,18.86,20496,0
2014-03-21,20:00:00,18.84,18.88,18.7,18.71,19479,0
2014-03-21,21:00:00,18.71,18.79,18.67,18.73,164257,0
2014-03-24,15:00:00,18.72,18.72,18.51,18.56,8028,0
2014-03-24,16:00:00,18.54,18.54,18.351,18.39,35749,0
2014-03-24,17:00:00,18.36,18.41,18.02,18.32,35881,0
2014-03-24,18:00:00,18.31,18.45,18.25,18.42,20741,0
2014-03-24,19:00:00,18.4,18.53,18.35,18.51,18807,0
2014-03-24,20:00:00,18.5,18.56,18.43,18.47,25552,0
2014-03-24,21:00:00,18.46,18.64,18.43,18.53,66276,0
2014-03-25,15:00:00,18.64,18.92,18.6,18.6,12500,0
2014-03-25,16:00:00,18.62,18.75,18.39,18.39,32703,0
2014-03-25,17:00:00,18.31,18.39,18.11,18.19,17381,0
2014-03-25,18:00:00,18.19,18.32,17.99,18.29,23390,0
2014-03-25,19:00:00,18.28,18.49,18.25,18.35,38192,0
2014-03-25,20:00:00,18.37,18.54,18.21,18.31,67534,0
2014-03-25,21:00:00,18.3,18.4,18.23,18.34,45718,0
2014-03-26,15:00:00,18.45,18.5125,18.34,18.44,2496,0
2014-03-26,16:00:00,18.43,18.71,18.43,18.5,30210,0
2014-03-26,17:00:00,18.5,18.74,18.43,18.57,46922,0
2014-03-26,18:00:00,18.57,18.66,18.49,18.5525,10314,0
2014-03-26,19:00:00,18.53,18.54,18.45,18.5,32109,0
2014-03-26,20:00:00,18.56,18.59,18.36,18.585,23390,0
2014-03-26,21:00:00,18.57,18.57,18.27,18.27,100199,0
2014-03-27,15:00:00,18.25,18.52,17.84,18.5,19971,0
2014-03-27,16:00:00,18.5,18.76,18.38,18.44,40803,0
2014-03-27,17:00:00,18.34,18.4,18.11,18.35,30573,0
2014-03-27,18:00:00,18.35,18.5,18.24,18.47,22236,0
2014-03-27,19:00:00,18.4725,18.59,18.33,18.46,12066,0
2014-03-27,20:00:00,18.45,18.5,18.18,18.22,16294,0
2014-03-27,21:00:00,18.19,18.27,18.06,18.16,60574,0
2014-03-28,15:00:00,18.23,18.4,18.185,18.4,6100,0
2014-03-28,16:00:00,18.4,18.5,18.39,18.47,13239,0
2014-03-28,17:00:00,18.48,18.48,18.25,18.3,10971,0
2014-03-28,18:00:00,18.3,18.32,18.2,18.31,13073,0
2014-03-28,19:00:00,18.28,18.28,18.07,18.07,33498,0
2014-03-28,20:00:00,18.09,18.12,17.74,17.9099,31901,0
2014-03-28,21:00:00,17.91,17.96,17.8,17.83,39056,0
2014-03-31,16:00:00,18.24,18.24,17.99,18.11,10100,0
2014-03-31,17:00:00,18.16,18.37,18.03,18.1,24340,0
2014-03-31,18:00:00,18.15,18.15,17.94,18.01,22532,0
2014-03-31,19:00:00,18.04,18.18,18.04,18.1,13840,0
2014-03-31,20:00:00,18.13,18.2,18.05,18.15,17107,0
2014-03-31,21:00:00,18.15,18.27,18.09,18.245,13498,0
2014-03-31,22:00:00,18.24,18.24,18.08,18.09,72818,0
2014-04-01,16:00:00,18.33,18.56,18.24,18.52,8900,0
2014-04-01,17:00:00,18.52,18.71,18.42,18.54,34544,0
2014-04-01,18:00:00,18.49,18.505,18.31,18.31,13504,0
2014-04-01,19:00:00,18.28,18.3199,18.18,18.25,7814,0
2014-04-01,20:00:00,18.22,18.22,18.14,18.14,8991,0
2014-04-01,21:00:00,18.15,18.2,18.145,18.19,15729,0
2014-04-01,22:00:00,18.2,18.3,18.15,18.23,71427,0
2014-04-02,16:00:00,18.086,18.2,18.07,18.1099,10351,0
2014-04-02,17:00:00,18.08,18.08,17.95,18.06,18932,0
2014-04-02,18:00:00,18.2,18.239,18.05,18.1,11300,0
2014-04-02,19:00:00,18,18.18,18,18.16,4204,0
2014-04-02,20:00:00,18.15,18.19,18,18.07,6016,0
2014-04-02,21:00:00,18.05,18.23,18.0425,18.22,8962,0
2014-04-02,22:00:00,18.25,18.35,18.22,18.25,74653,0
2014-04-03,16:00:00,18.29,18.31,18.08,18.25,10801,0
2014-04-03,17:00:00,18.25,18.29,18.23,18.28,44756,0
2014-04-03,18:00:00,18.28,18.36,18.23,18.36,34824,0
2014-04-03,19:00:00,18.34,18.4,18.15,18.17,16953,0
2014-04-03,20:00:00,18.15,18.25,18.13,18.25,17077,0
2014-04-03,21:00:00,18.25,18.31,18.25,18.26,31568,0
2014-04-03,22:00:00,18.25,18.39,18.2248,18.29,95582,0
2014-04-04,16:00:00,18.43,18.44,18.15,18.2,10873,0
2014-04-04,17:00:00,18.2,18.3699,18.05,18.05,20843,0
2014-04-04,18:00:00,18.06,18.08,17.46,17.52,46369,0
2014-04-04,19:00:00,17.51,17.53,17.29,17.424,90114,0
2014-04-04,20:00:00,17.48,17.81,17.365,17.76,42852,0
2014-04-04,21:00:00,17.79,17.88,17.68,17.82,64977,0
2014-04-04,22:00:00,17.81,17.85,17.68,17.7,74846,0
2014-04-07,16:00:00,17.63,17.63,17.01,17.28,35890,0
2014-04-07,17:00:00,17.3,17.63,17.275,17.49,44463,0
2014-04-07,18:00:00,17.51,17.62,17.36,17.39,20252,0
2014-04-07,19:00:00,17.39,17.4,17.25,17.4,20014,0
2014-04-07,20:00:00,17.3899,17.41,17.2601,17.33,52993,0
2014-04-07,21:00:00,17.28,17.4,17.22,17.35,37565,0
2014-04-07,22:00:00,17.345,17.51,17.32,17.48,116696,0
2014-04-08,16:00:00,17.44,20.24,17.33,18.35,113261,0
2014-04-08,17:00:00,18.35,18.46,17.98,18.29,129398,0
2014-04-08,18:00:00,18.34,18.5,18.07,18.18,44778,0
2014-04-08,19:00:00,18.14,18.27,18.0899,18.1395,13928,0
2014-04-08,20:00:00,18.14,18.233,18,18.18,21962,0
2014-04-08,21:00:00,18.17,18.39,18.04,18.29,114134,0
2014-04-08,22:00:00,18.28,18.342,18.15,18.22,117950,0
2014-04-09,16:00:00,18.22,18.4,18.0901,18.4,5100,0
2014-04-09,17:00:00,18.26,18.42,18.06,18.13,35158,0
2014-04-09,18:00:00,18.125,18.19,18.05,18.18,9700,0
2014-04-09,19:00:00,18.16,18.31,18.09,18.13,13318,0
2014-04-09,20:00:00,18.115,18.21,18.06,18.06,7687,0
2014-04-09,21:00:00,18.1,18.22,18.1,18.13,17793,0
2014-04-09,22:00:00,18.13,18.38,18.09,18.3,56264,0
2014-04-10,16:00:00,18.26,18.29,17.88,17.88,9716,0
2014-04-10,17:00:00,17.9,17.9,17.52,17.52,42401,0
2014-04-10,18:00:00,17.52,17.79,17.29,17.62,125043,0
2014-04-10,19:00:00,17.53,17.56,17.36,17.51,21291,0
2014-04-10,20:00:00,17.51,17.55,17.3501,17.44,19332,0
2014-04-10,21:00:00,17.39,17.44,17.36,17.39,19437,0
2014-04-10,22:00:00,17.36,17.45,17.23,17.31,88529,0
2014-04-11,16:00:00,17.25,17.296,17.011,17.0899,20078,0
2014-04-11,17:00:00,17.13,17.14,16.8,17.1,39369,0
2014-04-11,18:00:00,17.09,17.23,16.84,16.87,21361,0
2014-04-11,19:00:00,16.93,16.95,16.76,16.95,27075,0
2014-04-11,20:00:00,16.98,16.98,16.76,16.76,19787,0
2014-04-11,21:00:00,16.78,16.82,16.4,16.5,67393,0
2014-04-11,22:00:00,16.5,16.68,16.4048,16.55,106733,0
2014-04-14,16:00:00,16.411,16.956,16.411,16.6,9464,0
2014-04-14,17:00:00,16.6,16.96,16.5,16.84,26223,0
2014-04-14,18:00:00,16.87,16.9,16.63,16.63,18399,0
2014-04-14,19:00:00,16.61,16.82,16.61,16.77,26262,0
2014-04-14,20:00:00,16.7545,16.78,16.63,16.635,24867,0
2014-04-14,21:00:00,16.62,16.62,16.37,16.46,24797,0
2014-04-14,22:00:00,16.45,16.63,16.31,16.59,93539,0
2014-04-15,16:00:00,16.922,16.93,16.57,16.756,7961,0
2014-04-15,17:00:00,16.84,16.84,16.25,16.25,26146,0
2014-04-15,18:00:00,16.27,16.41,16.09,16.18,35521,0
2014-04-15,19:00:00,16.24,16.27,16.04,16.04,32581,0
2014-04-15,20:00:00,16.04,16.4,16.01,16.4,22916,0
2014-04-15,21:00:00,16.35,16.77,16.35,16.71,27917,0
2014-04-15,22:00:00,16.69,16.87,16.61,16.76,82623,0
2014-04-16,16:00:00,16.83,16.99,16.78,16.86,8550,0
2014-04-16,17:00:00,16.86,17,16.8,16.89,20400,0
2014-04-16,18:00:00,16.86,16.94,16.75,16.89,23500,0
2014-04-16,19:00:00,16.9,17.115,16.88,17.08,48205,0
2014-04-16,20:00:00,17.05,17.08,16.96,17.015,37540,0
2014-04-16,21:00:00,17.05,17.09,16.96,17.0159,24535,0
2014-04-16,22:00:00,17.01,17.32,16.97,17.28,91243,0
2014-04-17,16:00:00,17.22,17.298,16.95,16.98,17302,0
2014-04-17,17:00:00,17.08,17.56,17.08,17.478,22306,0
2014-04-17,18:00:00,17.53,17.56,17.21,17.28,13125,0
2014-04-17,19:00:00,17.3,17.315,17.17,17.29,13200,0
2014-04-17,20:00:00,17.31,17.41,17.28,17.41,9004,0
2014-04-17,21:00:00,17.41,17.41,17.27,17.34,10840,0
2014-04-17,22:00:00,17.35,17.479,17.306,17.41,29679,0
2014-04-21,16:00:00,17.542,17.542,17.2,17.35,3300,0
2014-04-21,17:00:00,17.48,17.48,17.15,17.32,9176,0
2014-04-21,18:00:00,17.3,17.53,17.29,17.3901,14816,0
2014-04-21,19:00:00,17.4,17.48,17.385,17.47,10454,0
2014-04-21,20:00:00,17.49,17.57,17.47,17.49,7513,0
2014-04-21,21:00:00,17.55,17.55,17.43,17.5,8577,0
2014-04-21,22:00:00,17.51,17.5322,17.4,17.495,22384,0
2014-04-22,16:00:00,17.53,17.79,17.46,17.79,10760,0
2014-04-22,17:00:00,17.74,17.85,17.65,17.71,19983,0
2014-04-22,18:00:00,17.77,17.939,17.75,17.86,63062,0
2014-04-22,19:00:00,17.86,17.88,17.8,17.81,58908,0
2014-04-22,20:00:00,17.82,17.87,17.74,17.74,54577,0
2014-04-22,21:00:00,17.75,17.77,17.7,17.7,41356,0
2014-04-22,22:00:00,17.68,17.69,17.58,17.64,31596,0
2014-04-23,16:00:00,17.66,17.944,17.22,17.22,8886,0
2014-04-23,17:00:00,17.24,17.37,17.16,17.27,21804,0
2014-04-23,18:00:00,17.27,17.45,17.26,17.45,77120,0
2014-04-23,19:00:00,17.42,17.53,17.35,17.45,9318,0
2014-04-23,20:00:00,17.41,17.43,17.32,17.335,13445,0
2014-04-23,21:00:00,17.37,17.39,17.27,17.29,14241,0
2014-04-23,22:00:00,17.2952,17.38,17.25,17.32,44739,0
2014-04-24,16:00:00,17.29,17.54,16.86,16.94,25428,0
2014-04-24,17:00:00,16.94,17.14,16.73,16.95,30084,0
2014-04-24,18:00:00,17.03,17.25,17.01,17.16,34126,0
2014-04-24,19:00:00,17.16,17.22,17.09,17.125,17428,0
2014-04-24,20:00:00,17.11,17.11,16.93,16.93,16761,0
2014-04-24,21:00:00,16.95,16.97,16.8,16.83,89333,0
2014-04-24,22:00:00,16.85,16.89,16.79,16.82,61289,0
2014-04-25,16:00:00,16.75,16.89,16.6,16.64,8900,0
2014-04-25,17:00:00,16.65,16.67,16.4,16.57,21134,0
2014-04-25,18:00:00,16.57,16.59,16.37,16.44,17882,0
2014-04-25,19:00:00,16.42,16.52,16.38,16.42,32329,0
2014-04-25,20:00:00,16.408,16.44,16.36,16.39,25999,0
2014-04-25,21:00:00,16.4,16.43,16.26,16.271,24416,0
2014-04-25,22:00:00,16.33,16.38,16.2,16.22,63821,0
2014-04-28,16:00:00,16.23,16.79,16.1,16.2,33425,0
2014-04-28,17:00:00,16.2,16.265,16.16,16.19,128275,0
2014-04-28,18:00:00,16.2,16.22,15.87,15.96,54782,0
2014-04-28,19:00:00,15.92,16.01,15.82,15.85,22032,0
2014-04-28,20:00:00,15.88,15.92,15.76,15.84,113439,0
2014-04-28,21:00:00,15.85,16.17,15.74,16,104387,0
2014-04-28,22:00:00,16,16.19,15.89,15.9,171978,0
2014-04-29,16:00:00,17.36,19.01,17.0644,18.91,186433,0
2014-04-29,17:00:00,18.9799,19.31,18.76,18.95,338322,0
2014-04-29,18:00:00,18.94,19.56,18.94,19.42,227533,0
2014-04-29,19:00:00,19.42,19.64,19.05,19.11,136803,0
2014-04-29,20:00:00,19.21,19.22,18.85,18.9099,111016,0
2014-04-29,21:00:00,18.91,19.03,18.7,18.7701,100872,0
2014-04-29,22:00:00,18.79,18.82,18.49,18.66,361176,0
2014-04-30,16:00:00,18.6,19.01,18.5104,18.89,50073,0
2014-04-30,17:00:00,18.96,19.49,18.81,19.4,55255,0
2014-04-30,18:00:00,19.42,19.43,19.06,19.12,35494,0
2014-04-30,19:00:00,19.08,19.14,18.93,18.97,22100,0
2014-04-30,20:00:00,18.93,18.99,18.76,18.77,37381,0
2014-04-30,21:00:00,18.77,19.03,18.62,18.98,36583,0
2014-04-30,22:00:00,18.98,19.29,18.955,19.21,91895,0
2014-05-01,16:00:00,19.16,19.39,18.95,19.04,26760,0
2014-05-01,17:00:00,19,19.335,18.9,19.25,29843,0
2014-05-01,18:00:00,19.29,19.41,19.1626,19.34,26522,0
2014-05-01,19:00:00,19.38,19.41,19.1227,19.14,23337,0
2014-05-01,20:00:00,19.2,19.25,19.03,19.04,42136,0
2014-05-01,21:00:00,19.07,19.265,19.01,19.06,40607,0
2014-05-01,22:00:00,19.05,19.22,19,19.16,121705,0
2014-05-02,16:00:00,18.99,19.2,18.97,19.07,38689,0
2014-05-02,17:00:00,19.06,19.23,18.94,18.95,29892,0
2014-05-02,18:00:00,18.96,19.14,18.92,19.03,26609,0
2014-05-02,19:00:00,19.03,19.11,18.98,18.99,43065,0
2014-05-02,20:00:00,19,19.13,18.89,19.06,30629,0
2014-05-02,21:00:00,19.02,19.17,19,19.09,24338,0
2014-05-02,22:00:00,19.09,19.12,18.76,18.8,144527,0
2014-05-05,16:00:00,19.08,19.08,18.35,18.49,39709,0
2014-05-05,17:00:00,18.49,18.5,18.26,18.38,47688,0
2014-05-05,18:00:00,18.39,18.51,18.36,18.36,46668,0
2014-05-05,19:00:00,18.39,18.41,18.26,18.27,38699,0
2014-05-05,20:00:00,18.29,18.44,18.27,18.39,17829,0
2014-05-05,21:00:00,18.4,18.5,18.36,18.49,30341,0
2014-05-05,22:00:00,18.5,18.55,18.11,18.5,94248,0
2014-05-06,16:00:00,18.36,18.41,18.1,18.3,18478,0
2014-05-06,17:00:00,18.32,18.39,18.13,18.27,35300,0
2014-05-06,18:00:00,18.26,18.35,18.21,18.26,28212,0
2014-05-06,19:00:00,18.26,18.295,18.16,18.25,20331,0
2014-05-06,20:00:00,18.23,18.24,18.02,18.09,50164,0
2014-05-06,21:00:00,18.08,18.16,18.02,18.08,27860,0
2014-05-06,22:00:00,18.08,18.2,18,18,72989,0
2014-05-07,16:00:00,18.03,18.03,17.65,17.65,15074,0
2014-05-07,17:00:00,17.64,17.83,17.49,17.74,38721,0
2014-05-07,18:00:00,17.73,17.91,17.62,17.87,39069,0
2014-05-07,19:00:00,17.83,17.83,17.62,17.69,33660,0
2014-05-07,20:00:00,17.66,17.72,17.35,17.35,46265,0
2014-05-07,21:00:00,17.34,17.62,17.34,17.59,31064,0
2014-05-07,22:00:00,17.58,17.7,17.51,17.7,146075,0
