Date,Time,Open,High,Low,Close,Volume,OpenInt
2014-02-10,16:00:00,25.34,25.66,25.25,25.43,4346,0
2014-02-10,17:00:00,25.52,25.58,25.26,25.41,2200,0
2014-02-10,18:00:00,25.4,25.4,25.21,25.25,2500,0
2014-02-10,19:00:00,25.3579,25.3579,25.2,25.2,2100,0
2014-02-10,20:00:00,25.139,25.139,25.07,25.07,600,0
2014-02-10,21:00:00,25.0668,25.17,25,25,1500,0
2014-02-10,22:00:00,25.04,25.07,24.84,24.95,5750,0
2014-02-11,16:00:00,25.14,25.14,25.02,25.03,753,0
2014-02-11,17:00:00,25.16,25.25,25.06,25.1,3000,0
2014-02-11,18:00:00,25.12,25.49,25.12,25.31,8500,0
2014-02-11,19:00:00,25.34,25.38,25.15,25.27,2350,0
2014-02-11,20:00:00,25.2,25.26,25.19,25.19,2400,0
2014-02-11,21:00:00,25.19,25.19,25.13,25.16,1000,0
2014-02-11,22:00:00,25.21,25.21,24.91,24.92,5351,0
2014-02-12,16:00:00,25.14,25.33,25.14,25.31,5198,0
2014-02-12,17:00:00,25.45,25.45,25.08,25.25,5900,0
2014-02-12,18:00:00,25.06,25.06,25.06,25.06,600,0
2014-02-12,19:00:00,25.01,25.05,24.73,24.903,3300,0
2014-02-12,20:00:00,24.8,24.806,24.72,24.72,1200,0
2014-02-12,21:00:00,24.7301,24.783,24.73,24.783,900,0
2014-02-12,22:00:00,24.74,25.1,24.74,24.97,6434,0
2014-02-13,16:00:00,24.83,25.5,24.81,25.26,9281,0
2014-02-13,17:00:00,25.3,25.38,25.14,25.21,3600,0
2014-02-13,18:00:00,25.21,25.23,25.02,25.17,2200,0
2014-02-13,19:00:00,25.16,25.16,25.1,25.1,1300,0
2014-02-13,20:00:00,25.12,25.32,25.12,25.32,2500,0
2014-02-13,21:00:00,25.27,25.43,25.18,25.3,7000,0
2014-02-13,22:00:00,25.3,25.3,25.1,25.12,3300,0
2014-02-14,16:00:00,25.27,25.27,25.2,25.2,1149,0
2014-02-14,17:00:00,25.3399,25.3399,25.17,25.32,750,0
2014-02-14,18:00:00,25.38,25.65,25.38,25.65,3871,0
2014-02-14,19:00:00,25.65,25.9399,25.65,25.78,1392,0
2014-02-14,20:00:00,25.96,26.13,25.96,26.07,1755,0
2014-02-14,21:00:00,26.12,26.45,26.06,26.45,2800,0
2014-02-14,22:00:00,26.51,26.51,26.05,26.22,4800,0
2014-02-18,16:00:00,26.04,26.04,25.4,25.833,3669,0
2014-02-18,17:00:00,25.601,25.67,25.42,25.42,22300,0
2014-02-18,18:00:00,25.42,25.5,25.35,25.38,3300,0
2014-02-18,19:00:00,25.41,25.5,25.41,25.42,5665,0
2014-02-18,20:00:00,25.42,25.5,25.42,25.44,6400,0
2014-02-18,21:00:00,25.5,25.5,25.45,25.5,1730,0
2014-02-18,22:00:00,25.48,25.7585,25.33,25.35,11600,0
2014-02-19,16:00:00,25.45,25.62,25.04,25.16,1571,0
2014-02-19,17:00:00,25.079,25.35,25.04,25.2,3599,0
2014-02-19,18:00:00,25.2,25.21,25.1,25.13,2302,0
2014-02-19,19:00:00,25.05,25.05,24.87,24.87,2300,0
2014-02-19,20:00:00,24.93,25.21,24.93,25.21,4282,0
2014-02-19,21:00:00,25.16,25.21,25.1,25.21,4505,0
2014-02-19,22:00:00,25.21,25.27,25.12,25.13,45822,0
2014-02-20,17:00:00,25.21,25.21,25.12,25.21,3880,0
2014-02-20,18:00:00,25.21,25.23,25.18,25.2,6647,0
2014-02-20,19:00:00,25.28,25.3125,25.17,25.21,14200,0
2014-02-20,20:00:00,25.22,25.26,25.21,25.25,5100,0
2014-02-20,21:00:00,25.25,25.31,25.24,25.28,24200,0
2014-02-20,22:00:00,25.27,25.41,25.22,25.22,21656,0
2014-02-21,16:00:00,25.07,25.12,24.85,25.01,10598,0
2014-02-21,17:00:00,25,25.16,24.89,24.95,10329,0
2014-02-21,18:00:00,24.9999,24.9999,24.8196,24.91,1688,0
2014-02-21,19:00:00,24.8,24.8,24.73,24.7915,5100,0
2014-02-21,20:00:00,24.77,24.79,24.59,24.64,23325,0
2014-02-21,21:00:00,24.63,24.7,24.528,24.69,97459,0
2014-02-21,22:00:00,24.65,25.05,24.6,25.04,20497,0
2014-02-24,16:00:00,24.87,25.56,24.87,25.21,8946,0
2014-02-24,17:00:00,25.22,25.53,25.17,25.4,6100,0
2014-02-24,18:00:00,25.47,25.5,25.4,25.45,7500,0
2014-02-24,19:00:00,25.45,25.62,25.41,25.45,11544,0
2014-02-24,20:00:00,25.54,25.63,25.54,25.59,600,0
2014-02-24,21:00:00,25.54,25.59,25.54,25.56,780,0
2014-02-24,22:00:00,25.549,25.59,25.3606,25.37,7604,0
2014-02-25,16:00:00,25.25,25.51,25.25,25.29,700,0
2014-02-25,17:00:00,25.3,25.48,25.26,25.48,7964,0
2014-02-25,18:00:00,25.48,25.48,25.35,25.35,7164,0
2014-02-25,19:00:00,25.3499,25.38,25.3499,25.38,710,0
2014-02-25,20:00:00,25.31,25.4299,25.31,25.4299,2830,0
2014-02-25,21:00:00,25.13,25.36,25.13,25.36,1000,0
2014-02-25,22:00:00,25.29,25.33,25.29,25.33,2600,0
2014-02-26,16:00:00,25.61,25.74,25.36,25.4,9464,0
2014-02-26,17:00:00,25.3099,25.31,25,25,9321,0
2014-02-26,18:00:00,24.92,24.92,24.76,24.7601,2723,0
2014-02-26,19:00:00,24.79,24.93,24.79,24.8805,4800,0
2014-02-26,20:00:00,24.84,25.13,24.75,24.83,16900,0
2014-02-26,21:00:00,24.83,25.04,24.77,25.04,4400,0
2014-02-26,22:00:00,25.01,25.28,25.01,25.17,8936,0
2014-02-27,16:00:00,25.36,25.41,25.245,25.245,3591,0
2014-02-27,17:00:00,25.24,25.29,25.1204,25.195,3000,0
2014-02-27,18:00:00,25.299,25.45,25.27,25.389,4400,0
2014-02-27,19:00:00,25.3,25.3,24.79,24.82,6908,0
2014-02-27,20:00:00,24.92,25.04,24.89,24.93,5700,0
2014-02-27,21:00:00,24.93,24.97,24.88,24.88,2650,0
2014-02-27,22:00:00,24.88,24.98,24.8201,24.93,5206,0
2014-02-28,16:00:00,25,25,24.8001,24.97,2124,0
2014-02-28,17:00:00,24.978,25,24.78,24.9,4039,0
2014-02-28,18:00:00,24.9,24.9,24.51,24.609,8700,0
2014-02-28,19:00:00,24.56,24.59,24.36,24.449,6500,0
2014-02-28,20:00:00,24.45,24.71,24.45,24.71,1000,0
2014-02-28,21:00:00,24.74,24.74,24.61,24.61,200,0
2014-02-28,22:00:00,24.57,24.75,24.57,24.6199,18847,0
2014-03-03,16:00:00,24.5,24.53,24.489,24.49,1300,0
2014-03-03,17:00:00,24.46,24.47,24.35,24.35,3645,0
2014-03-03,18:00:00,24.26,24.26,24.2,24.2,7300,0
2014-03-03,19:00:00,24.1,24.25,24.1,24.25,2600,0
2014-03-03,20:00:00,24.26,24.26,24.23,24.255,900,0
2014-03-03,21:00:00,24.255,24.26,24.2,24.2,6738,0
2014-03-03,22:00:00,24.295,24.39,24.17,24.24,7540,0
2014-03-04,16:00:00,24.72,24.73,24.7,24.73,600,0
2014-03-04,17:00:00,24.75,24.85,24.66,24.75,3388,0
2014-03-04,18:00:00,24.7365,24.86,24.72,24.84,10677,0
2014-03-04,19:00:00,24.878,25.05,24.84,25.0096,4257,0
2014-03-04,20:00:00,24.96,25.1,24.91,25.1,2500,0
2014-03-04,21:00:00,25.14,25.3155,25.14,25.3155,3750,0
2014-03-04,22:00:00,25.3,25.41,25.29,25.32,2700,0
2014-03-05,16:00:00,25.29,25.46,25.29,25.46,600,0
2014-03-05,17:00:00,25.3,25.401,25.08,25.39,2500,0
2014-03-05,18:00:00,25.28,25.38,25.24,25.25,3990,0
2014-03-05,19:00:00,25.35,25.379,25.26,25.26,1700,0
2014-03-05,20:00:00,25.26,25.4,25.26,25.394,8600,0
2014-03-05,21:00:00,25.39,25.44,25.38,25.44,8700,0
2014-03-05,22:00:00,25.43,25.44,25.17,25.17,6572,0
2014-03-06,16:00:00,25.42,25.49,25.4,25.49,2823,0
2014-03-06,17:00:00,25.48,25.66,25.48,25.52,3600,0
2014-03-06,18:00:00,25.81,25.81,25.76,25.76,1612,0
2014-03-06,19:00:00,25.54,25.54,25.5,25.5,800,0
2014-03-06,21:00:00,25.485,25.485,25.485,25.485,100,0
2014-03-06,22:00:00,25.45,25.574,25.14,25.15,14700,0
2014-03-07,16:00:00,25.3,25.3,25.2601,25.2601,300,0
2014-03-07,17:00:00,25.34,25.46,25.34,25.45,1500,0
2014-03-07,18:00:00,25.43,25.43,25.25,25.32,400,0
2014-03-07,19:00:00,25.433,25.459,25.433,25.45,1100,0
2014-03-07,20:00:00,25.37,25.45,25.3603,25.45,16950,0
2014-03-07,21:00:00,25.41,25.41,25.32,25.32,500,0
2014-03-07,22:00:00,25.4,25.56,25.4,25.56,650,0
2014-03-10,15:00:00,25.63,26,25.63,26,1527,0
2014-03-10,16:00:00,26.1,26.26,25.97,26,5500,0
2014-03-10,17:00:00,26,26.43,26,26.43,6465,0
2014-03-10,18:00:00,26.36,26.54,26.36,26.53,1900,0
2014-03-10,19:00:00,26.5,26.65,26.5,26.62,29800,0
2014-03-10,20:00:00,26.4201,26.59,26.4201,26.53,1700,0
2014-03-10,21:00:00,26.58,26.58,26.22,26.47,5000,0
2014-03-11,15:00:00,26.48,26.59,26.2,26.53,1532,0
2014-03-11,16:00:00,26.46,26.47,26.4,26.4,2000,0
2014-03-11,17:00:00,26.46,26.46,26.45,26.46,1200,0
2014-03-11,18:00:00,26.389,26.53,26.3,26.44,8800,0
2014-03-11,19:00:00,26.44,26.54,26.44,26.54,1000,0
2014-03-11,20:00:00,26.6,26.74,26.57,26.6,3423,0
2014-03-11,21:00:00,26.54,26.63,26.3,26.36,3500,0
2014-03-12,15:00:00,26.348,26.348,26.19,26.3,700,0
2014-03-12,16:00:00,26.38,26.504,26.2775,26.504,6000,0
2014-03-12,17:00:00,26.526,26.57,26.47,26.57,71575,0
2014-03-12,18:00:00,26.55,26.64,26.47,26.64,103300,0
2014-03-12,19:00:00,26.63,26.78,26.63,26.71,11500,0
2014-03-12,20:00:00,26.68,26.87,26.65,26.72,26879,0
2014-03-12,21:00:00,26.72,27.05,26.65,27.03,15400,0
2014-03-13,15:00:00,27.26,27.26,27.17,27.17,1036,0
2014-03-13,16:00:00,27.215,27.215,27.08,27.1,4160,0
2014-03-13,17:00:00,27.1165,27.1165,27.0301,27.09,3400,0
2014-03-13,18:00:00,27.02,27.04,26.93,26.98,7900,0
2014-03-13,19:00:00,26.96,26.99,26.94,26.98,3421,0
2014-03-13,20:00:00,26.97,26.98,26.94,26.94,1400,0
2014-03-13,21:00:00,26.94,26.98,26.92,26.98,1500,0
2014-03-14,15:00:00,27,27,27,27,300,0
2014-03-14,16:00:00,27.05,27.05,26.89,26.89,1000,0
2014-03-14,17:00:00,26.86,26.86,26.85,26.85,300,0
2014-03-14,18:00:00,26.89,26.933,26.8,26.8,23332,0
2014-03-14,19:00:00,26.8,26.8,26.77,26.77,3400,0
2014-03-14,20:00:00,26.79,26.8,26.77,26.78,3700,0
2014-03-14,21:00:00,26.76,26.88,26.76,26.84,11072,0
2014-03-17,15:00:00,27.83,27.83,26.98,26.98,717,0
2014-03-17,16:00:00,27.09,27.24,26.96,26.973,1727,0
2014-03-17,17:00:00,27,27.535,27,27.46,3663,0
2014-03-17,18:00:00,27.53,27.53,27.35,27.43,1800,0
2014-03-17,19:00:00,27.3,27.3,27.3,27.3,600,0
2014-03-17,21:00:00,27.23,27.33,26.89,26.89,12057,0
2014-03-18,15:00:00,26.99,26.99,26.99,26.99,645,0
2014-03-18,16:00:00,26.91,26.91,26.7,26.75,3000,0
2014-03-18,17:00:00,26.79,26.79,26.55,26.55,4586,0
2014-03-18,18:00:00,26.6325,26.6325,26.22,26.54,75041,0
2014-03-18,19:00:00,26.54,26.55,26.3,26.31,4200,0
2014-03-18,20:00:00,26.34,26.42,26.31,26.42,1600,0
2014-03-18,21:00:00,26.5,26.55,26.33,26.45,16384,0
2014-03-19,15:00:00,26.6,26.75,26.6,26.72,3450,0
2014-03-19,16:00:00,26.71,26.71,26.69,26.69,700,0
2014-03-19,17:00:00,26.64,26.69,26.64,26.66,1400,0
2014-03-19,18:00:00,26.65,27.68,26.65,27.6,22100,0
2014-03-19,19:00:00,27.41,27.41,26.89,26.91,3600,0
2014-03-19,20:00:00,26.81,27.41,26.65,27.41,3700,0
2014-03-19,21:00:00,27.34,27.34,26.99,27.04,6200,0
2014-03-20,15:00:00,27.12,27.12,27.12,27.12,100,0
2014-03-20,16:00:00,26.9301,27.1,26.8,26.9,5992,0
2014-03-20,17:00:00,26.9,27.02,26.9,27.01,1275,0
2014-03-20,18:00:00,26.96,27.03,26.93,27,2000,0
2014-03-20,19:00:00,26.96,26.97,26.935,26.94,2500,0
2014-03-20,20:00:00,26.95,27.1,26.86,26.965,6200,0
2014-03-20,21:00:00,26.955,27,26.79,26.79,29206,0
2014-03-21,15:00:00,27.0672,27.17,27.0672,27.17,300,0
2014-03-21,16:00:00,27.33,27.45,27.3,27.43,2500,0
2014-03-21,17:00:00,27.38,27.4308,27.34,27.38,1200,0
2014-03-21,18:00:00,27.46,27.49,27.42,27.42,10500,0
2014-03-21,19:00:00,27.44,27.44,27.44,27.44,300,0
2014-03-21,20:00:00,27.46,27.52,27.37,27.5,6800,0
2014-03-21,21:00:00,27.77,27.97,27.76,27.96,4836,0
2014-03-24,15:00:00,28,28.41,28,28.41,1990,0
2014-03-24,16:00:00,28.24,28.24,27.79,27.79,4000,0
2014-03-24,17:00:00,27.79,27.79,27.6,27.6,600,0
2014-03-24,18:00:00,27.83,27.83,27.77,27.77,200,0
2014-03-24,19:00:00,27.95,27.95,27.95,27.95,600,0
2014-03-24,20:00:00,28.1,28.1,28.04,28.04,900,0
2014-03-24,21:00:00,27.98,28.07,27.83,28.025,6301,0
2014-03-25,15:00:00,27.97,28.67,27.97,28.67,16847,0
2014-03-25,16:00:00,28.73,28.73,28.5,28.51,32300,0
2014-03-25,17:00:00,28.47,28.51,28.47,28.4999,1120,0
2014-03-25,18:00:00,28.5,28.6,28.5,28.6,6200,0
2014-03-25,19:00:00,28.6,28.63,28.53,28.55,1900,0
2014-03-25,20:00:00,28.615,28.62,28.53,28.57,8000,0
2014-03-25,21:00:00,28.55,28.6,28.47,28.6,25800,0
2014-03-26,15:00:00,28.75,28.75,28.75,28.75,172,0
2014-03-26,16:00:00,28.77,28.77,28.64,28.64,500,0
2014-03-26,17:00:00,28.73,28.74,28.61,28.72,1386,0
2014-03-26,18:00:00,28.79,28.9,28.67,28.88,3200,0
2014-03-26,19:00:00,28.97,29.22,28.8,28.8,5300,0
2014-03-26,20:00:00,28.788,28.83,28.65,28.81,5000,0
2014-03-26,21:00:00,28.82,28.9,28.61,28.9,7580,0
2014-03-27,15:00:00,28.94,29.25,28.74,29.22,4052,0
2014-03-27,16:00:00,29.21,29.3,27.97,27.97,10100,0
2014-03-27,17:00:00,27.98,28.49,27.98,28.43,8273,0
2014-03-27,18:00:00,28.44,28.587,28.42,28.54,4458,0
2014-03-27,19:00:00,28.58,28.7,28.39,28.39,7890,0
2014-03-27,20:00:00,28.4,28.44,28.34,28.4,4000,0
2014-03-27,21:00:00,28.41,28.64,28.39,28.64,9900,0
2014-03-28,15:00:00,28.73,28.84,28.68,28.68,1557,0
2014-03-28,16:00:00,28.75,28.8,28.6604,28.69,7384,0
2014-03-28,17:00:00,28.7,28.7,28.57,28.57,3948,0
2014-03-28,18:00:00,28.57,28.62,28.56,28.56,1510,0
2014-03-28,19:00:00,28.58,28.58,28.5,28.55,1900,0
2014-03-28,20:00:00,28.52,28.52,28.5,28.5,200,0
2014-03-28,21:00:00,28.41,28.44,28.36,28.4,6620,0
2014-03-31,17:00:00,28.78,29.02,28.78,28.96,3726,0
2014-03-31,18:00:00,29.0399,29.06,28.82,28.86,7520,0
2014-03-31,19:00:00,28.9,28.9,28.8,28.84,5800,0
2014-03-31,20:00:00,28.84,28.87,28.69,28.69,1000,0
2014-03-31,21:00:00,28.69,28.84,28.69,28.84,500,0
2014-03-31,22:00:00,28.86,28.96,28.82,28.95,2789,0
2014-04-01,16:00:00,29.02,29.56,28.87,29.53,1800,0
2014-04-01,17:00:00,29.46,29.5,29.37,29.49,4100,0
2014-04-01,18:00:00,29.42,29.42,29.34,29.39,1500,0
2014-04-01,19:00:00,29.43,29.6,29.25,29.32,4964,0
2014-04-01,20:00:00,29.32,29.32,29.32,29.32,3814,0
2014-04-01,21:00:00,29.33,29.44,29.29,29.36,2350,0
2014-04-01,22:00:00,29.41,29.45,29.19,29.36,1689,0
2014-04-02,16:00:00,29.4,29.4,29.33,29.33,426,0
2014-04-02,17:00:00,29.32,29.32,29.0101,29.07,1600,0
2014-04-02,18:00:00,29.12,29.12,29.12,29.12,200,0
2014-04-02,19:00:00,29.1,29.1,29.06,29.06,900,0
2014-04-02,20:00:00,29.025,29.07,29.01,29.07,900,0
2014-04-02,21:00:00,29.1199,29.1199,28.9,28.901,1906,0
2014-04-02,22:00:00,28.99,29.2,28.99,29.09,1273,0
2014-04-03,16:00:00,28.93,29.1,28.93,28.995,2827,0
2014-04-03,17:00:00,29.0401,29.11,28.95,28.95,1088,0
2014-04-03,18:00:00,28.94,28.94,28.94,28.94,400,0
2014-04-03,19:00:00,29.01,29.01,28.82,28.82,673,0
2014-04-03,20:00:00,28.84,28.84,28.84,28.84,600,0
2014-04-03,21:00:00,28.86,28.86,28.86,28.86,300,0
2014-04-03,22:00:00,28.71,28.71,28.56,28.6,1300,0
2014-04-04,16:00:00,29.08,29.08,29.08,29.08,1500,0
2014-04-04,17:00:00,29.5,29.79,29.49,29.76,2682,0
2014-04-04,18:00:00,29.74,29.74,29.6,29.6,1200,0
2014-04-04,19:00:00,29.65,29.86,29.62,29.86,12850,0
2014-04-04,20:00:00,29.92,29.92,29.83,29.87,2100,0
2014-04-04,21:00:00,29.9199,29.96,29.78,29.88,13195,0
2014-04-04,22:00:00,29.91,29.91,29.8,29.85,3428,0
2014-04-07,16:00:00,29.99,29.99,29.96,29.96,960,0
2014-04-07,17:00:00,29.6301,30.09,29.6301,30.08,4165,0
2014-04-07,18:00:00,30.0799,30.35,30.0799,30.15,5992,0
2014-04-07,19:00:00,30.04,30.06,29.93,29.93,1700,0
2014-04-07,20:00:00,29.88,30,29.88,29.92,4745,0
2014-04-07,21:00:00,29.95,30.04,29.95,30.04,1100,0
2014-04-07,22:00:00,29.93,29.93,29.83,29.83,600,0
2014-04-08,16:00:00,30.45,30.45,30.43,30.43,600,0
2014-04-08,17:00:00,30.23,30.39,30.23,30.31,2213,0
2014-04-08,18:00:00,30.39,30.39,30.39,30.39,800,0
2014-04-08,19:00:00,30.29,30.3682,30.28,30.28,3259,0
2014-04-08,20:00:00,30.28,30.28,30.16,30.2,9314,0
2014-04-08,21:00:00,30.2,30.23,29.93,29.93,9492,0
2014-04-08,22:00:00,29.98,30.3,29.96,30.23,3848,0
2014-04-09,16:00:00,30.25,30.52,30.25,30.3,13266,0
2014-04-09,17:00:00,30.3,30.3,30.041,30.041,10800,0
2014-04-09,18:00:00,29.85,29.85,29.79,29.79,1300,0
2014-04-09,19:00:00,29.75,29.75,29.71,29.74,700,0
2014-04-09,20:00:00,29.61,29.73,29.61,29.7,8892,0
2014-04-09,21:00:00,29.75,29.9,29.75,29.85,39040,0
2014-04-09,22:00:00,29.9,30.11,29.9,30.11,63148,0
2014-04-10,16:00:00,30.13,30.13,30.01,30.09,930,0
2014-04-10,17:00:00,29.93,29.98,29.93,29.96,900,0
2014-04-10,18:00:00,29.92,29.92,29.86,29.86,1020,0
2014-04-10,19:00:00,29.82,29.9,29.82,29.9,1600,0
2014-04-10,21:00:00,30.054,30.11,30.04,30.11,3300,0
2014-04-10,22:00:00,30.1,30.1,29.78,29.78,23258,0
2014-04-11,16:00:00,29.78,29.83,29.511,29.83,1744,0
2014-04-11,17:00:00,29.879,30.05,29.879,29.96,4100,0
2014-04-11,18:00:00,29.985,30,29.96,29.96,2574,0
2014-04-11,19:00:00,29.96,30,29.96,29.96,2000,0
2014-04-11,20:00:00,30.02,30.16,29.97,30.15,2500,0
2014-04-11,21:00:00,30.18,30.24,30.18,30.23,11441,0
2014-04-11,22:00:00,30.23,30.47,30.2,30.27,33800,0
2014-04-14,16:00:00,30.2,30.2285,30.2,30.2285,3465,0
2014-04-14,17:00:00,30.2101,30.33,30.2,30.31,33354,0
2014-04-14,18:00:00,30.32,30.35,30.2,30.26,13200,0
2014-04-14,19:00:00,30.28,30.33,30.2,30.24,1900,0
2014-04-14,20:00:00,30.2,30.24,30.2,30.21,12175,0
2014-04-14,21:00:00,30.21,30.22,30.08,30.08,3900,0
2014-04-14,22:00:00,30.18,30.19,30.05,30.11,9770,0
2014-04-15,16:00:00,30.21,30.21,30.199,30.199,1141,0
2014-04-15,17:00:00,30.14,30.24,29.9,30.01,2935,0
2014-04-15,18:00:00,30,30.1,30,30.1,10000,0
2014-04-15,19:00:00,30.0004,30.1,30,30,1300,0
2014-04-15,20:00:00,30,30.1,29.99,30.08,9089,0
2014-04-15,21:00:00,30.01,30.01,30,30.01,4193,0
2014-04-15,22:00:00,30,30.1,30,30,9164,0
2014-04-16,16:00:00,30.2,30.385,30.2,30.355,1000,0
2014-04-16,17:00:00,30.48,30.51,30.4001,30.5,1523,0
2014-04-16,18:00:00,30.46,30.66,30.4,30.66,4961,0
2014-04-16,19:00:00,30.66,30.68,30.56,30.68,1000,0
2014-04-16,20:00:00,30.672,30.672,30.65,30.65,16940,0
2014-04-16,21:00:00,30.65,30.71,30.65,30.71,4623,0
2014-04-16,22:00:00,30.68,30.75,30.64,30.75,12901,0
2014-04-17,17:00:00,30.55,30.57,30.25,30.25,1674,0
2014-04-17,19:00:00,30.3701,30.3701,30.3004,30.3004,500,0
2014-04-17,20:00:00,30.45,30.51,30.45,30.51,740,0
2014-04-17,21:00:00,30.45,30.55,30.45,30.55,1270,0
2014-04-17,22:00:00,30.3,30.5457,30.3,30.5457,800,0
2014-04-21,16:00:00,30.68,30.68,30.6,30.6,2169,0
2014-04-21,17:00:00,30.67,30.67,30.66,30.66,300,0
2014-04-21,18:00:00,30.62,30.6999,30.5,30.57,1408,0
2014-04-21,20:00:00,30.52,30.52,30.52,30.52,1300,0
2014-04-21,21:00:00,30.45,30.45,30.33,30.33,980,0
2014-04-21,22:00:00,30.33,30.35,30.19,30.19,3256,0
2014-04-22,17:00:00,30.32,30.32,30.29,30.3,1100,0
2014-04-22,18:00:00,30.37,30.48,30.29,30.45,3050,0
2014-04-22,19:00:00,30.5121,30.66,30.5121,30.66,1145,0
2014-04-22,20:00:00,30.49,30.57,30.47,30.57,1200,0
2014-04-22,21:00:00,30.56,30.56,30.56,30.56,100,0
2014-04-22,22:00:00,30.63,30.63,30.49,30.49,1400,0
2014-04-23,16:00:00,30.1,30.1,29.97,30.09,2400,0
2014-04-23,17:00:00,30.089,30.089,29.87,29.9,5156,0
2014-04-23,18:00:00,29.95,29.95,29.79,29.83,32400,0
2014-04-23,19:00:00,29.83,29.9,29.75,29.84,3516,0
2014-04-23,20:00:00,29.71,29.87,29.671,29.87,3100,0
2014-04-23,21:00:00,29.9,29.9,29.8,29.8,4500,0
2014-04-23,22:00:00,29.81,29.99,29.81,29.99,6040,0
2014-04-24,16:00:00,30,30,29.97,29.97,8246,0
2014-04-24,17:00:00,29.97,29.99,29.94,29.99,1000,0
2014-04-24,18:00:00,29.95,29.97,29.81,29.81,2879,0
2014-04-24,19:00:00,29.84,29.84,29.58,29.66,2000,0
2014-04-24,20:00:00,29.66,29.8,29.66,29.76,900,0
2014-04-24,21:00:00,29.76,30.02,29.76,29.95,9315,0
2014-04-24,22:00:00,29.92,30.27,29.8,30.27,42337,0
2014-04-25,16:00:00,30.2,30.32,29.95,30.28,2410,0
2014-04-25,17:00:00,30.0101,30.09,30,30.0004,5525,0
2014-04-25,18:00:00,30.1,30.17,30.03,30.14,11850,0
2014-04-25,19:00:00,30.18,30.2,30.15,30.199,3300,0
2014-04-25,20:00:00,30.16,30.3,30.076,30.27,288500,0
2014-04-25,21:00:00,30.27,30.35,30.23,30.34,2900,0
2014-04-25,22:00:00,30.33,30.46,30.33,30.46,18640,0
2014-04-28,16:00:00,30.48,30.49,30.48,30.49,2576,0
2014-04-28,17:00:00,30.57,30.57,30.53,30.53,800,0
2014-04-28,18:00:00,30.53,30.53,30.48,30.48,4968,0
2014-04-28,19:00:00,30.5199,30.5199,30.41,30.41,520,0
2014-04-28,20:00:00,30.361,30.38,30.24,30.26,1800,0
2014-04-28,21:00:00,30.43,30.47,30.43,30.47,400,0
2014-04-28,22:00:00,30.49,30.53,30.45,30.52,3500,0
2014-04-29,16:00:00,30.66,30.67,30.441,30.441,2464,0
2014-04-29,17:00:00,30.259,30.26,30.259,30.26,1120,0
2014-04-29,18:00:00,29.661,29.78,29.62,29.74,3300,0
2014-04-29,19:00:00,29.7,29.85,29.7,29.85,3200,0
2014-04-29,21:00:00,29.78,29.78,29.51,29.51,1500,0
2014-04-29,22:00:00,29.51,29.76,29.49,29.76,4226,0
2014-04-30,16:00:00,29.54,29.54,28.92,29.35,4676,0
2014-04-30,17:00:00,29.36,29.36,29.33,29.34,1200,0
2014-04-30,18:00:00,29.28,29.28,29.28,29.28,900,0
2014-04-30,19:00:00,28.92,29.13,28.7901,29.13,3404,0
2014-04-30,20:00:00,29.07,29.07,29.07,29.07,100,0
2014-04-30,21:00:00,29.15,29.28,29.15,29.28,400,0
2014-04-30,22:00:00,29.22,29.75,29.22,29.74,3900,0
2014-05-01,16:00:00,29.64,29.64,29.64,29.64,1038,0
2014-05-01,19:00:00,30.58,30.58,30.24,30.24,1882,0
2014-05-01,20:00:00,29.77,29.78,29.77,29.78,500,0
2014-05-01,21:00:00,29.91,30.13,29.91,30.12,1100,0
2014-05-01,22:00:00,30.096,30.096,29.78,29.78,1700,0
2014-05-02,16:00:00,29.85,29.85,29.5,29.64,1862,0
2014-05-02,17:00:00,29.58,29.91,29.58,29.76,14560,0
2014-05-02,18:00:00,29.73,29.94,29.69,29.94,5448,0
2014-05-02,19:00:00,29.94,29.95,29.9,29.94,5700,0
2014-05-02,20:00:00,29.89,29.92,29.72,29.72,2544,0
2014-05-02,21:00:00,29.84,29.9,29.84,29.89,4092,0
2014-05-02,22:00:00,29.89,29.94,29.8,29.88,9218,0
2014-05-05,16:00:00,29.38,29.66,29.38,29.57,2896,0
2014-05-05,17:00:00,29.57,29.57,29.36,29.38,5239,0
2014-05-05,18:00:00,29.21,29.21,29.21,29.21,500,0
2014-05-05,20:00:00,29.17,29.2,29.13,29.13,1000,0
2014-05-05,21:00:00,29.141,29.1501,29.13,29.15,1876,0
2014-05-05,22:00:00,29.234,29.234,29.18,29.185,11275,0
2014-05-06,16:00:00,29.24,29.86,29.24,29.7,1542,0
2014-05-06,17:00:00,29.64,29.86,29.64,29.81,1160,0
2014-05-06,20:00:00,29.6,29.6,29.6,29.6,100,0
2014-05-06,21:00:00,29.61,29.61,29.51,29.54,500,0
2014-05-06,22:00:00,29.572,29.68,29.572,29.68,1432,0
2014-05-07,16:00:00,29.63,29.64,29.56,29.64,397,0
2014-05-07,17:00:00,29.6,29.6,29.55,29.56,518,0
2014-05-07,18:00:00,29.56,29.68,29.56,29.68,3100,0
2014-05-07,20:00:00,29.69,29.69,29.6301,29.6301,900,0
2014-05-07,21:00:00,29.79,29.79,29.67,29.67,900,0
2014-05-07,22:00:00,29.68,29.9,29.68,29.83,19600,0
