Date,Time,Open,High,Low,Close,Volume,OpenInt
2014-02-10,16:00:00,63.98,69.9,63.98,66.939,12076,0
2014-02-10,17:00:00,66.75,67.09,66.5,67,12913,0
2014-02-10,18:00:00,67,67.66,67,67.59,3500,0
2014-02-10,19:00:00,67.63,67.63,67.03,67.1,4300,0
2014-02-10,20:00:00,67.14,67.44,66.84,67.43,13510,0
2014-02-10,21:00:00,67.04,67.39,67,67.39,3364,0
2014-02-10,22:00:00,67.4,68.46,67.39,68.25,28232,0
2014-02-11,16:00:00,66.614,67.5925,66.614,67.2442,3150,0
2014-02-11,17:00:00,67.03,67.27,66.44,67.21,3900,0
2014-02-11,18:00:00,67.05,67.42,67.05,67.1,4700,0
2014-02-11,19:00:00,67.2,67.8,67.2,67.71,5606,0
2014-02-11,20:00:00,67.9136,68.31,67.68,68,3482,0
2014-02-11,21:00:00,68.02,68.87,68.01,68.61,20934,0
2014-02-11,22:00:00,68.56,68.88,68.2,68.88,15730,0
2014-02-12,16:00:00,68.12,68.5,68.12,68.17,2300,0
2014-02-12,17:00:00,68.4675,68.5,68,68.27,5550,0
2014-02-12,18:00:00,68.27,68.78,68.27,68.65,4600,0
2014-02-12,19:00:00,68.7,69,68.7,69,3440,0
2014-02-12,20:00:00,69,69.48,68.72,68.72,6456,0
2014-02-12,21:00:00,68.9,68.99,68.4,68.53,7878,0
2014-02-12,22:00:00,68.52,68.52,68.22,68.276,3100,0
2014-02-13,16:00:00,67.78,68.29,67,67.93,6770,0
2014-02-13,17:00:00,67.47,69.26,67.17,69,4937,0
2014-02-13,18:00:00,69,70.49,69,69.57,10337,0
2014-02-13,19:00:00,69.422,70,69.26,69.47,16132,0
2014-02-13,20:00:00,69.5,69.695,69.43,69.5,4100,0
2014-02-13,21:00:00,69.5,69.5,69.42,69.5,5900,0
2014-02-13,22:00:00,69.43,69.96,69.16,69.49,39113,0
2014-02-14,16:00:00,66.64,68.26,66.11,68.26,5409,0
2014-02-14,17:00:00,68.32,68.5,68.32,68.5,1100,0
2014-02-14,18:00:00,68.27,68.27,67.75,67.98,3000,0
2014-02-14,19:00:00,68.1,68.41,68.1,68.41,1210,0
2014-02-14,20:00:00,67.912,67.912,67.87,67.87,2100,0
2014-02-14,21:00:00,68.4,68.8,68.34,68.61,6933,0
2014-02-14,22:00:00,68.75,68.75,68.096,68.29,7549,0
2014-02-18,16:00:00,68.12,68.37,68.01,68.37,3800,0
2014-02-18,17:00:00,68.17,69.51,67.74,69.51,12242,0
2014-02-18,18:00:00,69.067,71.5,69.067,70.8699,23344,0
2014-02-18,19:00:00,70.76,70.9,70.12,70.52,8710,0
2014-02-18,20:00:00,70.4735,70.9,70.35,70.35,5500,0
2014-02-18,21:00:00,69.84,70.5,69.84,70.5,4600,0
2014-02-18,22:00:00,70.87,70.88,70.06,70.47,29301,0
2014-02-19,16:00:00,73.8,73.8,69.2601,73,4580,0
2014-02-19,17:00:00,73,73.79,72.45,73.19,9632,0
2014-02-19,18:00:00,72.7,73.163,72.63,72.63,6000,0
2014-02-19,19:00:00,72,72.35,70.53,72.35,27100,0
2014-02-19,20:00:00,72.48,73,72.3,72.312,4800,0
2014-02-19,21:00:00,72.68,72.68,72.25,72.49,1872,0
2014-02-19,22:00:00,72.3,72.3,70.12,70.73,37823,0
2014-02-20,16:00:00,71.446,72.4568,71.446,72.02,2400,0
2014-02-20,17:00:00,72.05,72.38,71.7001,72.14,10300,0
2014-02-20,18:00:00,72.39,72.98,72.02,72.36,8528,0
2014-02-20,19:00:00,72.95,73.525,72.95,72.95,5500,0
2014-02-20,20:00:00,73.3,73.3,73.3,73.3,1600,0
2014-02-20,21:00:00,73.2617,73.51,73.2617,73.51,6276,0
2014-02-20,22:00:00,73.45,73.45,72.53,73.05,17990,0
2014-02-21,16:00:00,74.32,75.45,74.29,75.45,9514,0
2014-02-21,17:00:00,75.88,76.93,74.5,75.0799,8500,0
2014-02-21,18:00:00,74.9999,74.9999,74.25,74.32,9019,0
2014-02-21,19:00:00,74.335,74.3699,73.78,73.78,4800,0
2014-02-21,20:00:00,73.5,73.62,73.05,73.05,4700,0
2014-02-21,21:00:00,73.15,73.17,72.2,72.87,6441,0
2014-02-21,22:00:00,73.24,73.77,72.71,73.23,25134,0
2014-02-24,16:00:00,74,74,73.5,73.54,5817,0
2014-02-24,17:00:00,73.85,73.85,73.29,73.29,6100,0
2014-02-24,18:00:00,73.425,73.7,73.425,73.7,7470,0
2014-02-24,19:00:00,72.53,73.0599,72.5,72.85,4925,0
2014-02-24,20:00:00,72.28,72.47,72.06,72.15,4200,0
2014-02-24,21:00:00,72.578,72.578,71.63,72.19,34300,0
2014-02-24,22:00:00,72,72,70.5,71.32,83812,0
2014-02-25,16:00:00,72.115,72.5,71.01,71.01,1700,0
2014-02-25,17:00:00,70.728,71.77,69,70.365,14554,0
2014-02-25,18:00:00,70.3899,70.7,69.75,70.47,9510,0
2014-02-25,19:00:00,70.05,70.334,70,70.212,1900,0
2014-02-25,20:00:00,70.6,70.6,70.24,70.27,1700,0
2014-02-25,21:00:00,70.26,70.3,70.26,70.28,1600,0
2014-02-25,22:00:00,70.5999,70.91,70.31,70.91,21267,0
2014-02-26,16:00:00,71.14,71.4,69.254,70.7,2907,0
2014-02-26,17:00:00,70.75,71.085,70.75,70.855,10888,0
2014-02-26,18:00:00,70.906,71.38,70.906,71.09,5841,0
2014-02-26,19:00:00,71.225,71.39,71.03,71.11,5970,0
2014-02-26,20:00:00,71.11,71.3799,70.9,70.9499,8250,0
2014-02-26,21:00:00,70.9,71.2,69.05,69.75,14100,0
2014-02-26,22:00:00,69.51,71.04,69.51,70.05,24781,0
2014-02-27,16:00:00,70.49,70.49,69.06,69.49,5432,0
2014-02-27,17:00:00,69.36,69.75,68.72,69.39,17697,0
2014-02-27,18:00:00,69.1,69.5,68.94,69.3,4700,0
2014-02-27,19:00:00,69.29,70.275,69.29,70.0401,9218,0
2014-02-27,20:00:00,70.36,71.17,70.18,70.58,9295,0
2014-02-27,21:00:00,70.64,70.9399,70.03,70.31,7860,0
2014-02-27,22:00:00,70.27,70.6709,69.91,70.2,15386,0
2014-02-28,16:00:00,71,73.59,71,73.5,12025,0
2014-02-28,17:00:00,73.29,76.0175,73.29,75.34,32968,0
2014-02-28,18:00:00,75.1,75.62,73.94,74.7,21655,0
2014-02-28,19:00:00,74.73,74.85,74.48,74.52,19752,0
2014-02-28,20:00:00,74.85,74.85,73.31,74.3,17250,0
2014-02-28,21:00:00,73.59,74.69,73.4,74.34,10947,0
2014-02-28,22:00:00,73.75,74.2825,73.51,74.1,39618,0
2014-03-03,16:00:00,73.75,75.8,73.75,73.75,5984,0
2014-03-03,17:00:00,72.59,74.73,72.51,73.94,13100,0
2014-03-03,18:00:00,73.87,73.94,73.28,73.69,6200,0
2014-03-03,19:00:00,73.21,73.6375,73.2072,73.32,5270,0
2014-03-03,20:00:00,73.3,73.96,72.77,73.96,10942,0
2014-03-03,21:00:00,73.27,73.59,73.25,73.49,3400,0
2014-03-03,22:00:00,73.31,73.57,72.72,72.9,37576,0
2014-03-04,16:00:00,74.17,75,73.76,74.5,7826,0
2014-03-04,17:00:00,74.59,75.6,74.47,75.6,12969,0
2014-03-04,18:00:00,74.72,75.2607,73.6068,73.6068,16140,0
2014-03-04,19:00:00,74.45,74.45,73.9,74.15,21400,0
2014-03-04,20:00:00,74.03,74.05,73.6,73.6,12300,0
2014-03-04,21:00:00,73.92,74.58,73.63,74.58,10291,0
2014-03-04,22:00:00,74.58,74.78,74.21,74.58,24299,0
2014-03-05,16:00:00,74.83,75.03,74,74.4,4575,0
2014-03-05,17:00:00,74.645,75,74.45,74.45,9526,0
2014-03-05,18:00:00,74.08,74.08,74.08,74.08,2000,0
2014-03-05,19:00:00,74.69,74.69,74.69,74.69,6815,0
2014-03-05,20:00:00,74.26,74.65,73.96,74.5,6300,0
2014-03-05,21:00:00,74.5036,74.59,74.09,74.59,5900,0
2014-03-05,22:00:00,74.65,74.65,74.3,74.3,15196,0
2014-03-06,16:00:00,74.5,77.75,74.46,77.74,21262,0
2014-03-06,17:00:00,77.3999,79.9755,77.3999,79.44,20487,0
2014-03-06,18:00:00,79.58,81.15,79.2601,79.7,23519,0
2014-03-06,19:00:00,79.68,81,79.12,80.63,15290,0
2014-03-06,20:00:00,80.85,81,79.51,80.22,7780,0
2014-03-06,21:00:00,80.1,80.7838,79.3036,79.83,9604,0
2014-03-06,22:00:00,79.98,81.47,79.98,80.85,46045,0
2014-03-07,16:00:00,83.32,83.89,82.13,82.96,4290,0
2014-03-07,17:00:00,82.55,82.55,80.75,82.18,17333,0
2014-03-07,18:00:00,82.3,83.4,82.05,82.56,21952,0
2014-03-07,19:00:00,82.8,83.4,82.75,83.1399,9644,0
2014-03-07,20:00:00,83,83.4,82.75,83.3,6660,0
2014-03-07,21:00:00,83.33,84.9744,83.12,84.0475,14965,0
2014-03-07,22:00:00,84.2946,84.95,83.21,84.27,25562,0
2014-03-10,15:00:00,84.99,86,84.27,84.3,7053,0
2014-03-10,16:00:00,83.7399,85.4252,82.57,85,17003,0
2014-03-10,17:00:00,84.79,84.8899,82.67,83.93,14800,0
2014-03-10,18:00:00,84.43,85.15,83.98,84.81,15138,0
2014-03-10,19:00:00,84.3,84.96,83.98,84.35,9568,0
2014-03-10,20:00:00,84.06,84.61,83.34,84,12393,0
2014-03-10,21:00:00,83.89,84.55,83.61,84.55,15900,0
2014-03-11,15:00:00,83,85.0275,82.98,85.0275,10870,0
2014-03-11,16:00:00,85.48,87.399,85.06,86.81,13225,0
2014-03-11,17:00:00,86.76,87.15,86.36,86.96,7498,0
2014-03-11,18:00:00,86.43,87.08,85.98,85.98,11712,0
2014-03-11,19:00:00,85.98,86.235,85,85.15,14852,0
2014-03-11,20:00:00,85.4251,85.5,84.03,85.305,7543,0
2014-03-11,21:00:00,85.305,85.4299,83.73,83.91,36949,0
2014-03-12,15:00:00,84.065,84.1,82.1207,83.01,9620,0
2014-03-12,16:00:00,82.32,82.97,81.35,82.04,16350,0
2014-03-12,17:00:00,82.2,82.65,81.55,82.13,1400,0
2014-03-12,18:00:00,81.96,82.165,81.37,81.37,10600,0
2014-03-12,19:00:00,81.42,81.82,80,81.29,23663,0
2014-03-12,20:00:00,81.43,81.68,80.58,81.03,8700,0
2014-03-12,21:00:00,81.35,82.67,81.09,82.2,28037,0
2014-03-13,15:00:00,81.59,82.9,81.5,81.5,10699,0
2014-03-13,16:00:00,82.3799,82.3799,80.3175,80.5065,9621,0
2014-03-13,17:00:00,80.46,80.63,77.94,79.33,19012,0
2014-03-13,18:00:00,78.98,79.57,78.7,79.11,29684,0
2014-03-13,19:00:00,78.85,79.31,78.66,78.9329,26835,0
2014-03-13,20:00:00,79,79.21,78.6,78.95,10707,0
2014-03-13,21:00:00,78.75,78.94,78.01,78.01,27720,0
2014-03-14,15:00:00,78.06,79.99,77.08,77.1545,9690,0
2014-03-14,16:00:00,77.1545,77.1545,75.0295,75.96,28854,0
2014-03-14,17:00:00,76,76.25,75.6,75.66,7370,0
2014-03-14,18:00:00,76.28,76.34,75.67,75.98,4900,0
2014-03-14,19:00:00,76,76,75.2,75.4,4850,0
2014-03-14,20:00:00,75.35,75.36,74.07,74.07,11915,0
2014-03-14,21:00:00,74.08,76.33,74.02,75.36,23098,0
2014-03-17,15:00:00,76.38,77,75.82,76.67,5220,0
2014-03-17,16:00:00,76.25,77.06,75.55,76.25,9527,0
2014-03-17,17:00:00,76.29,76.45,75.76,75.77,3000,0
2014-03-17,18:00:00,76.26,76.35,76.09,76.16,3900,0
2014-03-17,19:00:00,75.91,76.29,75.91,75.98,4300,0
2014-03-17,20:00:00,76.185,76.409,75.35,75.87,10300,0
2014-03-17,21:00:00,76.08,76.265,75.07,75.49,16155,0
2014-03-18,15:00:00,75.92,77.465,75.71,77.465,7073,0
2014-03-18,16:00:00,77.64,78.025,76.75,77.57,12888,0
2014-03-18,17:00:00,77.84,78.65,77.76,78,12615,0
2014-03-18,18:00:00,78.63,78.63,77.65,77.66,9174,0
2014-03-18,19:00:00,77.37,78.34,77.37,77.75,8088,0
2014-03-18,20:00:00,77.75,78.31,77.61,78.115,9801,0
2014-03-18,21:00:00,78.14,79.7,77.81,79.56,35049,0
2014-03-19,15:00:00,80.08,81.75,80.08,80.5,6082,0
2014-03-19,16:00:00,79.82,81.6425,79.82,81.3725,10971,0
2014-03-19,17:00:00,81.25,81.25,80.64,80.86,2744,0
2014-03-19,18:00:00,80.74,80.99,79.96,80.99,7400,0
2014-03-19,19:00:00,81.18,81.75,80.07,81.06,16007,0
2014-03-19,20:00:00,81.7499,82.81,81.61,81.975,9092,0
2014-03-19,21:00:00,81.975,81.9799,80.76,81.1,17438,0
2014-03-20,15:00:00,81.52,83.95,81.52,83.8474,3898,0
2014-03-20,16:00:00,82.82,84.4,82.36,84.07,9900,0
2014-03-20,17:00:00,83.25,83.96,81.8535,83.96,6000,0
2014-03-20,18:00:00,83.4,83.93,82.94,83.88,4800,0
2014-03-20,19:00:00,83.98,84.28,83.32,83.82,4450,0
2014-03-20,20:00:00,83.4,84.28,83.4,84.1863,6300,0
2014-03-20,21:00:00,83.995,84.12,83.2,83.64,38016,0
2014-03-21,15:00:00,84.24,84.44,84.24,84.44,12800,0
2014-03-21,16:00:00,83.002,83.886,81.675,81.675,5600,0
2014-03-21,17:00:00,81.58,82,81.2301,81.29,5700,0
2014-03-21,18:00:00,80.57,80.92,79.56,80.39,6536,0
2014-03-21,19:00:00,79.7576,80.4,79.1,79.69,41686,0
2014-03-21,20:00:00,79.68,80.095,79.42,79.915,6070,0
2014-03-21,21:00:00,79.8356,80.075,79.5,79.96,15947,0
2014-03-24,15:00:00,79.0301,79.0301,78.4066,78.4066,7900,0
2014-03-24,16:00:00,77.6,77.6,74.89,74.91,15444,0
2014-03-24,17:00:00,74.94,75.22,71.676,72.6,30719,0
2014-03-24,18:00:00,72.7,73.3,72.7,73.25,11800,0
2014-03-24,19:00:00,73.05,74.55,72.671,74.35,15665,0
2014-03-24,20:00:00,74.84,77.83,74.74,77.12,18029,0
2014-03-24,21:00:00,76.925,77.07,75.11,75.46,31297,0
2014-03-26,15:00:00,75.97,75.97,74.4,75.1,678,0
2014-03-26,16:00:00,74.98,75.71,74,74.5,19674,0
2014-03-26,17:00:00,74.5,74.84,72.9,73.11,5415,0
2014-03-26,18:00:00,73.45,75.16,73.21,74.25,10080,0
2014-03-26,19:00:00,74.35,74.36,72.39,72.5,9946,0
2014-03-26,20:00:00,72.431,73.45,71.87,72.8,12122,0
2014-03-26,21:00:00,72.605,72.94,71.09,71.96,21864,0
2014-03-27,15:00:00,72.26,73.74,69.472,70.62,16076,0
2014-03-27,16:00:00,70.22,73.18,69.22,72.72,32599,0
2014-03-27,17:00:00,72.69,72.69,70,70,14093,0
2014-03-27,18:00:00,70.3201,70.91,69.942,70.66,12083,0
2014-03-27,19:00:00,70.94,71.23,70,70,8788,0
2014-03-27,20:00:00,70,70.365,69.67,70.07,17368,0
2014-03-27,21:00:00,69.77,70.13,68.8,70.08,39779,0
2014-03-28,15:00:00,71,72.98,71,72.01,34937,0
2014-03-28,16:00:00,72,72.72,72,72.72,7854,0
2014-03-28,17:00:00,72.7,73.36,72.7,73.29,10248,0
2014-03-28,18:00:00,73.6246,74.29,73.22,74.29,8902,0
2014-03-28,19:00:00,74.09,74.09,72.61,73.6,9151,0
2014-03-28,20:00:00,73,73.8,72.28,73.16,14996,0
2014-03-28,21:00:00,72.11,72.26,71.29,71.59,17260,0
2014-03-31,16:00:00,73.118,73.118,72.42,72.42,600,0
2014-03-31,17:00:00,73.11,74.5989,72.65,73.52,20708,0
2014-03-31,18:00:00,73.22,73.3,72.76,72.76,2200,0
2014-03-31,19:00:00,73.25,73.79,73.25,73.74,2988,0
2014-03-31,20:00:00,73.83,74.07,73.81,73.97,2387,0
2014-03-31,21:00:00,74.05,74.29,73.53,74.1,2400,0
2014-03-31,22:00:00,74.37,75.36,73.96,75.17,16381,0
2014-04-01,16:00:00,74.855,75.082,74.07,74.21,4800,0
2014-04-01,17:00:00,74.4,74.97,74.39,74.88,6666,0
2014-04-01,18:00:00,74.76,74.89,74.5,74.73,9092,0
2014-04-01,19:00:00,74.77,77.61,74.77,77.27,11320,0
2014-04-01,20:00:00,77.27,77.74,76.88,76.88,7800,0
2014-04-01,21:00:00,76.5901,77.14,76.47,76.485,9096,0
2014-04-01,22:00:00,76.5096,77.4,75.8,76.93,16400,0
2014-04-02,16:00:00,78.01,81.39,77.3,79.9514,17851,0
2014-04-02,17:00:00,80.2,80.2,77.5,77.87,7712,0
2014-04-02,18:00:00,77.86,79.62,76.47,79.62,14872,0
2014-04-02,19:00:00,79.67,79.67,78.25,78.83,4500,0
2014-04-02,20:00:00,79.23,79.23,77.486,77.85,10700,0
2014-04-02,21:00:00,78.37,79.2,78.37,79.19,13834,0
2014-04-02,22:00:00,79.1625,79.2,78.65,78.67,16700,0
2014-04-03,16:00:00,79.05,80.9,79,79.71,21609,0
2014-04-03,17:00:00,79.81,79.81,77.55,78.02,11679,0
2014-04-03,18:00:00,78.402,78.84,77.89,78.08,11387,0
2014-04-03,19:00:00,77.92,78.2,76.36,76.36,24300,0
2014-04-03,20:00:00,75.83,77.45,74.8772,76.05,6600,0
2014-04-03,21:00:00,76.08,77.01,75.06,75.79,13050,0
2014-04-03,22:00:00,76.42,78.94,75.7,77.53,37460,0
2014-04-04,16:00:00,78.02,79.7,77.41,77.53,31162,0
2014-04-04,17:00:00,77.1,77.1,74.4278,75.6,14417,0
2014-04-04,18:00:00,75.6,75.6,72.86,74.12,17988,0
2014-04-04,19:00:00,73.86,74.9,73.485,73.99,14150,0
2014-04-04,20:00:00,73.4575,74.52,72.5762,74,28389,0
2014-04-04,21:00:00,73.81,74.3,72,73.91,26733,0
2014-04-04,22:00:00,73.56,75,72.271,74.68,23954,0
2014-04-07,16:00:00,72.7,73.1,71.04,72.35,3301,0
2014-04-07,17:00:00,72.1901,73.2,71.4,71.4,10125,0
2014-04-07,18:00:00,71.69,71.69,68.54,69.05,46391,0
2014-04-07,19:00:00,69,69.36,66.03,66.31,20984,0
2014-04-07,20:00:00,67.2,68.8325,66.35,68,14910,0
2014-04-07,21:00:00,68.25,68.63,67.45,68.63,4956,0
2014-04-07,22:00:00,69.09,72.96,69.09,71.37,33294,0
2014-04-08,16:00:00,71.06,77.7525,71.06,73.5,11100,0
2014-04-08,17:00:00,72.5,73.3096,69.8,72.5,36508,0
2014-04-08,18:00:00,72.42,74.11,71.751,73.6,44140,0
2014-04-08,19:00:00,73.21,74.95,73.04,74.8,18166,0
2014-04-08,20:00:00,74.85,75.24,74.85,74.85,2000,0
2014-04-08,21:00:00,74.93,75.36,72.68,73.93,18200,0
2014-04-08,22:00:00,73.65,75.42,73.05,74,35931,0
2014-04-09,16:00:00,74.1,74.21,74,74,7995,0
2014-04-09,17:00:00,73.4403,74.13,72.3,72.3,13016,0
2014-04-09,18:00:00,72.62,74.1,72.6,73.7,6500,0
2014-04-09,19:00:00,73.65,74.02,73.25,73.75,14138,0
2014-04-09,20:00:00,73.55,73.7,73.25,73.25,14148,0
2014-04-09,21:00:00,73.52,74.21,73.42,73.42,5522,0
2014-04-09,22:00:00,73.61,74.02,73.47,73.99,22724,0
2014-04-10,16:00:00,74,76,73.9,74.51,21806,0
2014-04-10,17:00:00,74.19,74.31,72.49,73.08,11496,0
2014-04-10,18:00:00,72.2,73.96,71.5,72.79,22674,0
2014-04-10,19:00:00,72.5,72.5,71.5,71.76,4656,0
2014-04-10,20:00:00,71.36,72.11,70.5,72,19000,0
2014-04-10,21:00:00,72.63,72.83,71.52,71.7,54633,0
2014-04-10,22:00:00,71.8,72.202,70.61,71.41,37163,0
2014-04-11,16:00:00,72.0034,73.5,71.3,72.2,37265,0
2014-04-11,17:00:00,72.57,72.57,70.14,70.7,59638,0
2014-04-11,18:00:00,70.62,72.95,70.62,71.2,21594,0
2014-04-11,19:00:00,71.135,72.22,70.65,72.15,25011,0
2014-04-11,20:00:00,72,72.05,71.38,71.63,3218,0
2014-04-11,21:00:00,71.63,71.82,71.25,71.82,13076,0
2014-04-11,22:00:00,71.77,72.35,71.26,71.5,25217,0
2014-04-14,16:00:00,71.68,74.03,70.59,71.384,17504,0
2014-04-14,17:00:00,71.225,73.49,71.1,72.832,29549,0
2014-04-14,18:00:00,73.32,73.36,71.7,72.31,13192,0
2014-04-14,19:00:00,72.3,72.57,72.03,72.03,1800,0
2014-04-14,20:00:00,72.33,72.37,72.27,72.27,3000,0
2014-04-14,21:00:00,72.48,72.48,71.82,72.06,22578,0
2014-04-14,22:00:00,71.98,72.19,71.51,72.19,118817,0
2014-04-15,16:00:00,72.005,74.2,71.29,72.82,16134,0
2014-04-15,17:00:00,72.56,72.56,71.2,72.19,13004,0
2014-04-15,18:00:00,72.18,73,71.5,72.14,20035,0
2014-04-15,19:00:00,72.14,72.9,71.715,71.96,11678,0
2014-04-15,20:00:00,72.005,73.58,72,73.04,10674,0
2014-04-15,21:00:00,73,73.58,72.3,72.62,17409,0
2014-04-15,22:00:00,72.62,74,72.62,73.5,40291,0
2014-04-16,16:00:00,74.01,74.98,73.039,73.63,32963,0
2014-04-16,17:00:00,73.01,73.51,73,73.145,13614,0
2014-04-16,18:00:00,73.17,73.7,73.11,73.4,19100,0
2014-04-16,19:00:00,73.555,74.93,73.3,74.475,18535,0
2014-04-16,20:00:00,74.235,76.32,74.155,75.74,24726,0
2014-04-16,21:00:00,75.475,77.5,74.58,77.49,78622,0
2014-04-16,22:00:00,77.5,77.9558,75.91,76.66,48221,0
2014-04-17,16:00:00,76.67,77.864,74.789,74.789,15301,0
2014-04-17,17:00:00,74.81,77.49,74.81,76.43,15899,0
2014-04-17,18:00:00,75.73,76.44,75.73,76.2,8959,0
2014-04-17,19:00:00,76.34,76.55,76.335,76.55,9000,0
2014-04-17,20:00:00,77.07,77.86,77,77.86,4515,0
2014-04-17,21:00:00,77.91,79.9,77.91,79.9,12900,0
2014-04-17,22:00:00,79.9,80.45,79.15,79.25,28880,0
2014-04-21,16:00:00,80.74,81.26,80.118,81.04,5485,0
2014-04-21,17:00:00,81.82,82.42,81.5,81.51,17760,0
2014-04-21,18:00:00,81.87,82.67,81.51,81.98,7780,0
2014-04-21,19:00:00,82.53,82.99,81.89,81.89,8044,0
2014-04-21,20:00:00,82.26,82.5,82.26,82.5,1310,0
2014-04-21,21:00:00,82.49,82.67,82.1,82.48,6600,0
2014-04-21,22:00:00,82.41,82.95,82.15,82.41,28294,0
2014-04-22,16:00:00,82.64,83.94,79.01,83.14,5964,0
2014-04-22,17:00:00,83.5225,83.85,82.91,83.5,7809,0
2014-04-22,18:00:00,83.465,83.69,82.85,83.3999,12125,0
2014-04-22,19:00:00,83.34,83.45,82.34,82.688,5943,0
2014-04-22,20:00:00,82.41,82.55,81.95,82.5,7600,0
2014-04-22,21:00:00,82.49,82.49,82.27,82.3,5249,0
2014-04-22,22:00:00,81.86,82.7,81.371,82.16,17104,0
2014-04-23,16:00:00,82.32,82.32,79.33,80.2,31715,0
2014-04-23,17:00:00,80.4,82,79.96,80.99,26814,0
2014-04-23,18:00:00,80.3106,80.7375,79.93,80.16,9595,0
2014-04-23,19:00:00,80.17,80.85,79.893,80.85,8900,0
2014-04-23,20:00:00,80.3,80.74,80.3,80.38,4180,0
2014-04-23,21:00:00,80.51,81.76,80.35,80.6,14544,0
2014-04-23,22:00:00,80.77,80.99,80.5,80.51,34239,0
2014-04-24,16:00:00,81.85,81.85,79.01,80.29,26199,0
2014-04-24,17:00:00,80.61,81.68,80,80.6,12999,0
2014-04-24,18:00:00,81.24,81.8,81.24,81.77,4685,0
2014-04-24,19:00:00,81.17,81.25,80.35,80.505,17960,0
2014-04-24,20:00:00,80.35,81.4,80.31,80.746,20509,0
2014-04-24,21:00:00,80.425,81.25,80.13,81.04,39630,0
2014-04-24,22:00:00,80.76,81.81,80.76,81.4,26800,0
2014-04-25,16:00:00,80.57,81.794,80.18,81.6099,17364,0
2014-04-25,17:00:00,80.69,80.8157,80.44,80.52,11928,0
2014-04-25,18:00:00,80.44,81.958,80.31,81.11,34449,0
2014-04-25,19:00:00,81.11,81.28,80.5,81.07,7600,0
2014-04-25,20:00:00,80.53,80.99,80.38,80.69,10808,0
2014-04-25,21:00:00,80.53,81.1,80.53,81.1,5500,0
2014-04-25,22:00:00,80.7,81.22,80.7,81.1,10927,0
2014-04-28,16:00:00,81.5,82,79.8,80.28,8268,0
2014-04-28,17:00:00,81.01,82,80.57,81.89,13262,0
2014-04-28,18:00:00,81.675,82.09,80.5,80.83,10623,0
2014-04-28,19:00:00,80.54,81.48,80.1443,80.96,37781,0
2014-04-28,20:00:00,81,81.16,80.96,81.02,11300,0
2014-04-28,21:00:00,81,81.3,81,81.041,10882,0
2014-04-28,22:00:00,81.04,82.102,81,81.5,99833,0
2014-04-29,16:00:00,80.85,82.2,80.85,81.08,11506,0
2014-04-29,17:00:00,80.85,81.5,80.5,80.84,37741,0
2014-04-29,18:00:00,80.8,81.45,80.8,80.87,9088,0
2014-04-29,19:00:00,80.81,81.22,80.75,81.15,10622,0
2014-04-29,20:00:00,81.2,81.2,80.75,80.91,12828,0
2014-04-29,21:00:00,80.94,81,80.75,80.895,11644,0
2014-04-29,22:00:00,80.744,81.74,80.65,81.5,48068,0
2014-04-30,16:00:00,80.52,81.418,80.52,81.418,3600,0
2014-04-30,17:00:00,81.45,81.5,81.36,81.39,13568,0
2014-04-30,18:00:00,81.49,81.49,80.8404,81.19,12004,0
2014-04-30,19:00:00,81,81.09,80.4601,81.03,8000,0
2014-04-30,20:00:00,81,81.3,80.815,81.1153,8446,0
2014-04-30,21:00:00,81.1,82.82,80.8,82.69,19015,0
2014-04-30,22:00:00,82.69,83.07,82.26,82.75,66978,0
2014-05-01,16:00:00,82.63,83.34,82.47,83.13,7244,0
2014-05-01,17:00:00,83.13,83.5,81.79,83.02,10600,0
2014-05-01,18:00:00,83.49,85.5,83.14,85.5,20280,0
2014-05-01,19:00:00,85.42,86.75,84.3603,85.2224,15652,0
2014-05-01,20:00:00,84.81,85.67,84.5,85.26,11056,0
2014-05-01,21:00:00,84.73,85.95,84.6,85.18,13400,0
2014-05-01,22:00:00,85.31,85.98,84.625,85.86,34838,0
2014-05-02,16:00:00,87.2,87.36,85.72,85.72,8940,0
2014-05-02,17:00:00,85.49,85.75,83.94,84,21259,0
2014-05-02,18:00:00,83.95,84.79,83.64,83.79,12549,0
2014-05-02,19:00:00,83.14,83.7,81.2,81.56,16031,0
2014-05-02,20:00:00,81.56,82.18,80.13,82.18,18640,0
2014-05-02,21:00:00,81.51,82.91,80.7,81.95,26574,0
2014-05-02,22:00:00,82.73,84.04,82.35,83.86,86609,0
2014-05-05,16:00:00,83.4,85.7099,83.4,84,15627,0
2014-05-05,17:00:00,84,84.44,83.95,84.1,10655,0
2014-05-05,18:00:00,84.095,84.686,83.86,84,15720,0
2014-05-05,19:00:00,84.06,84.14,83.71,83.88,12702,0
2014-05-05,20:00:00,84,84.61,84,84.28,11789,0
2014-05-05,21:00:00,84.25,84.25,83.04,83.91,17371,0
2014-05-05,22:00:00,84.2,85.52,84.0001,85.29,94500,0
2014-05-06,16:00:00,85.46,86,85,85.9862,6356,0
2014-05-06,17:00:00,85.99,86.84,85.99,86.635,16624,0
2014-05-06,18:00:00,86.51,87.75,86.5,87.74,26798,0
2014-05-06,19:00:00,87.65,87.65,86.55,87.2,14716,0
2014-05-06,20:00:00,87.2,88.2,86.345,86.99,93287,0
2014-05-06,21:00:00,86.45,86.96,84.28,86.1275,22068,0
2014-05-06,22:00:00,86.14,87.51,85.705,86.46,68836,0
2014-05-07,16:00:00,88.96,88.96,85,85.11,7300,0
2014-05-07,17:00:00,85,85,82.75,83.11,20764,0
2014-05-07,18:00:00,83.5099,83.5099,82.75,82.75,14940,0
2014-05-07,19:00:00,82.71,82.71,81.09,81.09,19911,0
2014-05-07,20:00:00,81.61,82.14,81,81,21343,0
2014-05-07,21:00:00,81,82.19,80.7678,81.97,14093,0
2014-05-07,22:00:00,81.94,81.97,81.18,81.43,52691,0
