Date,Time,Open,High,Low,Close,Volume,OpenInt
2014-02-10,16:00:00,34.5155,34.5364,34.466,34.5364,5158,0
2014-02-10,17:00:00,34.4561,34.5652,34.4462,34.4462,9948,0
2014-02-10,18:00:00,34.4931,34.4931,34.4931,34.4931,4232,0
2014-02-10,19:00:00,34.5751,34.594,34.5722,34.5722,1112,0
2014-02-10,20:00:00,34.6029,34.6029,34.6006,34.6006,3527,0
2014-02-10,21:00:00,34.694,34.694,34.6625,34.6625,2113,0
2014-02-10,22:00:00,34.6611,34.724,34.6354,34.724,3825,0
2014-02-11,16:00:00,34.8034,35.0515,34.7165,34.8331,7579,0
2014-02-11,17:00:00,34.8727,34.8727,34.8302,34.8302,453,0
2014-02-11,18:00:00,34.8926,34.972,34.8827,34.972,998,0
2014-02-11,19:00:00,34.9521,35.0018,34.9422,34.9909,3467,0
2014-02-11,20:00:00,35.0583,35.0713,35.0416,35.0713,11725,0
2014-02-11,21:00:00,35.1408,35.1408,35.1105,35.1105,812,0
2014-02-11,22:00:00,35.1309,35.1804,35.0869,35.0869,4635,0
2014-02-12,16:00:00,35.2301,35.3492,35.2301,35.3492,1735,0
2014-02-12,17:00:00,35.2698,35.2896,35.1815,35.1815,5248,0
2014-02-12,18:00:00,35.1706,35.1904,35.0912,35.0912,8980,0
2014-02-12,19:00:00,35.1706,35.1706,35.1309,35.1506,966,0
2014-02-12,20:00:00,35.1596,35.2103,35.1487,35.2003,3895,0
2014-02-12,21:00:00,35.1506,35.1507,35.1408,35.1408,1642,0
2014-02-12,22:00:00,35.1606,35.1805,35.1606,35.1706,2857,0
2014-02-13,16:00:00,34.9126,35.1755,34.9126,35.1755,7740,0
2014-02-13,17:00:00,35.1191,35.3095,35.1191,35.3095,1890,0
2014-02-13,18:00:00,35.2812,35.2897,35.2698,35.2897,1767,0
2014-02-13,19:00:00,35.2301,35.25,35.2301,35.25,1564,0
2014-02-13,20:00:00,35.2797,35.3293,35.2797,35.3293,1293,0
2014-02-13,21:00:00,35.379,35.379,35.3194,35.3714,1319,0
2014-02-13,22:00:00,35.3689,35.4024,35.3689,35.3905,3539,0
2014-02-14,16:00:00,35.2703,35.2703,35.2703,35.2703,1209,0
2014-02-14,17:00:00,35.3393,35.4187,35.3383,35.3491,3483,0
2014-02-14,18:00:00,35.3293,35.3888,35.2804,35.3888,6056,0
2014-02-14,19:00:00,35.3403,35.3988,35.3386,35.3889,3754,0
2014-02-14,20:00:00,35.3889,35.4583,35.3889,35.4484,1757,0
2014-02-14,21:00:00,35.4976,35.5178,35.4774,35.4774,3194,0
2014-02-14,22:00:00,35.4484,35.4584,35.4337,35.4337,1789,0
2014-02-18,16:00:00,35.5874,35.5874,35.5278,35.5695,625,0
2014-02-18,17:00:00,35.5476,35.7164,35.4668,35.7164,3952,0
2014-02-18,18:00:00,35.765,35.765,35.6936,35.6936,2189,0
2014-02-18,19:00:00,35.708,35.7263,35.7065,35.7263,1572,0
2014-02-18,20:00:00,35.6767,35.7362,35.637,35.6767,14635,0
2014-02-18,21:00:00,35.7065,35.765,35.7055,35.7462,3630,0
2014-02-18,22:00:00,35.7462,35.7759,35.7164,35.7263,5907,0
2014-02-19,16:00:00,35.6767,35.6767,35.5654,35.5654,907,0
2014-02-19,18:00:00,35.7561,35.7858,35.7362,35.7462,2829,0
2014-02-19,19:00:00,35.6295,35.6549,35.5675,35.6462,13275,0
2014-02-19,20:00:00,35.6469,35.6861,35.637,35.6469,5658,0
2014-02-19,21:00:00,35.6271,35.6766,35.6271,35.637,4157,0
2014-02-19,22:00:00,35.6509,35.6509,35.4584,35.508,5438,0
2014-02-20,16:00:00,35.7164,35.7164,35.6072,35.6568,2174,0
2014-02-20,17:00:00,35.5874,35.8355,35.5874,35.8355,5270,0
2014-02-20,18:00:00,35.8057,35.8355,35.8037,35.8156,3662,0
2014-02-20,19:00:00,35.8746,35.8746,35.8746,35.8746,585,0
2014-02-20,20:00:00,35.8752,35.9049,35.8454,35.8454,3967,0
2014-02-20,21:00:00,35.8156,35.9347,35.8156,35.9347,3583,0
2014-02-20,22:00:00,35.9223,35.9645,35.895,35.9645,1259,0
2014-02-21,16:00:00,36.0935,36.0935,35.9049,36.0325,5450,0
2014-02-21,17:00:00,36.0538,36.0637,36.0141,36.0403,8190,0
2014-02-21,18:00:00,36.0737,36.0737,36.0637,36.0637,3101,0
2014-02-21,19:00:00,36.0538,36.0538,36.0041,36.014,1818,0
2014-02-21,20:00:00,36.0081,36.024,35.9744,35.9744,1203,0
2014-02-21,21:00:00,35.9148,35.9248,35.8752,35.9248,1396,0
2014-02-21,22:00:00,35.9478,36.0042,35.9478,35.9645,2303,0
2014-02-24,16:00:00,36.153,36.3118,36.153,36.3118,7257,0
2014-02-24,17:00:00,36.2329,36.2329,36.1431,36.2304,13605,0
2014-02-24,18:00:00,36.2721,36.3416,36.2225,36.3346,7454,0
2014-02-24,19:00:00,36.3416,36.3515,36.3019,36.3141,6328,0
2014-02-24,20:00:00,36.3297,36.3337,36.292,36.2989,2975,0
2014-02-24,21:00:00,36.319,36.3408,36.2424,36.2821,16168,0
2014-02-24,22:00:00,36.2394,36.2424,36.1798,36.1926,8610,0
2014-02-25,16:00:00,36.2225,36.2225,36.1332,36.1332,3238,0
2014-02-25,17:00:00,36.0965,36.1778,36.0965,36.1778,1401,0
2014-02-25,18:00:00,36.1631,36.3218,36.1631,36.3218,2096,0
2014-02-25,19:00:00,36.2374,36.2374,36.1927,36.2225,1209,0
2014-02-25,21:00:00,36.1133,36.1828,36.1133,36.1332,2450,0
2014-02-25,22:00:00,36.1525,36.163,36.0935,36.163,1637,0
2014-02-26,16:00:00,36.3208,36.3208,36.2821,36.2821,18138,0
2014-02-26,17:00:00,36.2424,36.3897,36.2424,36.369,11864,0
2014-02-26,18:00:00,36.3892,36.3892,36.3892,36.3892,1814,0
2014-02-26,19:00:00,36.3692,36.4299,36.3615,36.4299,2151,0
2014-02-26,20:00:00,36.3813,36.3813,36.2721,36.3514,18293,0
2014-02-26,21:00:00,36.1963,36.1963,36.0934,36.1133,5074,0
2014-02-26,22:00:00,36.0836,36.1228,36.044,36.1228,2233,0
2014-02-27,16:00:00,36.2523,36.2821,36.2523,36.2821,2751,0
2014-02-27,17:00:00,36.2225,36.2721,36.1452,36.2324,5792,0
2014-02-27,18:00:00,36.2821,36.2919,36.2606,36.2622,3727,0
2014-02-27,19:00:00,36.2225,36.2838,36.2225,36.2721,1062,0
2014-02-27,20:00:00,36.2523,36.2721,36.2523,36.2721,2116,0
2014-02-27,21:00:00,36.3952,36.3952,36.3147,36.3453,6062,0
2014-02-27,22:00:00,36.3615,36.3813,36.2879,36.3813,2217,0
2014-02-28,16:00:00,36.5202,36.5202,36.5202,36.5202,7042,0
2014-02-28,17:00:00,36.5258,36.5897,36.5258,36.5896,5516,0
2014-02-28,18:00:00,36.5401,36.5599,36.5202,36.5401,3094,0
2014-02-28,19:00:00,36.5599,36.5996,36.5539,36.5996,1725,0
2014-02-28,20:00:00,36.5897,36.5897,36.5103,36.5103,539,0
2014-02-28,21:00:00,36.5004,36.5004,36.3331,36.3331,4004,0
2014-02-28,22:00:00,36.0836,36.3118,36.0836,36.3111,4770,0
2014-03-03,16:00:00,35.8454,36.1133,35.8454,36.0389,1612,0
2014-03-03,17:00:00,35.9794,36.0538,35.9794,36.0538,3882,0
2014-03-03,18:00:00,36.0755,36.0755,35.9446,36.0637,6377,0
2014-03-03,19:00:00,35.9,35.9843,35.8256,35.9843,4455,0
2014-03-03,20:00:00,36.0538,36.0578,36.0479,36.0538,4002,0
2014-03-03,21:00:00,36.0842,36.1717,36.0842,36.1237,8159,0
2014-03-03,22:00:00,36.1034,36.1133,36.0836,36.0836,6278,0
2014-03-04,16:00:00,36.4805,36.5302,36.441,36.5302,13766,0
2014-03-04,17:00:00,36.55,36.55,36.55,36.55,1209,0
2014-03-04,18:00:00,36.6294,36.6294,36.5996,36.6195,2098,0
2014-03-04,19:00:00,36.6357,36.6492,36.5717,36.5717,7465,0
2014-03-04,20:00:00,36.6095,36.6195,36.6095,36.6179,1018,0
2014-03-04,21:00:00,36.5103,36.5103,36.5103,36.5103,1072,0
2014-03-04,22:00:00,36.5798,36.5798,36.5798,36.5798,310,0
2014-03-05,16:00:00,36.6294,36.6294,36.548,36.548,1387,0
2014-03-05,17:00:00,36.5163,36.6195,36.5163,36.5341,5210,0
2014-03-05,18:00:00,36.6054,36.6054,36.5986,36.5986,1473,0
2014-03-05,19:00:00,36.5402,36.5742,36.5402,36.5699,6890,0
2014-03-05,22:00:00,36.5302,36.5302,36.5302,36.5302,202,0
2014-03-06,16:00:00,36.6195,36.6195,36.5744,36.5875,1805,0
2014-03-06,17:00:00,36.5685,36.5685,36.484,36.484,1653,0
2014-03-06,18:00:00,36.5499,36.5499,36.5302,36.5302,705,0
2014-03-06,20:00:00,36.5795,36.5798,36.3704,36.3704,1195,0
2014-03-06,21:00:00,36.3694,36.3912,36.3694,36.3912,7306,0
2014-03-06,22:00:00,36.401,36.4011,36.3495,36.3495,1427,0
2014-03-07,16:00:00,36.5083,36.5202,36.2277,36.2453,1712,0
2014-03-07,17:00:00,36.3118,36.3317,36.1431,36.1431,5951,0
2014-03-07,18:00:00,36.153,36.2622,36.153,36.2344,1675,0
2014-03-07,19:00:00,36.2126,36.2612,36.1927,36.2612,48059,0
2014-03-07,20:00:00,36.1233,36.1629,36.1034,36.1629,1627,0
2014-03-07,21:00:00,36.2027,36.2027,36.1034,36.163,2926,0
2014-03-07,22:00:00,36.2125,36.2323,36.1927,36.1927,2132,0
2014-03-10,15:00:00,36.2424,36.2424,36.166,36.1729,1576,0
2014-03-10,16:00:00,36.2125,36.2125,35.9645,35.9969,7683,0
2014-03-10,17:00:00,36.153,36.163,36.1431,36.1431,620,0
2014-03-10,18:00:00,36.073,36.0836,36.0495,36.0495,3660,0
2014-03-10,19:00:00,36.143,36.1431,36.024,36.0489,10085,0
2014-03-10,20:00:00,36.0935,36.1133,36.0836,36.1133,1243,0
2014-03-10,21:00:00,36.1431,36.1729,36.0776,36.1729,1014,0
2014-03-11,15:00:00,36.153,36.272,36.1322,36.1322,4692,0
2014-03-11,16:00:00,36.2205,36.332,36.2205,36.332,2938,0
2014-03-11,17:00:00,36.3118,36.3515,36.2324,36.2324,3811,0
2014-03-11,18:00:00,36.157,36.2027,36.0985,36.2026,881,0
2014-03-11,19:00:00,36.1827,36.1827,36.1034,36.1034,989,0
2014-03-11,20:00:00,36.143,36.143,36.0295,36.0538,3824,0
2014-03-11,21:00:00,36.0339,36.0339,35.9943,35.9943,981,0
2014-03-12,15:00:00,35.9049,35.9049,35.9049,35.9049,661,0
2014-03-12,16:00:00,35.9546,35.9546,35.9546,35.9546,403,0
2014-03-12,17:00:00,36.0935,36.1044,36.0933,36.1044,3266,0
2014-03-12,18:00:00,36.1233,36.1233,36.1016,36.1133,806,0
2014-03-12,20:00:00,36.163,36.163,36.097,36.097,2946,0
2014-03-12,21:00:00,36.1491,36.1491,36.1487,36.1487,2131,0
2014-03-13,15:00:00,36.2721,36.2984,36.2721,36.2984,1274,0
2014-03-13,16:00:00,36.2126,36.2209,36.0683,36.0683,862,0
2014-03-13,17:00:00,36.0538,36.0935,36.0538,36.0935,907,0
2014-03-13,18:00:00,35.9794,35.9794,35.7363,35.7734,985,0
2014-03-13,19:00:00,35.7758,35.7758,35.5685,35.6866,5313,0
2014-03-13,20:00:00,35.5715,35.6668,35.5715,35.5774,2830,0
2014-03-13,21:00:00,35.5112,35.5902,35.5021,35.5902,8162,0
2014-03-14,15:00:00,35.6171,35.6568,35.0506,35.6568,8015,0
2014-03-14,16:00:00,35.8255,35.8255,35.7152,35.7152,3467,0
2014-03-14,18:00:00,35.8479,35.8479,35.8355,35.8355,3069,0
2014-03-14,20:00:00,35.7867,35.8057,35.7867,35.8057,1000,0
2014-03-14,21:00:00,35.7064,35.7064,35.6159,35.6159,2690,0
2014-03-17,15:00:00,35.7958,35.9645,35.7958,35.9645,984,0
2014-03-17,16:00:00,35.9446,35.9446,35.9347,35.9347,5605,0
2014-03-17,18:00:00,35.9556,35.9556,35.9545,35.9545,828,0
2014-03-17,19:00:00,35.9726,35.9726,35.9726,35.9726,139,0
2014-03-17,20:00:00,35.9347,35.9743,35.9347,35.9743,4119,0
2014-03-17,21:00:00,35.9446,35.9446,35.8156,35.8494,2226,0
2014-03-18,16:00:00,36.014,36.0817,36.014,36.0364,15051,0
2014-03-18,17:00:00,36.0637,36.0836,36.044,36.0443,1880,0
2014-03-18,18:00:00,36.1292,36.1292,36.044,36.044,9332,0
2014-03-18,19:00:00,36.0935,36.0935,36.044,36.0935,4442,0
2014-03-18,20:00:00,36.1285,36.1431,36.1285,36.1431,948,0
2014-03-18,21:00:00,36.1232,36.1232,36.1232,36.1232,278,0
2014-03-19,15:00:00,36.1431,36.1431,36.0239,36.0537,4494,0
2014-03-19,16:00:00,36.0808,36.0808,36.0141,36.0141,3104,0
2014-03-19,17:00:00,36.0537,36.0537,36.0194,36.024,2795,0
2014-03-19,18:00:00,36.0339,36.0339,36.0041,36.0201,1290,0
2014-03-19,19:00:00,36.083,36.0836,36.0737,36.0836,8745,0
2014-03-19,20:00:00,35.9843,35.9943,35.971,35.971,1336,0
2014-03-19,21:00:00,35.7462,35.8958,35.6668,35.8958,6373,0
2014-03-20,15:00:00,35.7859,35.7859,35.7859,35.7859,969,0
2014-03-20,16:00:00,35.8851,35.9347,35.8256,35.9347,2219,0
2014-03-20,17:00:00,35.8105,35.8105,35.7164,35.8057,13868,0
2014-03-20,18:00:00,35.7661,35.9,35.7661,35.8982,7461,0
2014-03-20,19:00:00,35.8355,35.8355,35.8355,35.8355,1411,0
2014-03-20,20:00:00,35.8356,35.895,35.8355,35.8652,1238,0
2014-03-20,21:00:00,35.7859,35.8057,35.7562,35.7859,4525,0
2014-03-21,15:00:00,35.895,35.9943,35.895,35.9943,4131,0
2014-03-21,16:00:00,35.6271,35.6469,35.5477,35.637,5915,0
2014-03-21,17:00:00,35.6469,35.7124,35.6469,35.6965,3106,0
2014-03-21,18:00:00,35.6568,35.6766,35.6568,35.6766,5562,0
2014-03-21,19:00:00,35.6667,35.6667,35.4762,35.4981,2975,0
2014-03-21,20:00:00,35.4881,35.4881,35.3748,35.3748,5075,0
2014-03-21,21:00:00,35.3178,35.3178,35.279,35.2797,1923,0
2014-03-24,15:00:00,35.061,35.0968,35.061,35.0968,1008,0
2014-03-24,16:00:00,35.1202,35.1209,34.6843,34.6843,12123,0
2014-03-24,17:00:00,34.4967,34.6347,34.4561,34.5454,4890,0
2014-03-24,18:00:00,34.5631,34.5631,34.5631,34.5631,101,0
2014-03-24,19:00:00,34.5948,34.7204,34.5948,34.7204,1632,0
2014-03-24,20:00:00,34.7537,34.7537,34.6745,34.6822,3222,0
2014-03-24,21:00:00,34.735,34.8628,34.726,34.7749,2571,0
2014-03-25,15:00:00,35,35.06,34.94,34.94,1230,0
2014-03-25,16:00:00,35.0613,35.0613,34.94,34.94,12000,0
2014-03-25,17:00:00,34.72,34.72,34.5524,34.5524,3688,0
2014-03-25,18:00:00,34.5268,34.58,34.5,34.58,1999,0
2014-03-25,19:00:00,34.6286,34.75,34.6286,34.75,2746,0
2014-03-25,20:00:00,34.67,34.6701,34.67,34.67,1750,0
2014-03-25,21:00:00,34.662,34.676,34.662,34.676,985,0
2014-03-26,15:00:00,34.96,34.96,34.762,34.8599,2977,0
2014-03-26,16:00:00,34.7841,34.848,34.7175,34.7295,4000,0
2014-03-26,17:00:00,34.7499,34.77,34.6884,34.6884,3709,0
2014-03-26,18:00:00,34.6001,34.646,34.6001,34.64,588,0
2014-03-26,19:00:00,34.668,34.668,34.5173,34.53,1962,0
2014-03-26,20:00:00,34.56,34.6152,34.53,34.6152,2066,0
2014-03-26,21:00:00,34.62,34.6394,34.42,34.4266,8330,0
2014-03-27,15:00:00,34.27,34.48,33.6437,34.16,17316,0
2014-03-27,16:00:00,34.2209,34.5699,34.2209,34.3301,16887,0
2014-03-27,17:00:00,34.36,34.36,34.18,34.18,4912,0
2014-03-27,18:00:00,34.227,34.2701,34.1558,34.253,9462,0
2014-03-27,19:00:00,34.27,34.29,34.22,34.22,2575,0
2014-03-27,20:00:00,34.2566,34.2566,34.2288,34.2288,9254,0
2014-03-27,21:00:00,34.1785,34.2819,34.1785,34.2601,2677,0
2014-03-28,16:00:00,34.58,34.61,34.58,34.61,2898,0
2014-03-28,17:00:00,34.6,34.6275,34.56,34.56,8641,0
2014-03-28,18:00:00,34.6099,34.6099,34.53,34.53,3281,0
2014-03-28,19:00:00,34.48,34.52,34.48,34.5,1754,0
2014-03-28,20:00:00,34.44,34.44,34.29,34.3624,1692,0
2014-03-28,21:00:00,34.3701,34.3701,34.32,34.32,5904,0
2014-03-31,16:00:00,34.6299,34.63,34.6299,34.63,800,0
2014-03-31,17:00:00,34.6893,34.6893,34.6,34.601,4560,0
2014-03-31,18:00:00,34.58,34.5901,34.53,34.5901,7542,0
2014-03-31,19:00:00,34.6172,34.6699,34.6172,34.6557,6604,0
2014-03-31,20:00:00,34.672,34.68,34.59,34.59,3050,0
2014-03-31,21:00:00,34.6,34.6263,34.5999,34.6263,12400,0
2014-03-31,22:00:00,34.55,34.55,34.55,34.55,1410,0
2014-04-01,16:00:00,34.8986,34.8986,34.8986,34.8986,800,0
2014-04-01,17:00:00,35.111,35.13,35.111,35.13,8055,0
2014-04-01,18:00:00,35.0299,35.05,35.0299,35.05,3332,0
2014-04-01,19:00:00,34.9775,35.05,34.9775,35.049,1888,0
2014-04-01,20:00:00,34.999,35,34.998,35,1400,0
2014-04-01,21:00:00,35.1299,35.1299,35.0985,35.0985,2785,0
2014-04-01,22:00:00,35.1005,35.1699,35.1005,35.1608,2734,0
2014-04-02,16:00:00,35.3499,35.3499,35.341,35.341,520,0
2014-04-02,17:00:00,35.37,35.393,35.35,35.39,2000,0
2014-04-02,18:00:00,35.3799,35.4199,35.3501,35.4199,936,0
2014-04-02,19:00:00,35.4047,35.4047,35.3612,35.4,2091,0
2014-04-02,20:00:00,35.392,35.392,35.37,35.38,4185,0
2014-04-02,21:00:00,35.3498,35.3498,35.338,35.347,905,0
2014-04-02,22:00:00,35.408,35.4501,35.408,35.45,1108,0
2014-04-03,16:00:00,35.52,35.52,35.47,35.47,7930,0
2014-04-03,17:00:00,35.2855,35.2855,35.279,35.279,1365,0
2014-04-03,18:00:00,35.2899,35.2899,35.2199,35.22,1652,0
2014-04-03,19:00:00,35.13,35.13,35.13,35.13,371,0
2014-04-03,20:00:00,35.0946,35.1399,35.0946,35.132,3572,0
2014-04-03,21:00:00,34.9336,34.9722,34.9336,34.968,814,0
2014-04-03,22:00:00,35,35.15,35,35.15,2397,0
2014-04-04,16:00:00,35.29,35.29,35.1114,35.1114,3429,0
2014-04-04,17:00:00,35.1375,35.1375,34.971,35.0032,1994,0
2014-04-04,18:00:00,34.9025,34.9025,34.63,34.63,5337,0
2014-04-04,19:00:00,34.58,34.58,34.55,34.55,1400,0
2014-04-04,20:00:00,34.3786,34.4701,34.37,34.4,5111,0
2014-04-04,21:00:00,34.358,34.358,34.249,34.249,3994,0
2014-04-04,22:00:00,34.28,34.33,34.2701,34.2701,6207,0
2014-04-07,16:00:00,34.06,34.06,33.871,33.871,1072,0
2014-04-07,17:00:00,34.1101,34.1101,34.06,34.06,2400,0
2014-04-07,18:00:00,34,34,33.8801,33.8986,1708,0
2014-04-07,19:00:00,33.8899,33.92,33.731,33.861,17635,0
2014-04-07,20:00:00,33.8215,33.8215,33.69,33.7051,6283,0
2014-04-07,21:00:00,33.581,33.8099,33.581,33.8099,1608,0
2014-04-07,22:00:00,33.868,33.93,33.78,33.79,7140,0
2014-04-08,16:00:00,33.89,33.941,33.8,33.81,3993,0
2014-04-08,17:00:00,33.91,33.91,33.68,33.68,680,0
2014-04-08,18:00:00,33.94,33.9682,33.94,33.9682,2308,0
2014-04-08,19:00:00,34.0024,34.08,34.0024,34.08,1311,0
2014-04-08,20:00:00,34.026,34.03,34.026,34.03,1024,0
2014-04-08,21:00:00,34,34,34,34,405,0
2014-04-08,22:00:00,33.9688,33.99,33.9688,33.99,591,0
2014-04-09,16:00:00,34.07,34.1,34.07,34.1,2502,0
2014-04-09,18:00:00,34.16,34.22,34.16,34.22,683,0
2014-04-09,19:00:00,34.26,34.3201,34.25,34.3068,1349,0
2014-04-09,20:00:00,34.25,34.252,34.25,34.25,975,0
2014-04-09,21:00:00,34.4199,34.5,34.4199,34.5,2124,0
2014-04-09,22:00:00,34.51,34.55,34.5,34.55,1485,0
2014-04-10,17:00:00,34.261,34.29,34.1675,34.1675,7010,0
2014-04-10,18:00:00,34.0399,34.0568,33.9475,33.96,1873,0
2014-04-10,19:00:00,33.9699,33.9699,33.747,33.747,7815,0
2014-04-10,20:00:00,33.7222,33.7615,33.59,33.6522,1796,0
2014-04-10,21:00:00,33.7265,33.7265,33.58,33.58,2492,0
2014-04-10,22:00:00,33.54,33.54,33.44,33.51,6905,0
2014-04-11,16:00:00,33.1801,33.53,33.1801,33.53,6523,0
2014-04-11,17:00:00,33.34,33.4698,33.2,33.4698,3927,0
2014-04-11,18:00:00,33.5699,33.5699,33.45,33.45,2488,0
2014-04-11,20:00:00,33.35,33.359,33.35,33.359,2060,0
2014-04-11,21:00:00,33.27,33.27,33.11,33.11,14214,0
2014-04-11,22:00:00,33.1,33.14,33.08,33.0801,3431,0
2014-04-14,16:00:00,33.26,33.26,33.24,33.245,10128,0
2014-04-14,17:00:00,33.2242,33.47,33.18,33.43,45232,0
2014-04-14,18:00:00,33.46,33.479,33.389,33.389,10200,0
2014-04-14,19:00:00,33.3499,33.39,33.3499,33.39,1603,0
2014-04-14,20:00:00,33.3401,33.3401,33.2365,33.2365,1471,0
2014-04-14,21:00:00,33.19,33.19,33.1863,33.1863,800,0
2014-04-14,22:00:00,33.02,33.25,32.96,33.23,23052,0
2014-04-15,16:00:00,33.41,33.479,33.41,33.479,3538,0
2014-04-15,17:00:00,33.17,33.17,33.03,33.03,5250,0
2014-04-15,18:00:00,32.97,33.01,32.8,32.8,10106,0
2014-04-15,19:00:00,32.7653,32.7653,32.61,32.62,10097,0
2014-04-15,20:00:00,32.68,32.981,32.67,32.981,5155,0
2014-04-15,21:00:00,32.9914,33.18,32.979,33.18,2245,0
2014-04-15,22:00:00,33.2729,33.29,33.2394,33.2394,1503,0
2014-04-16,16:00:00,33.5,33.54,33.46,33.54,1612,0
2014-04-16,17:00:00,33.5,33.5,33.4901,33.4901,1400,0
2014-04-16,18:00:00,33.44,33.452,33.44,33.452,975,0
2014-04-16,19:00:00,33.61,33.61,33.55,33.5502,1997,0
2014-04-16,20:00:00,33.49,33.49,33.4802,33.4802,2295,0
2014-04-16,21:00:00,33.5101,33.5998,33.45,33.5998,4315,0
2014-04-16,22:00:00,33.66,33.6644,33.642,33.654,846,0
2014-04-17,17:00:00,33.7065,33.9399,33.7065,33.83,2427,0
2014-04-17,18:00:00,33.87,33.87,33.814,33.82,2750,0
2014-04-17,19:00:00,33.77,33.772,33.74,33.74,10376,0
2014-04-17,20:00:00,33.9004,33.9004,33.87,33.87,522,0
2014-04-17,21:00:00,33.86,33.8938,33.86,33.88,1672,0
2014-04-17,22:00:00,33.88,33.88,33.848,33.848,1295,0
2014-04-21,16:00:00,33.8421,33.8421,33.84,33.84,1470,0
2014-04-21,19:00:00,33.87,33.9059,33.87,33.9059,1046,0
2014-04-21,20:00:00,33.88,33.9499,33.87,33.9317,5696,0
2014-04-21,21:00:00,33.97,34.02,33.97,34.02,1322,0
2014-04-21,22:00:00,33.994,34,33.99,34,1224,0
2014-04-22,16:00:00,34.2685,34.2685,34.2685,34.2685,100,0
2014-04-22,17:00:00,34.349,34.349,34.33,34.33,3295,0
2014-04-22,18:00:00,34.37,34.4299,34.35,34.4299,10789,0
2014-04-22,19:00:00,34.4457,34.4899,34.44,34.44,3159,0
2014-04-22,20:00:00,34.4655,34.492,34.455,34.4625,2699,0
2014-04-22,21:00:00,34.48,34.5,34.47,34.48,4500,0
2014-04-22,22:00:00,34.4001,34.4001,34.3901,34.3901,1510,0
2014-04-23,16:00:00,34.2402,34.25,34.2402,34.25,1612,0
2014-04-23,17:00:00,34.26,34.29,34.23,34.26,2283,0
2014-04-23,18:00:00,34.2763,34.2763,34.191,34.2315,2321,0
2014-04-23,19:00:00,34.21,34.21,34.2,34.2,700,0
2014-04-23,20:00:00,34.2149,34.2149,34.15,34.15,2358,0
2014-04-23,21:00:00,34.1223,34.14,34.1,34.133,6925,0
2014-04-23,22:00:00,34.13,34.15,34.12,34.12,1600,0
2014-04-24,16:00:00,34.83,34.83,33.93,34.0299,3471,0
2014-04-24,17:00:00,34.01,34.0401,33.98,33.99,3186,0
2014-04-24,18:00:00,34.0151,34.2115,34.0151,34.18,4228,0
2014-04-24,19:00:00,34.1453,34.15,34.1453,34.15,630,0
2014-04-24,20:00:00,34.2,34.2,34.0801,34.0801,745,0
2014-04-24,21:00:00,34.0699,34.07,34.048,34.07,2190,0
2014-04-24,22:00:00,34.1568,34.1568,34.11,34.11,5162,0
2014-04-25,16:00:00,33.844,33.844,33.844,33.844,208,0
2014-04-25,17:00:00,33.794,33.8716,33.6695,33.6695,6181,0
2014-04-25,18:00:00,33.59,33.76,33.59,33.76,31522,0
2014-04-25,19:00:00,33.76,33.76,33.736,33.736,3076,0
2014-04-25,20:00:00,33.6999,33.6999,33.62,33.62,846,0
2014-04-25,21:00:00,33.53,33.5404,33.53,33.54,2424,0
2014-04-25,22:00:00,33.6211,33.6211,33.6211,33.6211,150,0
2014-04-28,16:00:00,33.59,33.7065,33.566,33.7065,4176,0
2014-04-28,17:00:00,33.68,33.8799,33.68,33.76,3112,0
2014-04-28,18:00:00,33.4001,33.4001,33.4001,33.4001,302,0
2014-04-28,19:00:00,33.4361,33.4361,33.3501,33.3501,2599,0
2014-04-28,20:00:00,33.19,33.19,33.1501,33.19,2787,0
2014-04-28,21:00:00,33.21,33.44,33.21,33.44,1505,0
2014-04-28,22:00:00,33.6,33.6,33.6,33.6,100,0
2014-04-29,16:00:00,33.67,33.67,33.67,33.67,500,0
2014-04-29,17:00:00,33.61,33.67,33.5699,33.66,3006,0
2014-04-29,18:00:00,33.6399,33.64,33.6399,33.64,520,0
2014-04-29,19:00:00,33.83,33.85,33.83,33.83,1564,0
2014-04-29,21:00:00,33.84,33.84,33.8275,33.8275,2225,0
2014-04-29,22:00:00,33.8156,33.87,33.8156,33.87,526,0
2014-04-30,16:00:00,33.6894,33.712,33.6894,33.712,1032,0
2014-04-30,17:00:00,33.785,33.8394,33.785,33.8394,3168,0
2014-04-30,18:00:00,33.87,33.87,33.83,33.83,2206,0
2014-04-30,19:00:00,33.8699,33.8699,33.86,33.86,1316,0
2014-04-30,21:00:00,33.92,34.014,33.8688,34.014,3284,0
2014-04-30,22:00:00,33.9782,33.9782,33.9782,33.9782,284,0
2014-05-01,16:00:00,34.06,34.06,34.06,34.06,2421,0
2014-05-01,17:00:00,34.15,34.16,34.15,34.16,2900,0
2014-05-01,18:00:00,34.3098,34.31,34.3098,34.31,1000,0
2014-05-01,19:00:00,34.3484,34.3484,34.3484,34.3484,1512,0
2014-05-01,20:00:00,34.318,34.318,34.19,34.1933,2277,0
2014-05-01,21:00:00,34.24,34.24,34.1501,34.19,1973,0
2014-05-01,22:00:00,34.18,34.1826,34.18,34.1826,3590,0
2014-05-02,16:00:00,34.4299,34.5,34.3089,34.3207,1426,0
2014-05-02,17:00:00,34.37,34.427,34.2399,34.2399,1736,0
2014-05-02,18:00:00,34.3,34.31,34.2999,34.3099,1080,0
2014-05-02,19:00:00,34.3485,34.3485,34.3485,34.3485,1180,0
2014-05-02,20:00:00,34.24,34.24,34.24,34.24,1107,0
2014-05-02,21:00:00,34.243,34.25,34.243,34.25,1664,0
2014-05-02,22:00:00,34.2347,34.2347,34.2347,34.2347,504,0
2014-05-05,16:00:00,34.04,34.04,34.04,34.04,408,0
2014-05-05,17:00:00,34.07,34.11,34.07,34.11,19713,0
2014-05-05,18:00:00,34.29,34.33,34.29,34.31,1742,0
2014-05-05,19:00:00,34.29,34.3082,34.29,34.3082,500,0
2014-05-05,20:00:00,34.2601,34.27,34.2601,34.27,1835,0
2014-05-05,21:00:00,34.3,34.3,34.3,34.3,3000,0
2014-05-05,22:00:00,34.3476,34.3476,34.3476,34.3476,345,0
2014-05-06,16:00:00,34.34,34.34,34.242,34.253,382,0
2014-05-06,17:00:00,34.2899,34.323,34.2899,34.323,629,0
2014-05-06,18:00:00,34.2099,34.22,34.18,34.2,37954,0
2014-05-06,19:00:00,34.2202,34.2202,34.2199,34.2199,4552,0
2014-05-06,21:00:00,34.06,34.06,34.06,34.06,800,0
2014-05-06,22:00:00,34.0001,34.07,33.988,33.99,4887,0
2014-05-07,17:00:00,33.62,33.7601,33.62,33.76,4777,0
2014-05-07,18:00:00,33.62,33.8778,33.62,33.8778,797,0
2014-05-07,19:00:00,33.8406,33.87,33.78,33.7981,3182,0
2014-05-07,20:00:00,33.77,33.77,33.7414,33.7414,700,0
2014-05-07,21:00:00,33.763,33.763,33.763,33.763,200,0
2014-05-07,22:00:00,33.7799,33.7799,33.7799,33.7799,508,0
