Date,Time,Open,High,Low,Close,Volume,OpenInt
2014-02-10,16:00:00,25.872,25.92,25.635,25.92,17498,0
2014-02-10,17:00:00,25.88,25.93,25.55,25.81,52521,0
2014-02-10,18:00:00,25.78,25.84,25.56,25.75,61860,0
2014-02-10,19:00:00,25.75,25.94,25.6,25.6801,34954,0
2014-02-10,20:00:00,25.73,25.98,25.73,25.98,35450,0
2014-02-10,21:00:00,25.98,26.0693,25.82,25.82,140799,0
2014-02-10,22:00:00,25.81,26.03,25.8,26.03,280203,0
2014-02-11,16:00:00,25.81,26.289,25.81,26.07,6816,0
2014-02-11,17:00:00,26.12,26.24,25.93,26.18,56778,0
2014-02-11,18:00:00,26.2458,26.34,26.17,26.22,27648,0
2014-02-11,19:00:00,26.2,26.31,26.141,26.25,37830,0
2014-02-11,20:00:00,26.27,26.39,26.2,26.2,19550,0
2014-02-11,21:00:00,26.21,26.49,26.21,26.46,33250,0
2014-02-11,22:00:00,26.46,26.55,26.32,26.35,143945,0
2014-02-12,16:00:00,26.36,26.759,26.11,26.58,12073,0
2014-02-12,17:00:00,26.53,26.59,26.38,26.47,43545,0
2014-02-12,18:00:00,26.48,26.62,26.42,26.62,36509,0
2014-02-12,19:00:00,26.57,26.62,26.47,26.56,20926,0
2014-02-12,20:00:00,26.53,26.68,26.51,26.6,22633,0
2014-02-12,21:00:00,26.64,26.8279,26.58,26.745,40203,0
2014-02-12,22:00:00,26.75,26.78,26.66,26.71,104300,0
2014-02-13,16:00:00,26.56,26.9,26.47,26.81,16854,0
2014-02-13,17:00:00,26.76,27.18,26.75,27.12,38836,0
2014-02-13,18:00:00,27.124,27.34,27.03,27.34,51396,0
2014-02-13,19:00:00,27.291,27.75,27.26,27.71,70408,0
2014-02-13,20:00:00,27.67,28.1,27.64,28.1,65233,0
2014-02-13,21:00:00,28.09,28.47,27.97,28.47,112026,0
2014-02-13,22:00:00,28.47,28.665,28.4,28.6,272194,0
2014-02-14,16:00:00,28.44,28.44,28.09,28.35,45213,0
2014-02-14,17:00:00,28.41,28.64,28.29,28.5,46085,0
2014-02-14,18:00:00,28.51,28.6,28.39,28.505,46187,0
2014-02-14,19:00:00,28.535,28.56,28.352,28.37,40335,0
2014-02-14,20:00:00,28.375,28.42,28.26,28.3092,38991,0
2014-02-14,21:00:00,28.3,28.44,28.26,28.41,36472,0
2014-02-14,22:00:00,28.44,28.56,28.36,28.5,101278,0
2014-02-18,16:00:00,28.14,28.37,28.13,28.18,10041,0
2014-02-18,17:00:00,28.14,28.5375,28.05,28.43,17750,0
2014-02-18,18:00:00,28.42,28.7699,28.41,28.71,36490,0
2014-02-18,19:00:00,28.695,28.75,28.54,28.59,26724,0
2014-02-18,20:00:00,28.59,28.59,28.32,28.33,15421,0
2014-02-18,21:00:00,28.33,28.53,28.26,28.5,28975,0
2014-02-18,22:00:00,28.5,28.73,28.49,28.66,74780,0
2014-02-19,16:00:00,28.65,28.65,28.46,28.46,5726,0
2014-02-19,17:00:00,28.5,28.58,28.36,28.55,11900,0
2014-02-19,18:00:00,28.52,28.59,28.36,28.48,20610,0
2014-02-19,19:00:00,28.435,28.49,28.18,28.33,17998,0
2014-02-19,20:00:00,28.29,28.52,28.26,28.41,10800,0
2014-02-19,21:00:00,28.39,28.44,28.23,28.31,18400,0
2014-02-19,22:00:00,28.32,28.35,28.08,28.09,80597,0
2014-02-20,16:00:00,28.13,28.3,28.04,28.3,10604,0
2014-02-20,17:00:00,28.23,28.34,28.03,28.26,24214,0
2014-02-20,18:00:00,28.28,28.51,28.26,28.422,30736,0
2014-02-20,19:00:00,28.41,28.49,28.34,28.4,9495,0
2014-02-20,20:00:00,28.43,28.48,28.35,28.37,12288,0
2014-02-20,21:00:00,28.37,28.42,28.33,28.39,26000,0
2014-02-20,22:00:00,28.4,28.49,28.36,28.4,104350,0
2014-02-21,16:00:00,28.79,28.79,27.91,28.53,5850,0
2014-02-21,17:00:00,28.54,28.59,28.31,28.47,32494,0
2014-02-21,18:00:00,28.469,28.615,28.25,28.535,21655,0
2014-02-21,19:00:00,28.49,28.6,28.4,28.5,25614,0
2014-02-21,20:00:00,28.51,28.56,28.4,28.44,23063,0
2014-02-21,21:00:00,28.4499,28.5599,28.33,28.55,30072,0
2014-02-21,22:00:00,28.51,28.72,28.49,28.66,101385,0
2014-02-24,16:00:00,28.72,28.91,28.66,28.725,9600,0
2014-02-24,17:00:00,28.75,29.21,28.74,29.15,33073,0
2014-02-24,18:00:00,29.15,29.16,28.97,29.08,40058,0
2014-02-24,19:00:00,29.07,29.18,28.9,29.18,27697,0
2014-02-24,20:00:00,29.15,29.2,29.09,29.12,12861,0
2014-02-24,21:00:00,29.16,29.44,29.12,29.44,41228,0
2014-02-24,22:00:00,29.44,29.6,29.275,29.5,171947,0
2014-02-25,16:00:00,29.44,29.74,29.44,29.65,27748,0
2014-02-25,17:00:00,29.65,29.95,29.575,29.72,43495,0
2014-02-25,18:00:00,29.74,29.82,29.54,29.65,23331,0
2014-02-25,19:00:00,29.64,29.76,29.61,29.7,51796,0
2014-02-25,20:00:00,29.715,30,29.68,29.91,61045,0
2014-02-25,21:00:00,29.95,30.08,29.95,30.05,51527,0
2014-02-25,22:00:00,30.05,30.185,29.99,30.14,91334,0
2014-02-26,16:00:00,29.86,30.2158,29.79,29.9,26659,0
2014-02-26,17:00:00,29.93,30.5781,29.93,30.25,25953,0
2014-02-26,18:00:00,30.25,30.4,30.09,30.16,29800,0
2014-02-26,19:00:00,30.12,30.21,29.79,30.04,59291,0
2014-02-26,20:00:00,30.04,30.08,29.98,29.98,17751,0
2014-02-26,21:00:00,29.97,29.99,29.67,29.9,26635,0
2014-02-26,22:00:00,29.85,29.9,29.65,29.82,68805,0
2014-02-27,16:00:00,29.72,30.1,29.71,29.95,9542,0
2014-02-27,17:00:00,30,30,29.574,29.94,20336,0
2014-02-27,18:00:00,29.94,30.25,29.81,30.25,50796,0
2014-02-27,19:00:00,30.25,30.31,30.11,30.21,16687,0
2014-02-27,20:00:00,30.132,30.35,30.13,30.26,14012,0
2014-02-27,21:00:00,30.25,30.44,30.17,30.25,32676,0
2014-02-27,22:00:00,30.23,30.45,30.23,30.4,66154,0
2014-02-28,16:00:00,30.14,30.7,30.12,30.65,5304,0
2014-02-28,17:00:00,30.65,30.98,30.62,30.62,20667,0
2014-02-28,18:00:00,30.59,30.67,30.45,30.63,11900,0
2014-02-28,19:00:00,30.66,30.66,30.45,30.48,11500,0
2014-02-28,20:00:00,30.46,30.75,30.46,30.68,11688,0
2014-02-28,21:00:00,30.642,30.79,30.61,30.76,22209,0
2014-02-28,22:00:00,30.71,30.73,30.46,30.57,62218,0
2014-03-03,16:00:00,30.4081,30.4081,29.73,29.88,10854,0
2014-03-03,17:00:00,29.91,29.94,29.48,29.68,25533,0
2014-03-03,18:00:00,29.73,29.8,29.3901,29.535,38089,0
2014-03-03,19:00:00,29.51,29.69,29.48,29.57,14500,0
2014-03-03,20:00:00,29.6,29.69,29.57,29.66,16501,0
2014-03-03,21:00:00,29.6,29.7,29.55,29.61,17649,0
2014-03-03,22:00:00,29.61,29.71,29.54,29.71,49941,0
2014-03-04,16:00:00,30.47,30.81,30.285,30.68,16871,0
2014-03-04,17:00:00,30.79,31.04,30.72,31.04,39454,0
2014-03-04,18:00:00,31.06,31.06,30.85,31.02,22583,0
2014-03-04,19:00:00,30.97,31.28,30.96,31.04,34374,0
2014-03-04,20:00:00,31.05,31.05,30.6,30.64,16104,0
2014-03-04,21:00:00,30.57,30.76,30.47,30.72,15537,0
2014-03-04,22:00:00,30.77,31.11,30.72,30.96,97299,0
2014-03-05,16:00:00,30.82,30.9,30.3703,30.43,7486,0
2014-03-05,17:00:00,30.48,30.72,30.437,30.51,10800,0
2014-03-05,18:00:00,30.51,30.83,30.38,30.771,30106,0
2014-03-05,19:00:00,30.71,30.8,30.578,30.63,6850,0
2014-03-05,20:00:00,30.64,30.68,30.31,30.435,16084,0
2014-03-05,21:00:00,30.54,30.54,30.31,30.31,11828,0
2014-03-05,22:00:00,30.31,30.57,30.275,30.53,49278,0
2014-03-06,16:00:00,30.52,30.73,30.52,30.54,2955,0
2014-03-06,17:00:00,30.565,30.62,30.31,30.45,13647,0
2014-03-06,18:00:00,30.45,30.72,30.41,30.68,21110,0
2014-03-06,19:00:00,30.72,30.72,30.52,30.58,9690,0
2014-03-06,20:00:00,30.6,30.69,30.5,30.51,7100,0
2014-03-06,21:00:00,30.45,30.77,30.38,30.77,16187,0
2014-03-06,22:00:00,30.76,30.88,30.66,30.84,46430,0
2014-03-07,16:00:00,31.2,31.2,30.59,30.85,8300,0
2014-03-07,17:00:00,30.81,31.24,30.795,31.19,36626,0
2014-03-07,18:00:00,31.19,31.19,30.85,30.99,19106,0
2014-03-07,19:00:00,30.99,31.4,30.79,31.25,28543,0
2014-03-07,20:00:00,31.2,31.2,30.77,30.85,12840,0
2014-03-07,21:00:00,30.84,30.95,30.7,30.9,18536,0
2014-03-07,22:00:00,30.93,31.34,30.88,31.3,72140,0
2014-03-10,15:00:00,31.26,31.29,30.97,31.2,5942,0
2014-03-10,16:00:00,31.16,31.44,31,31.41,43759,0
2014-03-10,17:00:00,31.44,31.68,31.38,31.46,15148,0
2014-03-10,18:00:00,31.45,31.5,30.85,31.1,34287,0
2014-03-10,19:00:00,31.09,31.15,30.85,30.88,14992,0
2014-03-10,20:00:00,30.89,31.03,30.81,31.03,8800,0
2014-03-10,21:00:00,30.99,31.19,30.94,31.12,56574,0
2014-03-11,15:00:00,31.14,31.17,30.79,31.01,6493,0
2014-03-11,16:00:00,31.01,31.38,30.91,31.26,34945,0
2014-03-11,17:00:00,31.155,31.2199,30.59,30.77,17470,0
2014-03-11,18:00:00,30.7,30.72,30.34,30.55,21500,0
2014-03-11,19:00:00,30.496,30.57,30.4,30.5,16100,0
2014-03-11,20:00:00,30.49,30.505,30.08,30.08,32412,0
2014-03-11,21:00:00,30.02,30.09,29.922,29.922,145204,0
2014-03-12,15:00:00,30.384,30.392,29.8,30,12462,0
2014-03-12,16:00:00,30.02,30.09,29.78,30,44471,0
2014-03-12,17:00:00,30,30.06,29.87,29.95,33122,0
2014-03-12,18:00:00,29.99,30.2,29.94,29.97,31999,0
2014-03-12,19:00:00,30,30.05,29.45,29.5,33281,0
2014-03-12,20:00:00,29.51,29.89,29.49,29.87,26180,0
2014-03-12,21:00:00,29.87,30,29.834,29.88,56313,0
2014-03-13,15:00:00,30.04,30.04,29.51,29.52,10356,0
2014-03-13,16:00:00,29.585,29.86,29.481,29.74,36810,0
2014-03-13,17:00:00,29.81,30.13,29.8,29.8,15325,0
2014-03-13,18:00:00,29.86,29.9,29.39,29.65,29698,0
2014-03-13,19:00:00,29.6,29.78,29.47,29.55,21529,0
2014-03-13,20:00:00,29.62,29.635,29.33,29.41,23534,0
2014-03-13,21:00:00,29.41,29.59,29.36,29.52,58562,0
2014-03-14,15:00:00,29.38,29.81,29.12,29.41,8742,0
2014-03-14,16:00:00,29.57,29.99,29.57,29.78,38980,0
2014-03-14,17:00:00,29.73,29.86,29.56,29.73,68274,0
2014-03-14,18:00:00,29.76,29.76,29.38,29.59,21300,0
2014-03-14,19:00:00,29.54,29.61,29.39,29.4702,16335,0
2014-03-14,20:00:00,29.51,29.63,29.5,29.53,15138,0
2014-03-14,21:00:00,29.546,29.64,29.4,29.45,72167,0
2014-03-17,15:00:00,29.9,30.06,29.78,29.94,26307,0
2014-03-17,16:00:00,29.92,30.58,29.92,30.34,28299,0
2014-03-17,17:00:00,30.28,30.34,29.72,29.78,14571,0
2014-03-17,18:00:00,29.83,30.1,29.79,29.96,18902,0
2014-03-17,19:00:00,29.96,30.08,29.72,29.77,66152,0
2014-03-17,20:00:00,29.79,29.8,29.68,29.72,17000,0
2014-03-17,21:00:00,29.71,29.93,29.71,29.86,63287,0
2014-03-18,15:00:00,29.8301,30.09,29.83,30.09,5200,0
2014-03-18,16:00:00,30.22,30.62,30.16,30.57,19560,0
2014-03-18,17:00:00,30.49,31.08,30.45,30.795,37162,0
2014-03-18,18:00:00,30.86,30.99,30.7124,30.89,24835,0
2014-03-18,19:00:00,30.85,31.14,30.82,31.04,18350,0
2014-03-18,20:00:00,31.04,31.14,31,31.07,14866,0
2014-03-18,21:00:00,31.07,31.3,31.03,31.24,97388,0
2014-03-19,15:00:00,31.22,31.82,30.92,31.07,6687,0
2014-03-19,16:00:00,31.13,31.13,30.75,30.81,31525,0
2014-03-19,17:00:00,30.87,30.87,30.51,30.53,54550,0
2014-03-19,18:00:00,30.52,30.62,30.35,30.35,72506,0
2014-03-19,19:00:00,30.38,30.57,30.31,30.53,98362,0
2014-03-19,20:00:00,30.43,30.49,30.13,30.35,28503,0
2014-03-19,21:00:00,30.36,30.69,30.05,30.39,73873,0
2014-03-20,15:00:00,31.81,31.81,30.24,30.42,16160,0
2014-03-20,16:00:00,30.4,30.53,30.26,30.41,26701,0
2014-03-20,17:00:00,30.4,30.47,30.05,30.16,45433,0
2014-03-20,18:00:00,30.22,30.3764,30.13,30.3,7265,0
2014-03-20,19:00:00,30.27,30.38,29.97,30.12,73175,0
2014-03-20,20:00:00,30.13,30.2,29.73,29.76,48295,0
2014-03-20,21:00:00,29.81,29.92,29.66,29.91,75577,0
2014-03-21,15:00:00,29.63,30.15,29.63,29.93,16721,0
2014-03-21,16:00:00,29.99,30.08,29.87,29.972,31047,0
2014-03-21,17:00:00,30.03,30.04,29.922,30,19165,0
2014-03-21,18:00:00,30.01,30.04,29.89,29.969,16406,0
2014-03-21,19:00:00,30,30,29.59,29.65,39201,0
2014-03-21,20:00:00,29.63,29.85,29.45,29.5,32252,0
2014-03-21,21:00:00,29.54,29.71,29.47,29.59,79522,0
2014-03-24,15:00:00,29.51,30.31,29.51,30.18,22811,0
2014-03-24,16:00:00,30.12,30.36,29.98,30.165,66628,0
2014-03-24,17:00:00,30.15,30.1899,29.98,30.16,20732,0
2014-03-24,18:00:00,30.16,30.29,30.06,30.29,25500,0
2014-03-24,19:00:00,30.295,30.329,30.002,30.01,62707,0
2014-03-24,20:00:00,30.05,30.182,29.89,30.03,29587,0
2014-03-24,21:00:00,30.03,30.4,30,30.21,78068,0
2014-03-25,15:00:00,30.78,30.82,30.62,30.68,5040,0
2014-03-25,16:00:00,30.65,30.87,30.63,30.75,45429,0
2014-03-25,17:00:00,30.74,30.8,30.501,30.55,10120,0
2014-03-25,18:00:00,30.57,30.58,30.39,30.45,8464,0
2014-03-25,19:00:00,30.41,30.45,30.33,30.3301,11940,0
2014-03-25,20:00:00,30.4,30.46,30.2,30.21,12262,0
2014-03-25,21:00:00,30.18,30.31,30.16,30.28,29251,0
2014-03-26,15:00:00,30.45,30.71,30.28,30.29,16324,0
2014-03-26,16:00:00,30.3,30.44,30.12,30.23,13300,0
2014-03-26,17:00:00,30.2,30.45,30.18,30.205,64309,0
2014-03-26,18:00:00,30.2,30.3,30.07,30.2,5643,0
2014-03-26,19:00:00,30.16,30.23,29.89,30.16,17140,0
2014-03-26,20:00:00,30.11,30.26,30.03,30.14,19212,0
2014-03-26,21:00:00,30.22,30.22,29.71,29.74,53308,0
2014-03-27,15:00:00,29.57,29.64,29.281,29.37,18694,0
2014-03-27,16:00:00,29.32,29.48,29.2,29.22,23600,0
2014-03-27,17:00:00,29.23,29.5975,29.2,29.34,31165,0
2014-03-27,18:00:00,29.38,29.5,29.335,29.46,11700,0
2014-03-27,19:00:00,29.46,29.69,29.41,29.54,42626,0
2014-03-27,20:00:00,29.5,29.62,29.31,29.4,27311,0
2014-03-27,21:00:00,29.39,29.39,29.23,29.29,57205,0
2014-03-28,15:00:00,29.36,29.76,29.36,29.595,14879,0
2014-03-28,16:00:00,29.61,29.87,29.51,29.7,53148,0
2014-03-28,17:00:00,29.66,29.82,29.46,29.55,23587,0
2014-03-28,18:00:00,29.55,29.55,29.34,29.34,12800,0
2014-03-28,19:00:00,29.29,29.29,29.06,29.08,14500,0
2014-03-28,20:00:00,29.1,29.14,28.7,29.05,83966,0
2014-03-28,21:00:00,29.05,29.32,29,29.29,84589,0
2014-03-31,16:00:00,29.2801,29.43,29.255,29.29,8727,0
2014-03-31,17:00:00,29.265,29.47,29.25,29.39,22138,0
2014-03-31,18:00:00,29.455,29.48,29.31,29.34,21040,0
2014-03-31,19:00:00,29.42,29.72,29.41,29.65,13400,0
2014-03-31,20:00:00,29.67,29.7,29.61,29.61,16400,0
2014-03-31,21:00:00,29.57,29.69,29.5,29.63,15844,0
2014-03-31,22:00:00,29.63,29.96,29.49,29.51,107696,0
2014-04-01,16:00:00,29.63,30.04,29.63,29.7,38400,0
2014-04-01,17:00:00,29.75,29.75,29.26,29.3,26442,0
2014-04-01,18:00:00,29.32,29.36,29.14,29.2,13645,0
2014-04-01,19:00:00,29.198,29.37,29.14,29.23,14579,0
2014-04-01,20:00:00,29.27,29.35,29.035,29.25,36712,0
2014-04-01,21:00:00,29.24,29.54,29.16,29.49,24861,0
2014-04-01,22:00:00,29.53,29.55,29.31,29.37,62125,0
2014-04-02,16:00:00,29.042,29.15,28.66,28.75,115507,0
2014-04-02,17:00:00,28.76,28.91,28.71,28.71,44673,0
2014-04-02,18:00:00,28.75,28.9,28.63,28.8,52337,0
2014-04-02,19:00:00,28.82,28.89,28.755,28.76,64084,0
2014-04-02,20:00:00,28.82,28.91,28.53,28.725,32553,0
2014-04-02,21:00:00,28.79,28.9,28.6,28.8,52901,0
2014-04-02,22:00:00,28.79,28.82,28.64,28.74,161707,0
2014-04-03,16:00:00,28.8,28.8,28.39,28.62,13500,0
2014-04-03,17:00:00,28.62,28.7,28.25,28.29,57898,0
2014-04-03,18:00:00,28.3,28.41,27.97,28.33,66985,0
2014-04-03,19:00:00,28.34,28.59,27.95,28.16,52752,0
2014-04-03,20:00:00,28.13,28.39,28.115,28.15,24632,0
2014-04-03,21:00:00,28.12,28.26,27.06,27.73,136105,0
2014-04-03,22:00:00,27.75,28,27.67,27.86,118406,0
2014-04-04,16:00:00,27.84,28.33,27.67,27.72,9500,0
2014-04-04,17:00:00,27.67,28.03,27.67,27.97,24002,0
2014-04-04,18:00:00,27.99,28.02,27.32,27.44,26399,0
2014-04-04,19:00:00,27.44,27.53,27.2,27.35,48859,0
2014-04-04,20:00:00,27.35,27.525,27.16,27.37,90025,0
2014-04-04,21:00:00,27.47,27.58,27.38,27.5,33375,0
2014-04-04,22:00:00,27.51,27.71,27.46,27.54,122810,0
2014-04-07,16:00:00,27.47,27.729,26.95,27.7,72802,0
2014-04-07,17:00:00,27.7891,27.7891,27.33,27.48,36530,0
2014-04-07,18:00:00,27.43,27.59,27.3,27.41,27565,0
2014-04-07,19:00:00,27.4,27.69,27.35,27.67,24801,0
2014-04-07,20:00:00,27.62,27.7,27.41,27.46,22800,0
2014-04-07,21:00:00,27.48,27.62,27.32,27.46,42896,0
2014-04-07,22:00:00,27.47,27.71,27.24,27.37,97960,0
2014-04-08,16:00:00,27.5,27.72,27.5,27.52,8600,0
2014-04-08,17:00:00,27.46,27.71,27.4,27.52,49007,0
2014-04-08,18:00:00,27.51,27.88,27.34,27.88,49156,0
2014-04-08,19:00:00,27.85,28.11,27.72,28.11,17249,0
2014-04-08,20:00:00,28.15,28.41,28.08,28.28,18850,0
2014-04-08,21:00:00,28.31,28.36,28.1,28.36,19423,0
2014-04-08,22:00:00,28.38,28.46,28.25,28.34,85612,0
2014-04-09,16:00:00,28.51,28.77,28.15,28.65,16011,0
2014-04-09,17:00:00,28.56,28.57,28.32,28.34,29965,0
2014-04-09,18:00:00,28.28,28.48,28.24,28.44,23687,0
2014-04-09,19:00:00,28.45,28.53,28.32,28.4,27900,0
2014-04-09,20:00:00,28.41,28.62,28.39,28.57,24837,0
2014-04-09,21:00:00,28.57,28.74,28.42,28.48,28378,0
2014-04-09,22:00:00,28.44,28.61,28.43,28.55,59241,0
2014-04-10,16:00:00,28.61,28.736,28.49,28.51,25131,0
2014-04-10,17:00:00,28.42,28.59,28.081,28.119,17305,0
2014-04-10,18:00:00,28.051,28.11,27.75,27.83,19825,0
2014-04-10,19:00:00,27.78,28.06,27.78,27.99,21300,0
2014-04-10,20:00:00,27.98,28.075,27.956,28.01,19984,0
2014-04-10,21:00:00,27.98,28.1,27.82,28.05,26407,0
2014-04-10,22:00:00,28.05,28.05,27.86,27.93,72018,0
2014-04-11,16:00:00,27.424,27.84,27.424,27.48,6800,0
2014-04-11,17:00:00,27.48,27.74,27.4,27.72,26418,0
2014-04-11,18:00:00,27.68,27.73,27.39,27.43,14915,0
2014-04-11,19:00:00,27.42,27.52,27.28,27.41,28000,0
2014-04-11,20:00:00,27.34,27.49,27.27,27.33,15115,0
2014-04-11,21:00:00,27.33,27.46,27.27,27.38,30263,0
2014-04-11,22:00:00,27.4,27.41,27.27,27.3,82071,0
2014-04-14,16:00:00,27.59,27.87,27.55,27.68,13430,0
2014-04-14,17:00:00,27.65,27.78,27.45,27.74,14743,0
2014-04-14,18:00:00,27.79,27.79,27.55,27.55,9500,0
2014-04-14,19:00:00,27.6,27.82,27.56,27.79,17582,0
2014-04-14,20:00:00,27.79,27.85,27.72,27.76,21234,0
2014-04-14,21:00:00,27.8,27.8,27.5,27.72,19134,0
2014-04-14,22:00:00,27.67,27.89,27.54,27.83,48674,0
2014-04-15,16:00:00,28.182,28.45,27.806,28.265,15564,0
2014-04-15,17:00:00,28.29,28.3,27.522,27.72,29487,0
2014-04-15,18:00:00,27.58,27.695,27.45,27.56,21009,0
2014-04-15,19:00:00,27.58,27.615,27.3,27.4,29425,0
2014-04-15,20:00:00,27.39,27.49,27.25,27.49,39725,0
2014-04-15,21:00:00,27.56,27.97,27.54,27.92,12000,0
2014-04-15,22:00:00,27.9,28.1,27.8,27.84,40090,0
2014-04-16,16:00:00,27.81,28.243,27.785,28.14,88640,0
2014-04-16,17:00:00,28.14,28.2775,27.73,27.9,24482,0
2014-04-16,18:00:00,27.85,27.975,27.7,27.7725,22972,0
2014-04-16,19:00:00,27.79,27.82,27.62,27.64,78879,0
2014-04-16,20:00:00,27.62,27.75,27.54,27.75,97397,0
2014-04-16,21:00:00,27.75,27.85,27.64,27.8,37594,0
2014-04-16,22:00:00,27.79,27.9,27.74,27.87,98962,0
2014-04-17,16:00:00,27.88,28.4,27.88,28.09,16742,0
2014-04-17,17:00:00,28.091,28.28,27.96,28.13,37080,0
2014-04-17,18:00:00,28.17,28.55,28.17,28.55,22158,0
2014-04-17,19:00:00,28.58,28.696,28.32,28.36,85836,0
2014-04-17,20:00:00,28.37,28.51,28.24,28.422,12850,0
2014-04-17,21:00:00,28.41,28.56,28.41,28.44,44168,0
2014-04-17,22:00:00,28.44,28.44,28.07,28.2,58860,0
2014-04-21,16:00:00,28.17,28.4,28.13,28.35,16502,0
2014-04-21,17:00:00,28.34,28.35,27.99,27.99,52246,0
2014-04-21,18:00:00,28.07,28.16,28.03,28.1,11817,0
2014-04-21,19:00:00,28.1,28.22,28.03,28.08,23378,0
2014-04-21,20:00:00,28.09,28.23,28.05,28.06,10300,0
2014-04-21,21:00:00,28.1,28.17,27.93,27.94,21052,0
2014-04-21,22:00:00,27.94,28.11,27.8,28.1,50529,0
2014-04-22,16:00:00,28.19,28.3,28.08,28.22,15387,0
2014-04-22,17:00:00,28.25,28.48,28.25,28.44,21682,0
2014-04-22,18:00:00,28.44,28.69,28.37,28.69,20882,0
2014-04-22,19:00:00,28.71,28.96,28.71,28.96,8600,0
2014-04-22,20:00:00,28.93,28.97,28.48,28.6,109289,0
2014-04-22,21:00:00,28.595,28.66,28.1,28.18,108822,0
2014-04-22,22:00:00,28.15,28.51,28.04,28.44,111122,0
2014-04-23,16:00:00,31.94,33.3,31.005,31.3,261749,0
2014-04-23,17:00:00,31.29,32.26,31.29,32.02,197804,0
2014-04-23,18:00:00,32,32.01,31.29,31.68,169382,0
2014-04-23,19:00:00,31.6,32.12,31.28,31.92,91132,0
2014-04-23,20:00:00,31.9465,32.14,31.51,31.67,67053,0
2014-04-23,21:00:00,31.63,31.745,31.31,31.38,98190,0
2014-04-23,22:00:00,31.38,32.24,31.33,31.83,314362,0
2014-04-24,16:00:00,31.83,32.11,31.4,31.67,18997,0
2014-04-24,17:00:00,31.679,32.2,31.5,32.0805,55565,0
2014-04-24,18:00:00,32.16,32.57,32.05,32.5,56625,0
2014-04-24,19:00:00,32.56,35.79,32.55,34.97,948552,0
2014-04-24,20:00:00,35,35.49,34.86,35.1,265452,0
2014-04-24,21:00:00,35.05,35.77,34.89,35.1901,401296,0
2014-04-24,22:00:00,35.2,36.25,35.11,36,677350,0
2014-04-25,16:00:00,36,36.1799,34.8322,35.01,109031,0
2014-04-25,17:00:00,35,35.57,34.9,35.045,93715,0
2014-04-25,18:00:00,35.02,35.17,34.9,35.04,140330,0
2014-04-25,19:00:00,35.03,35.1,34.98,35.0135,50817,0
2014-04-25,20:00:00,35.01,35.1,34.47,34.685,83154,0
2014-04-25,21:00:00,34.63,35.09,34.63,34.982,50610,0
2014-04-25,22:00:00,34.9999,35.7499,34.99,35.6897,127855,0
2014-04-28,16:00:00,34.83,36.019,34.83,36.019,14463,0
2014-04-28,17:00:00,35.965,36.35,35.92,36.2716,86579,0
2014-04-28,18:00:00,36.25,36.29,35.74,35.85,35477,0
2014-04-28,19:00:00,35.85,36.09,35.7,36.08,51384,0
2014-04-28,20:00:00,36.06,36.14,35.79,35.89,70565,0
2014-04-28,21:00:00,35.88,36.32,35.75,36.115,63090,0
2014-04-28,22:00:00,36.06,36.21,35.96,36.14,304989,0
2014-04-29,16:00:00,36.39,37.195,36.144,37.13,78176,0
2014-04-29,17:00:00,37.11,37.25,36.97,37.11,67238,0
2014-04-29,18:00:00,37.11,37.2,36.97,37.08,52030,0
2014-04-29,19:00:00,37.075,37.2,37,37.09,42079,0
2014-04-29,20:00:00,37.1,37.1,36.93,37.1,50937,0
2014-04-29,21:00:00,37.1,37.18,37.01,37.01,38225,0
2014-04-29,22:00:00,37.08,37.22,36.98,37.21,150609,0
2014-04-30,16:00:00,37.16,37.69,36.91,37.68,57593,0
2014-04-30,17:00:00,37.56,37.645,36.924,37.05,33324,0
2014-04-30,18:00:00,37.05,37.14,36.856,37.06,18878,0
2014-04-30,19:00:00,37.1,37.15,36.995,37.05,9350,0
2014-04-30,20:00:00,37.05,37.21,37.04,37.1465,10691,0
2014-04-30,21:00:00,37.08,37.45,36.93,37.39,20859,0
2014-04-30,22:00:00,37.35,37.4,36.67,36.74,120777,0
2014-05-01,16:00:00,36.56,36.85,36.16,36.18,45900,0
2014-05-01,17:00:00,36.19,36.5,36,36.1,41620,0
2014-05-01,18:00:00,36.11,36.54,36,36.49,17860,0
2014-05-01,19:00:00,36.49,36.88,36.49,36.66,35891,0
2014-05-01,20:00:00,36.7,36.7995,36.01,36.0999,28183,0
2014-05-01,21:00:00,36.055,36.23,35.97,36.05,56560,0
2014-05-01,22:00:00,36.15,36.41,36,36.41,50268,0
2014-05-02,16:00:00,36.34,36.51,36.2,36.2,9334,0
2014-05-02,17:00:00,36.28,36.42,36.02,36.08,36183,0
2014-05-02,18:00:00,36.07,36.16,36.02,36.09,22818,0
2014-05-02,19:00:00,36.09,36.18,35.95,36.01,20914,0
2014-05-02,20:00:00,35.97,36.13,35.94,36.07,24871,0
2014-05-02,21:00:00,36.06,36.21,36.06,36.13,14691,0
2014-05-02,22:00:00,36.06,36.31,36.03,36.24,74347,0
2014-05-05,16:00:00,36.34,36.34,35.8,35.99,10632,0
2014-05-05,17:00:00,36.08,36.37,35.91,36.21,14822,0
2014-05-05,18:00:00,36.25,36.35,36.21,36.26,9992,0
2014-05-05,19:00:00,36.23,36.37,36.13,36.17,40474,0
2014-05-05,20:00:00,36.19,36.21,35.92,36,11008,0
2014-05-05,21:00:00,35.94,36.13,35.86,35.98,14033,0
2014-05-05,22:00:00,35.98,35.98,35.72,35.74,58540,0
2014-05-06,16:00:00,35.47,36.0496,35.3601,35.58,13554,0
2014-05-06,17:00:00,35.575,35.87,35.53,35.66,25095,0
2014-05-06,18:00:00,35.64,35.7,35.24,35.28,58090,0
2014-05-06,19:00:00,35.31,35.36,35.1,35.14,20096,0
2014-05-06,20:00:00,35.12,35.17,34.67,34.67,59951,0
2014-05-06,21:00:00,34.68,35.07,34.56,35,51739,0
2014-05-06,22:00:00,35,35.05,34.62,34.72,160765,0
2014-05-07,16:00:00,34.9,35.18,34.25,34.25,18608,0
2014-05-07,17:00:00,34.25,34.64,34.18,34.45,53905,0
2014-05-07,18:00:00,34.31,34.48,34.08,34.3,28356,0
2014-05-07,19:00:00,34.24,34.28,34.03,34.14,17742,0
2014-05-07,20:00:00,34.07,34.28,33.94,34.24,26181,0
2014-05-07,21:00:00,34.18,34.46,34.08,34.175,40886,0
2014-05-07,22:00:00,34.21,34.947,34.03,34.83,100155,0
