Date,Time,Open,High,Low,Close,Volume,OpenInt
2014-02-10,16:00:00,8.74,8.89,8.74,8.825,48122,0
2014-02-10,17:00:00,8.8101,8.85,8.785,8.83,96899,0
2014-02-10,18:00:00,8.83,8.87,8.8,8.87,80242,0
2014-02-10,19:00:00,8.8665,8.88,8.82,8.83,45196,0
2014-02-10,20:00:00,8.815,8.83,8.8,8.8201,25396,0
2014-02-10,21:00:00,8.83,8.83,8.76,8.76,115332,0
2014-02-10,22:00:00,8.77,8.82,8.77,8.77,312589,0
2014-02-11,16:00:00,8.77,8.9,8.77,8.82,80308,0
2014-02-11,17:00:00,8.81,8.88,8.8,8.82,87519,0
2014-02-11,18:00:00,8.82,8.88,8.78,8.88,62296,0
2014-02-11,19:00:00,8.88,8.88,8.84,8.85,63700,0
2014-02-11,20:00:00,8.86,8.87,8.85,8.8684,16438,0
2014-02-11,21:00:00,8.86,8.9,8.86,8.9,40779,0
2014-02-11,22:00:00,8.9,8.9,8.83,8.84,237079,0
2014-02-12,16:00:00,8.82,9.04,8.82,9.02,71903,0
2014-02-12,17:00:00,9.02,9.04,8.88,8.93,166707,0
2014-02-12,18:00:00,8.92,8.94,8.845,8.885,63742,0
2014-02-12,19:00:00,8.9,8.94,8.895,8.91,44516,0
2014-02-12,20:00:00,8.901,8.925,8.89,8.9,53563,0
2014-02-12,21:00:00,8.895,8.9,8.87,8.88,32458,0
2014-02-12,22:00:00,8.875,8.91,8.87,8.88,146849,0
2014-02-13,16:00:00,8.83,8.9045,8.75,8.88,109796,0
2014-02-13,17:00:00,8.87,9.03,8.865,8.98,85428,0
2014-02-13,18:00:00,8.98,9.03,8.96,8.965,51321,0
2014-02-13,19:00:00,8.96,8.98,8.93,8.94,52052,0
2014-02-13,20:00:00,8.93,8.99,8.92,8.98,71598,0
2014-02-13,21:00:00,8.98,8.9941,8.92,8.95,50353,0
2014-02-13,22:00:00,8.95,8.96,8.93,8.95,277956,0
2014-02-14,16:00:00,8.97,8.99,8.82,8.87,57191,0
2014-02-14,17:00:00,8.86,8.921,8.81,8.89,63831,0
2014-02-14,18:00:00,8.88,8.98,8.86,8.97,50282,0
2014-02-14,19:00:00,8.98,8.99,8.9301,8.985,65930,0
2014-02-14,20:00:00,8.99,9,8.98,8.992,28024,0
2014-02-14,21:00:00,8.995,9.075,8.99,9.07,116122,0
2014-02-14,22:00:00,9.07,9.12,9.05,9.11,179164,0
2014-02-18,16:00:00,8.9449,9.14,8.9449,9.06,116685,0
2014-02-18,17:00:00,9.05,9.19,9.04,9.19,110208,0
2014-02-18,18:00:00,9.19,9.35,9.182,9.31,146421,0
2014-02-18,19:00:00,9.32,9.33,9.28,9.3,64349,0
2014-02-18,20:00:00,9.3,9.31,9.27,9.28,64712,0
2014-02-18,21:00:00,9.275,9.35,9.27,9.35,132819,0
2014-02-18,22:00:00,9.35,9.36,9.32,9.32,338440,0
2014-02-19,16:00:00,9.25,9.3825,9.2,9.36,49281,0
2014-02-19,17:00:00,9.36,9.36,9.27,9.3,95374,0
2014-02-19,18:00:00,9.31,9.32,9.24,9.24,54274,0
2014-02-19,19:00:00,9.23,9.279,9.16,9.17,53706,0
2014-02-19,20:00:00,9.16,9.19,9.13,9.16,36534,0
2014-02-19,21:00:00,9.16,9.19,9.13,9.15,60967,0
2014-02-19,22:00:00,9.14,9.14,9.035,9.07,258821,0
2014-02-20,16:00:00,9.07,9.33,9.07,9.29,115965,0
2014-02-20,17:00:00,9.28,9.39,9.24,9.38,156722,0
2014-02-20,18:00:00,9.375,9.39,9.304,9.304,63110,0
2014-02-20,19:00:00,9.31,9.38,9.31,9.37,60150,0
2014-02-20,20:00:00,9.37,9.38,9.32,9.32,55359,0
2014-02-20,21:00:00,9.32,9.33,9.3036,9.33,69883,0
2014-02-20,22:00:00,9.33,9.39,9.32,9.37,269532,0
2014-02-21,16:00:00,9.55,9.58,9.43,9.46,106259,0
2014-02-21,17:00:00,9.46,9.52,9.4443,9.46,130395,0
2014-02-21,18:00:00,9.46,9.53,9.46,9.495,94600,0
2014-02-21,19:00:00,9.495,9.51,9.49,9.51,115918,0
2014-02-21,20:00:00,9.5,9.585,9.5,9.58,120619,0
2014-02-21,21:00:00,9.575,9.58,9.34,9.35,166448,0
2014-02-21,22:00:00,9.36,9.4,9.275,9.35,234598,0
2014-02-24,16:00:00,9.35,9.426,9.31,9.36,53924,0
2014-02-24,17:00:00,9.36,9.45,9.34,9.41,81729,0
2014-02-24,18:00:00,9.411,9.51,9.4,9.43,130417,0
2014-02-24,19:00:00,9.43,9.44,9.39,9.4,51450,0
2014-02-24,20:00:00,9.4,9.41,9.36,9.4039,44238,0
2014-02-24,21:00:00,9.4,9.44,9.4,9.4,100210,0
2014-02-24,22:00:00,9.39,9.405,9.34,9.36,280310,0
2014-02-25,16:00:00,9.34,9.36,9.2,9.27,68841,0
2014-02-25,17:00:00,9.26,9.265,9.12,9.17,129187,0
2014-02-25,18:00:00,9.17,9.36,9.17,9.32,98815,0
2014-02-25,19:00:00,9.311,9.36,9.3,9.36,48785,0
2014-02-25,20:00:00,9.36,9.39,9.3401,9.375,42479,0
2014-02-25,21:00:00,9.38,9.4,9.37,9.39,79963,0
2014-02-25,22:00:00,9.39,9.39,9.35,9.37,117955,0
2014-02-26,16:00:00,9.36,9.44,9.35,9.4,41226,0
2014-02-26,17:00:00,9.43,9.54,9.43,9.484,158932,0
2014-02-26,18:00:00,9.48,9.5299,9.47,9.49,58623,0
2014-02-26,19:00:00,9.49,9.54,9.46,9.52,76115,0
2014-02-26,20:00:00,9.52,9.53,9.465,9.47,53407,0
2014-02-26,21:00:00,9.47,9.48,9.42,9.45,47639,0
2014-02-26,22:00:00,9.45,9.465,9.405,9.46,78375,0
2014-02-27,16:00:00,9.39,9.53,9.36,9.47,67009,0
2014-02-27,17:00:00,9.47,9.48,9.311,9.34,77864,0
2014-02-27,18:00:00,9.34,9.36,9.32,9.34,29156,0
2014-02-27,19:00:00,9.34,9.36,9.32,9.34,44461,0
2014-02-27,20:00:00,9.34,9.35,9.31,9.33,94192,0
2014-02-27,21:00:00,9.34,9.36,9.27,9.3,76180,0
2014-02-27,22:00:00,9.3,9.35,9.29,9.32,104448,0
2014-02-28,16:00:00,9.36,9.59,9.32,9.32,59567,0
2014-02-28,17:00:00,9.329,9.38,9.28,9.29,84853,0
2014-02-28,18:00:00,9.2852,9.29,9.25,9.29,75796,0
2014-02-28,19:00:00,9.28,9.3,9.25,9.25,33796,0
2014-02-28,20:00:00,9.26,9.2999,9.26,9.26,33992,0
2014-02-28,21:00:00,9.265,9.29,9.22,9.245,61805,0
2014-02-28,22:00:00,9.24,9.26,9.17,9.22,153617,0
2014-03-03,16:00:00,9.14,9.24,9.04,9.19,43939,0
2014-03-03,17:00:00,9.21,9.21,9,9.07,274255,0
2014-03-03,18:00:00,9.06,9.09,9,9.0001,71579,0
2014-03-03,19:00:00,9,9.12,8.95,9.12,97942,0
2014-03-03,20:00:00,9.1,9.23,9.09,9.21,94510,0
2014-03-03,21:00:00,9.2101,9.28,9.2,9.22,70372,0
2014-03-03,22:00:00,9.2049,9.23,9.16,9.185,123938,0
2014-03-04,16:00:00,9.29,9.46,9.29,9.39,66098,0
2014-03-04,17:00:00,9.4,9.5,9.4,9.47,181217,0
2014-03-04,18:00:00,9.47,9.48,9.44,9.48,76590,0
2014-03-04,19:00:00,9.475,9.49,9.44,9.46,63481,0
2014-03-04,20:00:00,9.46,9.4701,9.43,9.44,57976,0
2014-03-04,21:00:00,9.44,9.44,9.35,9.42,54711,0
2014-03-04,22:00:00,9.4199,9.47,9.4,9.42,351456,0
2014-03-05,16:00:00,9.38,9.4,9.28,9.35,30098,0
2014-03-05,17:00:00,9.35,9.43,9.35,9.3901,42948,0
2014-03-05,18:00:00,9.4,9.41,9.32,9.36,45718,0
2014-03-05,19:00:00,9.36,9.39,9.36,9.39,41726,0
2014-03-05,20:00:00,9.39,9.41,9.355,9.39,117852,0
2014-03-05,21:00:00,9.4,9.43,9.4,9.41,35596,0
2014-03-05,22:00:00,9.42,9.49,9.3875,9.48,282594,0
2014-03-06,16:00:00,9.43,9.51,9.43,9.44,31162,0
2014-03-06,17:00:00,9.44,9.45,9.39,9.399,53986,0
2014-03-06,18:00:00,9.41,9.41,9.35,9.35,36619,0
2014-03-06,19:00:00,9.35,9.36,9.32,9.34,45572,0
2014-03-06,20:00:00,9.3401,9.38,9.34,9.37,20621,0
2014-03-06,21:00:00,9.37,9.44,9.36,9.41,35233,0
2014-03-06,22:00:00,9.41,9.43,9.36,9.4,115792,0
2014-03-07,16:00:00,9.2499,9.43,9.19,9.39,21000,0
2014-03-07,17:00:00,9.38,9.49,9.35,9.42,84583,0
2014-03-07,18:00:00,9.405,9.445,9.34,9.44,56045,0
2014-03-07,19:00:00,9.445,9.49,9.445,9.485,69469,0
2014-03-07,20:00:00,9.48,9.63,9.48,9.61,261860,0
2014-03-07,21:00:00,9.61,9.66,9.58,9.645,126758,0
2014-03-07,22:00:00,9.64,9.67,9.6,9.66,314856,0
2014-03-10,15:00:00,9.69,9.935,9.64,9.935,162626,0
2014-03-10,16:00:00,9.93,9.93,9.58,9.6099,138602,0
2014-03-10,17:00:00,9.61,9.75,9.6,9.75,105790,0
2014-03-10,18:00:00,9.75,9.81,9.74,9.78,117946,0
2014-03-10,19:00:00,9.78,9.795,9.75,9.775,99059,0
2014-03-10,20:00:00,9.78,9.8,9.77,9.78,58575,0
2014-03-10,21:00:00,9.78,9.885,9.77,9.87,508717,0
2014-03-11,15:00:00,9.77,10.2,9.76,10.015,262322,0
2014-03-11,16:00:00,10,10.15,9.97,10.1,269505,0
2014-03-11,17:00:00,10.09,10.09,9.98,10.025,107543,0
2014-03-11,18:00:00,10.02,10.03,9.97,9.99,144772,0
2014-03-11,19:00:00,9.99,10.015,9.96,9.99,108930,0
2014-03-11,20:00:00,9.99,9.99,9.92,9.96,122563,0
2014-03-11,21:00:00,9.96,10,9.92,9.98,422367,0
2014-03-12,15:00:00,9.9399,9.96,9.83,9.89,56779,0
2014-03-12,16:00:00,9.88,9.9,9.745,9.82,139282,0
2014-03-12,17:00:00,9.822,9.895,9.81,9.814,51510,0
2014-03-12,18:00:00,9.81,10.04,9.8,10.03,120410,0
2014-03-12,19:00:00,10.02,10.05,9.95,9.96,98495,0
2014-03-12,20:00:00,9.96,10.03,9.95,9.95,86689,0
2014-03-12,21:00:00,9.95,9.97,9.92,9.97,219226,0
2014-03-13,15:00:00,9.99,10,9.915,9.96,35256,0
2014-03-13,16:00:00,9.975,9.99,9.81,9.89,73434,0
2014-03-13,17:00:00,9.89,9.9,9.81,9.82,69132,0
2014-03-13,18:00:00,9.815,9.82,9.72,9.79,107474,0
2014-03-13,19:00:00,9.79,9.825,9.74,9.75,117895,0
2014-03-13,20:00:00,9.755,9.79,9.74,9.77,176973,0
2014-03-13,21:00:00,9.77,9.83,9.74,9.79,321452,0
2014-03-14,15:00:00,9.5785,9.88,9.56,9.8,68541,0
2014-03-14,16:00:00,9.82,9.92,9.78,9.85,109325,0
2014-03-14,17:00:00,9.85,9.86,9.77,9.83,63398,0
2014-03-14,18:00:00,9.83,9.845,9.75,9.84,72523,0
2014-03-14,19:00:00,9.85,9.965,9.83,9.935,117340,0
2014-03-14,20:00:00,9.93,9.97,9.87,9.87,70623,0
2014-03-14,21:00:00,9.87,9.91,9.83,9.89,235041,0
2014-03-17,15:00:00,9.98,10.05,9.91,9.96,69801,0
2014-03-17,16:00:00,9.96,9.98,9.91,9.96,65494,0
2014-03-17,17:00:00,9.96,9.97,9.84,9.8401,35199,0
2014-03-17,18:00:00,9.85,9.87,9.815,9.84,45219,0
2014-03-17,19:00:00,9.85,9.95,9.85,9.94,43399,0
2014-03-17,20:00:00,9.95,9.95,9.88,9.885,36550,0
2014-03-17,21:00:00,9.88,9.92,9.88,9.91,160421,0
2014-03-18,15:00:00,9.87,10.24,9.85,10.21,565554,0
2014-03-18,16:00:00,10.22,10.56,10.22,10.46,653055,0
2014-03-18,17:00:00,10.455,10.55,10.4206,10.53,198762,0
2014-03-18,18:00:00,10.5201,10.72,10.5201,10.7001,383409,0
2014-03-18,19:00:00,10.705,10.8,10.68,10.715,266070,0
2014-03-18,20:00:00,10.715,10.74,10.519,10.53,215174,0
2014-03-18,21:00:00,10.5201,10.56,10.43,10.56,432019,0
2014-03-19,15:00:00,10.73,10.94,10.56,10.903,343261,0
2014-03-19,16:00:00,10.902,10.931,10.6544,10.7,263380,0
2014-03-19,17:00:00,10.7,10.8499,10.685,10.73,173976,0
2014-03-19,18:00:00,10.73,10.84,10.73,10.73,92623,0
2014-03-19,19:00:00,10.729,10.729,10.66,10.68,118427,0
2014-03-19,20:00:00,10.68,10.6899,10.56,10.645,152220,0
2014-03-19,21:00:00,10.65,10.74,10.55,10.7,354676,0
2014-03-20,15:00:00,10.69,10.72,10.48,10.48,86523,0
2014-03-20,16:00:00,10.5,10.71,10.451,10.55,122869,0
2014-03-20,17:00:00,10.55,10.61,10.52,10.58,79682,0
2014-03-20,18:00:00,10.58,10.675,10.57,10.67,49520,0
2014-03-20,19:00:00,10.67,10.72,10.64,10.7,102237,0
2014-03-20,20:00:00,10.71,10.72,10.64,10.64,82195,0
2014-03-20,21:00:00,10.64,10.65,10.58,10.61,164080,0
2014-03-21,15:00:00,10.7,10.7,10.27,10.45,620879,0
2014-03-21,16:00:00,10.46,10.46,10.35,10.4,171717,0
2014-03-21,17:00:00,10.4,10.599,10.38,10.49,130329,0
2014-03-21,18:00:00,10.49,10.515,10.449,10.449,71995,0
2014-03-21,19:00:00,10.45,10.465,10.33,10.3499,88307,0
2014-03-21,20:00:00,10.3401,10.37,10.28,10.35,87786,0
2014-03-21,21:00:00,10.35,10.35,10.23,10.3,253001,0
2014-03-24,15:00:00,10.5,10.54,10.3,10.54,112335,0
2014-03-24,16:00:00,10.53,10.61,10.3,10.37,161467,0
2014-03-24,17:00:00,10.37,10.435,10.28,10.35,110757,0
2014-03-24,18:00:00,10.35,10.4,10.32,10.349,41004,0
2014-03-24,19:00:00,10.35,10.56,10.35,10.52,103447,0
2014-03-24,20:00:00,10.53,10.57,10.4763,10.52,64078,0
2014-03-24,21:00:00,10.52,10.54,10.45,10.475,157096,0
2014-03-25,15:00:00,10.5,10.67,10.49,10.6299,40465,0
2014-03-25,16:00:00,10.63,10.78,10.55,10.56,121950,0
2014-03-25,17:00:00,10.56,10.72,10.45,10.47,88555,0
2014-03-25,18:00:00,10.48,10.56,10.43,10.53,79367,0
2014-03-25,19:00:00,10.53,10.625,10.5,10.57,81828,0
2014-03-25,20:00:00,10.58,10.63,10.58,10.63,71057,0
2014-03-25,21:00:00,10.63,10.67,10.56,10.6,224565,0
2014-03-26,15:00:00,10.75,11,10.75,10.88,153385,0
2014-03-26,16:00:00,10.88,10.88,10.68,10.7,109365,0
2014-03-26,17:00:00,10.69,10.8099,10.689,10.72,80849,0
2014-03-26,18:00:00,10.72,10.75,10.67,10.7,29041,0
2014-03-26,19:00:00,10.71,10.71,10.4102,10.51,110587,0
2014-03-26,20:00:00,10.48,10.55,10.4001,10.545,63333,0
2014-03-26,21:00:00,10.545,10.545,10.33,10.36,195105,0
2014-03-27,15:00:00,10.37,10.49,10.279,10.48,107782,0
2014-03-27,16:00:00,10.45,10.68,10.41,10.46,180512,0
2014-03-27,17:00:00,10.48,10.48,10.29,10.4,121720,0
2014-03-27,18:00:00,10.38,10.54,10.36,10.53,109270,0
2014-03-27,19:00:00,10.53,10.63,10.53,10.625,151886,0
2014-03-27,20:00:00,10.625,10.68,10.6201,10.65,151326,0
2014-03-27,21:00:00,10.65,10.7,10.574,10.685,282373,0
2014-03-28,15:00:00,10.67,10.855,10.635,10.85,126039,0
2014-03-28,16:00:00,10.87,10.93,10.81,10.9,301374,0
2014-03-28,17:00:00,10.9,10.9,10.67,10.72,151702,0
2014-03-28,18:00:00,10.72,10.78,10.7,10.77,76132,0
2014-03-28,19:00:00,10.77,10.9,10.75,10.83,187897,0
2014-03-28,20:00:00,10.82,10.82,10.68,10.7,126382,0
2014-03-28,21:00:00,10.7099,10.75,10.65,10.73,262814,0
2014-03-31,16:00:00,10.75,10.84,10.68,10.84,100410,0
2014-03-31,17:00:00,10.84,10.88,10.82,10.85,158096,0
2014-03-31,18:00:00,10.85,10.865,10.7375,10.75,120020,0
2014-03-31,19:00:00,10.76,10.815,10.74,10.7625,92312,0
2014-03-31,20:00:00,10.769,10.7844,10.7075,10.72,102874,0
2014-03-31,21:00:00,10.72,10.76,10.71,10.72,68924,0
2014-03-31,22:00:00,10.73,10.77,10.7,10.75,239892,0
2014-04-01,16:00:00,10.78,10.915,10.78,10.85,94238,0
2014-04-01,17:00:00,10.83,10.965,10.82,10.93,299058,0
2014-04-01,18:00:00,10.93,10.94,10.82,10.82,181965,0
2014-04-01,19:00:00,10.8244,10.94,10.81,10.93,117906,0
2014-04-01,20:00:00,10.93,11.15,10.91,11.141,487021,0
2014-04-01,21:00:00,11.14,11.46,11.09,11.29,510966,0
2014-04-01,22:00:00,11.29,11.4,11.25,11.34,568931,0
2014-04-02,16:00:00,11.5,11.5,11.125,11.14,226792,0
2014-04-02,17:00:00,11.14,11.71,11.13,11.71,686739,0
2014-04-02,18:00:00,11.73,11.77,11.51,11.56,368993,0
2014-04-02,19:00:00,11.55,11.77,11.5,11.755,220422,0
2014-04-02,20:00:00,11.75,11.75,11.53,11.61,210066,0
2014-04-02,21:00:00,11.6,11.66,11.5,11.57,202499,0
2014-04-02,22:00:00,11.5699,11.65,11.52,11.61,341223,0
2014-04-03,16:00:00,11.59,11.76,11.56,11.7598,149753,0
2014-04-03,17:00:00,11.757,11.82,11.45,11.51,680300,0
2014-04-03,18:00:00,11.51,11.52,11.48,11.5055,149091,0
2014-04-03,19:00:00,11.51,11.64,11.509,11.52,190418,0
2014-04-03,20:00:00,11.5101,11.61,11.5101,11.5601,131909,0
2014-04-03,21:00:00,11.56,11.57,11.5,11.55,188963,0
2014-04-03,22:00:00,11.54,11.56,11.47,11.49,257196,0
2014-04-04,16:00:00,11.5003,11.65,11.3307,11.51,305074,0
2014-04-04,17:00:00,11.52,11.6611,11.38,11.3813,279999,0
2014-04-04,18:00:00,11.38,11.415,11.14,11.35,672160,0
2014-04-04,19:00:00,11.36,11.41,11.22,11.245,497071,0
2014-04-04,20:00:00,11.24,11.33,11.181,11.31,222145,0
2014-04-04,21:00:00,11.31,11.31,11.17,11.23,196189,0
2014-04-04,22:00:00,11.23,11.23,11.16,11.17,476017,0
2014-04-07,16:00:00,11.17,11.5,10.93,11.45,250890,0
2014-04-07,17:00:00,11.45,11.46,11.16,11.24,265045,0
2014-04-07,18:00:00,11.24,11.265,11.02,11.08,217089,0
2014-04-07,19:00:00,11.07,11.24,11.0599,11.2,261167,0
2014-04-07,20:00:00,11.19,11.19,11.001,11.05,150578,0
2014-04-07,21:00:00,11.05,11.13,10.97,11.11,117372,0
2014-04-07,22:00:00,11.1,11.23,11.07,11.12,263129,0
2014-04-08,16:00:00,11.17,11.39,11.17,11.2499,81453,0
2014-04-08,17:00:00,11.25,11.43,11.2,11.31,182603,0
2014-04-08,18:00:00,11.32,11.35,11.17,11.24,181597,0
2014-04-08,19:00:00,11.23,11.27,11.18,11.215,182399,0
2014-04-08,20:00:00,11.21,11.27,11.18,11.2,165687,0
2014-04-08,21:00:00,11.2,11.2,11.07,11.085,154585,0
2014-04-08,22:00:00,11.085,11.21,11.07,11.18,486288,0
2014-04-09,16:00:00,11.339,11.339,11.18,11.31,79033,0
2014-04-09,17:00:00,11.31,11.42,11.25,11.26,87616,0
2014-04-09,18:00:00,11.265,11.34,11.24,11.33,68338,0
2014-04-09,19:00:00,11.33,11.375,11.29,11.32,107396,0
2014-04-09,20:00:00,11.33,11.36,11.29,11.3,68901,0
2014-04-09,21:00:00,11.3,11.4,11.3,11.3401,104692,0
2014-04-09,22:00:00,11.35,11.48,11.32,11.46,245831,0
2014-04-10,16:00:00,11.5,11.57,11.39,11.53,141991,0
2014-04-10,17:00:00,11.53,11.71,11.4,11.4,245803,0
2014-04-10,18:00:00,11.39,11.45,11.34,11.39,179964,0
2014-04-10,19:00:00,11.38,11.44,11.34,11.39,156957,0
2014-04-10,20:00:00,11.37,11.409,11.299,11.351,98600,0
2014-04-10,21:00:00,11.35,11.37,11.24,11.275,103009,0
2014-04-10,22:00:00,11.275,11.28,11.16,11.18,286619,0
2014-04-11,16:00:00,11.04,11.69,10.96,11.65,264308,0
2014-04-11,17:00:00,11.6499,11.69,11.41,11.56,286434,0
2014-04-11,18:00:00,11.54,11.565,11.36,11.46,201492,0
2014-04-11,19:00:00,11.459,11.52,11.33,11.4,84297,0
2014-04-11,20:00:00,11.411,11.57,11.38,11.54,199042,0
2014-04-11,21:00:00,11.55,11.57,11.4299,11.52,303942,0
2014-04-11,22:00:00,11.52,11.75,11.5,11.6,742278,0
2014-04-14,16:00:00,11.75,11.8,11.62,11.75,118538,0
2014-04-14,17:00:00,11.74,11.8,11.7,11.73,241051,0
2014-04-14,18:00:00,11.7237,11.73,11.57,11.65,145502,0
2014-04-14,19:00:00,11.65,11.94,11.61,11.89,292648,0
2014-04-14,20:00:00,11.884,11.89,11.7,11.745,154688,0
2014-04-14,21:00:00,11.749,11.755,11.6,11.61,191357,0
2014-04-14,22:00:00,11.61,11.78,11.49,11.73,661855,0
2014-04-15,16:00:00,11.769,11.88,11.68,11.76,90745,0
2014-04-15,17:00:00,11.755,11.815,11.53,11.62,238914,0
2014-04-15,18:00:00,11.62,11.77,11.53,11.66,285378,0
2014-04-15,19:00:00,11.653,11.653,11.46,11.48,203657,0
2014-04-15,20:00:00,11.48,11.69,11.465,11.68,105674,0
2014-04-15,21:00:00,11.68,11.76,11.67,11.69,142325,0
2014-04-15,22:00:00,11.6801,11.87,11.68,11.83,447593,0
2014-04-16,16:00:00,11.92,11.95,11.56,11.59,172903,0
2014-04-16,17:00:00,11.58,11.74,11.49,11.53,293268,0
2014-04-16,18:00:00,11.525,11.65,11.505,11.63,129398,0
2014-04-16,19:00:00,11.63,11.8,11.63,11.69,132863,0
2014-04-16,20:00:00,11.68,11.75,11.61,11.71,91179,0
2014-04-16,21:00:00,11.72,11.72,11.65,11.66,58515,0
2014-04-16,22:00:00,11.66,11.8,11.63,11.8,280057,0
2014-04-17,16:00:00,11.89,12.119,11.82,12.075,414125,0
2014-04-17,17:00:00,12.1,12.37,12.06,12.35,641939,0
2014-04-17,18:00:00,12.36,12.365,12.17,12.365,368671,0
2014-04-17,19:00:00,12.37,12.54,12.31,12.3799,429693,0
2014-04-17,20:00:00,12.36,12.42,12.25,12.3,144195,0
2014-04-17,21:00:00,12.29,12.58,12.29,12.4199,206765,0
2014-04-17,22:00:00,12.41,12.41,12.29,12.31,280381,0
2014-04-21,16:00:00,12.5,12.5,11.89,12.17,380600,0
2014-04-21,17:00:00,12.17,12.28,11.93,12.11,309473,0
2014-04-21,18:00:00,12.13,12.32,12.06,12.271,521222,0
2014-04-21,19:00:00,12.27,12.31,12.15,12.27,220296,0
2014-04-21,20:00:00,12.261,12.33,12.18,12.2,262237,0
2014-04-21,21:00:00,12.2,12.25,12.2,12.21,163642,0
2014-04-21,22:00:00,12.21,12.31,12.16,12.3,596288,0
2014-04-22,16:00:00,11.5,11.78,11.05,11.56,1283199,0
2014-04-22,17:00:00,11.53,12.4,11.53,12.3104,991955,0
2014-04-22,18:00:00,12.31,12.76,12.31,12.58,764570,0
2014-04-22,19:00:00,12.585,12.73,12.47,12.59,497913,0
2014-04-22,20:00:00,12.585,12.68,12.53,12.56,272268,0
2014-04-22,21:00:00,12.55,12.56,12.17,12.43,327972,0
2014-04-22,22:00:00,12.43,12.43,12.29,12.38,430096,0
2014-04-23,16:00:00,12.345,12.64,12.28,12.345,153283,0
2014-04-23,17:00:00,12.34,12.53,12.29,12.525,301270,0
2014-04-23,18:00:00,12.525,12.53,12.48,12.495,185796,0
2014-04-23,19:00:00,12.495,12.53,12.46,12.485,109895,0
2014-04-23,20:00:00,12.483,12.483,12.45,12.47,69371,0
2014-04-23,21:00:00,12.465,12.47,12.42,12.455,129993,0
2014-04-23,22:00:00,12.46,12.49,12.45,12.49,322952,0
2014-04-24,16:00:00,12.55,12.68,12.4,12.54,276567,0
2014-04-24,17:00:00,12.535,12.57,12.32,12.42,177091,0
2014-04-24,18:00:00,12.45,12.58,12.41,12.51,94310,0
2014-04-24,19:00:00,12.52,12.53,12.45,12.49,78318,0
2014-04-24,20:00:00,12.5,12.53,12.43,12.44,99076,0
2014-04-24,21:00:00,12.44,12.5,12.435,12.48,104138,0
2014-04-24,22:00:00,12.48,12.5099,12.455,12.49,244709,0
2014-04-25,16:00:00,12.44,12.63,12.38,12.51,255655,0
2014-04-25,17:00:00,12.5,12.5,12.11,12.15,169221,0
2014-04-25,18:00:00,12.15,12.171,12.07,12.13,98730,0
2014-04-25,19:00:00,12.13,12.14,12.0201,12.04,84094,0
2014-04-25,20:00:00,12.04,12.1,11.99,12.06,117656,0
2014-04-25,21:00:00,12.07,12.17,11.99,12.1499,167447,0
2014-04-25,22:00:00,12.13,12.26,12.13,12.16,279948,0
2014-04-28,16:00:00,12.23,12.37,12.15,12.26,312963,0
2014-04-28,17:00:00,12.2699,12.33,12.12,12.17,121565,0
2014-04-28,18:00:00,12.16,12.197,11.87,11.91,193149,0
2014-04-28,19:00:00,11.9135,12,11.81,11.925,157580,0
2014-04-28,20:00:00,11.92,11.9299,11.76,11.87,119134,0
2014-04-28,21:00:00,11.87,12,11.86,11.94,70917,0
2014-04-28,22:00:00,11.94,12.1,11.92,11.99,319352,0
2014-04-29,16:00:00,11.965,12.09,11.91,11.93,90383,0
2014-04-29,17:00:00,11.92,11.95,11.82,11.87,173604,0
2014-04-29,18:00:00,11.889,12.17,11.83,12.1542,217430,0
2014-04-29,19:00:00,12.16,12.26,12.146,12.2,105204,0
2014-04-29,20:00:00,12.19,12.21,12.15,12.2,64209,0
2014-04-29,21:00:00,12.2,12.2099,12.12,12.16,92704,0
2014-04-29,22:00:00,12.16,12.18,12.08,12.08,202014,0
2014-04-30,16:00:00,12.07,12.07,11.52,11.875,237822,0
2014-04-30,17:00:00,11.889,12.0599,11.84,11.99,262820,0
2014-04-30,18:00:00,11.99,12.0199,11.92,11.99,64117,0
2014-04-30,19:00:00,12.01,12.06,11.97,12.01,36521,0
2014-04-30,20:00:00,12,12.05,11.99,12,41318,0
2014-04-30,21:00:00,11.99,12.07,11.92,12.06,84618,0
2014-04-30,22:00:00,12.06,12.12,12.005,12.09,481007,0
2014-05-01,16:00:00,12.11,12.2,11.98,11.99,87957,0
2014-05-01,17:00:00,12,12.179,11.95,12.112,103952,0
2014-05-01,18:00:00,12.13,12.19,12.06,12.175,125373,0
2014-05-01,19:00:00,12.1799,12.22,12.05,12.1,67438,0
2014-05-01,20:00:00,12.1,12.115,11.85,11.86,97440,0
2014-05-01,21:00:00,11.87,11.969,11.8401,11.88,116882,0
2014-05-01,22:00:00,11.875,11.96,11.81,11.93,291935,0
2014-05-02,16:00:00,11.92,12.08,11.86,12.02,126961,0
2014-05-02,17:00:00,12.01,12.24,11.95,12.1,197852,0
2014-05-02,18:00:00,12.1,12.21,12.08,12.2,171457,0
2014-05-02,19:00:00,12.2,12.21,12.135,12.15,117226,0
2014-05-02,20:00:00,12.15,12.185,12.05,12.12,99994,0
2014-05-02,21:00:00,12.12,12.1705,12.065,12.065,106620,0
2014-05-02,22:00:00,12.0699,12.13,12.06,12.09,291519,0
2014-05-05,16:00:00,12.07,12.168,11.92,12.15,78424,0
2014-05-05,17:00:00,12.15,12.4,12.11,12.25,304705,0
2014-05-05,18:00:00,12.25,12.25,12.16,12.24,82642,0
2014-05-05,19:00:00,12.24,12.275,12.16,12.16,61362,0
2014-05-05,20:00:00,12.15,12.2101,12.1,12.1701,81052,0
2014-05-05,21:00:00,12.176,12.21,12.161,12.19,40412,0
2014-05-05,22:00:00,12.19,12.21,12.13,12.16,236244,0
2014-05-06,16:00:00,12.13,12.24,12,12.2,140865,0
2014-05-06,17:00:00,12.18,12.23,12.01,12.04,297952,0
2014-05-06,18:00:00,12.04,12.15,12.0006,12.15,77707,0
2014-05-06,19:00:00,12.15,12.16,12.03,12.03,108045,0
2014-05-06,20:00:00,12.03,12.105,11.96,12.02,229044,0
2014-05-06,21:00:00,12.02,12.06,11.93,11.97,127147,0
2014-05-06,22:00:00,11.97,12.055,11.93,11.97,251596,0
2014-05-07,16:00:00,11.948,12.08,11.9,11.94,43516,0
2014-05-07,17:00:00,11.94,11.98,11.77,11.82,163867,0
2014-05-07,18:00:00,11.8,11.94,11.76,11.91,106895,0
2014-05-07,19:00:00,11.91,11.91,11.781,11.8,50964,0
2014-05-07,20:00:00,11.79,11.83,11.75,11.78,102301,0
2014-05-07,21:00:00,11.78,11.89,11.775,11.85,64795,0
2014-05-07,22:00:00,11.86,11.9,11.79,11.88,184439,0
