Date,Time,Open,High,Low,Close,Volume,OpenInt
2014-02-10,16:00:00,4.98,5.07,4.95,5,21739,0
2014-02-10,17:00:00,5,5,4.96,4.96,30324,0
2014-02-10,18:00:00,4.96,4.98,4.9,4.97,44514,0
2014-02-10,19:00:00,4.985,4.99,4.93,4.945,10963,0
2014-02-10,20:00:00,4.945,4.945,4.9,4.9,15794,0
2014-02-10,21:00:00,4.9,4.93,4.9,4.93,50486,0
2014-02-10,22:00:00,4.92,4.93,4.86,4.91,91659,0
2014-02-11,16:00:00,4.96,5.04,4.92,5.04,20320,0
2014-02-11,17:00:00,5.0365,5.0365,4.98,5,40822,0
2014-02-11,18:00:00,5.01,5.03,4.986,5,19390,0
2014-02-11,19:00:00,5,5.01,4.97,5.005,40000,0
2014-02-11,20:00:00,5.01,5.08,4.99,5,44541,0
2014-02-11,21:00:00,5,5.03,5,5.0199,21367,0
2014-02-11,22:00:00,5.01,5.02,4.99,5.02,52695,0
2014-02-12,16:00:00,5.03,5.05,5,5.02,8068,0
2014-02-12,17:00:00,5.01,5.04,4.99,5,41830,0
2014-02-12,18:00:00,5,5.04,4.99,5,39612,0
2014-02-12,19:00:00,5.01,5.1,5.005,5.08,22783,0
2014-02-12,20:00:00,5.085,5.13,5.07,5.12,41272,0
2014-02-12,21:00:00,5.1216,5.15,5.06,5.09,38412,0
2014-02-12,22:00:00,5.08,5.1,5.05,5.1,63814,0
2014-02-13,16:00:00,5.06,5.076,4.995,4.995,31546,0
2014-02-13,17:00:00,5.01,5.04,4.99,5.04,29768,0
2014-02-13,18:00:00,5.03,5.03,4.985,5,32053,0
2014-02-13,19:00:00,5,5.002,4.98,4.98,24050,0
2014-02-13,20:00:00,4.98,5.03,4.98,5.02,19809,0
2014-02-13,21:00:00,5.02,5.0501,4.98,4.995,34320,0
2014-02-13,22:00:00,4.995,4.995,4.915,4.97,120930,0
2014-02-14,16:00:00,4.97,5.01,4.94,5.01,13296,0
2014-02-14,17:00:00,5.01,5.03,5,5.02,32214,0
2014-02-14,18:00:00,5.02,5.04,4.91,4.93,19505,0
2014-02-14,19:00:00,4.935,4.97,4.91,4.96,15005,0
2014-02-14,20:00:00,4.95,4.96,4.95,4.96,6700,0
2014-02-14,21:00:00,4.95,4.99,4.95,4.96,10862,0
2014-02-14,22:00:00,4.965,5,4.96,4.98,68495,0
2014-02-18,16:00:00,4.97,4.98,4.9,4.9,12863,0
2014-02-18,17:00:00,4.88,4.93,4.8375,4.92,50320,0
2014-02-18,18:00:00,4.91,4.91,4.86,4.86,31593,0
2014-02-18,19:00:00,4.8516,4.8992,4.825,4.89,18225,0
2014-02-18,20:00:00,4.8889,4.89,4.85,4.88,21906,0
2014-02-18,21:00:00,4.88,4.89,4.85,4.86,18681,0
2014-02-18,22:00:00,4.86,4.88,4.81,4.85,79706,0
2014-02-19,16:00:00,4.83,4.89,4.8,4.87,7731,0
2014-02-19,17:00:00,4.85,4.88,4.83,4.85,12661,0
2014-02-19,18:00:00,4.8248,4.95,4.8248,4.88,40751,0
2014-02-19,19:00:00,4.85,4.88,4.82,4.84,11494,0
2014-02-19,20:00:00,4.83,4.87,4.82,4.85,7000,0
2014-02-19,21:00:00,4.85,4.87,4.84,4.87,20655,0
2014-02-19,22:00:00,4.87,4.88,4.85,4.87,76668,0
2014-02-20,16:00:00,4.87,4.94,4.82,4.835,4145,0
2014-02-20,17:00:00,4.85,4.89,4.85,4.89,15193,0
2014-02-20,18:00:00,4.89,4.89,4.86,4.87,24416,0
2014-02-20,19:00:00,4.86,4.91,4.86,4.87,13500,0
2014-02-20,20:00:00,4.87,4.871,4.86,4.865,11174,0
2014-02-20,21:00:00,4.865,4.89,4.86,4.865,16148,0
2014-02-20,22:00:00,4.865,4.9,4.86,4.89,44775,0
2014-02-21,16:00:00,4.92,4.93,4.885,4.92,24600,0
2014-02-21,17:00:00,4.92,4.97,4.89,4.97,21692,0
2014-02-21,18:00:00,4.97,4.98,4.95,4.96,15542,0
2014-02-21,19:00:00,4.95,4.965,4.92,4.925,4700,0
2014-02-21,20:00:00,4.93,4.96,4.9,4.91,17068,0
2014-02-21,21:00:00,4.91,4.91,4.88,4.89,11257,0
2014-02-21,22:00:00,4.89,4.92,4.88,4.91,36230,0
2014-02-24,16:00:00,4.9,4.9198,4.89,4.89,8170,0
2014-02-24,17:00:00,4.88,4.9,4.88,4.88,14303,0
2014-02-24,18:00:00,4.89,4.89,4.5,4.73,173377,0
2014-02-24,19:00:00,4.73,4.8,4.72,4.79,28172,0
2014-02-24,20:00:00,4.781,4.8,4.77,4.8,23691,0
2014-02-24,21:00:00,4.8,4.8,4.76,4.78,36703,0
2014-02-24,22:00:00,4.78,4.78,4.75,4.77,135873,0
2014-02-25,16:00:00,4.79,4.8,4.74,4.74,5188,0
2014-02-25,17:00:00,4.749,4.76,4.7,4.725,14868,0
2014-02-25,18:00:00,4.72,4.78,4.72,4.75,7200,0
2014-02-25,19:00:00,4.74,4.76,4.71,4.75,8992,0
2014-02-25,20:00:00,4.72,4.7428,4.715,4.72,7540,0
2014-02-25,21:00:00,4.73,4.74,4.65,4.7,60602,0
2014-02-25,22:00:00,4.7,4.77,4.68,4.76,58285,0
2014-02-26,16:00:00,4.78,4.78,4.67,4.7,19519,0
2014-02-26,17:00:00,4.7,4.81,4.7,4.79,14903,0
2014-02-26,18:00:00,4.795,4.875,4.795,4.81,32962,0
2014-02-26,19:00:00,4.82,4.87,4.805,4.85,25863,0
2014-02-26,20:00:00,4.85,4.88,4.81,4.81,65157,0
2014-02-26,21:00:00,4.81,4.82,4.77,4.79,79299,0
2014-02-26,22:00:00,4.79,4.87,4.79,4.84,54591,0
2014-02-27,16:00:00,4.77,4.85,4.735,4.76,30107,0
2014-02-27,17:00:00,4.79,4.79,4.67,4.76,24486,0
2014-02-27,18:00:00,4.77,4.84,4.765,4.81,6100,0
2014-02-27,19:00:00,4.82,4.8635,4.82,4.85,18300,0
2014-02-27,20:00:00,4.86,4.87,4.84,4.86,16133,0
2014-02-27,21:00:00,4.86,4.87,4.84,4.87,10000,0
2014-02-27,22:00:00,4.87,4.88,4.85,4.87,56158,0
2014-02-28,16:00:00,4.84,4.84,4.79,4.82,5500,0
2014-02-28,17:00:00,4.83,4.84,4.79,4.795,21715,0
2014-02-28,18:00:00,4.7997,4.8,4.75,4.75,18659,0
2014-02-28,19:00:00,4.75,4.78,4.739,4.739,23918,0
2014-02-28,20:00:00,4.73,4.75,4.72,4.72,34649,0
2014-02-28,21:00:00,4.72,4.72,4.64,4.6416,63939,0
2014-02-28,22:00:00,4.64,4.66,4.61,4.65,66700,0
2014-03-03,16:00:00,4.64,4.65,4.57,4.65,23672,0
2014-03-03,17:00:00,4.68,4.71,4.63,4.67,16727,0
2014-03-03,18:00:00,4.651,4.6999,4.61,4.61,30196,0
2014-03-03,19:00:00,4.62,4.6225,4.572,4.61,9652,0
2014-03-03,20:00:00,4.61,4.63,4.6,4.63,6713,0
2014-03-03,21:00:00,4.62,4.69,4.6,4.67,16247,0
2014-03-03,22:00:00,4.66,4.66,4.6,4.61,68387,0
2014-03-04,16:00:00,4.81,4.81,4.73,4.76,17880,0
2014-03-04,17:00:00,4.77,4.82,4.7199,4.76,36439,0
2014-03-04,18:00:00,4.755,4.79,4.75,4.79,26763,0
2014-03-04,19:00:00,4.79,4.8,4.76,4.78,16582,0
2014-03-04,20:00:00,4.79,4.8,4.721,4.75,22725,0
2014-03-04,21:00:00,4.73,4.75,4.7,4.75,26300,0
2014-03-04,22:00:00,4.75,4.75,4.7,4.72,185867,0
2014-03-05,16:00:00,4.7,4.82,4.68,4.765,12851,0
2014-03-05,17:00:00,4.78,4.85,4.77,4.8,58357,0
2014-03-05,18:00:00,4.79,4.8,4.76,4.77,17121,0
2014-03-05,19:00:00,4.7701,4.83,4.77,4.83,8157,0
2014-03-05,20:00:00,4.81,4.84,4.8,4.81,15831,0
2014-03-05,21:00:00,4.82,4.84,4.81,4.8148,11852,0
2014-03-05,22:00:00,4.81,4.87,4.8,4.85,67785,0
2014-03-06,16:00:00,4.85,4.85,4.7701,4.8,6091,0
2014-03-06,17:00:00,4.8,4.8,4.71,4.75,19630,0
2014-03-06,18:00:00,4.75,4.75,4.73,4.73,6420,0
2014-03-06,19:00:00,4.73,4.7348,4.72,4.72,14677,0
2014-03-06,20:00:00,4.72,4.729,4.65,4.65,31099,0
2014-03-06,21:00:00,4.65,4.69,4.65,4.67,24278,0
2014-03-06,22:00:00,4.67,4.74,4.66,4.73,74174,0
2014-03-07,16:00:00,4.73,4.73,4.65,4.6501,13956,0
2014-03-07,17:00:00,4.65,4.69,4.63,4.63,32119,0
2014-03-07,18:00:00,4.63,4.64,4.58,4.64,31712,0
2014-03-07,19:00:00,4.65,4.69,4.64,4.64,11109,0
2014-03-07,20:00:00,4.64,4.65,4.62,4.65,16562,0
2014-03-07,21:00:00,4.65,4.67,4.64,4.66,13650,0
2014-03-07,22:00:00,4.66,4.68,4.64,4.67,78378,0
2014-03-10,15:00:00,4.68,4.68,4.57,4.68,17693,0
2014-03-10,16:00:00,4.69,4.69,4.63,4.68,28313,0
2014-03-10,17:00:00,4.68,4.71,4.63,4.636,13450,0
2014-03-10,18:00:00,4.6399,4.73,4.63,4.73,19595,0
2014-03-10,19:00:00,4.72,4.74,4.7,4.71,15102,0
2014-03-10,20:00:00,4.71,4.72,4.66,4.71,10938,0
2014-03-10,21:00:00,4.71,4.74,4.7,4.74,49358,0
2014-03-11,15:00:00,4.7,4.74,4.65,4.66,88616,0
2014-03-11,16:00:00,4.67,4.7,4.654,4.67,54551,0
2014-03-11,17:00:00,4.678,4.69,4.63,4.67,82795,0
2014-03-11,18:00:00,4.68,4.7,4.65,4.68,23460,0
2014-03-11,19:00:00,4.6801,4.69,4.65,4.685,28700,0
2014-03-11,20:00:00,4.68,4.68,4.635,4.665,34234,0
2014-03-11,21:00:00,4.66,4.7,4.635,4.7,65432,0
2014-03-12,15:00:00,4.56,4.63,4.56,4.59,36250,0
2014-03-12,16:00:00,4.58,4.6,4.45,4.48,146290,0
2014-03-12,17:00:00,4.475,4.6,4.475,4.57,70935,0
2014-03-12,18:00:00,4.57,4.6,4.53,4.53,70942,0
2014-03-12,19:00:00,4.531,4.54,4.5,4.54,72362,0
2014-03-12,20:00:00,4.53,4.55,4.52,4.54,41800,0
2014-03-12,21:00:00,4.54,4.59,4.53,4.59,94930,0
2014-03-13,15:00:00,4.59,4.61,4.49,4.58,68787,0
2014-03-13,16:00:00,4.55,4.6,4.52,4.595,132732,0
2014-03-13,17:00:00,4.595,4.67,4.58,4.6338,25884,0
2014-03-13,18:00:00,4.6499,4.6499,4.56,4.61,89921,0
2014-03-13,19:00:00,4.6,4.62,4.585,4.6,41207,0
2014-03-13,20:00:00,4.61,4.63,4.59,4.625,61105,0
2014-03-13,21:00:00,4.62,4.66,4.61,4.63,107945,0
2014-03-14,15:00:00,4.67,4.67,4.56,4.6,18692,0
2014-03-14,16:00:00,4.59,4.66,4.57,4.58,51638,0
2014-03-14,17:00:00,4.57,4.61,4.55,4.58,35099,0
2014-03-14,18:00:00,4.58,4.59,4.56,4.57,29856,0
2014-03-14,19:00:00,4.57,4.6,4.57,4.58,27956,0
2014-03-14,20:00:00,4.58,4.6,4.5,4.5,72017,0
2014-03-14,21:00:00,4.51,4.54,4.5,4.52,82458,0
2014-03-17,15:00:00,4.54,4.6,4.47,4.6,9339,0
2014-03-17,16:00:00,4.56,4.58,4.52,4.54,33253,0
2014-03-17,17:00:00,4.55,4.56,4.49,4.49,23003,0
2014-03-17,18:00:00,4.4994,4.53,4.49,4.51,23780,0
2014-03-17,19:00:00,4.53,4.565,4.53,4.54,16082,0
2014-03-17,20:00:00,4.53,4.53,4.49,4.49,21969,0
2014-03-17,21:00:00,4.49,4.49,4.47,4.47,49179,0
2014-03-18,15:00:00,4.5,4.5,4.43,4.44,20413,0
2014-03-18,16:00:00,4.44,4.5,4.44,4.49,30408,0
2014-03-18,17:00:00,4.49,4.51,4.49,4.5,25785,0
2014-03-18,18:00:00,4.5,4.53,4.5,4.5,9553,0
2014-03-18,19:00:00,4.5,4.55,4.5,4.53,10165,0
2014-03-18,20:00:00,4.54,4.54,4.515,4.52,16200,0
2014-03-18,21:00:00,4.52,4.54,4.5,4.53,64663,0
2014-03-19,15:00:00,4.51,4.545,4.48,4.5,9723,0
2014-03-19,16:00:00,4.5,4.52,4.46,4.52,16691,0
2014-03-19,17:00:00,4.52,4.59,4.52,4.57,18250,0
2014-03-19,18:00:00,4.57,4.66,4.57,4.6499,20750,0
2014-03-19,19:00:00,4.65,4.655,4.62,4.62,18366,0
2014-03-19,20:00:00,4.62,4.62,4.57,4.595,13900,0
2014-03-19,21:00:00,4.58,4.5899,4.51,4.57,45383,0
2014-03-20,15:00:00,4.53,4.54,4.51,4.51,8162,0
2014-03-20,16:00:00,4.5207,4.6,4.52,4.55,19072,0
2014-03-20,17:00:00,4.55,4.56,4.51,4.53,52562,0
2014-03-20,18:00:00,4.535,4.56,4.53,4.54,15751,0
2014-03-20,19:00:00,4.53,4.54,4.52,4.53,6700,0
2014-03-20,20:00:00,4.538,4.59,4.538,4.57,23551,0
2014-03-20,21:00:00,4.56,4.56,4.52,4.53,53553,0
2014-03-21,15:00:00,4.56,4.58,4.52,4.52,82660,0
2014-03-21,16:00:00,4.54,4.54,4.41,4.46,56921,0
2014-03-21,17:00:00,4.47,4.61,4.45,4.58,96406,0
2014-03-21,18:00:00,4.59,4.63,4.58,4.62,20557,0
2014-03-21,19:00:00,4.62,4.62,4.54,4.5432,4625,0
2014-03-21,20:00:00,4.54,4.59,4.53,4.56,12786,0
2014-03-21,21:00:00,4.55,4.7,4.55,4.67,164747,0
2014-03-24,15:00:00,4.69,4.69,4.54,4.6,17833,0
2014-03-24,16:00:00,4.6,4.6,4.44,4.44,45893,0
2014-03-24,17:00:00,4.44,4.51,4.38,4.5,40215,0
2014-03-24,18:00:00,4.51,4.57,4.5,4.5,19708,0
2014-03-24,19:00:00,4.5,4.5301,4.47,4.53,24686,0
2014-03-24,20:00:00,4.53,4.53,4.46,4.47,19000,0
2014-03-24,21:00:00,4.4601,4.51,4.455,4.48,67783,0
2014-03-25,15:00:00,4.51,4.6,4.51,4.51,6885,0
2014-03-25,16:00:00,4.52,4.59,4.51,4.53,22108,0
2014-03-25,17:00:00,4.54,4.55,4.42,4.45,34708,0
2014-03-25,18:00:00,4.46,4.5301,4.43,4.5301,19724,0
2014-03-25,19:00:00,4.54,4.59,4.52,4.53,18226,0
2014-03-25,20:00:00,4.53,4.57,4.49,4.49,17728,0
2014-03-25,21:00:00,4.49,4.49,4.44,4.45,88018,0
2014-03-26,15:00:00,4.39,4.53,4.39,4.51,6069,0
2014-03-26,16:00:00,4.5,4.58,4.5,4.5,11859,0
2014-03-26,17:00:00,4.5,4.52,4.47,4.49,5200,0
2014-03-26,18:00:00,4.484,4.515,4.48,4.515,6400,0
2014-03-26,19:00:00,4.515,4.535,4.46,4.48,28608,0
2014-03-26,20:00:00,4.48,4.58,4.46,4.575,16405,0
2014-03-26,21:00:00,4.575,4.58,4.44,4.45,72814,0
2014-03-27,15:00:00,4.45,4.45,4.39,4.45,28122,0
2014-03-27,16:00:00,4.46,4.52,4.45,4.45,16253,0
2014-03-27,17:00:00,4.45,4.455,4.4,4.41,40858,0
2014-03-27,18:00:00,4.41,4.42,4.39,4.4,24440,0
2014-03-27,19:00:00,4.41,4.43,4.39,4.4,12040,0
2014-03-27,20:00:00,4.395,4.415,4.38,4.395,26483,0
2014-03-27,21:00:00,4.39,4.4,4.37,4.39,78887,0
2014-03-28,15:00:00,4.39,4.49,4.39,4.46,18317,0
2014-03-28,16:00:00,4.45,4.4899,4.45,4.48,13915,0
2014-03-28,17:00:00,4.48,4.49,4.42,4.42,23253,0
2014-03-28,18:00:00,4.42,4.43,4.4,4.4,38422,0
2014-03-28,19:00:00,4.4,4.402,4.39,4.4,41595,0
2014-03-28,20:00:00,4.4,4.4,4.35,4.36,105870,0
2014-03-28,21:00:00,4.37,4.38,4.33,4.35,73857,0
2014-03-31,16:00:00,4.36,4.47,4.36,4.47,21650,0
2014-03-31,17:00:00,4.46,4.52,4.44,4.45,25064,0
2014-03-31,18:00:00,4.46,4.5,4.45,4.5,20688,0
2014-03-31,19:00:00,4.5,4.55,4.5,4.52,15346,0
2014-03-31,20:00:00,4.52,4.53,4.47,4.525,16161,0
2014-03-31,21:00:00,4.52,4.54,4.51,4.52,18479,0
2014-03-31,22:00:00,4.52,4.57,4.515,4.55,132602,0
2014-04-01,16:00:00,4.57,4.66,4.56,4.62,19433,0
2014-04-01,17:00:00,4.63,4.7,4.6,4.6,42930,0
2014-04-01,18:00:00,4.6,4.615,4.57,4.605,35311,0
2014-04-01,19:00:00,4.605,4.64,4.6,4.605,10065,0
2014-04-01,20:00:00,4.6,4.605,4.57,4.58,9700,0
2014-04-01,21:00:00,4.57,4.645,4.57,4.64,11690,0
2014-04-01,22:00:00,4.64,4.67,4.64,4.66,36144,0
2014-04-02,16:00:00,4.65,4.65,4.6,4.61,20247,0
2014-04-02,17:00:00,4.61,4.67,4.55,4.55,50519,0
2014-04-02,18:00:00,4.54,4.6,4.505,4.54,28243,0
2014-04-02,19:00:00,4.54,4.56,4.53,4.55,6000,0
2014-04-02,20:00:00,4.55,4.58,4.54,4.57,13374,0
2014-04-02,21:00:00,4.58,4.585,4.56,4.56,12500,0
2014-04-02,22:00:00,4.56,4.61,4.55,4.59,26850,0
2014-04-03,16:00:00,4.52,4.63,4.52,4.55,100306,0
2014-04-03,17:00:00,4.55,4.55,4.41,4.45,193686,0
2014-04-03,18:00:00,4.45,4.56,4.42,4.56,33163,0
2014-04-03,19:00:00,4.55,4.57,4.52,4.57,39874,0
2014-04-03,20:00:00,4.57,4.64,4.56,4.59,28400,0
2014-04-03,21:00:00,4.59,4.6,4.53,4.58,25081,0
2014-04-03,22:00:00,4.58,4.59,4.56,4.57,66552,0
2014-04-04,16:00:00,4.59,4.59,4.45,4.48,18655,0
2014-04-04,17:00:00,4.5,4.6,4.47,4.47,28776,0
2014-04-04,18:00:00,4.47,4.47,4.36,4.4,38664,0
2014-04-04,19:00:00,4.4,4.4,4.3,4.33,207342,0
2014-04-04,20:00:00,4.34,4.4527,4.34,4.45,36807,0
2014-04-04,21:00:00,4.45,4.45,4.38,4.41,35631,0
2014-04-04,22:00:00,4.4119,4.46,4.4,4.45,83443,0
2014-04-07,16:00:00,4.42,4.42,4.39,4.4,17400,0
2014-04-07,17:00:00,4.4,4.54,4.4,4.51,23802,0
2014-04-07,18:00:00,4.5,4.54,4.5,4.51,48385,0
2014-04-07,19:00:00,4.51,4.59,4.51,4.5701,29364,0
2014-04-07,20:00:00,4.57,4.57,4.54,4.54,17852,0
2014-04-07,21:00:00,4.52,4.55,4.5,4.54,25108,0
2014-04-07,22:00:00,4.5407,4.67,4.52,4.62,152633,0
2014-04-08,16:00:00,4.61,4.67,4.53,4.54,49032,0
2014-04-08,17:00:00,4.55,4.65,4.526,4.63,61392,0
2014-04-08,18:00:00,4.63,4.685,4.62,4.63,28035,0
2014-04-08,19:00:00,4.63,4.69,4.62,4.65,27668,0
2014-04-08,20:00:00,4.65,4.7,4.63,4.67,28326,0
2014-04-08,21:00:00,4.67,4.69,4.61,4.62,27239,0
2014-04-08,22:00:00,4.61,4.62,4.54,4.56,93627,0
2014-04-09,16:00:00,4.61,4.61,4.56,4.6,8800,0
2014-04-09,17:00:00,4.58,4.58,4.5,4.53,41406,0
2014-04-09,18:00:00,4.53,4.549,4.51,4.5299,35202,0
2014-04-09,19:00:00,4.52,4.53,4.51,4.52,15989,0
2014-04-09,20:00:00,4.51,4.52,4.51,4.51,20194,0
2014-04-09,21:00:00,4.51,4.53,4.49,4.49,30471,0
2014-04-09,22:00:00,4.49,4.54,4.49,4.5,86015,0
2014-04-10,16:00:00,4.45,4.5,4.45,4.47,16978,0
2014-04-10,17:00:00,4.47,4.52,4.43,4.43,71050,0
2014-04-10,18:00:00,4.43,4.47,4.4139,4.44,35399,0
2014-04-10,19:00:00,4.43,4.4396,4.39,4.39,30170,0
2014-04-10,20:00:00,4.4,4.45,4.39,4.41,26735,0
2014-04-10,21:00:00,4.41,4.44,4.39,4.4,37055,0
2014-04-10,22:00:00,4.4,4.45,4.38,4.42,85582,0
2014-04-11,16:00:00,4.39,4.45,4.35,4.4,18430,0
2014-04-11,17:00:00,4.4,4.58,4.39,4.53,53320,0
2014-04-11,18:00:00,4.531,4.535,4.45,4.47,39127,0
2014-04-11,19:00:00,4.4581,4.47,4.43,4.46,17780,0
2014-04-11,20:00:00,4.46,4.464,4.42,4.43,17040,0
2014-04-11,21:00:00,4.43,4.4395,4.38,4.41,42427,0
2014-04-11,22:00:00,4.39,4.4,4.32,4.35,102200,0
2014-04-14,16:00:00,4.45,4.46,4.41,4.41,23000,0
2014-04-14,17:00:00,4.41,4.52,4.41,4.51,45398,0
2014-04-14,18:00:00,4.51,4.51,4.48,4.48,20417,0
2014-04-14,19:00:00,4.48,4.495,4.465,4.48,8500,0
2014-04-14,20:00:00,4.48,4.5,4.45,4.47,23087,0
2014-04-14,21:00:00,4.475,4.475,4.41,4.41,26371,0
2014-04-14,22:00:00,4.41,4.46,4.38,4.45,120618,0
2014-04-15,16:00:00,4.441,4.47,4.42,4.44,4750,0
2014-04-15,17:00:00,4.4,4.4,4.33,4.345,40570,0
2014-04-15,18:00:00,4.34,4.38,4.295,4.3,61281,0
2014-04-15,19:00:00,4.29,4.34,4.25,4.25,39840,0
2014-04-15,20:00:00,4.25,4.35,4.24,4.35,45006,0
2014-04-15,21:00:00,4.35,4.43,4.34,4.4,43591,0
2014-04-15,22:00:00,4.4,4.43,4.36,4.38,60424,0
2014-04-16,16:00:00,4.39,4.4,4.32,4.32,20208,0
2014-04-16,17:00:00,4.3398,4.41,4.3398,4.38,23454,0
2014-04-16,18:00:00,4.38,4.41,4.37,4.4001,27426,0
2014-04-16,19:00:00,4.405,4.46,4.4,4.44,31020,0
2014-04-16,20:00:00,4.44,4.48,4.44,4.46,32979,0
2014-04-16,21:00:00,4.46,4.46,4.45,4.46,12700,0
2014-04-16,22:00:00,4.46,4.48,4.45,4.47,51798,0
2014-04-17,16:00:00,4.45,4.49,4.42,4.42,25700,0
2014-04-17,17:00:00,4.42,4.55,4.41,4.52,23374,0
2014-04-17,18:00:00,4.52,4.54,4.5,4.54,36138,0
2014-04-17,19:00:00,4.53,4.59,4.522,4.5699,20314,0
2014-04-17,20:00:00,4.57,4.58,4.54,4.55,6391,0
2014-04-17,21:00:00,4.56,4.57,4.53,4.55,6260,0
2014-04-17,22:00:00,4.56,4.57,4.53,4.55,15892,0
2014-04-21,16:00:00,4.53,4.57,4.51,4.54,7869,0
2014-04-21,17:00:00,4.57,4.6,4.52,4.56,21360,0
2014-04-21,18:00:00,4.57,4.69,4.56,4.67,40350,0
2014-04-21,19:00:00,4.7,4.7,4.6,4.63,31331,0
2014-04-21,20:00:00,4.63,4.7,4.62,4.695,21132,0
2014-04-21,21:00:00,4.6901,4.7,4.665,4.665,19800,0
2014-04-21,22:00:00,4.67,4.7,4.65,4.69,35919,0
2014-04-22,16:00:00,4.71,4.72,4.66,4.72,25667,0
2014-04-22,17:00:00,4.715,4.8331,4.69,4.81,79299,0
2014-04-22,18:00:00,4.81,4.82,4.8,4.81,27478,0
2014-04-22,19:00:00,4.82,4.83,4.82,4.825,19555,0
2014-04-22,20:00:00,4.83,4.84,4.82,4.825,36123,0
2014-04-22,21:00:00,4.829,4.829,4.805,4.8099,18642,0
2014-04-22,22:00:00,4.8,4.8,4.7,4.71,108030,0
2014-04-23,16:00:00,4.72,4.74,4.63,4.66,22997,0
2014-04-23,17:00:00,4.65,4.72,4.605,4.696,46988,0
2014-04-23,18:00:00,4.71,4.75,4.67,4.72,36503,0
2014-04-23,19:00:00,4.72,4.73,4.72,4.72,12270,0
2014-04-23,20:00:00,4.72,4.73,4.72,4.729,7697,0
2014-04-23,21:00:00,4.725,4.725,4.68,4.705,27573,0
2014-04-23,22:00:00,4.71,4.71,4.66,4.67,72825,0
2014-04-24,16:00:00,4.68,4.77,4.66,4.69,51809,0
2014-04-24,17:00:00,4.7,4.76,4.67,4.725,23672,0
2014-04-24,18:00:00,4.74,4.8,4.73,4.75,17916,0
2014-04-24,19:00:00,4.76,4.79,4.76,4.78,10910,0
2014-04-24,20:00:00,4.79,4.82,4.77,4.78,27740,0
2014-04-24,21:00:00,4.78,4.8,4.76,4.76,20989,0
2014-04-24,22:00:00,4.765,4.815,4.75,4.765,38475,0
2014-04-25,16:00:00,4.72,4.79,4.72,4.74,24114,0
2014-04-25,17:00:00,4.72,4.78,4.71,4.75,40322,0
2014-04-25,18:00:00,4.75,4.755,4.72,4.75,37613,0
2014-04-25,19:00:00,4.75,4.77,4.73,4.75,9201,0
2014-04-25,20:00:00,4.75,4.75,4.71,4.73,20390,0
2014-04-25,21:00:00,4.73,4.75,4.71,4.75,38070,0
2014-04-25,22:00:00,4.75,4.75,4.69,4.69,91468,0
2014-04-28,16:00:00,4.72,4.76,4.68,4.75,6900,0
2014-04-28,17:00:00,4.75,4.82,4.72,4.75,20464,0
2014-04-28,18:00:00,4.75,4.75,4.66,4.66,33379,0
2014-04-28,19:00:00,4.66,4.67,4.6,4.601,49555,0
2014-04-28,20:00:00,4.6,4.68,4.5801,4.65,47834,0
2014-04-28,21:00:00,4.63,4.66,4.62,4.63,24943,0
2014-04-28,22:00:00,4.62,4.7,4.58,4.59,127127,0
2014-04-29,16:00:00,4.63,4.73,4.63,4.7,20054,0
2014-04-29,17:00:00,4.68,4.7,4.59,4.68,34048,0
2014-04-29,18:00:00,4.68,4.72,4.61,4.665,37284,0
2014-04-29,19:00:00,4.67,4.72,4.64,4.71,26190,0
2014-04-29,20:00:00,4.71,4.72,4.64,4.64,19596,0
2014-04-29,21:00:00,4.65,4.7,4.65,4.7,23851,0
2014-04-29,22:00:00,4.69,4.708,4.62,4.65,118134,0
2014-04-30,16:00:00,4.62,4.65,4.59,4.62,20044,0
2014-04-30,17:00:00,4.61,4.68,4.61,4.66,11710,0
2014-04-30,18:00:00,4.65,4.68,4.63,4.65,14387,0
2014-04-30,19:00:00,4.65,4.665,4.65,4.65,7500,0
2014-04-30,20:00:00,4.66,4.68,4.64,4.66,17658,0
2014-04-30,21:00:00,4.66,4.78,4.63,4.7799,26516,0
2014-04-30,22:00:00,4.7799,4.79,4.75,4.78,50596,0
2014-05-01,16:00:00,4.76,4.81,4.64,4.64,13502,0
2014-05-01,17:00:00,4.645,4.77,4.63,4.74,25708,0
2014-05-01,18:00:00,4.74,4.81,4.73,4.77,32273,0
2014-05-01,19:00:00,4.78,4.81,4.73,4.73,44612,0
2014-05-01,20:00:00,4.74,4.74,4.69,4.69,65243,0
2014-05-01,21:00:00,4.7,4.75,4.7,4.71,19013,0
2014-05-01,22:00:00,4.71,4.77,4.69,4.76,79318,0
2014-05-02,16:00:00,4.78,4.79,4.7,4.71,21394,0
2014-05-02,17:00:00,4.71,4.75,4.68,4.7,39624,0
2014-05-02,18:00:00,4.7,4.76,4.7,4.76,18760,0
2014-05-02,19:00:00,4.76,4.77,4.75,4.77,6700,0
2014-05-02,20:00:00,4.76,4.78,4.71,4.76,18709,0
2014-05-02,21:00:00,4.75,4.77,4.73,4.75,20826,0
2014-05-02,22:00:00,4.76,4.76,4.71,4.71,92272,0
2014-05-05,16:00:00,4.65,4.69,4.58,4.69,15716,0
2014-05-05,17:00:00,4.68,4.7,4.64,4.68,22970,0
2014-05-05,18:00:00,4.69,4.74,4.68,4.74,27096,0
2014-05-05,19:00:00,4.72,4.8,4.695,4.75,32791,0
2014-05-05,20:00:00,4.71,4.73,4.68,4.72,67862,0
2014-05-05,21:00:00,4.73,4.78,4.72,4.78,28823,0
2014-05-05,22:00:00,4.79,4.79,4.73,4.755,41407,0
2014-05-06,16:00:00,4.7,4.78,4.7,4.76,31720,0
2014-05-06,17:00:00,4.78,4.78,4.69,4.71,15839,0
2014-05-06,18:00:00,4.71,4.75,4.68,4.75,10539,0
2014-05-06,19:00:00,4.75,4.76,4.73,4.75,28239,0
2014-05-06,20:00:00,4.75,4.75,4.66,4.72,18557,0
2014-05-06,21:00:00,4.72,4.75,4.68,4.72,32198,0
2014-05-06,22:00:00,4.69,4.73,4.67,4.67,108958,0
2014-05-07,16:00:00,4.66,4.67,4.63,4.64,19096,0
2014-05-07,17:00:00,4.63,4.68,4.63,4.66,35076,0
2014-05-07,18:00:00,4.65,4.74,4.65,4.725,23611,0
2014-05-07,19:00:00,4.72,4.72,4.65,4.66,15092,0
2014-05-07,20:00:00,4.66,4.7,4.65,4.65,17700,0
2014-05-07,21:00:00,4.645,4.74,4.64,4.72,24954,0
2014-05-07,22:00:00,4.73,4.74,4.66,4.73,102798,0
