Date,Time,Open,High,Low,Close,Volume,OpenInt
2014-02-10,16:00:00,1.3,1.32,1.3,1.32,1998,0
2014-02-10,17:00:00,1.32,1.32,1.2612,1.2696,400,0
2014-02-10,18:00:00,1.2701,1.278,1.2696,1.278,400,0
2014-02-10,19:00:00,1.278,1.278,1.2696,1.2696,500,0
2014-02-10,20:00:00,1.296,1.296,1.26,1.26,5324,0
2014-02-11,16:00:00,1.2335,1.2335,1.2335,1.2335,10000,0
2014-02-11,18:00:00,1.28,1.28,1.241,1.241,695,0
2014-02-11,19:00:00,1.265,1.265,1.25,1.25,200,0
2014-02-11,20:00:00,1.25,1.26,1.23,1.23,11263,0
2014-02-11,21:00:00,1.23,1.23,1.2296,1.23,7820,0
2014-02-11,22:00:00,1.238,1.28,1.238,1.238,1400,0
2014-02-12,16:00:00,1.23,1.23,1.23,1.23,3900,0
2014-02-12,17:00:00,1.28,1.28,1.24,1.24,3100,0
2014-02-12,18:00:00,1.25,1.25,1.22,1.2232,3570,0
2014-02-12,19:00:00,1.2216,1.2216,1.22,1.2216,400,0
2014-02-12,20:00:00,1.22,1.24,1.22,1.238,10700,0
2014-02-12,21:00:00,1.238,1.238,1.2264,1.2364,600,0
2014-02-12,22:00:00,1.2364,1.2364,1.22,1.22,475,0
2014-02-13,16:00:00,1.21,1.21,1.21,1.21,800,0
2014-02-13,17:00:00,1.2199,1.22,1.2199,1.22,6000,0
2014-02-13,18:00:00,1.2199,1.2199,1.21,1.21,15969,0
2014-02-13,19:00:00,1.22,1.22,1.22,1.22,2374,0
2014-02-13,21:00:00,1.23,1.275,1.23,1.27,7463,0
2014-02-13,22:00:00,1.27,1.35,1.23,1.23,14650,0
2014-02-14,16:00:00,1.34,1.34,1.3096,1.3096,5229,0
2014-02-14,17:00:00,1.33,1.45,1.3255,1.3301,99684,0
2014-02-14,18:00:00,1.33,1.33,1.3,1.32,51150,0
2014-02-14,19:00:00,1.33,1.33,1.26,1.27,8148,0
2014-02-14,20:00:00,1.2632,1.267,1.26,1.2601,1700,0
2014-02-14,21:00:00,1.28,1.28,1.24,1.2496,6400,0
2014-02-14,22:00:00,1.2496,1.29,1.2496,1.2503,1150,0
2014-02-18,16:00:00,1.24,1.31,1.24,1.31,500,0
2014-02-18,17:00:00,1.304,1.31,1.258,1.258,7675,0
2014-02-18,18:00:00,1.29,1.29,1.24,1.28,1700,0
2014-02-18,19:00:00,1.27,1.28,1.26,1.28,5900,0
2014-02-18,20:00:00,1.27,1.29,1.2504,1.251,6000,0
2014-02-18,21:00:00,1.28,1.28,1.24,1.24,3700,0
2014-02-18,22:00:00,1.24,1.26,1.23,1.25,7920,0
2014-02-19,18:00:00,1.27,1.27,1.27,1.27,2800,0
2014-02-19,22:00:00,1.24,1.24,1.24,1.24,1400,0
2014-02-20,16:00:00,1.24,1.24,1.24,1.24,8498,0
2014-02-20,17:00:00,1.24,1.2501,1.2399,1.24,33432,0
2014-02-20,18:00:00,1.239,1.24,1.239,1.24,5000,0
2014-02-20,19:00:00,1.2399,1.2399,1.23,1.23,3200,0
2014-02-20,20:00:00,1.2202,1.24,1.22,1.24,3511,0
2014-02-20,21:00:00,1.27,1.28,1.26,1.28,3400,0
2014-02-21,16:00:00,1.24,1.25,1.24,1.24,14302,0
2014-02-21,17:00:00,1.231,1.231,1.22,1.22,3057,0
2014-02-21,18:00:00,1.22,1.22,1.21,1.22,13989,0
2014-02-21,19:00:00,1.22,1.2264,1.21,1.2264,7313,0
2014-02-21,20:00:00,1.2148,1.2148,1.21,1.21,1390,0
2014-02-21,21:00:00,1.22,1.22,1.22,1.22,14820,0
2014-02-21,22:00:00,1.26,1.26,1.21,1.21,3235,0
2014-02-24,17:00:00,1.234,1.234,1.2,1.205,13240,0
2014-02-24,18:00:00,1.2101,1.2101,1.21,1.21,5000,0
2014-02-24,21:00:00,1.22,1.2278,1.21,1.2201,5257,0
2014-02-24,22:00:00,1.2164,1.249,1.21,1.21,8787,0
2014-02-25,16:00:00,1.23,1.23,1.23,1.23,2400,0
2014-02-25,17:00:00,1.23,1.23,1.23,1.23,1909,0
2014-02-25,18:00:00,1.2399,1.24,1.2399,1.24,1191,0
2014-02-25,19:00:00,1.24,1.24,1.231,1.231,500,0
2014-02-25,20:00:00,1.24,1.24,1.24,1.24,300,0
2014-02-25,21:00:00,1.24,1.24,1.2349,1.2349,1100,0
2014-02-25,22:00:00,1.24,1.24,1.24,1.24,700,0
2014-02-26,16:00:00,1.24,1.24,1.2398,1.24,6100,0
2014-02-26,17:00:00,1.24,1.2401,1.2301,1.24,11687,0
2014-02-26,18:00:00,1.24,1.3,1.24,1.269,34680,0
2014-02-26,19:00:00,1.27,1.27,1.2581,1.2581,5525,0
2014-02-26,20:00:00,1.2699,1.2699,1.24,1.24,300,0
2014-02-26,21:00:00,1.25,1.26,1.24,1.2401,5100,0
2014-02-26,22:00:00,1.24,1.26,1.229,1.23,44167,0
2014-02-27,17:00:00,1.26,1.26,1.26,1.26,4200,0
2014-02-27,18:00:00,1.25,1.26,1.25,1.26,14600,0
2014-02-27,20:00:00,1.28,1.33,1.27,1.31,81331,0
2014-02-27,21:00:00,1.32,1.32,1.2901,1.2901,33586,0
2014-02-27,22:00:00,1.3178,1.32,1.3003,1.3003,23860,0
2014-02-28,16:00:00,1.33,1.34,1.33,1.34,400,0
2014-02-28,17:00:00,1.31,1.33,1.27,1.27,2200,0
2014-02-28,18:00:00,1.2799,1.2799,1.26,1.26,200,0
2014-02-28,19:00:00,1.28,1.32,1.27,1.273,8340,0
2014-02-28,20:00:00,1.2896,1.2896,1.27,1.28,7200,0
2014-02-28,21:00:00,1.27,1.28,1.27,1.2748,1300,0
2014-02-28,22:00:00,1.2701,1.29,1.26,1.29,11460,0
2014-03-03,16:00:00,1.329,1.33,1.3034,1.3034,5500,0
2014-03-03,17:00:00,1.3,1.3,1.28,1.28,500,0
2014-03-03,18:00:00,1.27,1.3275,1.265,1.265,19100,0
2014-03-03,19:00:00,1.26,1.3,1.26,1.3,500,0
2014-03-03,20:00:00,1.27,1.29,1.27,1.29,1910,0
2014-03-03,21:00:00,1.29,1.29,1.29,1.29,100,0
2014-03-03,22:00:00,1.29,1.31,1.29,1.31,19079,0
2014-03-04,17:00:00,1.28,1.33,1.28,1.33,15037,0
2014-03-04,18:00:00,1.301,1.303,1.3,1.3,5200,0
2014-03-04,20:00:00,1.33,1.33,1.3296,1.33,12000,0
2014-03-04,21:00:00,1.301,1.33,1.301,1.33,1200,0
2014-03-04,22:00:00,1.321,1.321,1.3199,1.3199,4096,0
2014-03-05,16:00:00,1.33,1.33,1.33,1.33,408,0
2014-03-05,17:00:00,1.3,1.3,1.3,1.3,1700,0
2014-03-05,18:00:00,1.3299,1.33,1.3001,1.3001,24000,0
2014-03-05,19:00:00,1.3,1.32,1.3,1.32,324,0
2014-03-05,20:00:00,1.32,1.33,1.32,1.33,10271,0
2014-03-05,21:00:00,1.3101,1.3101,1.3101,1.3101,4000,0
2014-03-05,22:00:00,1.3006,1.3006,1.3,1.3,9000,0
2014-03-06,16:00:00,1.33,1.33,1.3,1.33,2600,0
2014-03-06,17:00:00,1.33,1.33,1.33,1.33,3800,0
2014-03-06,18:00:00,1.33,1.44,1.33,1.44,32692,0
2014-03-06,19:00:00,1.41,1.41,1.35,1.37,12993,0
2014-03-06,20:00:00,1.3684,1.4,1.3684,1.3801,15077,0
2014-03-06,21:00:00,1.381,1.41,1.3801,1.4,17185,0
2014-03-06,22:00:00,1.38,1.41,1.38,1.38,4063,0
2014-03-07,16:00:00,1.361,1.39,1.36,1.39,10300,0
2014-03-07,17:00:00,1.4,1.4199,1.35,1.3501,20853,0
2014-03-07,18:00:00,1.3301,1.3301,1.3201,1.33,5400,0
2014-03-07,19:00:00,1.3399,1.3695,1.3296,1.3296,4600,0
2014-03-07,21:00:00,1.3799,1.3799,1.3799,1.3799,1000,0
2014-03-07,22:00:00,1.34,1.34,1.34,1.34,1200,0
2014-03-10,15:00:00,1.39,1.39,1.39,1.39,200,0
2014-03-10,16:00:00,1.3301,1.34,1.29,1.3009,12026,0
2014-03-10,17:00:00,1.35,1.35,1.35,1.35,830,0
2014-03-10,18:00:00,1.34,1.34,1.33,1.33,1100,0
2014-03-10,20:00:00,1.31,1.31,1.31,1.31,2134,0
2014-03-10,21:00:00,1.3489,1.39,1.3125,1.331,1900,0
2014-03-11,15:00:00,1.39,1.39,1.3899,1.3899,1650,0
2014-03-11,16:00:00,1.327,1.327,1.3201,1.3201,809,0
2014-03-11,17:00:00,1.34,1.341,1.34,1.341,900,0
2014-03-11,18:00:00,1.34,1.38,1.34,1.34,2300,0
2014-03-11,19:00:00,1.38,1.38,1.38,1.38,2200,0
2014-03-11,20:00:00,1.37,1.38,1.37,1.38,200,0
2014-03-11,21:00:00,1.34,1.36,1.33,1.33,3700,0
2014-03-12,15:00:00,1.39,1.39,1.39,1.39,100,0
2014-03-12,17:00:00,1.31,1.38,1.31,1.36,6015,0
2014-03-12,18:00:00,1.3599,1.36,1.3599,1.36,650,0
2014-03-12,20:00:00,1.34,1.34,1.34,1.34,700,0
2014-03-12,21:00:00,1.34,1.35,1.34,1.35,700,0
2014-03-13,17:00:00,1.3103,1.32,1.31,1.32,8100,0
2014-03-13,18:00:00,1.3264,1.35,1.3264,1.35,3700,0
2014-03-13,19:00:00,1.3201,1.36,1.3,1.318,4891,0
2014-03-13,20:00:00,1.31,1.36,1.25,1.27,62470,0
2014-03-13,21:00:00,1.2862,1.2862,1.27,1.27,4665,0
2014-03-14,15:00:00,1.26,1.26,1.26,1.26,3000,0
2014-03-14,16:00:00,1.26,1.28,1.26,1.28,1300,0
2014-03-14,17:00:00,1.3,1.3,1.3,1.3,200,0
2014-03-14,18:00:00,1.29,1.29,1.26,1.26,3800,0
2014-03-14,19:00:00,1.26,1.26,1.24,1.25,8000,0
2014-03-14,20:00:00,1.24,1.24,1.221,1.23,8220,0
2014-03-14,21:00:00,1.23,1.24,1.22,1.22,3600,0
2014-03-17,15:00:00,1.21,1.21,1.21,1.21,1400,0
2014-03-17,16:00:00,1.22,1.22,1.2,1.21,8200,0
2014-03-17,17:00:00,1.23,1.23,1.21,1.23,5739,0
2014-03-17,18:00:00,1.2201,1.2201,1.2201,1.2201,409,0
2014-03-17,19:00:00,1.23,1.23,1.23,1.23,906,0
2014-03-17,20:00:00,1.2264,1.2264,1.2264,1.2264,2800,0
2014-03-18,16:00:00,1.25,1.26,1.219,1.219,11200,0
2014-03-18,17:00:00,1.23,1.23,1.23,1.23,100,0
2014-03-18,19:00:00,1.22,1.22,1.22,1.22,200,0
2014-03-18,20:00:00,1.23,1.23,1.23,1.23,100,0
2014-03-18,21:00:00,1.23,1.2316,1.23,1.2316,400,0
2014-03-19,16:00:00,1.2318,1.258,1.2318,1.258,1100,0
2014-03-19,17:00:00,1.23,1.23,1.23,1.23,3200,0
2014-03-19,18:00:00,1.23,1.23,1.23,1.23,1900,0
2014-03-19,19:00:00,1.25,1.25,1.25,1.25,200,0
2014-03-19,21:00:00,1.22,1.23,1.22,1.23,400,0
2014-03-20,16:00:00,1.2696,1.2696,1.268,1.268,1000,0
2014-03-20,17:00:00,1.2599,1.2599,1.2599,1.2599,3000,0
2014-03-20,18:00:00,1.23,1.23,1.23,1.23,1000,0
2014-03-21,16:00:00,1.2201,1.2201,1.2201,1.2201,678,0
2014-03-21,17:00:00,1.22,1.22,1.22,1.22,200,0
2014-03-21,19:00:00,1.23,1.23,1.22,1.22,500,0
2014-03-21,21:00:00,1.212,1.2397,1.21,1.21,3750,0
2014-03-24,15:00:00,1.212,1.248,1.21,1.248,3007,0
2014-03-24,17:00:00,1.2265,1.2265,1.21,1.2104,10210,0
2014-03-24,18:00:00,1.2101,1.2101,1.2101,1.2101,400,0
2014-03-24,19:00:00,1.21,1.21,1.2,1.2,8400,0
2014-03-24,21:00:00,1.2,1.2,1.19,1.19,5500,0
2014-03-25,16:00:00,1.203,1.203,1.19,1.19,950,0
2014-03-25,17:00:00,1.19,1.22,1.19,1.22,4600,0
2014-03-25,18:00:00,1.2,1.2,1.19,1.19,1000,0
2014-03-25,20:00:00,1.2,1.2,1.2,1.2,100,0
2014-03-25,21:00:00,1.2038,1.2038,1.2,1.2,300,0
2014-03-26,15:00:00,1.18,1.18,1.18,1.18,500,0
2014-03-26,17:00:00,1.219,1.219,1.219,1.219,300,0
2014-03-26,18:00:00,1.1954,1.1954,1.1954,1.1954,300,0
2014-03-26,21:00:00,1.2299,1.2299,1.2299,1.2299,163,0
2014-03-27,18:00:00,1.23,1.23,1.2,1.2,450,0
2014-03-27,19:00:00,1.21,1.21,1.21,1.21,200,0
2014-03-27,20:00:00,1.22,1.22,1.22,1.22,100,0
2014-03-27,21:00:00,1.22,1.23,1.21,1.21,900,0
2014-03-28,16:00:00,1.23,1.23,1.23,1.23,3050,0
2014-03-28,18:00:00,1.2299,1.2299,1.2,1.2001,2751,0
2014-03-28,19:00:00,1.2,1.2053,1.19,1.2053,900,0
2014-03-31,16:00:00,1.18,1.18,1.18,1.18,1300,0
2014-03-31,17:00:00,1.22,1.22,1.1901,1.1901,3599,0
2014-03-31,18:00:00,1.22,1.22,1.22,1.22,500,0
2014-03-31,20:00:00,1.2,1.2,1.2,1.2,1000,0
2014-03-31,22:00:00,1.2,1.2,1.2,1.2,2000,0
2014-04-01,16:00:00,1.22,1.2299,1.22,1.2299,1404,0
2014-04-01,17:00:00,1.1948,1.1948,1.1948,1.1948,1500,0
2014-04-01,18:00:00,1.2013,1.2013,1.2013,1.2013,200,0
2014-04-01,20:00:00,1.21,1.21,1.21,1.21,4100,0
2014-04-01,21:00:00,1.22,1.22,1.22,1.22,1000,0
2014-04-01,22:00:00,1.21,1.211,1.2,1.211,2000,0
2014-04-02,17:00:00,1.191,1.191,1.19,1.19,1700,0
2014-04-02,19:00:00,1.22,1.22,1.22,1.22,600,0
2014-04-02,20:00:00,1.2032,1.2032,1.2032,1.2032,400,0
2014-04-02,22:00:00,1.21,1.21,1.2095,1.21,2300,0
2014-04-03,17:00:00,1.2,1.23,1.2,1.201,18256,0
2014-04-03,18:00:00,1.2007,1.21,1.2,1.2,3112,0
2014-04-03,19:00:00,1.2,1.2,1.18,1.1821,2100,0
2014-04-03,20:00:00,1.18,1.1986,1.18,1.19,4500,0
2014-04-03,21:00:00,1.19,1.2,1.19,1.19,4600,0
2014-04-03,22:00:00,1.19,1.198,1.19,1.19,3287,0
2014-04-04,16:00:00,1.2295,1.23,1.18,1.23,2100,0
2014-04-04,18:00:00,1.1901,1.22,1.1901,1.22,3100,0
2014-04-04,21:00:00,1.1948,1.1948,1.1901,1.1901,1700,0
2014-04-07,17:00:00,1.21,1.21,1.21,1.21,200,0
2014-04-07,18:00:00,1.18,1.2099,1.18,1.2099,3240,0
2014-04-07,19:00:00,1.1901,1.1901,1.19,1.19,2600,0
2014-04-08,16:00:00,1.19,1.19,1.19,1.19,300,0
2014-04-08,17:00:00,1.19,1.19,1.18,1.18,14500,0
2014-04-08,18:00:00,1.18,1.18,1.16,1.16,4045,0
2014-04-08,19:00:00,1.19,1.19,1.1899,1.1899,3000,0
2014-04-08,22:00:00,1.18,1.18,1.1799,1.1799,800,0
2014-04-09,16:00:00,1.19,1.19,1.1889,1.1889,8400,0
2014-04-09,17:00:00,1.19,1.198,1.176,1.176,2808,0
2014-04-09,22:00:00,1.1999,1.1999,1.17,1.17,700,0
2014-04-10,17:00:00,1.19,1.2,1.1899,1.2,2309,0
2014-04-10,18:00:00,1.1899,1.19,1.1899,1.19,430,0
2014-04-10,19:00:00,1.17,1.1701,1.17,1.1701,400,0
2014-04-10,22:00:00,1.1899,1.1899,1.1899,1.1899,1100,0
2014-04-11,16:00:00,1.16,1.1601,1.16,1.16,480,0
2014-04-11,17:00:00,1.17,1.17,1.17,1.17,100,0
2014-04-11,18:00:00,1.18,1.19,1.18,1.19,400,0
2014-04-11,19:00:00,1.19,1.19,1.18,1.19,6400,0
2014-04-11,20:00:00,1.1801,1.19,1.1801,1.19,250,0
2014-04-11,21:00:00,1.19,1.19,1.181,1.181,600,0
2014-04-11,22:00:00,1.19,1.19,1.18,1.19,2395,0
2014-04-14,19:00:00,1.1999,1.1999,1.1999,1.1999,400,0
2014-04-14,20:00:00,1.2,1.2,1.2,1.2,884,0
2014-04-14,22:00:00,1.171,1.19,1.17,1.19,3800,0
2014-04-15,16:00:00,1.1701,1.1701,1.1701,1.1701,1900,0
2014-04-15,17:00:00,1.19,1.3,1.17,1.17,17981,0
2014-04-15,18:00:00,1.24,1.24,1.21,1.2399,4706,0
2014-04-15,20:00:00,1.2001,1.21,1.2001,1.21,2600,0
2014-04-15,21:00:00,1.211,1.211,1.2,1.201,6190,0
2014-04-15,22:00:00,1.21,1.23,1.21,1.23,2880,0
2014-04-16,17:00:00,1.1801,1.1801,1.1801,1.1801,2000,0
2014-04-16,22:00:00,1.19,1.19,1.19,1.19,100,0
2014-04-17,17:00:00,1.2,1.2,1.19,1.19,700,0
2014-04-17,18:00:00,1.1922,1.2,1.18,1.18,1700,0
2014-04-17,19:00:00,1.18,1.1819,1.18,1.1819,300,0
2014-04-17,20:00:00,1.1801,1.1801,1.1801,1.1801,1000,0
2014-04-21,18:00:00,1.2,1.2,1.1903,1.2,2934,0
2014-04-21,19:00:00,1.19,1.19,1.19,1.19,550,0
2014-04-22,16:00:00,1.19,1.19,1.19,1.19,4500,0
2014-04-22,17:00:00,1.22,1.22,1.22,1.22,100,0
2014-04-22,18:00:00,1.2,1.2,1.1801,1.19,3879,0
2014-04-22,19:00:00,1.19,1.19,1.19,1.19,300,0
2014-04-22,20:00:00,1.19,1.19,1.19,1.19,300,0
2014-04-22,21:00:00,1.19,1.19,1.18,1.19,1900,0
2014-04-22,22:00:00,1.19,1.19,1.1899,1.19,1500,0
2014-04-23,17:00:00,1.18,1.18,1.18,1.18,600,0
2014-04-23,18:00:00,1.19,1.19,1.19,1.19,500,0
2014-04-23,19:00:00,1.1875,1.1875,1.1875,1.1875,400,0
2014-04-23,22:00:00,1.18,1.19,1.18,1.19,300,0
2014-04-24,16:00:00,1.19,1.19,1.19,1.19,2559,0
2014-04-24,17:00:00,1.2,1.2,1.19,1.19,350,0
2014-04-24,18:00:00,1.2053,1.22,1.2053,1.2199,2356,0
2014-04-24,19:00:00,1.219,1.22,1.219,1.22,1100,0
2014-04-24,20:00:00,1.21,1.2101,1.21,1.2101,500,0
2014-04-24,21:00:00,1.2101,1.2101,1.2101,1.2101,450,0
2014-04-24,22:00:00,1.22,1.22,1.21,1.21,710,0
2014-04-25,16:00:00,1.24,1.24,1.2099,1.2099,1800,0
2014-04-25,21:00:00,1.1872,1.1872,1.1872,1.1872,100,0
2014-04-25,22:00:00,1.189,1.189,1.189,1.189,300,0
2014-04-28,16:00:00,1.2,1.2,1.18,1.18,1486,0
2014-04-28,18:00:00,1.16,1.16,1.14,1.14,2300,0
2014-04-28,19:00:00,1.1861,1.1861,1.1401,1.1858,1900,0
2014-04-29,16:00:00,1.1401,1.19,1.1401,1.19,1900,0
2014-04-29,17:00:00,1.18,1.181,1.18,1.18,2860,0
2014-04-29,18:00:00,1.1899,1.19,1.1899,1.19,3670,0
2014-04-29,19:00:00,1.1907,1.2,1.18,1.18,4140,0
2014-04-29,20:00:00,1.18,1.18,1.18,1.18,100,0
2014-04-29,22:00:00,1.19,1.2,1.18,1.18,4000,0
2014-04-30,17:00:00,1.1999,1.2,1.1999,1.2,1000,0
2014-04-30,19:00:00,1.161,1.161,1.15,1.16,1350,0
2014-04-30,20:00:00,1.1872,1.1872,1.1872,1.1872,1000,0
2014-04-30,21:00:00,1.18,1.18,1.18,1.18,1176,0
2014-04-30,22:00:00,1.1701,1.1701,1.16,1.16,1700,0
2014-05-01,16:00:00,1.15,1.15,1.15,1.15,3600,0
2014-05-01,17:00:00,1.13,1.13,1,1.02,38009,0
2014-05-01,18:00:00,1.02,1.08,1.0151,1.03,11400,0
2014-05-01,19:00:00,1.03,1.08,1.03,1.0799,7300,0
2014-05-01,20:00:00,1.0775,1.0775,1.0775,1.0775,100,0
2014-05-01,21:00:00,1.0799,1.0799,1.0799,1.0799,200,0
2014-05-01,22:00:00,1.0434,1.05,1.02,1.02,16200,0
2014-05-02,16:00:00,1.0305,1.0305,1.0305,1.0305,125,0
2014-05-02,18:00:00,1.068,1.068,1.068,1.068,101,0
2014-05-02,19:00:00,1.07,1.09,1.0301,1.0301,11213,0
2014-05-02,20:00:00,1.0408,1.0408,1.0408,1.0408,4000,0
2014-05-02,22:00:00,1.05,1.05,1.05,1.05,400,0
2014-05-05,16:00:00,1.07,1.07,1.07,1.07,200,0
2014-05-05,19:00:00,1.0599,1.0599,1.04,1.04,700,0
2014-05-05,20:00:00,1.038,1.04,1.038,1.04,10000,0
2014-05-05,22:00:00,1.04,1.04,1.04,1.04,300,0
2014-05-06,16:00:00,1.06,1.06,1.06,1.06,300,0
2014-05-06,17:00:00,1.0104,1.04,1.01,1.04,5430,0
2014-05-06,18:00:00,1.04,1.04,1.001,1.01,14200,0
2014-05-06,22:00:00,1.0009,1.03,1,1.03,4900,0
2014-05-07,16:00:00,1.02,1.02,1.02,1.02,3100,0
2014-05-07,19:00:00,1.01,1.02,1.01,1.02,200,0
2014-05-07,21:00:00,1.0101,1.0101,1.01,1.0101,3733,0
2014-05-07,22:00:00,1.0199,1.02,1.0199,1.02,6159,0
