Date,Time,Open,High,Low,Close,Volume,OpenInt
2014-02-10,16:00:00,2.48,2.56,2.48,2.5599,16706,0
2014-02-10,17:00:00,2.56,2.58,2.53,2.53,71440,0
2014-02-10,18:00:00,2.52,2.53,2.46,2.5,15417,0
2014-02-10,19:00:00,2.5052,2.54,2.49,2.54,4100,0
2014-02-10,20:00:00,2.52,2.53,2.49,2.51,21310,0
2014-02-10,21:00:00,2.52,2.52,2.49,2.505,3980,0
2014-02-10,22:00:00,2.505,2.52,2.5,2.52,17200,0
2014-02-11,16:00:00,2.56,2.77,2.54,2.63,78110,0
2014-02-11,17:00:00,2.62,2.7399,2.6,2.7396,64130,0
2014-02-11,18:00:00,2.711,2.7499,2.65,2.65,40470,0
2014-02-11,19:00:00,2.66,2.66,2.6,2.62,12760,0
2014-02-11,20:00:00,2.6272,2.64,2.6,2.61,6016,0
2014-02-11,21:00:00,2.6001,2.61,2.56,2.6,24244,0
2014-02-11,22:00:00,2.59,2.6,2.54,2.55,28795,0
2014-02-12,16:00:00,2.56,2.58,2.52,2.5651,24755,0
2014-02-12,17:00:00,2.56,2.64,2.52,2.54,46189,0
2014-02-12,18:00:00,2.55,2.55,2.5,2.52,27587,0
2014-02-12,19:00:00,2.52,2.53,2.51,2.51,13180,0
2014-02-12,20:00:00,2.5116,2.53,2.51,2.5232,11381,0
2014-02-12,21:00:00,2.52,2.5216,2.51,2.51,7300,0
2014-02-12,22:00:00,2.51,2.52,2.5,2.51,20944,0
2014-02-13,16:00:00,2.5,2.5,2.4732,2.49,12778,0
2014-02-13,17:00:00,2.49,2.59,2.49,2.58,9650,0
2014-02-13,18:00:00,2.57,2.58,2.5,2.5,22200,0
2014-02-13,19:00:00,2.5,2.51,2.49,2.51,30701,0
2014-02-13,20:00:00,2.54,2.55,2.5,2.55,8600,0
2014-02-13,21:00:00,2.56,2.6465,2.51,2.52,12790,0
2014-02-13,22:00:00,2.5319,2.57,2.5,2.57,13531,0
2014-02-14,16:00:00,2.58,2.5998,2.53,2.53,14116,0
2014-02-14,17:00:00,2.53,2.53,2.4801,2.49,24612,0
2014-02-14,18:00:00,2.5,2.53,2.4948,2.5,10369,0
2014-02-14,19:00:00,2.501,2.53,2.5,2.53,8250,0
2014-02-14,20:00:00,2.52,2.53,2.49,2.49,19376,0
2014-02-14,21:00:00,2.49,2.5,2.47,2.49,16550,0
2014-02-14,22:00:00,2.49,2.49,2.47,2.49,19664,0
2014-02-18,16:00:00,2.54,2.55,2.48,2.55,2615,0
2014-02-18,17:00:00,2.549,2.55,2.48,2.49,13566,0
2014-02-18,18:00:00,2.5,2.5152,2.48,2.51,3800,0
2014-02-18,19:00:00,2.51,2.51,2.46,2.498,9300,0
2014-02-18,20:00:00,2.47,2.58,2.47,2.55,32439,0
2014-02-18,21:00:00,2.56,2.56,2.55,2.56,9200,0
2014-02-18,22:00:00,2.555,2.56,2.54,2.55,12116,0
2014-02-19,16:00:00,2.55,2.69,2.55,2.63,41254,0
2014-02-19,17:00:00,2.66,2.7118,2.57,2.64,97042,0
2014-02-19,18:00:00,2.63,2.63,2.56,2.59,37771,0
2014-02-19,19:00:00,2.5901,2.62,2.52,2.56,38750,0
2014-02-19,20:00:00,2.5552,2.61,2.5473,2.6,20500,0
2014-02-19,21:00:00,2.57,2.6,2.5501,2.56,10325,0
2014-02-19,22:00:00,2.55,2.6,2.54,2.58,7045,0
2014-02-20,16:00:00,2.52,2.61,2.52,2.57,34712,0
2014-02-20,17:00:00,2.59,2.6,2.533,2.5598,12360,0
2014-02-20,18:00:00,2.57,2.57,2.52,2.55,5720,0
2014-02-20,19:00:00,2.55,2.58,2.54,2.55,8260,0
2014-02-20,20:00:00,2.55,2.55,2.52,2.55,12500,0
2014-02-20,21:00:00,2.55,2.58,2.53,2.56,16150,0
2014-02-20,22:00:00,2.55,2.57,2.529,2.54,13302,0
2014-02-21,16:00:00,2.58,2.58,2.55,2.57,2600,0
2014-02-21,17:00:00,2.57,2.57,2.54,2.55,6393,0
2014-02-21,18:00:00,2.54,2.57,2.54,2.555,18890,0
2014-02-21,19:00:00,2.55,2.555,2.535,2.535,12997,0
2014-02-21,20:00:00,2.53,2.54,2.5,2.5,22218,0
2014-02-21,21:00:00,2.4999,2.525,2.4684,2.4684,11500,0
2014-02-21,22:00:00,2.48,2.51,2.47,2.4859,49364,0
2014-02-24,16:00:00,2.491,2.5055,2.49,2.5055,5650,0
2014-02-24,17:00:00,2.49,2.4901,2.49,2.4901,1800,0
2014-02-24,18:00:00,2.49,2.5,2.48,2.5,12563,0
2014-02-24,19:00:00,2.4932,2.56,2.4932,2.5499,2800,0
2014-02-24,20:00:00,2.55,2.55,2.5232,2.55,7350,0
2014-02-24,21:00:00,2.53,2.55,2.52,2.55,6650,0
2014-02-24,22:00:00,2.55,2.62,2.51,2.6,38052,0
2014-02-25,16:00:00,2.7,2.86,2.64,2.82,117888,0
2014-02-25,17:00:00,2.78,2.93,2.78,2.8601,213329,0
2014-02-25,18:00:00,2.87,3.04,2.79,2.91,266471,0
2014-02-25,19:00:00,2.9399,2.9399,2.77,2.82,74943,0
2014-02-25,20:00:00,2.82,2.83,2.76,2.799,29515,0
2014-02-25,21:00:00,2.798,2.84,2.76,2.82,31542,0
2014-02-25,22:00:00,2.81,2.8299,2.7,2.74,123304,0
2014-02-26,16:00:00,2.75,2.85,2.75,2.82,55731,0
2014-02-26,17:00:00,2.82,2.84,2.75,2.8399,52093,0
2014-02-26,18:00:00,2.84,2.8699,2.8,2.8201,21452,0
2014-02-26,19:00:00,2.85,2.85,2.7,2.75,52595,0
2014-02-26,20:00:00,2.72,2.76,2.7099,2.73,22317,0
2014-02-26,21:00:00,2.7308,2.765,2.72,2.74,17539,0
2014-02-26,22:00:00,2.74,2.74,2.65,2.7,45933,0
2014-02-27,16:00:00,2.77,2.8,2.716,2.79,8650,0
2014-02-27,17:00:00,2.7781,2.7781,2.7,2.71,28670,0
2014-02-27,18:00:00,2.74,2.75,2.72,2.75,2400,0
2014-02-27,19:00:00,2.75,2.75,2.72,2.74,6700,0
2014-02-27,20:00:00,2.72,2.72,2.7,2.72,3490,0
2014-02-27,21:00:00,2.7,2.74,2.7,2.7,14194,0
2014-02-27,22:00:00,2.72,2.74,2.69,2.73,28627,0
2014-02-28,16:00:00,2.8,2.88,2.8,2.86,45375,0
2014-02-28,17:00:00,2.8592,2.95,2.81,2.91,90643,0
2014-02-28,18:00:00,2.91,3.14,2.86,3.0999,414318,0
2014-02-28,19:00:00,3.08,3.15,2.85,2.9201,337125,0
2014-02-28,20:00:00,2.93,2.94,2.82,2.89,47613,0
2014-02-28,21:00:00,2.8701,2.9,2.76,2.78,65294,0
2014-02-28,22:00:00,2.78,2.84,2.76,2.79,73113,0
2014-03-03,16:00:00,2.82,2.82,2.65,2.81,63982,0
2014-03-03,17:00:00,2.79,2.82,2.73,2.79,36821,0
2014-03-03,18:00:00,2.7899,2.81,2.78,2.79,13764,0
2014-03-03,19:00:00,2.79,2.795,2.71,2.75,24223,0
2014-03-03,20:00:00,2.73,2.76,2.72,2.75,9945,0
2014-03-03,21:00:00,2.76,2.78,2.73,2.73,20300,0
2014-03-03,22:00:00,2.73,2.767,2.7201,2.76,14507,0
2014-03-04,16:00:00,2.8799,2.94,2.85,2.87,64496,0
2014-03-04,17:00:00,2.87,3.12,2.85,3.0822,226050,0
2014-03-04,18:00:00,3.1099,3.1099,2.91,2.94,113400,0
2014-03-04,19:00:00,2.956,2.98,2.89,2.8999,86632,0
2014-03-04,20:00:00,2.9,2.9,2.8,2.8299,58051,0
2014-03-04,21:00:00,2.8299,2.88,2.81,2.83,36200,0
2014-03-04,22:00:00,2.8388,2.87,2.83,2.83,50816,0
2014-03-05,16:00:00,2.88,2.93,2.82,2.83,32651,0
2014-03-05,17:00:00,2.869,3.03,2.83,2.9998,86152,0
2014-03-05,18:00:00,2.99,2.99,2.85,2.93,94367,0
2014-03-05,19:00:00,2.91,3.02,2.9,2.9528,180335,0
2014-03-05,20:00:00,2.9401,3,2.9,2.9643,27025,0
2014-03-05,21:00:00,2.9799,3.33,2.95,3.28,713574,0
2014-03-05,22:00:00,3.28,3.39,3.13,3.39,508682,0
2014-03-06,16:00:00,3.48,3.48,3.2,3.2801,243220,0
2014-03-06,17:00:00,3.2601,3.3,3.13,3.21,240936,0
2014-03-06,18:00:00,3.2043,3.2043,3.07,3.1399,132677,0
2014-03-06,19:00:00,3.12,3.18,3.07,3.14,48156,0
2014-03-06,20:00:00,3.1599,3.17,3.04,3.069,64976,0
2014-03-06,21:00:00,3.0799,3.09,3.01,3.09,147567,0
2014-03-06,22:00:00,3.08,3.11,3.02,3.04,130044,0
2014-03-07,16:00:00,3.1,3.12,3.02,3.03,36025,0
2014-03-07,17:00:00,3.0201,3.07,2.95,3.0199,101768,0
2014-03-07,18:00:00,3.01,3.11,2.98,3.05,54788,0
2014-03-07,19:00:00,3.06,3.19,3.05,3.1499,69107,0
2014-03-07,20:00:00,3.13,3.135,3,3.08,46647,0
2014-03-07,21:00:00,3.0899,3.0899,3.03,3.03,24498,0
2014-03-07,22:00:00,3.022,3.04,2.98,2.99,56317,0
2014-03-10,15:00:00,3,3.02,2.95,2.95,21890,0
2014-03-10,16:00:00,2.95,2.95,2.88,2.901,69880,0
2014-03-10,17:00:00,2.9,2.95,2.9,2.95,25504,0
2014-03-10,18:00:00,2.92,3.0101,2.9,2.99,42444,0
2014-03-10,19:00:00,2.99,3.11,2.99,3.06,84000,0
2014-03-10,20:00:00,3.03,3.08,3.02,3.05,9559,0
2014-03-10,21:00:00,3.04,3.14,3.03,3.13,70027,0
2014-03-11,15:00:00,3.61,3.61,3.26,3.3,463360,0
2014-03-11,16:00:00,3.28,3.43,3.27,3.3,226770,0
2014-03-11,17:00:00,3.33,3.49,3.31,3.386,406302,0
2014-03-11,18:00:00,3.37,3.44,3.11,3.1246,314908,0
2014-03-11,19:00:00,3.1203,3.28,3.1203,3.2,106308,0
2014-03-11,20:00:00,3.21,3.21,3.14,3.18,51430,0
2014-03-11,21:00:00,3.17,3.18,3.07,3.12,142830,0
2014-03-12,15:00:00,3.12,3.3,3,3.265,151051,0
2014-03-12,16:00:00,3.27,3.4,3.12,3.23,423573,0
2014-03-12,17:00:00,3.2125,3.22,3.12,3.2,82418,0
2014-03-12,18:00:00,3.18,3.195,3.11,3.13,26786,0
2014-03-12,19:00:00,3.11,3.14,3.1,3.14,32373,0
2014-03-12,20:00:00,3.14,3.22,3.14,3.18,41950,0
2014-03-12,21:00:00,3.15,3.34,3.15,3.28,534700,0
2014-03-13,15:00:00,3.37,3.6,3.3,3.51,566009,0
2014-03-13,16:00:00,3.5,3.53,3.35,3.42,378386,0
2014-03-13,17:00:00,3.4299,3.5,3.33,3.33,208933,0
2014-03-13,18:00:00,3.35,3.38,3.26,3.3,162482,0
2014-03-13,19:00:00,3.3,3.33,3.27,3.31,76379,0
2014-03-13,20:00:00,3.3,3.38,3.29,3.31,96840,0
2014-03-13,21:00:00,3.3101,3.33,3.27,3.3,99169,0
2014-03-14,15:00:00,3.3,3.349,3.2106,3.29,118283,0
2014-03-14,16:00:00,3.3,3.47,3.2601,3.41,114379,0
2014-03-14,17:00:00,3.43,3.54,3.4,3.47,125614,0
2014-03-14,18:00:00,3.488,3.54,3.43,3.474,314464,0
2014-03-14,19:00:00,3.47,3.5,3.37,3.3801,76648,0
2014-03-14,20:00:00,3.3808,3.3808,3.2901,3.31,39049,0
2014-03-14,21:00:00,3.3101,3.399,3.29,3.35,103944,0
2014-03-17,15:00:00,3.44,3.58,3.38,3.551,115798,0
2014-03-17,16:00:00,3.565,3.59,3.49,3.51,290632,0
2014-03-17,17:00:00,3.5108,3.55,3.49,3.5,93137,0
2014-03-17,18:00:00,3.49,3.73,3.49,3.68,330024,0
2014-03-17,19:00:00,3.675,3.7,3.59,3.655,119092,0
2014-03-17,20:00:00,3.65,3.75,3.6,3.72,269564,0
2014-03-17,21:00:00,3.7264,3.81,3.71,3.73,389719,0
2014-03-18,15:00:00,3.78,3.82,3.62,3.79,182088,0
2014-03-18,16:00:00,3.79,3.7901,3.52,3.53,211951,0
2014-03-18,17:00:00,3.54,3.61,3.5,3.54,79385,0
2014-03-18,18:00:00,3.55,3.73,3.55,3.664,44721,0
2014-03-18,19:00:00,3.6401,3.75,3.59,3.7038,53814,0
2014-03-18,20:00:00,3.74,3.79,3.7,3.7,52375,0
2014-03-18,21:00:00,3.69,3.694,3.46,3.56,178560,0
2014-03-19,15:00:00,3.6,3.6,3.505,3.57,44505,0
2014-03-19,16:00:00,3.57,3.66,3.38,3.44,198009,0
2014-03-19,17:00:00,3.43,3.49,3.36,3.37,142771,0
2014-03-19,18:00:00,3.38,3.45,3.37,3.39,97658,0
2014-03-19,19:00:00,3.39,3.42,3.38,3.38,55933,0
2014-03-19,20:00:00,3.39,3.4,3.38,3.38,51176,0
2014-03-19,21:00:00,3.38,3.72,3.25,3.6,413325,0
2014-03-20,15:00:00,3.5499,3.6,3.41,3.41,50010,0
2014-03-20,16:00:00,3.4103,3.52,3.4,3.4299,77403,0
2014-03-20,17:00:00,3.42,3.4599,3.41,3.42,44347,0
2014-03-20,18:00:00,3.42,3.44,3.41,3.42,31984,0
2014-03-20,19:00:00,3.42,3.44,3.42,3.43,18550,0
2014-03-20,20:00:00,3.43,3.45,3.42,3.4259,25693,0
2014-03-20,21:00:00,3.42,3.47,3.4,3.41,59729,0
2014-03-21,15:00:00,3.47,3.54,3.42,3.5201,30795,0
2014-03-21,16:00:00,3.5201,3.5201,3.38,3.38,38599,0
2014-03-21,17:00:00,3.38,3.45,3.38,3.45,5950,0
2014-03-21,18:00:00,3.43,3.4999,3.43,3.44,9314,0
2014-03-21,19:00:00,3.43,3.454,3.39,3.39,16500,0
2014-03-21,20:00:00,3.401,3.44,3.32,3.35,52711,0
2014-03-21,21:00:00,3.33,3.36,3.31,3.33,51087,0
2014-03-24,15:00:00,3.38,3.43,3.35,3.41,17862,0
2014-03-24,16:00:00,3.4199,3.4199,3.14,3.14,150192,0
2014-03-24,17:00:00,3.12,3.14,3.03,3.1113,166458,0
2014-03-24,18:00:00,3.12,3.16,3.1,3.12,22320,0
2014-03-24,19:00:00,3.13,3.18,3.1,3.1799,15203,0
2014-03-24,20:00:00,3.1601,3.19,3.15,3.15,12958,0
2014-03-24,21:00:00,3.16,3.27,3.12,3.27,77043,0
2014-03-25,15:00:00,3.28,3.28,3.17,3.24,21414,0
2014-03-25,16:00:00,3.25,3.29,3.17,3.205,41201,0
2014-03-25,17:00:00,3.2,3.23,3.13,3.15,35057,0
2014-03-25,18:00:00,3.15,3.1999,3.13,3.1801,12655,0
2014-03-25,19:00:00,3.18,3.219,3.17,3.2,16953,0
2014-03-25,20:00:00,3.2,3.21,3.17,3.17,11937,0
2014-03-25,21:00:00,3.16,3.25,3.16,3.25,37326,0
2014-03-26,15:00:00,3.3,3.34,3.26,3.3001,47766,0
2014-03-26,16:00:00,3.3,3.3001,3.25,3.25,52397,0
2014-03-26,17:00:00,3.25,3.25,3.15,3.19,26073,0
2014-03-26,18:00:00,3.16,3.18,3.15,3.172,27300,0
2014-03-26,19:00:00,3.18,3.189,3.12,3.12,34794,0
2014-03-26,20:00:00,3.13,3.14,3.09,3.11,28408,0
2014-03-26,21:00:00,3.1156,3.1299,3.07,3.08,75656,0
2014-03-27,15:00:00,3,3.025,2.81,2.9,252785,0
2014-03-27,16:00:00,2.9101,2.94,2.8,2.85,139480,0
2014-03-27,17:00:00,2.8535,2.89,2.815,2.82,101186,0
2014-03-27,18:00:00,2.81,2.88,2.8,2.86,74415,0
2014-03-27,19:00:00,2.85,2.8779,2.83,2.85,16267,0
2014-03-27,20:00:00,2.85,2.85,2.81,2.825,30019,0
2014-03-27,21:00:00,2.81,2.84,2.8,2.81,217350,0
2014-03-28,15:00:00,2.85,2.8856,2.78,2.78,33387,0
2014-03-28,16:00:00,2.79,2.88,2.78,2.81,51205,0
2014-03-28,17:00:00,2.87,2.87,2.78,2.79,21575,0
2014-03-28,18:00:00,2.79,2.79,2.74,2.7501,80638,0
2014-03-28,19:00:00,2.76,2.76,2.69,2.7,88079,0
2014-03-28,20:00:00,2.72,2.84,2.71,2.7499,69178,0
2014-03-28,21:00:00,2.75,2.8,2.7,2.76,82229,0
2014-03-31,16:00:00,2.83,2.8499,2.7501,2.77,14916,0
2014-03-31,17:00:00,2.78,2.8001,2.661,2.67,87097,0
2014-03-31,18:00:00,2.6875,2.69,2.62,2.69,46628,0
2014-03-31,19:00:00,2.68,2.72,2.62,2.707,28570,0
2014-03-31,20:00:00,2.69,2.71,2.67,2.69,6781,0
2014-03-31,21:00:00,2.69,2.7,2.67,2.6801,6600,0
2014-03-31,22:00:00,2.68,2.76,2.66,2.7,68671,0
2014-04-01,16:00:00,2.71,2.725,2.7,2.7195,5215,0
2014-04-01,17:00:00,2.737,2.8,2.71,2.8,47257,0
2014-04-01,18:00:00,2.78,2.79,2.73,2.73,30033,0
2014-04-01,19:00:00,2.7399,2.75,2.7201,2.75,6900,0
2014-04-01,20:00:00,2.7499,2.7499,2.72,2.72,8030,0
2014-04-01,21:00:00,2.73,2.75,2.73,2.745,13495,0
2014-04-01,22:00:00,2.74,2.81,2.72,2.81,112303,0
2014-04-02,16:00:00,2.81,2.85,2.63,2.7399,72853,0
2014-04-02,17:00:00,2.721,2.791,2.71,2.75,19033,0
2014-04-02,18:00:00,2.76,2.7699,2.74,2.75,17930,0
2014-04-02,19:00:00,2.75,2.75,2.7,2.73,23088,0
2014-04-02,20:00:00,2.73,2.73,2.7,2.7,20210,0
2014-04-02,21:00:00,2.71,2.71,2.65,2.68,31966,0
2014-04-02,22:00:00,2.65,2.69,2.65,2.68,64426,0
2014-04-03,16:00:00,2.7,2.71,2.65,2.67,34472,0
2014-04-03,17:00:00,2.71,2.73,2.69,2.71,38243,0
2014-04-03,18:00:00,2.7,2.71,2.65,2.66,11472,0
2014-04-03,19:00:00,2.66,2.7,2.65,2.67,35451,0
2014-04-03,20:00:00,2.69,2.7,2.66,2.68,10004,0
2014-04-03,21:00:00,2.68,2.69,2.66,2.68,10300,0
2014-04-03,22:00:00,2.68,2.69,2.67,2.69,29966,0
2014-04-04,16:00:00,2.7099,2.7099,2.67,2.6701,9450,0
2014-04-04,17:00:00,2.68,2.709,2.6,2.64,36902,0
2014-04-04,18:00:00,2.63,2.64,2.54,2.62,88714,0
2014-04-04,19:00:00,2.62,2.62,2.56,2.572,36787,0
2014-04-04,20:00:00,2.57,2.59,2.56,2.58,34747,0
2014-04-04,21:00:00,2.59,2.59,2.55,2.58,35050,0
2014-04-04,22:00:00,2.57,2.619,2.563,2.58,62686,0
2014-04-07,16:00:00,2.55,2.5718,2.47,2.5101,46839,0
2014-04-07,17:00:00,2.51,2.58,2.5,2.53,8755,0
2014-04-07,18:00:00,2.53,2.54,2.51,2.52,8638,0
2014-04-07,19:00:00,2.52,2.54,2.48,2.48,22450,0
2014-04-07,20:00:00,2.4801,2.53,2.4701,2.53,33453,0
2014-04-07,21:00:00,2.52,2.57,2.52,2.56,39839,0
2014-04-07,22:00:00,2.56,2.57,2.51,2.57,19429,0
2014-04-08,16:00:00,2.6,2.66,2.58,2.6,8000,0
2014-04-08,17:00:00,2.6,2.6,2.52,2.56,11361,0
2014-04-08,18:00:00,2.53,2.54,2.48,2.51,15990,0
2014-04-08,19:00:00,2.53,2.54,2.51,2.52,6590,0
2014-04-08,20:00:00,2.53,2.54,2.5,2.52,8852,0
2014-04-08,21:00:00,2.54,2.55,2.5,2.51,3170,0
2014-04-08,22:00:00,2.53,2.54,2.51,2.53,22380,0
2014-04-09,16:00:00,2.52,2.53,2.5,2.51,6946,0
2014-04-09,17:00:00,2.55,2.55,2.49,2.49,11172,0
2014-04-09,18:00:00,2.46,2.529,2.46,2.5,32942,0
2014-04-09,19:00:00,2.5,2.54,2.48,2.53,18319,0
2014-04-09,20:00:00,2.53,2.54,2.5,2.51,9700,0
2014-04-09,21:00:00,2.51,2.55,2.51,2.5345,25976,0
2014-04-09,22:00:00,2.535,2.54,2.5,2.51,13406,0
2014-04-10,16:00:00,2.54,2.58,2.53,2.53,3350,0
2014-04-10,17:00:00,2.56,2.59,2.55,2.57,14036,0
2014-04-10,18:00:00,2.57,2.58,2.51,2.51,25825,0
2014-04-10,19:00:00,2.51,2.51,2.46,2.46,10900,0
2014-04-10,20:00:00,2.46,2.47,2.45,2.47,10664,0
2014-04-10,21:00:00,2.46,2.48,2.42,2.42,22530,0
2014-04-10,22:00:00,2.4201,2.46,2.41,2.44,84885,0
2014-04-11,16:00:00,2.42,2.43,2.35,2.43,7951,0
2014-04-11,17:00:00,2.43,2.5,2.43,2.5,6768,0
2014-04-11,18:00:00,2.5,2.51,2.43,2.43,8389,0
2014-04-11,19:00:00,2.43,2.45,2.37,2.4,22560,0
2014-04-11,20:00:00,2.4,2.4,2.39,2.39,2900,0
2014-04-11,21:00:00,2.39,2.4,2.37,2.38,7166,0
2014-04-11,22:00:00,2.389,2.435,2.3421,2.39,88917,0
2014-04-14,16:00:00,2.436,2.44,2.4,2.436,1818,0
2014-04-14,17:00:00,2.41,2.43,2.39,2.39,5400,0
2014-04-14,18:00:00,2.4,2.42,2.39,2.42,7654,0
2014-04-14,19:00:00,2.428,2.43,2.3969,2.3969,8276,0
2014-04-14,20:00:00,2.4,2.4,2.38,2.38,6648,0
2014-04-14,21:00:00,2.39,2.4,2.32,2.32,21313,0
2014-04-14,22:00:00,2.32,2.36,2.31,2.34,30653,0
2014-04-15,16:00:00,2.34,2.38,2.3,2.331,5674,0
2014-04-15,17:00:00,2.331,2.34,2.25,2.25,57768,0
2014-04-15,18:00:00,2.25,2.25,2.17,2.19,139128,0
2014-04-15,19:00:00,2.18,2.2,2.16,2.18,47248,0
2014-04-15,20:00:00,2.16,2.23,2.16,2.22,15841,0
2014-04-15,21:00:00,2.22,2.25,2.2,2.24,21560,0
2014-04-15,22:00:00,2.23,2.29,2.23,2.28,32100,0
2014-04-16,16:00:00,2.2999,2.34,2.2999,2.339,4322,0
2014-04-16,17:00:00,2.32,2.35,2.28,2.32,6808,0
2014-04-16,18:00:00,2.32,2.36,2.32,2.36,23549,0
2014-04-16,19:00:00,2.36,2.36,2.32,2.34,2500,0
2014-04-16,20:00:00,2.34,2.34,2.28,2.28,6970,0
2014-04-16,21:00:00,2.28,2.31,2.23,2.28,18822,0
2014-04-16,22:00:00,2.3,2.34,2.29,2.3,13627,0
2014-04-17,16:00:00,2.32,2.32,2.28,2.28,4177,0
2014-04-17,17:00:00,2.36,2.39,2.31,2.31,11202,0
2014-04-17,18:00:00,2.32,2.35,2.29,2.33,7700,0
2014-04-17,19:00:00,2.33,2.4,2.31,2.4,16973,0
2014-04-17,20:00:00,2.39,2.4,2.37,2.392,8250,0
2014-04-17,21:00:00,2.39,2.43,2.39,2.428,34778,0
2014-04-17,22:00:00,2.42,2.43,2.37,2.38,22032,0
2014-04-21,16:00:00,2.38,2.54,2.38,2.47,33396,0
2014-04-21,17:00:00,2.48,2.53,2.34,2.34,48538,0
2014-04-21,18:00:00,2.349,2.4194,2.349,2.38,30416,0
2014-04-21,19:00:00,2.39,2.4,2.38,2.38,19083,0
2014-04-21,20:00:00,2.39,2.4,2.39,2.39,4700,0
2014-04-21,21:00:00,2.4,2.4,2.38,2.3999,16558,0
2014-04-21,22:00:00,2.38,2.42,2.38,2.4001,31445,0
2014-04-22,16:00:00,2.45,2.45,2.362,2.4,54882,0
2014-04-22,17:00:00,2.42,2.49,2.36,2.46,29373,0
2014-04-22,18:00:00,2.4799,2.58,2.46,2.49,96716,0
2014-04-22,19:00:00,2.49,2.55,2.4899,2.54,25477,0
2014-04-22,20:00:00,2.52,2.52,2.39,2.39,93327,0
2014-04-22,21:00:00,2.427,2.45,2.4,2.4201,9800,0
2014-04-22,22:00:00,2.42,2.421,2.3999,2.42,30061,0
2014-04-23,16:00:00,2.4299,2.4299,2.42,2.42,350,0
2014-04-23,17:00:00,2.44,2.44,2.38,2.38,16449,0
2014-04-23,18:00:00,2.36,2.4,2.33,2.34,32808,0
2014-04-23,19:00:00,2.35,2.367,2.34,2.3401,5836,0
2014-04-23,20:00:00,2.34,2.35,2.33,2.34,8505,0
2014-04-23,21:00:00,2.33,2.3499,2.31,2.34,22324,0
2014-04-23,22:00:00,2.342,2.35,2.32,2.35,40186,0
2014-04-24,16:00:00,2.38,2.38,2.3304,2.35,4173,0
2014-04-24,17:00:00,2.35,2.37,2.32,2.33,9859,0
2014-04-24,18:00:00,2.35,2.368,2.3299,2.3299,10515,0
2014-04-24,19:00:00,2.29,2.33,2.29,2.3201,12280,0
2014-04-24,20:00:00,2.33,2.33,2.3,2.31,4300,0
2014-04-24,21:00:00,2.33,2.33,2.3,2.3,9420,0
2014-04-24,22:00:00,2.318,2.33,2.31,2.32,19263,0
2014-04-25,16:00:00,2.28,2.28,2.23,2.25,23445,0
2014-04-25,17:00:00,2.26,2.3199,2.24,2.261,21783,0
2014-04-25,18:00:00,2.2601,2.28,2.25,2.27,16000,0
2014-04-25,19:00:00,2.25,2.252,2.2,2.22,24717,0
2014-04-25,20:00:00,2.22,2.2402,2.22,2.22,9698,0
2014-04-25,21:00:00,2.21,2.22,2.2,2.22,8855,0
2014-04-25,22:00:00,2.2199,2.26,2.2199,2.26,19968,0
2014-04-28,16:00:00,2.26,2.29,2.2,2.2,4769,0
2014-04-28,17:00:00,2.24,2.28,2.21,2.2448,18453,0
2014-04-28,18:00:00,2.22,2.25,2.21,2.22,5500,0
2014-04-28,19:00:00,2.23,2.23,2.2,2.2196,11061,0
2014-04-28,20:00:00,2.2199,2.22,2.16,2.17,19516,0
2014-04-28,21:00:00,2.16,2.1999,2.16,2.1999,11253,0
2014-04-28,22:00:00,2.2,2.26,2.17,2.21,14959,0
2014-04-29,16:00:00,2.295,2.419,2.295,2.36,34826,0
2014-04-29,17:00:00,2.4099,2.439,2.37,2.37,34440,0
2014-04-29,18:00:00,2.37,2.4,2.35,2.37,3950,0
2014-04-29,19:00:00,2.36,2.368,2.29,2.3376,53987,0
2014-04-29,20:00:00,2.32,2.3399,2.26,2.32,42157,0
2014-04-29,21:00:00,2.31,2.336,2.28,2.28,15185,0
2014-04-29,22:00:00,2.28,2.32,2.28,2.32,26830,0
2014-04-30,16:00:00,2.3101,2.33,2.28,2.28,1717,0
2014-04-30,17:00:00,2.2799,2.32,2.2799,2.3,29524,0
2014-04-30,18:00:00,2.29,2.29,2.203,2.21,21201,0
2014-04-30,19:00:00,2.22,2.25,2.22,2.23,800,0
2014-04-30,20:00:00,2.24,2.24,2.2,2.2,13940,0
2014-04-30,21:00:00,2.21,2.2206,2.2056,2.21,6150,0
2014-04-30,22:00:00,2.22,2.27,2.22,2.27,23675,0
2014-05-01,16:00:00,2.29,2.2999,2.25,2.25,5902,0
2014-05-01,17:00:00,2.28,2.28,2.21,2.25,9848,0
2014-05-01,18:00:00,2.25,2.26,2.231,2.251,7800,0
2014-05-01,19:00:00,2.26,2.3,2.25,2.27,9100,0
2014-05-01,20:00:00,2.25,2.274,2.25,2.261,4400,0
2014-05-01,21:00:00,2.27,2.28,2.25,2.26,3600,0
2014-05-01,22:00:00,2.26,2.27,2.23,2.26,13970,0
2014-05-02,16:00:00,2.26,2.3199,2.22,2.232,17406,0
2014-05-02,17:00:00,2.2398,2.27,2.22,2.23,33366,0
2014-05-02,18:00:00,2.22,2.23,2.18,2.18,27880,0
2014-05-02,19:00:00,2.192,2.2399,2.19,2.21,6500,0
2014-05-02,20:00:00,2.21,2.23,2.19,2.218,7204,0
2014-05-02,21:00:00,2.2,2.23,2.2,2.22,8636,0
2014-05-02,22:00:00,2.2,2.27,2.2,2.27,23833,0
2014-05-05,16:00:00,2.2999,2.33,2.24,2.2601,21541,0
2014-05-05,17:00:00,2.2999,2.3,2.27,2.3,10350,0
2014-05-05,18:00:00,2.28,2.29,2.28,2.28,1500,0
2014-05-05,19:00:00,2.27,2.31,2.27,2.29,2352,0
2014-05-05,20:00:00,2.29,2.31,2.29,2.29,5146,0
2014-05-05,21:00:00,2.29,2.3,2.2802,2.29,8150,0
2014-05-05,22:00:00,2.29,2.3,2.27,2.3,13301,0
2014-05-06,16:00:00,2.35,2.35,2.3,2.3001,3450,0
2014-05-06,17:00:00,2.32,2.34,2.3,2.33,9097,0
2014-05-06,18:00:00,2.33,2.33,2.29,2.3,12149,0
2014-05-06,19:00:00,2.29,2.32,2.29,2.3,5630,0
2014-05-06,20:00:00,2.3,2.31,2.29,2.29,10492,0
2014-05-06,21:00:00,2.3,2.3,2.28,2.28,6058,0
2014-05-06,22:00:00,2.28,2.3,2.27,2.28,19020,0
2014-05-07,16:00:00,2.33,2.3699,2.301,2.31,8140,0
2014-05-07,17:00:00,2.32,2.32,2.259,2.2699,24390,0
2014-05-07,18:00:00,2.27,2.3,2.26,2.3,19935,0
2014-05-07,19:00:00,2.31,2.315,2.29,2.29,21006,0
2014-05-07,20:00:00,2.2727,2.28,2.27,2.28,6300,0
2014-05-07,21:00:00,2.28,2.29,2.28,2.28,3650,0
2014-05-07,22:00:00,2.29,2.34,2.29,2.34,44983,0
