Date,Time,Open,High,Low,Close,Volume,OpenInt
2014-02-10,16:00:00,1.59,1.6,1.585,1.585,20446,0
2014-02-10,17:00:00,1.56,1.5916,1.56,1.59,24127,0
2014-02-10,18:00:00,1.59,1.59,1.58,1.5816,4300,0
2014-02-10,19:00:00,1.5864,1.5916,1.58,1.5889,9083,0
2014-02-10,20:00:00,1.59,1.59,1.56,1.56,14100,0
2014-02-10,21:00:00,1.56,1.6,1.55,1.6,29914,0
2014-02-10,22:00:00,1.59,1.6,1.59,1.6,5606,0
2014-02-11,16:00:00,1.59,1.59,1.57,1.57,2900,0
2014-02-11,17:00:00,1.57,1.59,1.57,1.57,23710,0
2014-02-11,18:00:00,1.57,1.59,1.57,1.58,7845,0
2014-02-11,19:00:00,1.5799,1.59,1.579,1.59,6300,0
2014-02-11,20:00:00,1.5847,1.6,1.5847,1.5916,10100,0
2014-02-11,21:00:00,1.59,1.5915,1.59,1.59,17300,0
2014-02-11,22:00:00,1.5899,1.59,1.58,1.58,17380,0
2014-02-12,16:00:00,1.5201,1.56,1.5201,1.56,2800,0
2014-02-12,17:00:00,1.55,1.55,1.51,1.5206,15625,0
2014-02-12,18:00:00,1.52,1.54,1.52,1.54,11665,0
2014-02-12,19:00:00,1.5399,1.57,1.5399,1.57,3631,0
2014-02-12,20:00:00,1.56,1.57,1.56,1.57,3200,0
2014-02-12,21:00:00,1.57,1.6,1.57,1.59,10000,0
2014-02-12,22:00:00,1.59,1.61,1.59,1.59,24054,0
2014-02-13,16:00:00,1.61,1.62,1.56,1.59,12718,0
2014-02-13,17:00:00,1.59,1.6,1.58,1.59,13481,0
2014-02-13,18:00:00,1.59,1.6,1.57,1.57,20825,0
2014-02-13,19:00:00,1.57,1.57,1.56,1.57,9257,0
2014-02-13,20:00:00,1.5699,1.6084,1.5684,1.58,26800,0
2014-02-13,21:00:00,1.5968,1.6,1.59,1.6,7715,0
2014-02-13,22:00:00,1.59,1.62,1.59,1.59,23771,0
2014-02-14,16:00:00,1.57,1.6088,1.54,1.55,11158,0
2014-02-14,17:00:00,1.5808,1.6267,1.58,1.59,5467,0
2014-02-14,18:00:00,1.6,1.6,1.58,1.58,8200,0
2014-02-14,19:00:00,1.5873,1.64,1.5873,1.64,7275,0
2014-02-14,20:00:00,1.64,1.67,1.6399,1.67,9080,0
2014-02-14,21:00:00,1.66,1.6684,1.64,1.64,10550,0
2014-02-14,22:00:00,1.65,1.67,1.65,1.67,13926,0
2014-02-18,16:00:00,1.6,1.66,1.6,1.66,9514,0
2014-02-18,17:00:00,1.659,1.702,1.64,1.7,28768,0
2014-02-18,18:00:00,1.6901,1.7,1.66,1.6701,48600,0
2014-02-18,19:00:00,1.6716,1.72,1.66,1.72,12086,0
2014-02-18,20:00:00,1.72,1.735,1.72,1.73,13715,0
2014-02-18,21:00:00,1.74,1.74,1.73,1.73,19700,0
2014-02-18,22:00:00,1.73,1.8,1.73,1.79,120561,0
2014-02-19,16:00:00,1.79,1.79,1.75,1.75,10900,0
2014-02-19,17:00:00,1.78,1.88,1.7701,1.84,161547,0
2014-02-19,18:00:00,1.8401,1.85,1.81,1.81,70562,0
2014-02-19,19:00:00,1.81,1.8299,1.75,1.77,47961,0
2014-02-19,20:00:00,1.77,1.7784,1.75,1.76,11460,0
2014-02-19,21:00:00,1.75,1.7799,1.75,1.76,17240,0
2014-02-19,22:00:00,1.7601,1.79,1.75,1.79,41707,0
2014-02-20,16:00:00,1.77,1.82,1.75,1.82,84349,0
2014-02-20,17:00:00,1.82,1.91,1.81,1.87,256551,0
2014-02-20,18:00:00,1.8601,1.88,1.84,1.8501,61343,0
2014-02-20,19:00:00,1.8501,1.88,1.85,1.859,27197,0
2014-02-20,20:00:00,1.86,1.88,1.85,1.88,35024,0
2014-02-20,21:00:00,1.8801,1.94,1.88,1.92,81889,0
2014-02-20,22:00:00,1.92,1.93,1.88,1.93,65629,0
2014-02-21,16:00:00,1.94,1.9401,1.89,1.9085,12259,0
2014-02-21,17:00:00,1.9001,1.91,1.86,1.88,23776,0
2014-02-21,18:00:00,1.87,2,1.85,1.97,68809,0
2014-02-21,19:00:00,1.97,1.9815,1.93,1.93,31850,0
2014-02-21,20:00:00,1.93,1.98,1.93,1.97,23274,0
2014-02-21,21:00:00,1.9701,1.9701,1.9501,1.96,22030,0
2014-02-21,22:00:00,1.95,1.95,1.9132,1.935,16712,0
2014-02-24,16:00:00,1.95,1.95,1.949,1.95,10272,0
2014-02-24,17:00:00,1.965,1.9899,1.9,1.91,21023,0
2014-02-24,18:00:00,1.94,1.98,1.9202,1.98,26745,0
2014-02-24,19:00:00,1.95,1.9516,1.92,1.9201,5576,0
2014-02-24,20:00:00,1.944,1.96,1.944,1.96,5300,0
2014-02-24,21:00:00,1.96,1.97,1.96,1.96,7300,0
2014-02-24,22:00:00,1.9592,1.96,1.94,1.94,26542,0
2014-02-25,16:00:00,1.861,1.905,1.85,1.87,8780,0
2014-02-25,17:00:00,1.9,1.9,1.88,1.89,12800,0
2014-02-25,18:00:00,1.919,1.919,1.87,1.875,22120,0
2014-02-25,19:00:00,1.88,1.9001,1.88,1.9,4004,0
2014-02-25,20:00:00,1.91,1.9141,1.9,1.9,6200,0
2014-02-25,21:00:00,1.9,1.9,1.9,1.9,500,0
2014-02-25,22:00:00,1.91,1.91,1.8,1.82,79940,0
2014-02-26,16:00:00,1.85,1.85,1.83,1.83,2400,0
2014-02-26,17:00:00,1.83,1.85,1.82,1.83,11732,0
2014-02-26,18:00:00,1.8201,1.86,1.82,1.822,30103,0
2014-02-26,19:00:00,1.82,1.82,1.81,1.82,3314,0
2014-02-26,20:00:00,1.82,1.82,1.8101,1.82,6700,0
2014-02-26,21:00:00,1.82,1.82,1.81,1.82,800,0
2014-02-26,22:00:00,1.82,1.84,1.81,1.84,16518,0
2014-02-27,16:00:00,1.85,1.85,1.8,1.803,18600,0
2014-02-27,17:00:00,1.81,1.82,1.8,1.8,1880,0
2014-02-27,18:00:00,1.8,1.8092,1.8,1.8,21000,0
2014-02-27,19:00:00,1.81,1.8299,1.81,1.81,13800,0
2014-02-27,20:00:00,1.81,1.83,1.81,1.83,3500,0
2014-02-27,21:00:00,1.81,1.81,1.8,1.8,5955,0
2014-02-27,22:00:00,1.8,1.8099,1.75,1.76,39655,0
2014-02-28,16:00:00,1.75,1.78,1.72,1.75,42800,0
2014-02-28,17:00:00,1.75,1.77,1.7355,1.74,47424,0
2014-02-28,18:00:00,1.74,1.749,1.71,1.72,41505,0
2014-02-28,19:00:00,1.72,1.74,1.72,1.72,3684,0
2014-02-28,20:00:00,1.72,1.75,1.72,1.75,22307,0
2014-02-28,21:00:00,1.74,1.75,1.73,1.75,9000,0
2014-02-28,22:00:00,1.7499,1.75,1.74,1.74,15200,0
2014-03-03,16:00:00,1.71,1.75,1.7,1.701,11024,0
2014-03-03,17:00:00,1.717,1.717,1.71,1.71,1500,0
2014-03-03,18:00:00,1.7,1.7,1.66,1.68,24271,0
2014-03-03,19:00:00,1.689,1.7,1.67,1.67,10200,0
2014-03-03,20:00:00,1.67,1.7,1.67,1.7,14125,0
2014-03-03,21:00:00,1.6892,1.701,1.6892,1.7001,26826,0
2014-03-03,22:00:00,1.71,1.7299,1.68,1.68,17079,0
2014-03-04,16:00:00,1.7675,1.77,1.765,1.765,3925,0
2014-03-04,17:00:00,1.7322,1.76,1.71,1.71,39300,0
2014-03-04,18:00:00,1.71,1.76,1.71,1.76,150145,0
2014-03-04,19:00:00,1.77,1.8,1.77,1.7916,17900,0
2014-03-04,20:00:00,1.7923,1.81,1.7801,1.7801,11465,0
2014-03-04,21:00:00,1.79,1.79,1.61,1.76,120726,0
2014-03-04,22:00:00,1.75,1.79,1.735,1.77,49712,0
2014-03-05,16:00:00,1.78,1.78,1.6714,1.6714,3500,0
2014-03-05,17:00:00,1.75,1.75,1.69,1.7,23762,0
2014-03-05,18:00:00,1.7216,1.7216,1.7147,1.72,29600,0
2014-03-05,19:00:00,1.7202,1.74,1.72,1.7399,6530,0
2014-03-05,20:00:00,1.75,1.75,1.75,1.75,49784,0
2014-03-05,21:00:00,1.74,1.7598,1.74,1.7598,21580,0
2014-03-05,22:00:00,1.75,1.76,1.7302,1.75,15810,0
2014-03-06,16:00:00,1.78,1.78,1.77,1.77,1465,0
2014-03-06,17:00:00,1.7799,1.7799,1.71,1.72,27600,0
2014-03-06,18:00:00,1.7201,1.753,1.7201,1.753,8470,0
2014-03-06,19:00:00,1.7599,1.76,1.72,1.7299,55840,0
2014-03-06,20:00:00,1.73,1.74,1.7,1.7,13005,0
2014-03-06,21:00:00,1.699,1.7,1.69,1.7,15892,0
2014-03-06,22:00:00,1.71,1.75,1.71,1.75,99224,0
2014-03-07,16:00:00,1.89,2.45,1.89,2.25,1186955,0
2014-03-07,17:00:00,2.26,2.55,2.221,2.311,1695004,0
2014-03-07,18:00:00,2.311,2.53,2.21,2.4798,957534,0
2014-03-07,19:00:00,2.46,2.69,2.42,2.6475,2283836,0
2014-03-07,20:00:00,2.6499,2.65,2.5,2.57,558684,0
2014-03-07,21:00:00,2.59,2.64,2.54,2.576,508956,0
2014-03-07,22:00:00,2.548,2.56,2.32,2.42,1557940,0
2014-03-10,15:00:00,2.39,2.39,2.12,2.2304,1234810,0
2014-03-10,16:00:00,2.24,2.262,2.01,2.02,874047,0
2014-03-10,17:00:00,2.04,2.16,1.98,2.16,626939,0
2014-03-10,18:00:00,2.16,2.17,2.08,2.104,238805,0
2014-03-10,19:00:00,2.1099,2.12,2.0799,2.09,116154,0
2014-03-10,20:00:00,2.08,2.0899,2.05,2.0699,58722,0
2014-03-10,21:00:00,2.0699,2.12,2.02,2.09,294604,0
2014-03-11,15:00:00,2.14,2.15,2.05,2.09,110511,0
2014-03-11,16:00:00,2.09,2.2,2.08,2.1404,179720,0
2014-03-11,17:00:00,2.15,2.16,2.1,2.12,81070,0
2014-03-11,18:00:00,2.13,2.13,2.11,2.12,48045,0
2014-03-11,19:00:00,2.12,2.12,2.01,2.05,108349,0
2014-03-11,20:00:00,2.05,2.0601,1.98,2.06,298928,0
2014-03-11,21:00:00,2.06,2.0899,2.04,2.04,267070,0
2014-03-12,15:00:00,2.04,2.09,1.93,2.0152,275166,0
2014-03-12,16:00:00,2.001,2.04,1.99,2.014,92438,0
2014-03-12,17:00:00,2.02,2.02,1.9,1.96,278816,0
2014-03-12,18:00:00,1.96,1.96,1.93,1.9301,45937,0
2014-03-12,19:00:00,1.9401,1.97,1.94,1.968,44809,0
2014-03-12,20:00:00,1.96,2.038,1.96,2.02,87625,0
2014-03-12,21:00:00,2.03,2.04,2,2.04,140863,0
2014-03-13,15:00:00,2.06,2.07,1.9801,2.056,56608,0
2014-03-13,16:00:00,2.055,2.06,2.01,2.05,45402,0
2014-03-13,17:00:00,2.0499,2.05,1.98,1.985,49184,0
2014-03-13,18:00:00,1.99,2.02,1.98,2.01,83856,0
2014-03-13,19:00:00,2.019,2.02,1.98,1.99,53884,0
2014-03-13,20:00:00,1.999,2,1.97,1.98,57426,0
2014-03-13,21:00:00,1.98,1.98,1.95,1.97,104538,0
2014-03-14,15:00:00,2.0399,2.04,2,2.01,34750,0
2014-03-14,16:00:00,2,2.02,1.98,1.9808,57709,0
2014-03-14,17:00:00,1.9801,2,1.98,1.9908,39610,0
2014-03-14,18:00:00,1.99,1.999,1.98,1.98,31211,0
2014-03-14,19:00:00,1.98,2,1.97,2,36135,0
2014-03-14,20:00:00,2,2.02,1.9927,2.01,53185,0
2014-03-14,21:00:00,2.01,2.02,1.99,2,34668,0
2014-03-17,15:00:00,1.9998,1.9998,1.91,1.939,83254,0
2014-03-17,16:00:00,1.94,2.04,1.8901,2,370714,0
2014-03-17,17:00:00,2,2,1.98,1.9899,54930,0
2014-03-17,18:00:00,1.99,2,1.98,1.9962,27447,0
2014-03-17,19:00:00,1.989,1.99,1.96,1.96,113913,0
2014-03-17,20:00:00,1.96,1.96,1.9399,1.96,39607,0
2014-03-17,21:00:00,1.959,2.01,1.95,2,95111,0
2014-03-18,15:00:00,2.05,2.07,2.03,2.04,39486,0
2014-03-18,16:00:00,2.04,2.0601,1.98,1.995,64036,0
2014-03-18,17:00:00,1.99,2.01,1.99,2.005,36570,0
2014-03-18,18:00:00,2.005,2.01,1.98,2.005,87734,0
2014-03-18,19:00:00,2.01,2.015,2.0001,2.015,15552,0
2014-03-18,20:00:00,2.0101,2.05,2.01,2.035,44522,0
2014-03-18,21:00:00,2.029,2.029,2.0099,2.02,30689,0
2014-03-19,15:00:00,2.02,2.05,2.0102,2.0318,9950,0
2014-03-19,16:00:00,2.04,2.1599,2.01,2.13,384216,0
2014-03-19,17:00:00,2.13,2.17,2.11,2.15,259621,0
2014-03-19,18:00:00,2.15,2.1543,2.12,2.1351,49259,0
2014-03-19,19:00:00,2.14,2.15,2.13,2.15,82405,0
2014-03-19,20:00:00,2.1301,2.15,2.13,2.1474,93319,0
2014-03-19,21:00:00,2.15,2.155,2.13,2.13,95456,0
2014-03-20,15:00:00,2.12,2.14,2.11,2.11,62730,0
2014-03-20,16:00:00,2.11,2.116,2.06,2.11,65611,0
2014-03-20,17:00:00,2.11,2.11,2.08,2.095,11703,0
2014-03-20,18:00:00,2.09,2.1,2.08,2.1,24432,0
2014-03-20,19:00:00,2.1,2.13,2.08,2.125,63203,0
2014-03-20,20:00:00,2.12,2.13,2.11,2.12,13186,0
2014-03-20,21:00:00,2.13,2.13,2.115,2.12,29671,0
2014-03-21,15:00:00,2.11,2.13,2.07,2.12,15925,0
2014-03-21,16:00:00,2.1198,2.1198,2.05,2.05,58868,0
2014-03-21,17:00:00,2.0499,2.0916,2.04,2.0907,44884,0
2014-03-21,18:00:00,2.1,2.1,2.08,2.09,13000,0
2014-03-21,19:00:00,2.09,2.09,2.04,2.0407,44300,0
2014-03-21,20:00:00,2.0401,2.07,2.04,2.065,29428,0
2014-03-21,21:00:00,2.06,2.1,2.04,2.09,91598,0
2014-03-24,15:00:00,2.11,2.12,2.05,2.08,32341,0
2014-03-24,16:00:00,2.08,2.106,2.05,2.0642,23706,0
2014-03-24,17:00:00,2.078,2.08,1.96,2.01,86104,0
2014-03-24,18:00:00,2.018,2.03,1.9799,2,31435,0
2014-03-24,19:00:00,2.01,2.05,2.01,2.049,8703,0
2014-03-24,20:00:00,2.049,2.05,2,2.01,47760,0
2014-03-24,21:00:00,2.01,2.04,2,2.0256,82145,0
2014-03-25,15:00:00,2.03,2.07,2.0001,2.06,19534,0
2014-03-25,16:00:00,2.06,2.07,2.05,2.06,8670,0
2014-03-25,17:00:00,2.05,2.06,2,2.01,39420,0
2014-03-25,18:00:00,2.01,2.05,2,2,48043,0
2014-03-25,19:00:00,2.01,2.03,2,2.02,42466,0
2014-03-25,20:00:00,2.02,2.04,2.01,2.03,20600,0
2014-03-25,21:00:00,2.03,2.04,2.01,2.04,66783,0
2014-03-26,15:00:00,2.05,2.05,2.01,2.04,10700,0
2014-03-26,16:00:00,2.04,2.04,1.99,2,34800,0
2014-03-26,17:00:00,2.01,2.03,1.96,1.9699,52226,0
2014-03-26,18:00:00,1.9601,2.01,1.95,1.96,36532,0
2014-03-26,19:00:00,1.9634,1.97,1.95,1.951,62516,0
2014-03-26,20:00:00,1.95,1.95,1.91,1.93,62388,0
2014-03-26,21:00:00,1.921,1.93,1.9,1.93,45707,0
2014-03-27,15:00:00,1.94,1.94,1.83,1.8404,65236,0
2014-03-27,16:00:00,1.86,1.92,1.85,1.92,56446,0
2014-03-27,17:00:00,1.91,1.94,1.9,1.93,130862,0
2014-03-27,18:00:00,1.93,1.95,1.91,1.95,52302,0
2014-03-27,19:00:00,1.9343,1.96,1.93,1.94,14845,0
2014-03-27,20:00:00,1.94,1.96,1.9201,1.94,15240,0
2014-03-27,21:00:00,1.94,1.98,1.94,1.97,28395,0
2014-03-28,15:00:00,1.95,1.97,1.94,1.97,16521,0
2014-03-28,16:00:00,1.9963,2.03,1.99,2,57456,0
2014-03-28,17:00:00,1.99,2,1.99,1.995,25676,0
2014-03-28,18:00:00,1.99,2,1.96,1.97,12924,0
2014-03-28,19:00:00,1.96,1.97,1.95,1.965,47225,0
2014-03-28,20:00:00,1.96,1.961,1.96,1.96,5500,0
2014-03-28,21:00:00,1.96,1.98,1.96,1.96,24517,0
2014-03-31,16:00:00,1.95,2.01,1.95,2,12378,0
2014-03-31,17:00:00,1.9901,2,1.99,2,14000,0
2014-03-31,18:00:00,2,2.01,1.99,2,24444,0
2014-03-31,19:00:00,2,2,1.991,2,6310,0
2014-03-31,20:00:00,2,2,1.991,1.9912,10398,0
2014-03-31,21:00:00,2,2.03,1.99,2.02,19639,0
2014-03-31,22:00:00,2.02,2.03,1.99,1.99,19214,0
2014-04-01,16:00:00,2,2.04,2,2.04,4200,0
2014-04-01,17:00:00,2.04,2.06,2.029,2.0419,29325,0
2014-04-01,18:00:00,2.04,2.04,2.02,2.03,9379,0
2014-04-01,19:00:00,2.0375,2.0375,1.99,2.025,26547,0
2014-04-01,20:00:00,2.0293,2.03,2.02,2.03,4375,0
2014-04-01,21:00:00,2.03,2.0499,2.03,2.0451,6400,0
2014-04-01,22:00:00,2.0401,2.06,2.0401,2.06,37450,0
2014-04-02,16:00:00,2.07,2.07,2.006,2.006,6503,0
2014-04-02,17:00:00,2.03,2.04,2.02,2.0201,14600,0
2014-04-02,18:00:00,2.03,2.03,2.02,2.0299,12500,0
2014-04-02,19:00:00,2.01,2.019,2.01,2.01,4200,0
2014-04-02,20:00:00,2.01,2.01,2.01,2.01,400,0
2014-04-02,21:00:00,2.01,2.01,2,2.01,4808,0
2014-04-02,22:00:00,2.01,2.0327,2,2.01,12751,0
2014-04-03,16:00:00,2,2.0496,2,2.0188,13005,0
2014-04-03,17:00:00,2.0101,2.03,2,2.01,11657,0
2014-04-03,18:00:00,2.01,2.02,2,2,16065,0
2014-04-03,19:00:00,2,2.01,2,2,4623,0
2014-04-03,20:00:00,2,2,1.98,1.99,17579,0
2014-04-03,21:00:00,1.989,1.9899,1.98,1.98,18436,0
2014-04-03,22:00:00,1.98,1.991,1.98,1.98,18648,0
2014-04-04,16:00:00,2,2.06,1.99,2,11943,0
2014-04-04,17:00:00,2.02,2.02,2,2,4593,0
2014-04-04,18:00:00,2,2,1.97,1.9799,19061,0
2014-04-04,19:00:00,1.97,1.9718,1.91,1.92,39028,0
2014-04-04,20:00:00,1.93,1.9399,1.92,1.9399,8719,0
2014-04-04,21:00:00,1.93,1.95,1.92,1.94,11132,0
2014-04-04,22:00:00,1.94,1.94,1.91,1.92,20045,0
2014-04-07,16:00:00,1.9,1.9,1.86,1.8721,38085,0
2014-04-07,17:00:00,1.8799,1.8799,1.8401,1.8401,17909,0
2014-04-07,18:00:00,1.84,1.84,1.8,1.8199,53425,0
2014-04-07,19:00:00,1.82,1.82,1.8,1.8193,21521,0
2014-04-07,20:00:00,1.8101,1.83,1.81,1.82,8730,0
2014-04-07,21:00:00,1.8107,1.82,1.81,1.82,3805,0
2014-04-07,22:00:00,1.8101,1.84,1.8101,1.84,43189,0
2014-04-08,16:00:00,1.83,1.84,1.83,1.84,2755,0
2014-04-08,17:00:00,1.82,1.84,1.82,1.835,4800,0
2014-04-08,18:00:00,1.831,1.831,1.83,1.83,2200,0
2014-04-08,20:00:00,1.83,1.84,1.8221,1.839,11100,0
2014-04-08,21:00:00,1.8348,1.84,1.82,1.8221,15430,0
2014-04-08,22:00:00,1.82,1.83,1.81,1.81,13309,0
2014-04-09,16:00:00,1.81,1.9,1.81,1.88,10038,0
2014-04-09,17:00:00,1.8401,1.86,1.84,1.8401,7163,0
2014-04-09,18:00:00,1.85,1.86,1.8498,1.86,4200,0
2014-04-09,19:00:00,1.8511,1.86,1.8511,1.86,2000,0
2014-04-09,20:00:00,1.86,1.89,1.859,1.89,3200,0
2014-04-09,21:00:00,1.88,1.93,1.88,1.93,12853,0
2014-04-09,22:00:00,1.92,1.92,1.8801,1.9,30997,0
2014-04-10,16:00:00,1.91,1.95,1.91,1.93,6544,0
2014-04-10,17:00:00,1.94,1.95,1.93,1.95,7000,0
2014-04-10,18:00:00,1.93,1.94,1.88,1.92,14250,0
2014-04-10,19:00:00,1.9048,1.92,1.88,1.9,8661,0
2014-04-10,20:00:00,1.88,1.88,1.83,1.83,13100,0
2014-04-10,21:00:00,1.8299,1.9,1.8299,1.875,21278,0
2014-04-10,22:00:00,1.87,1.87,1.84,1.86,14526,0
2014-04-11,16:00:00,1.8,1.8102,1.8,1.8002,29278,0
2014-04-11,17:00:00,1.8,1.81,1.8,1.81,33310,0
2014-04-11,18:00:00,1.8,1.8199,1.8,1.81,3726,0
2014-04-11,19:00:00,1.81,1.81,1.81,1.81,700,0
2014-04-11,20:00:00,1.8101,1.8101,1.809,1.81,3700,0
2014-04-11,21:00:00,1.81,1.815,1.8,1.803,11183,0
2014-04-11,22:00:00,1.81,1.82,1.75,1.75,78357,0
2014-04-14,16:00:00,1.77,1.81,1.77,1.79,1700,0
2014-04-14,17:00:00,1.77,1.8,1.77,1.79,8300,0
2014-04-14,18:00:00,1.78,1.78,1.76,1.78,6608,0
2014-04-14,19:00:00,1.77,1.84,1.77,1.83,19980,0
2014-04-14,20:00:00,1.83,1.83,1.82,1.82,13900,0
2014-04-14,21:00:00,1.8201,1.8201,1.775,1.7902,73656,0
2014-04-14,22:00:00,1.7926,1.8,1.77,1.785,13615,0
2014-04-15,16:00:00,1.7801,1.809,1.7799,1.79,23813,0
2014-04-15,17:00:00,1.791,1.81,1.79,1.79,10007,0
2014-04-15,18:00:00,1.77,1.7701,1.72,1.73,50878,0
2014-04-15,19:00:00,1.73,1.73,1.6,1.6248,114543,0
2014-04-15,20:00:00,1.61,1.635,1.54,1.6299,63905,0
2014-04-15,21:00:00,1.62,1.64,1.62,1.6399,11050,0
2014-04-15,22:00:00,1.64,1.64,1.58,1.61,77536,0
2014-04-16,16:00:00,1.69,1.69,1.66,1.67,10961,0
2014-04-16,17:00:00,1.655,1.67,1.63,1.661,21267,0
2014-04-16,18:00:00,1.6611,1.68,1.66,1.67,24603,0
2014-04-16,19:00:00,1.66,1.67,1.66,1.6699,14722,0
2014-04-16,20:00:00,1.67,1.67,1.66,1.6626,2905,0
2014-04-16,21:00:00,1.67,1.67,1.66,1.66,2608,0
2014-04-16,22:00:00,1.6601,1.68,1.66,1.67,34870,0
2014-04-17,16:00:00,1.7,1.72,1.6,1.7,9200,0
2014-04-17,17:00:00,1.709,1.73,1.69,1.73,6692,0
2014-04-17,18:00:00,1.73,1.74,1.72,1.74,16808,0
2014-04-17,19:00:00,1.74,1.77,1.7399,1.76,16200,0
2014-04-17,20:00:00,1.7676,1.7676,1.74,1.74,2300,0
2014-04-17,22:00:00,1.75,1.78,1.75,1.77,10320,0
2014-04-21,16:00:00,1.8396,1.8396,1.78,1.79,15312,0
2014-04-21,17:00:00,1.78,1.8,1.78,1.7997,6679,0
2014-04-21,18:00:00,1.79,1.82,1.78,1.82,6067,0
2014-04-21,19:00:00,1.82,1.83,1.8,1.82,4200,0
2014-04-21,20:00:00,1.83,1.83,1.78,1.8,2600,0
2014-04-21,21:00:00,1.8,1.8,1.76,1.76,7818,0
2014-04-21,22:00:00,1.75,1.79,1.75,1.78,4500,0
2014-04-22,17:00:00,1.76,1.8054,1.76,1.8054,5900,0
2014-04-22,18:00:00,1.78,1.807,1.78,1.8,5205,0
2014-04-22,19:00:00,1.82,1.821,1.82,1.821,700,0
2014-04-22,20:00:00,1.82,1.821,1.8,1.82,4000,0
2014-04-22,21:00:00,1.811,1.82,1.8032,1.81,3600,0
2014-04-22,22:00:00,1.821,1.85,1.82,1.85,12640,0
2014-04-23,16:00:00,1.8,1.87,1.8,1.8098,17300,0
2014-04-23,17:00:00,1.81,1.87,1.81,1.85,43104,0
2014-04-23,18:00:00,1.8499,1.8499,1.82,1.82,2650,0
2014-04-23,19:00:00,1.82,1.82,1.82,1.82,100,0
2014-04-23,20:00:00,1.81,1.8299,1.81,1.81,7400,0
2014-04-23,21:00:00,1.8099,1.8099,1.78,1.79,6350,0
2014-04-23,22:00:00,1.79,1.81,1.79,1.81,12114,0
2014-04-24,16:00:00,1.79,1.79,1.7701,1.7701,8150,0
2014-04-24,17:00:00,1.789,1.79,1.7601,1.79,37850,0
2014-04-24,18:00:00,1.77,1.77,1.77,1.77,11600,0
2014-04-24,20:00:00,1.78,1.78,1.78,1.78,3300,0
2014-04-24,21:00:00,1.77,1.771,1.77,1.77,42949,0
2014-04-24,22:00:00,1.78,1.78,1.77,1.775,9600,0
2014-04-25,16:00:00,1.72,1.7401,1.72,1.7401,6900,0
2014-04-25,17:00:00,1.7564,1.83,1.7501,1.7501,11241,0
2014-04-25,18:00:00,1.77,1.77,1.7,1.7299,23658,0
2014-04-25,19:00:00,1.725,1.7296,1.71,1.71,3938,0
2014-04-25,20:00:00,1.71,1.72,1.7,1.7,29400,0
2014-04-25,21:00:00,1.7001,1.701,1.7,1.7,2700,0
2014-04-25,22:00:00,1.7199,1.72,1.7,1.7,19996,0
2014-04-28,16:00:00,1.72,1.831,1.7,1.7,24300,0
2014-04-28,17:00:00,1.7,1.71,1.67,1.7,4515,0
2014-04-28,18:00:00,1.7,1.71,1.66,1.67,14000,0
2014-04-28,19:00:00,1.6601,1.67,1.66,1.67,4900,0
2014-04-28,20:00:00,1.66,1.66,1.59,1.61,20885,0
2014-04-28,21:00:00,1.64,1.65,1.63,1.65,1200,0
2014-04-28,22:00:00,1.64,1.68,1.64,1.64,33269,0
2014-04-29,16:00:00,1.64,1.64,1.64,1.64,738,0
2014-04-29,17:00:00,1.67,1.67,1.63,1.63,10806,0
2014-04-29,18:00:00,1.6301,1.6301,1.61,1.62,22437,0
2014-04-29,19:00:00,1.61,1.61,1.61,1.61,1600,0
2014-04-29,20:00:00,1.632,1.632,1.62,1.62,27578,0
2014-04-29,21:00:00,1.624,1.624,1.62,1.62,9717,0
2014-04-29,22:00:00,1.62,1.63,1.6,1.6,23329,0
2014-04-30,16:00:00,1.63,1.7,1.62,1.7,14356,0
2014-04-30,17:00:00,1.6899,1.6899,1.6,1.66,11146,0
2014-04-30,18:00:00,1.65,1.66,1.63,1.66,1000,0
2014-04-30,19:00:00,1.6401,1.66,1.639,1.66,3000,0
2014-04-30,20:00:00,1.66,1.66,1.66,1.66,300,0
2014-04-30,21:00:00,1.65,1.66,1.6294,1.66,4040,0
2014-04-30,22:00:00,1.66,1.69,1.6599,1.67,8396,0
2014-05-01,17:00:00,1.66,1.66,1.63,1.63,6638,0
2014-05-01,18:00:00,1.6599,1.661,1.6401,1.65,11091,0
2014-05-01,19:00:00,1.67,1.7001,1.67,1.7,7033,0
2014-05-01,20:00:00,1.7,1.7,1.68,1.68,15200,0
2014-05-01,21:00:00,1.66,1.66,1.65,1.6501,5850,0
2014-05-01,22:00:00,1.65,1.65,1.63,1.63,31252,0
2014-05-02,16:00:00,1.63,1.63,1.62,1.62,9450,0
2014-05-02,17:00:00,1.63,1.63,1.62,1.63,5700,0
2014-05-02,18:00:00,1.63,1.63,1.62,1.63,12600,0
2014-05-02,19:00:00,1.63,1.63,1.62,1.62,5025,0
2014-05-02,20:00:00,1.62,1.62,1.61,1.62,5200,0
2014-05-02,21:00:00,1.62,1.63,1.61,1.63,5408,0
2014-05-02,22:00:00,1.62,1.62,1.59,1.59,22096,0
2014-05-05,16:00:00,1.6,1.6,1.6,1.6,400,0
2014-05-05,17:00:00,1.6,1.607,1.57,1.6,12400,0
2014-05-05,19:00:00,1.6,1.605,1.57,1.57,5045,0
2014-05-05,20:00:00,1.5799,1.5799,1.56,1.56,4124,0
2014-05-05,21:00:00,1.57,1.61,1.56,1.61,7698,0
2014-05-05,22:00:00,1.61,1.61,1.58,1.6,2700,0
2014-05-06,16:00:00,1.5701,1.5701,1.57,1.57,1945,0
2014-05-06,17:00:00,1.57,1.58,1.56,1.58,1350,0
2014-05-06,18:00:00,1.57,1.575,1.5642,1.57,5840,0
2014-05-06,19:00:00,1.57,1.5799,1.57,1.57,1600,0
2014-05-06,20:00:00,1.56,1.56,1.55,1.5599,8883,0
2014-05-06,21:00:00,1.5501,1.56,1.55,1.55,20000,0
2014-05-06,22:00:00,1.55,1.56,1.53,1.56,18764,0
2014-05-07,16:00:00,1.57,1.57,1.56,1.56,6382,0
2014-05-07,17:00:00,1.57,1.57,1.53,1.53,28155,0
2014-05-07,18:00:00,1.53,1.53,1.53,1.53,1600,0
2014-05-07,19:00:00,1.54,1.54,1.5,1.501,34987,0
2014-05-07,20:00:00,1.505,1.505,1.46,1.46,26559,0
2014-05-07,21:00:00,1.4899,1.4899,1.4601,1.47,17500,0
2014-05-07,22:00:00,1.4655,1.48,1.42,1.42,63648,0
