Date,Time,Open,High,Low,Close,Volume,OpenInt
2014-02-10,16:00:00,10.591,10.5999,10.591,10.5999,560,0
2014-02-10,18:00:00,10.6405,10.6405,10.6405,10.6405,202,0
2014-02-10,19:00:00,10.6307,10.6846,10.6307,10.6846,601,0
2014-02-10,20:00:00,10.6306,10.6306,10.6207,10.6306,404,0
2014-02-10,21:00:00,10.6504,10.6504,10.6306,10.6306,909,0
2014-02-11,16:00:00,10.7098,10.7098,10.7098,10.7098,1920,0
2014-02-11,18:00:00,10.6405,10.6405,10.6405,10.6405,1818,0
2014-02-11,20:00:00,10.69,10.69,10.69,10.69,101,0
2014-02-11,22:00:00,10.7098,10.7197,10.6999,10.6999,2121,0
2014-02-12,16:00:00,10.6405,10.6405,10.6405,10.6405,1010,0
2014-02-12,17:00:00,10.7394,10.7394,10.7394,10.7394,191,0
2014-02-12,18:00:00,10.69,10.69,10.6895,10.69,1812,0
2014-02-13,17:00:00,10.71,10.71,10.7,10.7,200,0
2014-02-13,18:00:00,10.7009,10.7009,10.7009,10.7009,777,0
2014-02-13,21:00:00,10.701,10.72,10.7,10.72,1750,0
2014-02-13,22:00:00,10.8208,10.8224,10.8208,10.8224,200,0
2014-02-14,18:00:00,10.8399,10.8399,10.8399,10.8399,1068,0
2014-02-14,19:00:00,10.84,10.84,10.8399,10.8399,1091,0
2014-02-14,21:00:00,10.85,10.85,10.849,10.849,600,0
2014-02-14,22:00:00,10.85,10.9,10.85,10.9,1950,0
2014-02-18,16:00:00,10.9,10.9,10.9,10.9,1050,0
2014-02-18,17:00:00,10.9865,11.11,10.9865,11.05,4294,0
2014-02-18,18:00:00,11,11,10.9607,11,3264,0
2014-02-18,19:00:00,11.05,11.1,11.04,11.1,4673,0
2014-02-18,20:00:00,11.09,11.1,11.09,11.0999,1827,0
2014-02-18,21:00:00,10.96,10.96,10.96,10.96,200,0
2014-02-18,22:00:00,11.0999,11.1,11.0999,11.1,427,0
2014-02-19,16:00:00,10.98,10.98,10.98,10.98,300,0
2014-02-19,19:00:00,11.12,11.12,11.12,11.12,100,0
2014-02-19,20:00:00,11.25,11.25,11.1815,11.2,1400,0
2014-02-19,21:00:00,11.2,11.2,11.2,11.2,125,0
2014-02-19,22:00:00,11.19,11.19,11.19,11.19,610,0
2014-02-20,17:00:00,11.1415,11.1415,11.11,11.11,3500,0
2014-02-20,19:00:00,11.145,11.145,11.1,11.1,1350,0
2014-02-20,21:00:00,11.0844,11.0844,11.0844,11.0844,1000,0
2014-02-21,17:00:00,10.97,10.97,10.956,10.956,1730,0
2014-02-21,19:00:00,10.951,10.975,10.938,10.938,6117,0
2014-02-21,20:00:00,10.99,11,10.99,11,4390,0
2014-02-21,21:00:00,11.05,11.14,11.05,11.1,900,0
2014-02-21,22:00:00,11.14,11.14,11.14,11.14,113,0
2014-02-24,16:00:00,11.15,11.15,11.14,11.14,2173,0
2014-02-24,18:00:00,11.1499,11.1499,11.1499,11.1499,492,0
2014-02-24,19:00:00,11.1452,11.1452,11.1452,11.1452,125,0
2014-02-24,22:00:00,11.05,11.25,11.03,11.25,28183,0
2014-02-25,17:00:00,11.239,11.239,11.18,11.18,5471,0
2014-02-26,17:00:00,11.19,11.2,11.19,11.2,2535,0
2014-02-26,22:00:00,11.1046,11.1046,11.1046,11.1046,100,0
2014-02-27,17:00:00,11.172,11.172,11.172,11.172,1000,0
2014-02-27,18:00:00,11.2,11.2,11.2,11.2,308,0
2014-02-27,21:00:00,11.1984,11.1984,11.1984,11.1984,200,0
2014-02-27,22:00:00,11.16,11.16,11.16,11.16,142,0
2014-02-28,17:00:00,11.1027,11.1027,11.1027,11.1027,400,0
2014-02-28,19:00:00,11.11,11.11,11.1,11.1,1200,0
2014-02-28,20:00:00,11.1,11.1,11.1,11.1,1700,0
2014-02-28,22:00:00,11.02,11.02,10.81,10.82,4113,0
2014-03-03,19:00:00,10.9,10.934,10.9,10.934,525,0
2014-03-03,22:00:00,10.7878,10.7878,10.7878,10.7878,100,0
2014-03-04,16:00:00,10.81,10.81,10.8,10.8,700,0
2014-03-04,17:00:00,10.82,10.82,10.8,10.8,511,0
2014-03-04,18:00:00,10.8001,10.8001,10.8001,10.8001,1200,0
2014-03-04,19:00:00,10.83,10.83,10.83,10.83,597,0
2014-03-04,20:00:00,10.9999,10.9999,10.95,10.96,3700,0
2014-03-05,18:00:00,10.96,10.96,10.96,10.96,400,0
2014-03-05,22:00:00,10.94,10.94,10.926,10.94,3689,0
2014-03-06,17:00:00,10.81,10.81,10.59,10.59,7767,0
2014-03-06,18:00:00,10.7699,10.7699,10.7699,10.7699,600,0
2014-03-06,20:00:00,10.66,10.66,10.6004,10.63,1100,0
2014-03-06,22:00:00,10.6,10.63,10.6,10.63,800,0
2014-03-07,16:00:00,10.94,10.96,10.94,10.96,300,0
2014-03-07,18:00:00,10.9381,10.9381,10.9381,10.9381,150,0
2014-03-07,20:00:00,10.939,10.94,10.939,10.94,400,0
2014-03-07,22:00:00,10.89,10.9,10.89,10.89,500,0
2014-03-10,15:00:00,10.93,10.935,10.93,10.935,1600,0
2014-03-10,17:00:00,10.801,10.801,10.8,10.8,500,0
2014-03-10,21:00:00,10.83,10.83,10.83,10.83,128,0
2014-03-11,17:00:00,10.83,10.89,10.83,10.89,3400,0
2014-03-12,15:00:00,10.87,10.87,10.87,10.87,100,0
2014-03-12,16:00:00,10.81,10.81,10.81,10.81,5520,0
2014-03-13,15:00:00,10.94,10.94,10.94,10.94,100,0
2014-03-13,17:00:00,10.94,10.94,10.89,10.89,800,0
2014-03-13,19:00:00,10.8056,10.8056,10.8056,10.8056,100,0
2014-03-13,20:00:00,10.8001,10.89,10.8001,10.89,250,0
2014-03-13,21:00:00,10.9,10.94,10.9,10.93,993,0
2014-03-14,15:00:00,10.6,10.6,10.6,10.6,2724,0
2014-03-17,19:00:00,10.85,10.85,10.85,10.85,1600,0
2014-03-17,21:00:00,10.88,10.89,10.88,10.88,553,0
2014-03-18,16:00:00,10.9346,10.9346,10.93,10.93,1000,0
2014-03-18,21:00:00,10.93,10.93,10.74,10.74,505,0
2014-03-19,16:00:00,10.94,10.94,10.94,10.94,3628,0
2014-03-19,21:00:00,10.93,10.93,10.93,10.93,300,0
2014-03-20,21:00:00,10.81,10.81,10.81,10.81,175,0
2014-03-21,15:00:00,10.62,10.62,10.62,10.62,12614,0
2014-03-21,21:00:00,10.9,10.9187,10.77,10.8,1700,0
2014-03-24,16:00:00,10.7501,10.7501,10.75,10.75,1500,0
2014-03-24,17:00:00,10.75,10.75,10.75,10.75,480,0
2014-03-24,18:00:00,10.75,10.75,10.75,10.75,520,0
2014-03-24,20:00:00,10.7513,10.7513,10.75,10.75,948,0
2014-03-25,16:00:00,10.929,10.929,10.929,10.929,100,0
2014-03-25,17:00:00,10.8418,10.929,10.8418,10.929,600,0
2014-03-25,20:00:00,10.801,10.801,10.801,10.801,1914,0
2014-03-25,21:00:00,10.939,10.939,10.912,10.93,1814,0
2014-03-27,18:00:00,10.94,10.94,10.93,10.94,790,0
2014-03-27,20:00:00,10.95,10.95,10.95,10.95,100,0
2014-03-27,21:00:00,10.788,10.788,10.788,10.788,200,0
2014-03-28,17:00:00,10.8301,10.8301,10.8301,10.8301,139,0
2014-03-28,21:00:00,10.9,10.9,10.9,10.9,1000,0
2014-03-31,16:00:00,10.95,10.95,10.95,10.95,100,0
2014-03-31,18:00:00,10.9499,10.95,10.9499,10.95,700,0
2014-03-31,19:00:00,10.94,10.95,10.921,10.921,2180,0
2014-03-31,21:00:00,10.95,10.95,10.94,10.94,400,0
2014-04-01,17:00:00,10.95,11.08,10.95,11.04,9200,0
2014-04-01,18:00:00,11.0101,11.03,11.0101,11.03,1400,0
2014-04-01,19:00:00,11.04,11.19,11.04,11.19,808,0
2014-04-01,21:00:00,11.05,11.06,11.01,11.01,1554,0
2014-04-02,16:00:00,10.71,10.71,10.65,10.65,3550,0
2014-04-02,17:00:00,11.01,11.02,11.01,11.01,4900,0
2014-04-02,21:00:00,11.01,11.1879,11.01,11.1879,3150,0
2014-04-02,22:00:00,11.1883,11.19,11.1883,11.19,400,0
2014-04-03,16:00:00,11.13,11.13,11.13,11.13,200,0
2014-04-03,18:00:00,11.04,11.04,10.9,10.9,1700,0
2014-04-03,20:00:00,11.1299,11.1299,11.1299,11.1299,200,0
2014-04-04,16:00:00,11.1399,11.14,11.1399,11.14,2400,0
2014-04-04,21:00:00,11.01,11.01,11.01,11.01,300,0
2014-04-04,22:00:00,11,11,10.8401,10.85,1400,0
2014-04-08,16:00:00,11.1399,11.1399,11.1399,11.1399,100,0
2014-04-08,17:00:00,10.75,10.75,10.75,10.75,100,0
2014-04-08,18:00:00,10.8034,10.8034,10.8034,10.8034,100,0
2014-04-09,16:00:00,10.835,10.835,10.835,10.835,100,0
2014-04-09,17:00:00,11.14,11.14,11.14,11.14,900,0
2014-04-09,21:00:00,10.8,10.8001,10.8,10.8001,500,0
2014-04-09,22:00:00,10.8,10.8,10.8,10.8,100,0
2014-04-11,17:00:00,10.801,10.801,10.8,10.8,685,0
2014-04-11,18:00:00,10.8,10.8001,10.8,10.8001,1284,0
2014-04-11,20:00:00,10.81,10.81,10.81,10.81,100,0
2014-04-11,21:00:00,10.8,10.8,10.8,10.8,300,0
2014-04-15,21:00:00,11.1265,11.1265,10.85,10.85,1100,0
2014-04-16,17:00:00,11.09,11.09,11.09,11.09,100,0
2014-04-16,19:00:00,11.099,11.1,11.099,11.1,1400,0
2014-04-17,17:00:00,11,11,10.9899,10.9899,300,0
2014-04-17,18:00:00,10.99,10.99,10.99,10.99,300,0
2014-04-17,21:00:00,10.9785,11,10.9785,10.99,700,0
2014-04-17,22:00:00,10.99,11,10.99,11,200,0
2014-04-21,17:00:00,11.091,11.091,11.091,11.091,400,0
2014-04-21,18:00:00,11.0001,11.01,11.0001,11.01,1520,0
2014-04-21,21:00:00,11.09,11.09,11.09,11.09,300,0
2014-04-21,22:00:00,11.05,11.05,11.01,11.05,780,0
2014-04-22,18:00:00,11.0601,11.0601,11.0601,11.0601,200,0
2014-04-22,19:00:00,11.07,11.07,11.07,11.07,200,0
2014-04-22,20:00:00,11.06,11.06,11.06,11.06,330,0
2014-04-22,22:00:00,11.0776,11.0776,11.0776,11.0776,653,0
2014-04-23,16:00:00,10.8,10.8,10.8,10.8,500,0
2014-04-23,18:00:00,10.92,10.92,10.801,10.801,1500,0
2014-04-23,20:00:00,10.9,10.9,10.9,10.9,200,0
2014-04-23,21:00:00,10.89,10.8995,10.89,10.8995,2620,0
2014-04-23,22:00:00,10.9,11,10.861,10.861,1954,0
2014-04-24,22:00:00,10.95,10.95,10.95,10.95,600,0
2014-04-25,16:00:00,10.8,10.8,10.8,10.8,1828,0
2014-04-25,19:00:00,10.975,10.975,10.85,10.9,2901,0
2014-04-25,22:00:00,10.97,10.97,10.97,10.97,100,0
2014-04-28,17:00:00,11.0999,11.0999,11.099,11.099,600,0
2014-04-28,18:00:00,11,11,11,11,700,0
2014-04-28,21:00:00,11,11.1,10.99,11.1,10312,0
2014-04-28,22:00:00,10.98,10.99,10.98,10.99,4600,0
2014-04-29,17:00:00,11.099,11.15,11.099,11.15,3038,0
2014-04-29,18:00:00,11.1392,11.15,11.1392,11.15,300,0
2014-04-29,19:00:00,11.17,11.17,11.17,11.17,400,0
2014-04-30,17:00:00,11.124,11.124,11.124,11.124,400,0
2014-04-30,18:00:00,11.1999,11.36,11.1999,11.36,1238,0
2014-04-30,19:00:00,11.3801,11.4,11.3801,11.3801,1800,0
2014-04-30,20:00:00,11.41,11.41,11.41,11.41,450,0
2014-04-30,22:00:00,11.44,11.6,11.44,11.4639,1765,0
2014-05-01,16:00:00,11.49,11.49,11.49,11.49,100,0
2014-05-01,17:00:00,11.45,11.5,11.45,11.5,1448,0
2014-05-01,19:00:00,11.4866,11.4866,11.4866,11.4866,800,0
2014-05-01,20:00:00,11.49,11.55,11.49,11.55,4994,0
2014-05-01,22:00:00,11.54,11.54,11.54,11.54,200,0
2014-05-02,19:00:00,11.5,11.5,11.5,11.5,400,0
2014-05-02,22:00:00,11.411,11.42,11.41,11.41,7602,0
2014-05-05,18:00:00,11.1001,11.1001,11.1001,11.1001,1000,0
2014-05-05,20:00:00,11.4499,11.4499,11.32,11.32,900,0
2014-05-05,22:00:00,11.37,11.37,11.23,11.25,4294,0
2014-05-07,18:00:00,11.38,11.38,11.1,11.1095,1200,0
2014-05-07,19:00:00,11.4227,11.4227,11.4227,11.4227,225,0
2014-05-07,22:00:00,11.265,11.265,11.265,11.265,200,0
