Date,Time,Open,High,Low,Close,Volume,OpenInt
2014-02-10,20:00:00,20.462,20.462,20.462,20.462,100,0
2014-02-10,22:00:00,20.402,20.402,20.402,20.402,201,0
2014-02-11,17:00:00,20.402,20.402,20.358,20.358,20922,0
2014-02-11,18:00:00,20.402,20.402,20.402,20.402,878,0
2014-02-11,20:00:00,20.452,20.641,20.402,20.402,25607,0
2014-02-11,21:00:00,20.452,20.452,20.452,20.452,201,0
2014-02-11,22:00:00,20.542,20.542,20.303,20.303,603,0
2014-02-12,17:00:00,20.402,20.402,20.402,20.402,43035,0
2014-02-13,22:00:00,20.432,20.452,20.432,20.452,6129,0
2014-02-14,16:00:00,20.313,20.313,20.313,20.313,502,0
2014-02-14,17:00:00,20.855,20.855,20.83,20.83,603,0
2014-02-14,22:00:00,20.502,20.502,20.502,20.502,1306,0
2014-02-18,17:00:00,20.213,20.213,20.213,20.213,603,0
2014-02-18,21:00:00,20.85,20.85,20.85,20.85,100,0
2014-02-19,20:00:00,20.522,20.522,20.502,20.502,301,0
2014-02-20,22:00:00,20.452,20.472,20.452,20.452,2110,0
2014-02-24,17:00:00,20.88,20.88,20.88,20.88,100,0
2014-02-24,18:00:00,20.42,20.42,20.402,20.402,488,0
2014-02-26,19:00:00,20.412,20.412,20.412,20.412,904,0
2014-02-26,22:00:00,20.412,20.412,20.412,20.412,402,0
2014-02-27,16:00:00,19.755,19.755,19.755,19.755,1763,0
2014-02-27,18:00:00,20.452,20.452,20.452,20.452,100,0
2014-02-27,21:00:00,20.452,20.452,20.452,20.452,100,0
2014-02-28,19:00:00,20.422,20.422,20.412,20.412,2010,0
2014-02-28,21:00:00,20.452,20.731,19.775,20.731,1819,0
2014-03-03,19:00:00,20.582,20.731,20.582,20.731,2160,0
2014-03-03,20:00:00,20.631,20.731,20.631,20.731,1206,0
2014-03-03,22:00:00,20.791,20.88,20.791,20.88,3679,0
2014-03-04,17:00:00,20.392,20.875,20.392,20.875,804,0
2014-03-04,18:00:00,20.88,20.88,20.88,20.88,502,0
2014-03-04,20:00:00,20.81,20.81,20.81,20.81,1105,0
2014-03-04,21:00:00,20.81,20.81,20.81,20.81,301,0
2014-03-05,21:00:00,20.85,20.85,20.85,20.85,1005,0
2014-03-11,15:00:00,20.86,20.88,20.85,20.85,1407,0
2014-03-11,20:00:00,20.85,20.85,20.85,20.85,100,0
2014-03-11,21:00:00,20.9,20.95,20.9,20.95,703,0
2014-03-13,19:00:00,21.286,21.286,21.286,21.286,1507,0
2014-03-13,21:00:00,20.512,20.512,20.502,20.502,2010,0
2014-03-14,21:00:00,20.9,20.9,20.651,20.9,4527,0
2014-03-17,16:00:00,20.9,20.9,20.9,20.9,703,0
2014-03-17,17:00:00,21.258,21.258,21.258,21.258,100,0
2014-03-17,18:00:00,21.258,21.258,20.681,20.681,456,0
2014-03-17,19:00:00,21.258,21.258,21.258,21.258,804,0
2014-03-17,20:00:00,21.258,21.378,21.258,21.378,804,0
2014-03-17,21:00:00,21.378,24.682,21.378,24.682,2813,0
2014-03-18,16:00:00,22.691,22.99,22.691,22.99,301,0
2014-03-18,17:00:00,22.99,22.99,22.99,22.99,402,0
2014-03-18,18:00:00,22.99,22.99,22.97,22.97,201,0
2014-03-18,19:00:00,22.99,22.99,22.94,22.94,201,0
2014-03-18,20:00:00,22.94,23.388,22.94,23.388,402,0
2014-03-18,21:00:00,23.388,23.388,23.388,23.388,2211,0
2014-03-19,16:00:00,22.89,22.89,22.89,22.89,201,0
2014-03-19,17:00:00,22.89,22.89,22.89,22.89,301,0
2014-03-19,18:00:00,22.89,22.89,22.89,22.89,301,0
2014-03-19,19:00:00,22.89,23.388,21.339,22.89,739,0
2014-03-19,20:00:00,22.89,22.89,22.89,22.89,402,0
2014-03-19,21:00:00,22.89,22.89,22.89,22.89,1708,0
2014-03-20,16:00:00,22.89,22.89,22.89,22.89,201,0
2014-03-20,17:00:00,22.89,22.89,22.89,22.89,603,0
2014-03-20,18:00:00,22.89,22.89,22.89,22.89,301,0
2014-03-20,19:00:00,22.89,22.89,22.89,22.89,402,0
2014-03-20,20:00:00,22.89,22.89,22.89,22.89,201,0
2014-03-20,21:00:00,22.89,22.89,22.89,22.89,1399,0
2014-03-21,15:00:00,21.258,21.258,21.258,21.258,603,0
2014-03-21,18:00:00,22.89,22.89,22.866,22.89,3679,0
2014-03-21,19:00:00,22.89,22.89,22.89,22.89,804,0
2014-03-21,20:00:00,22.89,22.89,22.89,22.89,502,0
2014-03-21,21:00:00,22.89,22.89,22.652,22.652,1675,0
2014-03-24,16:00:00,20.313,20.313,20.313,20.313,904,0
2014-03-24,17:00:00,21.059,21.059,21.059,21.059,301,0
2014-03-24,18:00:00,21.398,21.398,21.398,21.398,201,0
2014-03-24,19:00:00,22.343,22.343,22.005,22.005,904,0
2014-03-24,21:00:00,22.89,22.89,21.895,22.89,749,0
2014-03-26,15:00:00,21.627,21.656,21.627,21.656,800,0
2014-03-26,16:00:00,21.796,21.796,21.796,21.796,201,0
2014-03-26,17:00:00,21.687,21.905,21.687,21.905,1603,0
2014-03-26,19:00:00,21.796,21.895,21.627,21.627,376,0
2014-03-27,16:00:00,21.398,21.398,21.398,21.398,4016,0
2014-03-27,18:00:00,20.99,20.99,20.99,20.99,100,0
2014-03-27,19:00:00,21,21,21,21,200,0
2014-03-27,20:00:00,20.99,20.99,20.99,20.99,200,0
2014-03-27,21:00:00,20.99,21.338,20.91,21.109,1138,0
2014-03-28,15:00:00,21.049,21.049,21.049,21.049,100,0
2014-03-28,16:00:00,21.149,21.149,20.9,20.9,3606,0
2014-03-28,17:00:00,20.9,20.9,20.89,20.9,9243,0
2014-03-28,18:00:00,20.751,20.751,20.751,20.751,100,0
2014-03-28,19:00:00,20.751,20.751,20.751,20.751,100,0
2014-03-28,21:00:00,20.95,20.95,20.751,20.9,3358,0
2014-04-04,18:00:00,21,21,21,21,1460,0
2014-04-04,20:00:00,20.8,20.8,20.8,20.8,1000,0
2014-04-04,22:00:00,21.66,21.66,21.66,21.66,100,0
2014-04-07,19:00:00,21,21,21,21,300,0
2014-04-07,22:00:00,21,21,21,21,100,0
2014-04-08,17:00:00,20.82,22,20.55,21.625,28860,0
2014-04-09,21:00:00,21.5,21.5,21.5,21.5,2442,0
2014-04-11,16:00:00,21.72,21.75,21.72,21.75,942,0
2014-04-11,19:00:00,21.25,21.25,21.25,21.25,973,0
2014-04-11,20:00:00,21.45,21.45,21.45,21.45,100,0
2014-04-11,21:00:00,21,21,20.7,20.7,2000,0
2014-04-11,22:00:00,20.8,20.82,20.8,20.81,600,0
2014-04-14,19:00:00,20.5501,20.5501,20.5501,20.5501,250,0
2014-04-15,16:00:00,20.75,20.75,20.75,20.75,500,0
2014-04-15,17:00:00,20.83,21.16,20.83,21.16,900,0
2014-04-16,22:00:00,21.96,21.96,21.96,21.96,167,0
2014-04-23,16:00:00,21.25,21.25,21.25,21.25,1406,0
2014-04-23,17:00:00,21.25,21.25,21.25,21.25,1204,0
2014-04-23,18:00:00,21.45,21.45,21.25,21.2501,3489,0
2014-04-24,19:00:00,21.251,21.251,21.25,21.251,900,0
2014-04-24,21:00:00,21.25,21.355,21.25,21.355,719,0
2014-04-25,20:00:00,21.71,21.75,21.2,21.2,1502,0
2014-04-25,22:00:00,21.2001,21.28,21.2001,21.28,624,0
2014-04-28,22:00:00,21.2801,21.2801,21.2801,21.2801,170,0
2014-04-30,17:00:00,21.72,21.75,21.4,21.4,1320,0
2014-04-30,18:00:00,21.4,21.4,21.4,21.4,120,0
2014-04-30,22:00:00,21.36,21.36,21.36,21.36,100,0
2014-05-01,19:00:00,21.7,21.72,21.7,21.72,990,0
2014-05-02,22:00:00,21.65,21.65,21.65,21.65,13200,0
2014-05-05,16:00:00,21.75,21.75,21.75,21.75,1164,0
2014-05-05,22:00:00,21.9,21.9,21.9,21.9,800,0
