Date,Time,Open,High,Low,Close,Volume,OpenInt
2014-02-10,16:00:00,4.7225,4.94,4.7225,4.93,109969,0
2014-02-10,17:00:00,4.93,5.08,4.87,4.97,178090,0
2014-02-10,18:00:00,4.96,4.98,4.93,4.98,39715,0
2014-02-10,19:00:00,4.97,4.98,4.95,4.98,77349,0
2014-02-10,20:00:00,4.98,5.03,4.96,4.97,159537,0
2014-02-10,21:00:00,4.97,5,4.95,4.98,64337,0
2014-02-10,22:00:00,4.98,5.07,4.95,4.96,108887,0
2014-02-11,16:00:00,4.94,4.94,4.75,4.8,43560,0
2014-02-11,17:00:00,4.785,4.85,4.76,4.8,27276,0
2014-02-11,18:00:00,4.8,4.89,4.8,4.89,55252,0
2014-02-11,19:00:00,4.89,4.91,4.87,4.9,23728,0
2014-02-11,20:00:00,4.9,4.98,4.89,4.92,38494,0
2014-02-11,21:00:00,4.901,4.955,4.89,4.93,45234,0
2014-02-11,22:00:00,4.93,4.95,4.89,4.91,171241,0
2014-02-12,16:00:00,4.9,4.94,4.85,4.93,24510,0
2014-02-12,17:00:00,4.92,4.94,4.88,4.91,16399,0
2014-02-12,18:00:00,4.9,4.9,4.82,4.82,17200,0
2014-02-12,19:00:00,4.801,4.84,4.801,4.84,3375,0
2014-02-12,20:00:00,4.85,4.88,4.83,4.8508,12704,0
2014-02-12,21:00:00,4.87,4.87,4.78,4.79,26954,0
2014-02-12,22:00:00,4.79,4.84,4.74,4.74,52502,0
2014-02-13,16:00:00,4.65,4.7,4.55,4.63,25673,0
2014-02-13,17:00:00,4.64,4.69,4.6,4.69,18302,0
2014-02-13,18:00:00,4.65,4.65,4.62,4.63,10000,0
2014-02-13,19:00:00,4.6273,4.65,4.61,4.65,6469,0
2014-02-13,20:00:00,4.6489,4.65,4.64,4.6466,17770,0
2014-02-13,21:00:00,4.65,4.65,4.63,4.65,45517,0
2014-02-13,22:00:00,4.65,4.65,4.56,4.59,82427,0
2014-02-14,16:00:00,4.59,4.59,4.47,4.57,11675,0
2014-02-14,17:00:00,4.53,4.57,4.47,4.51,32913,0
2014-02-14,18:00:00,4.54,4.55,4.5,4.5201,21363,0
2014-02-14,19:00:00,4.51,4.5101,4.48,4.51,16089,0
2014-02-14,20:00:00,4.51,4.51,4.5,4.5,2100,0
2014-02-14,21:00:00,4.5,4.5047,4.48,4.48,10800,0
2014-02-14,22:00:00,4.47,4.5,4.47,4.47,19458,0
2014-02-18,16:00:00,4.646,4.646,4.3611,4.53,9200,0
2014-02-18,17:00:00,4.57,4.638,4.52,4.638,13229,0
2014-02-18,18:00:00,4.63,4.66,4.6,4.6,16165,0
2014-02-18,19:00:00,4.6,4.66,4.6,4.65,14726,0
2014-02-18,20:00:00,4.66,4.66,4.65,4.66,13328,0
2014-02-18,21:00:00,4.66,4.66,4.65,4.6599,4652,0
2014-02-18,22:00:00,4.66,4.67,4.65,4.65,49545,0
2014-02-19,16:00:00,4.62,4.65,4.55,4.65,10000,0
2014-02-19,17:00:00,4.62,4.68,4.62,4.68,13700,0
2014-02-19,18:00:00,4.67,4.71,4.66,4.69,17638,0
2014-02-19,19:00:00,4.67,4.71,4.65,4.7,13500,0
2014-02-19,20:00:00,4.7,4.7,4.65,4.68,10600,0
2014-02-19,21:00:00,4.671,4.685,4.65,4.65,23416,0
2014-02-19,22:00:00,4.65,4.65,4.59,4.63,52307,0
2014-02-20,16:00:00,4.57,4.734,4.57,4.64,4645,0
2014-02-20,17:00:00,4.62,4.69,4.62,4.66,15160,0
2014-02-20,18:00:00,4.67,4.69,4.64,4.65,13204,0
2014-02-20,19:00:00,4.66,4.68,4.65,4.68,7100,0
2014-02-20,20:00:00,4.68,4.68,4.64,4.68,8576,0
2014-02-20,21:00:00,4.68,4.71,4.66,4.71,11504,0
2014-02-20,22:00:00,4.71,4.76,4.7,4.75,38058,0
2014-02-21,16:00:00,4.79,4.88,4.668,4.7,16480,0
2014-02-21,17:00:00,4.72,4.78,4.711,4.775,9400,0
2014-02-21,18:00:00,4.8,4.86,4.78,4.811,15340,0
2014-02-21,19:00:00,4.83,4.87,4.76,4.76,10204,0
2014-02-21,20:00:00,4.75,4.82,4.73,4.78,20850,0
2014-02-21,21:00:00,4.77,4.83,4.77,4.77,43916,0
2014-02-21,22:00:00,4.77,4.8,4.76,4.76,35365,0
2014-02-24,16:00:00,4.82,4.86,4.76,4.805,14201,0
2014-02-24,17:00:00,4.805,4.87,4.805,4.86,48803,0
2014-02-24,18:00:00,4.86,4.87,4.82,4.84,35216,0
2014-02-24,19:00:00,4.84,4.86,4.81,4.83,11760,0
2014-02-24,20:00:00,4.82,4.84,4.8,4.81,10492,0
2014-02-24,21:00:00,4.8195,4.83,4.79,4.8,14500,0
2014-02-24,22:00:00,4.8,4.8001,4.76,4.77,71842,0
2014-02-25,16:00:00,4.81,4.81,4.674,4.73,36856,0
2014-02-25,17:00:00,4.75,4.85,4.75,4.8,41386,0
2014-02-25,18:00:00,4.8,4.82,4.79,4.82,41122,0
2014-02-25,19:00:00,4.82,4.97,4.82,4.96,107492,0
2014-02-25,20:00:00,4.97,5.03,4.86,4.89,42120,0
2014-02-25,21:00:00,4.9,4.99,4.86,4.95,39306,0
2014-02-25,22:00:00,4.94,5,4.87,4.98,131442,0
2014-02-26,16:00:00,4.95,4.95,4.79,4.79,40946,0
2014-02-26,17:00:00,4.84,5.04,4.83,4.98,66287,0
2014-02-26,18:00:00,4.98,5.04,4.93,5.04,49200,0
2014-02-26,19:00:00,5.04,5.04,4.97,4.975,17675,0
2014-02-26,20:00:00,4.97,5.04,4.95,4.95,7800,0
2014-02-26,21:00:00,4.96,4.96,4.89,4.91,17249,0
2014-02-26,22:00:00,4.9,5.02,4.9,4.99,66791,0
2014-02-27,16:00:00,4.99,5.06,4.86,4.86,17991,0
2014-02-27,17:00:00,4.92,4.94,4.85,4.91,20668,0
2014-02-27,18:00:00,4.9,4.94,4.88,4.8901,13228,0
2014-02-27,19:00:00,4.92,4.94,4.905,4.94,10888,0
2014-02-27,20:00:00,4.94,5.05,4.94,4.97,72998,0
2014-02-27,21:00:00,4.98,5.04,4.98,5.02,27514,0
2014-02-27,22:00:00,5.01,5.03,5,5.02,48090,0
2014-02-28,16:00:00,5,5.03,4.814,5.005,21234,0
2014-02-28,17:00:00,5,5.02,4.96,4.99,31418,0
2014-02-28,18:00:00,4.99,4.99,4.91,4.91,17259,0
2014-02-28,19:00:00,4.92,4.94,4.87,4.94,31260,0
2014-02-28,20:00:00,4.94,4.95,4.84,4.93,66332,0
2014-02-28,21:00:00,4.93,4.96,4.91,4.9316,39400,0
2014-02-28,22:00:00,4.93,4.95,4.9,4.93,68579,0
2014-03-03,16:00:00,4.8,4.94,4.554,4.94,4667,0
2014-03-03,17:00:00,4.94,4.97,4.88,4.93,15193,0
2014-03-03,18:00:00,4.92,4.96,4.9,4.9,21100,0
2014-03-03,19:00:00,4.91,4.97,4.9,4.93,23200,0
2014-03-03,20:00:00,4.92,4.98,4.9001,4.98,9200,0
2014-03-03,21:00:00,4.99,5,4.94,5,17532,0
2014-03-03,22:00:00,4.99,5,4.95,4.96,35324,0
2014-03-04,16:00:00,5.04,5.09,5.022,5.065,15566,0
2014-03-04,17:00:00,5.065,5.08,4.96,5.06,26985,0
2014-03-04,18:00:00,5.06,5.06,5.03,5.04,13728,0
2014-03-04,19:00:00,5.04,5.06,5.02,5.02,27626,0
2014-03-04,20:00:00,5.04,5.06,5.03,5.05,18492,0
2014-03-04,21:00:00,5.04,5.06,5.0001,5.03,23400,0
2014-03-04,22:00:00,5.02,5.03,4.97,4.99,83037,0
2014-03-05,16:00:00,4.99,5.0193,4.95,4.98,17531,0
2014-03-05,17:00:00,4.99,5.04,4.98,5,31824,0
2014-03-05,18:00:00,5.005,5.02,5,5,13732,0
2014-03-05,19:00:00,5.01,5.01,4.99,4.99,20060,0
2014-03-05,20:00:00,4.995,5.01,4.99,5,17837,0
2014-03-05,21:00:00,5,5.05,4.985,4.99,49207,0
2014-03-05,22:00:00,4.995,5.05,4.96,5.04,118831,0
2014-03-06,16:00:00,5.04,5.11,5.03,5.1,15462,0
2014-03-06,17:00:00,5.09,5.1,5,5.095,100939,0
2014-03-06,18:00:00,5.09,5.1,4.995,5,19698,0
2014-03-06,19:00:00,5.01,5.01,4.99,5,39849,0
2014-03-06,20:00:00,5,5.005,4.99,4.99,54499,0
2014-03-06,21:00:00,4.99,5,4.98,4.99,38882,0
2014-03-06,22:00:00,4.99,4.99,4.91,4.96,45893,0
2014-03-07,16:00:00,5.02,5.0299,4.8801,4.91,36814,0
2014-03-07,17:00:00,4.91,4.96,4.83,4.92,48550,0
2014-03-07,18:00:00,4.91,4.95,4.88,4.945,22998,0
2014-03-07,19:00:00,4.94,4.94,4.87,4.92,84862,0
2014-03-07,20:00:00,4.91,4.93,4.9,4.91,31714,0
2014-03-07,21:00:00,4.911,4.945,4.9,4.945,20054,0
2014-03-07,22:00:00,4.945,4.98,4.89,4.9,59782,0
2014-03-10,15:00:00,4.9,4.91,4.83,4.87,19177,0
2014-03-10,16:00:00,4.88,4.92,4.78,4.79,48785,0
2014-03-10,17:00:00,4.79,4.86,4.768,4.83,62256,0
2014-03-10,18:00:00,4.83,4.84,4.77,4.79,21360,0
2014-03-10,19:00:00,4.788,4.8,4.78,4.79,27800,0
2014-03-10,20:00:00,4.79,4.93,4.78,4.93,54723,0
2014-03-10,21:00:00,4.92,4.92,4.8,4.83,63941,0
2014-03-11,15:00:00,4.84,4.89,4.84,4.88,4576,0
2014-03-11,16:00:00,4.88,5.01,4.88,4.93,6355,0
2014-03-11,17:00:00,4.93,5.05,4.93,5.02,41190,0
2014-03-11,18:00:00,5.01,5.04,4.95,5,13168,0
2014-03-11,19:00:00,4.99,5.01,4.96,4.99,28517,0
2014-03-11,20:00:00,5,5,4.86,4.895,61580,0
2014-03-11,21:00:00,4.895,4.98,4.83,4.91,120670,0
2014-03-12,15:00:00,4.9,4.9199,4.88,4.89,9889,0
2014-03-12,16:00:00,4.9,5.015,4.9,4.97,22848,0
2014-03-12,17:00:00,4.99,5.015,4.96,4.97,15150,0
2014-03-12,18:00:00,4.95,4.99,4.93,4.99,12519,0
2014-03-12,19:00:00,4.98,4.99,4.98,4.98,6100,0
2014-03-12,20:00:00,4.98,5.02,4.98,5,16822,0
2014-03-12,21:00:00,5.01,5.04,4.99,5.01,64337,0
2014-03-13,15:00:00,5.02,5.05,5,5.02,9000,0
2014-03-13,16:00:00,5.02,5.04,4.98,4.99,36632,0
2014-03-13,17:00:00,5,5.04,4.98,5.01,15629,0
2014-03-13,18:00:00,5.02,5.03,4.95,4.96,22947,0
2014-03-13,19:00:00,4.96,5.02,4.94,5.0001,47553,0
2014-03-13,20:00:00,5,5.02,4.95,4.97,41000,0
2014-03-13,21:00:00,4.97,5.06,4.96,5.04,39337,0
2014-03-14,15:00:00,5,5.06,5,5,9338,0
2014-03-14,16:00:00,5,5.18,4.985,5.08,8104,0
2014-03-14,17:00:00,5.08,5.1,5.05,5.1,18649,0
2014-03-14,18:00:00,5.11,5.11,5.07,5.08,6400,0
2014-03-14,19:00:00,5.08,5.09,5.05,5.06,11334,0
2014-03-14,20:00:00,5.05,5.09,5.05,5.06,13337,0
2014-03-14,21:00:00,5.05,5.11,5.03,5.08,24411,0
2014-03-17,15:00:00,5.13,5.13,5.01,5.04,22957,0
2014-03-17,16:00:00,5.1,5.1,5,5.05,19464,0
2014-03-17,17:00:00,5.05,5.06,5,5.01,8400,0
2014-03-17,18:00:00,5.02,5.03,5,5,17539,0
2014-03-17,19:00:00,5.02,5.03,5,5.02,35267,0
2014-03-17,20:00:00,5.01,5.02,4.99,5.01,32660,0
2014-03-17,21:00:00,5.01,5.02,4.9801,5,48128,0
2014-03-18,15:00:00,5,5.09,4.97,5.08,6335,0
2014-03-18,16:00:00,5.09,5.14,5.06,5.14,16189,0
2014-03-18,17:00:00,5.13,5.15,5.05,5.15,39540,0
2014-03-18,18:00:00,5.14,5.16,5.12,5.12,3875,0
2014-03-18,19:00:00,5.12,5.16,5.12,5.14,5200,0
2014-03-18,20:00:00,5.14,5.1528,5.14,5.15,10250,0
2014-03-18,21:00:00,5.14,5.18,5.14,5.18,39420,0
2014-03-19,15:00:00,5.22,5.22,5.15,5.18,2000,0
2014-03-19,16:00:00,5.18,5.18,5.1,5.12,4750,0
2014-03-19,17:00:00,5.14,5.16,5.08,5.1,4000,0
2014-03-19,18:00:00,5.1,5.13,5.05,5.13,9390,0
2014-03-19,19:00:00,5.13,5.14,5.08,5.11,7412,0
2014-03-19,20:00:00,5.1,5.13,5.06,5.08,12986,0
2014-03-19,21:00:00,5.07,5.09,5,5.07,15391,0
2014-03-20,15:00:00,5.07,5.07,4.98,5,14416,0
2014-03-20,16:00:00,5.01,5.08,5.01,5.02,15996,0
2014-03-20,17:00:00,5.01,5.03,5,5,29014,0
2014-03-20,18:00:00,5,5.02,5,5.02,4100,0
2014-03-20,19:00:00,5.01,5.03,4.99,5,7148,0
2014-03-20,20:00:00,5,5.03,4.99,4.99,9254,0
2014-03-20,21:00:00,4.99,4.995,4.96,4.99,42554,0
2014-03-21,15:00:00,5.02,5.04,5,5,66367,0
2014-03-21,16:00:00,5,5,4.85,4.93,62172,0
2014-03-21,17:00:00,4.9299,5.02,4.91,5,13522,0
2014-03-21,18:00:00,5.02,5.04,5,5.0099,5800,0
2014-03-21,19:00:00,5.005,5.005,4.9,4.92,35100,0
2014-03-21,20:00:00,4.92,5,4.9,4.98,38702,0
2014-03-21,21:00:00,4.975,5.005,4.92,4.97,49009,0
2014-03-24,15:00:00,4.9676,4.9676,4.795,4.83,27179,0
2014-03-24,16:00:00,4.81,4.81,4.63,4.67,37606,0
2014-03-24,17:00:00,4.61,4.75,4.55,4.69,42367,0
2014-03-24,18:00:00,4.6633,4.69,4.6,4.6,17315,0
2014-03-24,19:00:00,4.58,4.675,4.58,4.665,24706,0
2014-03-24,20:00:00,4.65,4.68,4.64,4.64,12650,0
2014-03-24,21:00:00,4.655,4.72,4.63,4.7,60123,0
2014-03-25,15:00:00,4.81,4.85,4.79,4.85,4040,0
2014-03-25,16:00:00,4.85,4.99,4.73,4.73,32567,0
2014-03-25,17:00:00,4.72,4.77,4.66,4.68,23468,0
2014-03-25,18:00:00,4.68,4.79,4.59,4.79,26919,0
2014-03-25,19:00:00,4.79,4.83,4.74,4.75,14715,0
2014-03-25,20:00:00,4.75,4.78,4.7,4.7,28467,0
2014-03-25,21:00:00,4.7,4.77,4.7,4.75,23612,0
2014-03-26,15:00:00,4.8,4.85,4.71,4.77,7668,0
2014-03-26,16:00:00,4.75,4.85,4.75,4.81,16209,0
2014-03-26,17:00:00,4.81,4.86,4.75,4.75,14016,0
2014-03-26,18:00:00,4.75,4.91,4.75,4.91,28033,0
2014-03-26,19:00:00,4.92,4.92,4.761,4.8,23747,0
2014-03-26,20:00:00,4.8,4.855,4.77,4.85,58342,0
2014-03-26,21:00:00,4.851,4.851,4.79,4.79,38261,0
2014-03-27,15:00:00,4.77,4.88,4.66,4.88,6566,0
2014-03-27,16:00:00,4.89,4.96,4.84,4.865,13800,0
2014-03-27,17:00:00,4.835,4.85,4.76,4.81,22904,0
2014-03-27,18:00:00,4.8,4.86,4.77,4.81,9720,0
2014-03-27,19:00:00,4.81,4.87,4.77,4.79,10712,0
2014-03-27,20:00:00,4.8,4.82,4.74,4.74,17639,0
2014-03-27,21:00:00,4.735,4.84,4.73,4.84,28514,0
2014-03-28,15:00:00,4.82,4.89,4.73,4.73,16570,0
2014-03-28,16:00:00,4.77,4.82,4.73,4.79,12920,0
2014-03-28,17:00:00,4.79,4.82,4.71,4.73,15400,0
2014-03-28,18:00:00,4.74,4.74,4.6925,4.7,15300,0
2014-03-28,19:00:00,4.6925,4.7,4.64,4.645,8423,0
2014-03-28,20:00:00,4.64,4.64,4.56,4.59,14200,0
2014-03-28,21:00:00,4.6,4.64,4.56,4.63,30972,0
2014-03-31,16:00:00,4.7,4.74,4.66,4.72,5674,0
2014-03-31,17:00:00,4.72,4.77,4.69,4.72,11757,0
2014-03-31,18:00:00,4.73,4.75,4.66,4.73,9352,0
2014-03-31,19:00:00,4.74,4.81,4.73,4.75,13894,0
2014-03-31,20:00:00,4.76,4.76,4.68,4.69,12260,0
2014-03-31,21:00:00,4.68,4.75,4.67,4.745,14784,0
2014-03-31,22:00:00,4.74,4.77,4.7,4.75,33113,0
2014-04-01,16:00:00,4.78,4.86,4.75,4.85,25938,0
2014-04-01,17:00:00,4.86,4.8848,4.79,4.8,23750,0
2014-04-01,18:00:00,4.8,4.8,4.72,4.76,62968,0
2014-04-01,19:00:00,4.76,4.76,4.7,4.73,14534,0
2014-04-01,20:00:00,4.74,4.77,4.71,4.76,171035,0
2014-04-01,21:00:00,4.77,4.77,4.74,4.76,16162,0
2014-04-01,22:00:00,4.753,4.8,4.75,4.79,71338,0
2014-04-02,16:00:00,4.81,4.81,4.74,4.76,69198,0
2014-04-02,17:00:00,4.77,4.79,4.69,4.715,51922,0
2014-04-02,18:00:00,4.72,4.77,4.69,4.7,44401,0
2014-04-02,19:00:00,4.69,4.7,4.65,4.7,8649,0
2014-04-02,20:00:00,4.7,4.75,4.65,4.75,18194,0
2014-04-02,21:00:00,4.75,4.75,4.68,4.715,17301,0
2014-04-02,22:00:00,4.71,4.71,4.66,4.7,37723,0
2014-04-03,16:00:00,4.68,4.72,4.645,4.66,17374,0
2014-04-03,17:00:00,4.66,4.68,4.575,4.6,44242,0
2014-04-03,18:00:00,4.59,4.6,4.53,4.6,22116,0
2014-04-03,19:00:00,4.6,4.62,4.59,4.62,16788,0
2014-04-03,20:00:00,4.61,4.63,4.605,4.62,11235,0
2014-04-03,21:00:00,4.62,4.64,4.61,4.62,21875,0
2014-04-03,22:00:00,4.62,4.66,4.61,4.64,51751,0
2014-04-04,16:00:00,4.645,4.65,4.57,4.6,5169,0
2014-04-04,17:00:00,4.6,4.65,4.561,4.585,8098,0
2014-04-04,18:00:00,4.565,4.565,4.5,4.51,38033,0
2014-04-04,19:00:00,4.51,4.51,4.4,4.42,54280,0
2014-04-04,20:00:00,4.42,4.48,4.42,4.43,10800,0
2014-04-04,21:00:00,4.43,4.43,4.35,4.39,16223,0
2014-04-04,22:00:00,4.4,4.47,4.39,4.45,62120,0
2014-04-07,16:00:00,4.43,4.48,4.37,4.46,3800,0
2014-04-07,17:00:00,4.47,4.57,4.47,4.52,12787,0
2014-04-07,18:00:00,4.53,4.61,4.44,4.46,17152,0
2014-04-07,19:00:00,4.46,4.52,4.44,4.49,13850,0
2014-04-07,20:00:00,4.485,4.56,4.46,4.52,71348,0
2014-04-07,21:00:00,4.51,4.53,4.42,4.5,16184,0
2014-04-07,22:00:00,4.5,4.56,4.49,4.52,41788,0
2014-04-08,16:00:00,4.53,4.62,4.52,4.52,6995,0
2014-04-08,17:00:00,4.51,4.62,4.51,4.61,79051,0
2014-04-08,18:00:00,4.62,4.67,4.5699,4.6,19200,0
2014-04-08,19:00:00,4.58,4.6,4.57,4.59,7500,0
2014-04-08,20:00:00,4.59,4.61,4.58,4.59,10108,0
2014-04-08,21:00:00,4.59,4.6,4.5,4.55,15142,0
2014-04-08,22:00:00,4.55,4.55,4.48,4.53,25702,0
2014-04-09,16:00:00,4.54,4.65,4.54,4.65,11650,0
2014-04-09,17:00:00,4.65,4.75,4.65,4.66,39445,0
2014-04-09,18:00:00,4.67,4.79,4.65,4.79,27692,0
2014-04-09,19:00:00,4.78,4.79,4.73,4.76,12964,0
2014-04-09,20:00:00,4.76,4.76,4.6501,4.69,7749,0
2014-04-09,21:00:00,4.69,4.77,4.69,4.7,8141,0
2014-04-09,22:00:00,4.7,4.81,4.7,4.81,31084,0
2014-04-10,16:00:00,4.79,4.79,4.59,4.62,10219,0
2014-04-10,17:00:00,4.62,4.62,4.44,4.45,33265,0
2014-04-10,18:00:00,4.44,4.52,4.435,4.48,26392,0
2014-04-10,19:00:00,4.48,4.49,4.44,4.45,23282,0
2014-04-10,20:00:00,4.44,4.48,4.42,4.42,21647,0
2014-04-10,21:00:00,4.43,4.48,4.37,4.4,17072,0
2014-04-10,22:00:00,4.41,4.44,4.37,4.4,38392,0
2014-04-11,16:00:00,4.29,4.45,4.27,4.41,10430,0
2014-04-11,17:00:00,4.39,4.53,4.32,4.53,20662,0
2014-04-11,18:00:00,4.51,4.54,4.46,4.475,27500,0
2014-04-11,19:00:00,4.475,4.49,4.43,4.43,6773,0
2014-04-11,20:00:00,4.42,4.45,4.36,4.36,3000,0
2014-04-11,21:00:00,4.35,4.365,4.26,4.309,26289,0
2014-04-11,22:00:00,4.305,4.36,4.23,4.25,59096,0
2014-04-14,16:00:00,4.35,4.39,4.29,4.29,39677,0
2014-04-14,17:00:00,4.29,4.37,4.25,4.33,46339,0
2014-04-14,18:00:00,4.359,4.36,4.25,4.25,47220,0
2014-04-14,19:00:00,4.25,4.28,4.22,4.23,40300,0
2014-04-14,20:00:00,4.229,4.23,4.15,4.16,20317,0
2014-04-14,21:00:00,4.14,4.15,4.0421,4.08,27484,0
2014-04-14,22:00:00,4.08,4.08,3.98,4.08,156783,0
2014-04-15,16:00:00,4.1,4.19,4.04,4.06,40450,0
2014-04-15,17:00:00,4.06,4.06,3.885,3.95,51303,0
2014-04-15,18:00:00,3.955,3.98,3.85,3.85,36388,0
2014-04-15,19:00:00,3.85,3.87,3.79,3.8,43480,0
2014-04-15,20:00:00,3.78,3.88,3.75,3.86,31396,0
2014-04-15,21:00:00,3.86,3.97,3.852,3.965,38969,0
2014-04-15,22:00:00,3.96,4.02,3.94,4,88524,0
2014-04-16,16:00:00,4,4,3.93,3.97,4990,0
2014-04-16,17:00:00,3.95,4.07,3.95,4.05,31864,0
2014-04-16,18:00:00,4.04,4.07,4.02,4.06,12016,0
2014-04-16,19:00:00,4.08,4.1,4.04,4.05,8828,0
2014-04-16,20:00:00,4.06,4.07,4.03,4.05,16400,0
2014-04-16,21:00:00,4.05,4.08,4.03,4.07,11944,0
2014-04-16,22:00:00,4.06,4.08,4.05,4.06,32133,0
2014-04-17,16:00:00,3.89,4.02,3.89,3.99,6400,0
2014-04-17,17:00:00,3.99,4.12,3.96,4.05,11600,0
2014-04-17,18:00:00,4.09,4.1899,3.98,3.99,34608,0
2014-04-17,19:00:00,3.99,4.06,3.99,4.01,10600,0
2014-04-17,20:00:00,4.01,4.05,4.005,4.03,7100,0
2014-04-17,21:00:00,4.03,4.03,3.94,3.9599,21213,0
2014-04-17,22:00:00,3.96,4.03,3.96,3.97,13900,0
2014-04-21,16:00:00,3.9901,4.04,3.97,4.03,8099,0
2014-04-21,17:00:00,4.0565,4.08,3.97,3.98,52212,0
2014-04-21,18:00:00,3.98,4.05,3.98,4,104205,0
2014-04-21,19:00:00,4,4.09,4,4.061,19984,0
2014-04-21,20:00:00,4.09,4.13,4.06,4.11,14050,0
2014-04-21,21:00:00,4.09,4.11,4.04,4.09,18322,0
2014-04-21,22:00:00,4.095,4.1,4.05,4.09,68120,0
2014-04-22,16:00:00,4.13,4.24,4.12,4.24,18893,0
2014-04-22,17:00:00,4.24,4.39,4.23,4.281,84980,0
2014-04-22,18:00:00,4.28,4.34,4.27,4.31,17873,0
2014-04-22,19:00:00,4.31,4.35,4.3,4.33,17622,0
2014-04-22,20:00:00,4.33,4.35,4.33,4.34,4300,0
2014-04-22,21:00:00,4.34,4.4,4.335,4.38,10968,0
2014-04-22,22:00:00,4.37,4.4,4.34,4.38,34280,0
2014-04-23,16:00:00,4.39,4.39,4.17,4.21,15774,0
2014-04-23,17:00:00,4.19,4.22,4.13,4.15,28648,0
2014-04-23,18:00:00,4.18,4.25,4.14,4.25,23669,0
2014-04-23,19:00:00,4.24,4.24,4.2,4.21,8076,0
2014-04-23,20:00:00,4.21,4.23,4.2,4.21,10115,0
2014-04-23,21:00:00,4.2,4.205,4.17,4.18,17468,0
2014-04-23,22:00:00,4.17,4.25,4.17,4.25,106659,0
2014-04-24,16:00:00,4.26,4.26,4.11,4.185,14946,0
2014-04-24,17:00:00,4.18,4.27,4.17,4.26,58907,0
2014-04-24,18:00:00,4.26,4.38,4.24,4.26,45382,0
2014-04-24,19:00:00,4.28,4.32,4.25,4.29,10781,0
2014-04-24,20:00:00,4.3,4.32,4.21,4.23,12800,0
2014-04-24,21:00:00,4.25,4.27,4.22,4.23,24148,0
2014-04-24,22:00:00,4.25,4.29,4.24,4.27,24027,0
2014-04-25,16:00:00,4.23,4.31,4.18,4.19,30872,0
2014-04-25,17:00:00,4.195,4.3,4.17,4.295,63319,0
2014-04-25,18:00:00,4.31,4.31,4.17,4.21,21000,0
2014-04-25,19:00:00,4.2,4.27,4.18,4.25,7688,0
2014-04-25,20:00:00,4.25,4.26,4.23,4.25,7900,0
2014-04-25,21:00:00,4.25,4.26,4.185,4.235,33600,0
2014-04-25,22:00:00,4.23,4.27,4.23,4.24,37922,0
2014-04-28,16:00:00,4.5899,4.5899,4.16,4.26,19957,0
2014-04-28,17:00:00,4.25,4.28,4.17,4.25,38900,0
2014-04-28,18:00:00,4.25,4.28,4.13,4.15,78838,0
2014-04-28,19:00:00,4.15,4.16,4.1,4.15,36392,0
2014-04-28,20:00:00,4.15,4.2,4.14,4.18,14600,0
2014-04-28,21:00:00,4.18,4.2885,4.15,4.25,30510,0
2014-04-28,22:00:00,4.24,4.36,4.24,4.28,39302,0
2014-04-29,16:00:00,4.34,4.4,4.31,4.38,4700,0
2014-04-29,17:00:00,4.36,4.53,4.35,4.49,80237,0
2014-04-29,18:00:00,4.47,4.49,4.41,4.47,7370,0
2014-04-29,19:00:00,4.48,4.52,4.47,4.49,11800,0
2014-04-29,20:00:00,4.49,4.5,4.43,4.47,11880,0
2014-04-29,21:00:00,4.45,4.48,4.435,4.46,8400,0
2014-04-29,22:00:00,4.46,4.49,4.4,4.41,40639,0
2014-04-30,16:00:00,4.37,4.37,4.22,4.26,10604,0
2014-04-30,17:00:00,4.25,4.39,4.19,4.37,31748,0
2014-04-30,18:00:00,4.35,4.37,4.26,4.26,20934,0
2014-04-30,19:00:00,4.27,4.32,4.251,4.32,5305,0
2014-04-30,20:00:00,4.33,4.34,4.29,4.29,5900,0
2014-04-30,21:00:00,4.29,4.39,4.28,4.38,9700,0
2014-04-30,22:00:00,4.39,4.46,4.38,4.45,30995,0
2014-05-01,16:00:00,4.28,4.37,4.24,4.27,5578,0
2014-05-01,17:00:00,4.27,4.37,4.22,4.34,24607,0
2014-05-01,18:00:00,4.35,4.46,4.31,4.38,14500,0
2014-05-01,19:00:00,4.39,4.44,4.35,4.37,7700,0
2014-05-01,20:00:00,4.38,4.39,4.31,4.31,8916,0
2014-05-01,21:00:00,4.32,4.36,4.29,4.3,13700,0
2014-05-01,22:00:00,4.3,4.38,4.26,4.36,48176,0
2014-05-02,16:00:00,4.43,4.43,4.25,4.26,8895,0
2014-05-02,17:00:00,4.25,4.32,4.19,4.21,28634,0
2014-05-02,18:00:00,4.2199,4.26,4.21,4.24,6700,0
2014-05-02,19:00:00,4.255,4.27,4.23,4.23,6800,0
2014-05-02,20:00:00,4.23,4.24,4.15,4.17,9927,0
2014-05-02,21:00:00,4.17,4.2,4.16,4.18,9980,0
2014-05-02,22:00:00,4.19,4.22,4.1,4.15,40795,0
2014-05-05,16:00:00,4.1,4.15,4.06,4.15,17104,0
2014-05-05,17:00:00,4.15,4.23,4.14,4.19,5500,0
2014-05-05,18:00:00,4.19,4.19,4.14,4.19,3200,0
2014-05-05,19:00:00,4.19,4.19,4.11,4.11,5700,0
2014-05-05,20:00:00,4.1,4.11,4.07,4.1,12600,0
2014-05-05,21:00:00,4.1,4.18,4.1,4.16,4500,0
2014-05-05,22:00:00,4.18,4.21,4.165,4.2,33358,0
2014-05-06,16:00:00,4.25,4.25,4.17,4.2,2400,0
2014-05-06,17:00:00,4.18,4.22,4.15,4.18,36625,0
2014-05-06,18:00:00,4.18,4.2,4.16,4.19,14098,0
2014-05-06,19:00:00,4.18,4.19,4.17,4.18,14600,0
2014-05-06,20:00:00,4.19,4.19,4.16,4.19,30100,0
2014-05-06,21:00:00,4.19,4.19,4.15,4.18,18800,0
2014-05-06,22:00:00,4.185,4.32,4.175,4.28,97597,0
2014-05-07,16:00:00,4,4.2399,4,4.07,29928,0
2014-05-07,17:00:00,4.07,4.15,4.05,4.05,89593,0
2014-05-07,18:00:00,4.05,4.051,3.85,3.87,57534,0
2014-05-07,19:00:00,3.87,3.87,3.81,3.835,22305,0
2014-05-07,20:00:00,3.83,3.92,3.83,3.915,55118,0
2014-05-07,21:00:00,3.92,3.94,3.9101,3.935,17721,0
2014-05-07,22:00:00,3.935,4.13,3.92,4.13,132125,0
