Date,Time,Open,High,Low,Close,Volume,OpenInt
2014-02-10,16:00:00,2.69,2.69,2.62,2.65,115586,0
2014-02-10,17:00:00,2.6409,2.7,2.64,2.685,98873,0
2014-02-10,18:00:00,2.6824,2.69,2.66,2.67,36091,0
2014-02-10,19:00:00,2.66,2.67,2.66,2.66,10353,0
2014-02-10,20:00:00,2.67,2.67,2.66,2.67,16920,0
2014-02-10,21:00:00,2.6669,2.68,2.66,2.67,45157,0
2014-02-10,22:00:00,2.675,2.69,2.665,2.68,125541,0
2014-02-11,16:00:00,2.67,2.68,2.65,2.65,58532,0
2014-02-11,17:00:00,2.6596,2.73,2.65,2.7099,119871,0
2014-02-11,18:00:00,2.7,2.73,2.7,2.7201,25972,0
2014-02-11,19:00:00,2.728,2.73,2.72,2.73,41897,0
2014-02-11,20:00:00,2.73,2.81,2.73,2.7399,645506,0
2014-02-11,21:00:00,2.74,2.74,2.72,2.73,182296,0
2014-02-11,22:00:00,2.73,2.74,2.65,2.65,565181,0
2014-02-12,16:00:00,2.55,2.73,2.5,2.7,667066,0
2014-02-12,17:00:00,2.7,2.79,2.69,2.75,989067,0
2014-02-12,18:00:00,2.75,2.76,2.67,2.73,536107,0
2014-02-12,19:00:00,2.72,2.74,2.6694,2.69,381102,0
2014-02-12,20:00:00,2.695,2.71,2.67,2.7,216344,0
2014-02-12,21:00:00,2.7,2.81,2.675,2.7715,2353356,0
2014-02-12,22:00:00,2.7762,2.78,2.71,2.72,505456,0
2014-02-13,16:00:00,2.7,2.7405,2.65,2.7099,278298,0
2014-02-13,17:00:00,2.7,2.75,2.7,2.75,160997,0
2014-02-13,18:00:00,2.74,2.76,2.72,2.7599,153537,0
2014-02-13,19:00:00,2.75,2.76,2.74,2.75,943691,0
2014-02-13,20:00:00,2.75,2.76,2.75,2.75,158900,0
2014-02-13,21:00:00,2.75,2.76,2.74,2.75,146583,0
2014-02-13,22:00:00,2.75,2.77,2.74,2.77,750608,0
2014-02-14,16:00:00,2.77,2.77,2.72,2.73,31492,0
2014-02-14,17:00:00,2.74,2.76,2.74,2.75,387763,0
2014-02-14,18:00:00,2.75,2.76,2.74,2.75,130604,0
2014-02-14,19:00:00,2.75,2.76,2.74,2.75,146317,0
2014-02-14,20:00:00,2.75,2.78,2.74,2.77,248907,0
2014-02-14,21:00:00,2.77,2.78,2.74,2.75,188123,0
2014-02-14,22:00:00,2.755,2.76,2.74,2.75,359136,0
2014-02-18,16:00:00,2.77,2.77,2.71,2.75,77630,0
2014-02-18,17:00:00,2.76,2.77,2.73,2.75,76161,0
2014-02-18,18:00:00,2.76,2.79,2.75,2.77,92998,0
2014-02-18,19:00:00,2.78,2.78,2.77,2.77,102491,0
2014-02-18,20:00:00,2.7762,2.78,2.76,2.78,182248,0
2014-02-18,21:00:00,2.78,2.78,2.76,2.77,232619,0
2014-02-18,22:00:00,2.77,2.77,2.73,2.76,692176,0
2014-02-19,16:00:00,2.77,2.77,2.74,2.77,146909,0
2014-02-19,17:00:00,2.77,2.8,2.76,2.78,613305,0
2014-02-19,18:00:00,2.7899,2.79,2.74,2.77,273790,0
2014-02-19,19:00:00,2.77,2.79,2.76,2.775,302351,0
2014-02-19,20:00:00,2.775,2.8,2.77,2.78,681287,0
2014-02-19,21:00:00,2.781,2.79,2.78,2.785,311557,0
2014-02-19,22:00:00,2.7899,2.8,2.77,2.78,532029,0
2014-02-20,16:00:00,2.76,2.79,2.75,2.77,57778,0
2014-02-20,17:00:00,2.76,2.81,2.76,2.81,161987,0
2014-02-20,18:00:00,2.81,2.85,2.76,2.79,438130,0
2014-02-20,19:00:00,2.79,2.8,2.77,2.77,150921,0
2014-02-20,20:00:00,2.77,2.79,2.7,2.73,493511,0
2014-02-20,21:00:00,2.74,2.76,2.73,2.75,136709,0
2014-02-20,22:00:00,2.75,2.77,2.74,2.75,325719,0
2014-02-21,16:00:00,2.731,2.79,2.7,2.73,69802,0
2014-02-21,17:00:00,2.73,2.74,2.7,2.72,192834,0
2014-02-21,18:00:00,2.72,2.72,2.67,2.72,278380,0
2014-02-21,19:00:00,2.71,2.755,2.71,2.72,189126,0
2014-02-21,20:00:00,2.72,2.77,2.72,2.763,119283,0
2014-02-21,21:00:00,2.7699,2.78,2.75,2.76,105299,0
2014-02-21,22:00:00,2.76,2.79,2.75,2.77,246679,0
2014-02-24,16:00:00,2.76,2.76,2.72,2.7299,45388,0
2014-02-24,17:00:00,2.7201,2.76,2.72,2.75,51929,0
2014-02-24,18:00:00,2.75,2.77,2.735,2.76,66445,0
2014-02-24,19:00:00,2.76,2.7684,2.75,2.75,17204,0
2014-02-24,20:00:00,2.75,2.77,2.745,2.755,57042,0
2014-02-24,21:00:00,2.755,2.77,2.75,2.75,31893,0
2014-02-24,22:00:00,2.75,2.76,2.73,2.73,163737,0
2014-02-25,16:00:00,2.73,2.78,2.7,2.76,644198,0
2014-02-25,17:00:00,2.7501,2.77,2.75,2.75,91080,0
2014-02-25,18:00:00,2.75,2.76,2.75,2.75,69335,0
2014-02-25,19:00:00,2.75,2.765,2.75,2.76,48401,0
2014-02-25,20:00:00,2.76,2.78,2.75,2.77,138846,0
2014-02-25,21:00:00,2.77,2.78,2.75,2.76,155080,0
2014-02-25,22:00:00,2.765,2.77,2.75,2.77,617555,0
2014-02-26,16:00:00,2.78,2.8,2.78,2.79,34332,0
2014-02-26,17:00:00,2.78,2.785,2.75,2.76,82419,0
2014-02-26,18:00:00,2.76,2.77,2.74,2.755,169722,0
2014-02-26,19:00:00,2.75,2.77,2.74,2.76,82665,0
2014-02-26,20:00:00,2.761,2.775,2.72,2.76,366497,0
2014-02-26,21:00:00,2.7601,2.77,2.76,2.76,32514,0
2014-02-26,22:00:00,2.76,2.77,2.745,2.75,218099,0
2014-02-27,16:00:00,2.76,2.76,2.7401,2.76,55065,0
2014-02-27,17:00:00,2.7601,2.77,2.75,2.76,139442,0
2014-02-27,18:00:00,2.77,2.775,2.755,2.76,399573,0
2014-02-27,19:00:00,2.76,2.78,2.755,2.77,367880,0
2014-02-27,20:00:00,2.77,2.79,2.76,2.77,169383,0
2014-02-27,21:00:00,2.77,2.78,2.76,2.77,40145,0
2014-02-27,22:00:00,2.775,2.8399,2.77,2.82,1503797,0
2014-02-28,16:00:00,2.83,2.83,2.8,2.8,96508,0
2014-02-28,17:00:00,2.805,2.84,2.8,2.81,540450,0
2014-02-28,18:00:00,2.82,2.83,2.81,2.811,638218,0
2014-02-28,19:00:00,2.81,2.828,2.81,2.8152,247275,0
2014-02-28,20:00:00,2.81,2.83,2.81,2.8299,537250,0
2014-02-28,21:00:00,2.8226,2.83,2.76,2.76,142461,0
2014-02-28,22:00:00,2.76,2.77,2.755,2.76,275509,0
2014-03-03,16:00:00,2.75,2.75,2.65,2.7375,172239,0
2014-03-03,17:00:00,2.735,2.77,2.72,2.76,110507,0
2014-03-03,18:00:00,2.76,2.76,2.735,2.75,80833,0
2014-03-03,19:00:00,2.75,2.76,2.745,2.75,106072,0
2014-03-03,20:00:00,2.75,2.8001,2.75,2.8,147515,0
2014-03-03,21:00:00,2.8,2.81,2.8,2.8,56826,0
2014-03-03,22:00:00,2.8,2.82,2.79,2.8,133925,0
2014-03-04,16:00:00,2.82,2.82,2.78,2.81,52953,0
2014-03-04,17:00:00,2.81,2.82,2.8,2.81,123549,0
2014-03-04,18:00:00,2.8001,2.81,2.8,2.81,20329,0
2014-03-04,19:00:00,2.8092,2.81,2.8,2.81,13958,0
2014-03-04,20:00:00,2.805,2.81,2.79,2.79,48610,0
2014-03-04,21:00:00,2.79,2.8,2.76,2.8,60696,0
2014-03-04,22:00:00,2.8,2.8,2.78,2.795,130133,0
2014-03-05,16:00:00,2.771,2.79,2.77,2.789,15300,0
2014-03-05,17:00:00,2.79,2.8,2.78,2.79,15603,0
2014-03-05,18:00:00,2.798,2.8,2.77,2.7701,34841,0
2014-03-05,19:00:00,2.78,2.78,2.76,2.77,20929,0
2014-03-05,20:00:00,2.77,2.78,2.77,2.77,18991,0
2014-03-05,21:00:00,2.78,2.79,2.78,2.78,39785,0
2014-03-05,22:00:00,2.78,2.79,2.78,2.78,63175,0
2014-03-06,16:00:00,2.78,2.79,2.76,2.77,52566,0
2014-03-06,17:00:00,2.76,2.78,2.76,2.76,37257,0
2014-03-06,18:00:00,2.7601,2.77,2.76,2.7699,11234,0
2014-03-06,19:00:00,2.7601,2.77,2.76,2.76,17488,0
2014-03-06,20:00:00,2.76,2.77,2.75,2.76,35240,0
2014-03-06,21:00:00,2.755,2.76,2.72,2.739,106402,0
2014-03-06,22:00:00,2.74,2.75,2.73,2.73,112251,0
2014-03-07,16:00:00,2.75,2.75,2.73,2.74,17300,0
2014-03-07,17:00:00,2.73,2.74,2.71,2.7101,103919,0
2014-03-07,18:00:00,2.71,2.72,2.68,2.69,72511,0
2014-03-07,19:00:00,2.7,2.71,2.66,2.67,104288,0
2014-03-07,20:00:00,2.665,2.7,2.66,2.67,85059,0
2014-03-07,21:00:00,2.67,2.7,2.67,2.68,43942,0
2014-03-07,22:00:00,2.68,2.69,2.68,2.69,204741,0
2014-03-10,15:00:00,2.68,2.707,2.63,2.64,72024,0
2014-03-10,16:00:00,2.635,2.66,2.63,2.656,112617,0
2014-03-10,17:00:00,2.66,2.66,2.645,2.65,171835,0
2014-03-10,18:00:00,2.65,2.66,2.65,2.65,67274,0
2014-03-10,19:00:00,2.655,2.66,2.645,2.655,87366,0
2014-03-10,20:00:00,2.655,2.74,2.65,2.73,252689,0
2014-03-10,21:00:00,2.7292,2.75,2.68,2.73,639146,0
2014-03-11,15:00:00,2.7,2.75,2.69,2.75,62503,0
2014-03-11,16:00:00,2.7401,2.77,2.74,2.76,64956,0
2014-03-11,17:00:00,2.77,2.77,2.745,2.75,117667,0
2014-03-11,18:00:00,2.75,2.76,2.745,2.76,87779,0
2014-03-11,19:00:00,2.75,2.76,2.72,2.74,35642,0
2014-03-11,20:00:00,2.74,2.74,2.7,2.715,93885,0
2014-03-11,21:00:00,2.7157,2.735,2.68,2.68,212504,0
2014-03-12,15:00:00,2.67,2.72,2.65,2.71,130284,0
2014-03-12,16:00:00,2.72,2.72,2.69,2.7,159631,0
2014-03-12,17:00:00,2.7,2.71,2.7,2.7,21322,0
2014-03-12,18:00:00,2.7,2.71,2.7,2.7,45629,0
2014-03-12,19:00:00,2.7,2.71,2.7,2.705,37245,0
2014-03-12,20:00:00,2.705,2.71,2.695,2.7,61940,0
2014-03-12,21:00:00,2.705,2.73,2.695,2.73,202410,0
2014-03-13,15:00:00,2.75,2.75,2.71,2.72,43436,0
2014-03-13,16:00:00,2.71,2.74,2.7,2.73,88247,0
2014-03-13,17:00:00,2.72,2.74,2.71,2.71,108828,0
2014-03-13,18:00:00,2.711,2.72,2.66,2.66,177055,0
2014-03-13,19:00:00,2.66,2.69,2.66,2.69,88772,0
2014-03-13,20:00:00,2.68,2.69,2.67,2.68,60852,0
2014-03-13,21:00:00,2.68,2.7,2.68,2.695,189898,0
2014-03-14,15:00:00,2.68,2.69,2.67,2.685,74985,0
2014-03-14,16:00:00,2.69,2.72,2.685,2.7,144659,0
2014-03-14,17:00:00,2.7,2.73,2.7,2.71,114580,0
2014-03-14,18:00:00,2.715,2.72,2.7,2.72,59916,0
2014-03-14,19:00:00,2.7115,2.74,2.7115,2.72,67917,0
2014-03-14,20:00:00,2.72,2.73,2.71,2.72,119630,0
2014-03-14,21:00:00,2.7125,2.77,2.71,2.75,317034,0
2014-03-17,15:00:00,2.72,2.76,2.72,2.75,13636,0
2014-03-17,16:00:00,2.75,2.77,2.75,2.76,49737,0
2014-03-17,17:00:00,2.76,2.77,2.7599,2.77,116390,0
2014-03-17,18:00:00,2.76,2.8,2.76,2.77,247781,0
2014-03-17,19:00:00,2.77,2.78,2.77,2.7725,37142,0
2014-03-17,20:00:00,2.775,2.78,2.77,2.77,51045,0
2014-03-17,21:00:00,2.77,2.78,2.76,2.78,133833,0
2014-03-18,15:00:00,2.79,2.79,2.75,2.78,47370,0
2014-03-18,16:00:00,2.78,2.82,2.77,2.8,270771,0
2014-03-18,17:00:00,2.805,2.81,2.75,2.77,147022,0
2014-03-18,18:00:00,2.77,2.78,2.76,2.76,36167,0
2014-03-18,19:00:00,2.765,2.8,2.75,2.8,125380,0
2014-03-18,20:00:00,2.7923,2.8,2.76,2.76,86648,0
2014-03-18,21:00:00,2.76,2.77,2.725,2.76,219211,0
2014-03-19,15:00:00,2.76,2.76,2.74,2.76,19408,0
2014-03-19,16:00:00,2.76,2.769,2.71,2.72,92006,0
2014-03-19,17:00:00,2.725,2.77,2.725,2.75,84822,0
2014-03-19,18:00:00,2.75,2.76,2.75,2.75,10161,0
2014-03-19,19:00:00,2.75,2.76,2.75,2.7503,25526,0
2014-03-19,20:00:00,2.758,2.79,2.75,2.78,94751,0
2014-03-19,21:00:00,2.78,2.79,2.75,2.76,143271,0
2014-03-20,15:00:00,2.77,2.77,2.72,2.725,16437,0
2014-03-20,16:00:00,2.725,2.76,2.72,2.73,99819,0
2014-03-20,17:00:00,2.72,2.74,2.72,2.735,110007,0
2014-03-20,18:00:00,2.73,2.74,2.72,2.73,26526,0
2014-03-20,19:00:00,2.73,2.76,2.72,2.76,73242,0
2014-03-20,20:00:00,2.76,2.77,2.745,2.76,68732,0
2014-03-20,21:00:00,2.76,2.8,2.74,2.8,303231,0
2014-03-21,15:00:00,2.7601,2.79,2.75,2.755,19735,0
2014-03-21,16:00:00,2.75,2.77,2.75,2.77,19768,0
2014-03-21,17:00:00,2.77,2.77,2.76,2.76,37951,0
2014-03-21,18:00:00,2.76,2.77,2.76,2.77,44664,0
2014-03-21,19:00:00,2.77,2.8,2.77,2.78,53033,0
2014-03-21,20:00:00,2.78,2.79,2.78,2.78,20674,0
2014-03-21,21:00:00,2.79,2.84,2.78,2.83,337867,0
2014-03-24,15:00:00,2.83,2.83,2.81,2.822,50549,0
2014-03-24,16:00:00,2.83,2.92,2.82,2.8806,663347,0
2014-03-24,17:00:00,2.88,2.9,2.73,2.77,447644,0
2014-03-24,18:00:00,2.76,2.78,2.73,2.765,121097,0
2014-03-24,19:00:00,2.77,2.8,2.76,2.8,47854,0
2014-03-24,20:00:00,2.8,2.825,2.791,2.815,62920,0
2014-03-24,21:00:00,2.815,2.84,2.79,2.8,188348,0
2014-03-25,15:00:00,2.8,2.86,2.8,2.83,83692,0
2014-03-25,16:00:00,2.83,2.85,2.83,2.83,51299,0
2014-03-25,17:00:00,2.83,2.83,2.8,2.8,35447,0
2014-03-25,18:00:00,2.8,2.8025,2.76,2.76,27229,0
2014-03-25,19:00:00,2.76,2.8,2.755,2.79,124502,0
2014-03-25,20:00:00,2.79,2.81,2.785,2.785,30439,0
2014-03-25,21:00:00,2.78,2.8,2.78,2.8,147060,0
2014-03-26,15:00:00,2.8,2.84,2.8,2.83,22210,0
2014-03-26,16:00:00,2.83,2.84,2.8,2.81,75314,0
2014-03-26,17:00:00,2.8,2.82,2.8,2.8,56082,0
2014-03-26,18:00:00,2.8,2.8,2.75,2.779,75349,0
2014-03-26,19:00:00,2.78,2.78,2.74,2.75,82739,0
2014-03-26,20:00:00,2.75,2.77,2.75,2.76,69419,0
2014-03-26,21:00:00,2.76,2.77,2.75,2.75,105294,0
2014-03-27,15:00:00,2.76,2.8,2.76,2.8,30487,0
2014-03-27,16:00:00,2.805,2.805,2.77,2.771,107880,0
2014-03-27,17:00:00,2.78,2.78,2.751,2.765,46098,0
2014-03-27,18:00:00,2.76,2.78,2.76,2.78,41022,0
2014-03-27,19:00:00,2.78,2.78,2.76,2.765,61308,0
2014-03-27,20:00:00,2.76,2.765,2.72,2.74,179340,0
2014-03-27,21:00:00,2.73,2.74,2.73,2.74,120990,0
2014-03-28,15:00:00,2.74,2.75,2.71,2.72,85531,0
2014-03-28,16:00:00,2.72,2.74,2.72,2.73,37285,0
2014-03-28,17:00:00,2.73,2.74,2.73,2.73,21448,0
2014-03-28,18:00:00,2.73,2.75,2.73,2.74,45655,0
2014-03-28,19:00:00,2.74,2.75,2.73,2.74,27528,0
2014-03-28,20:00:00,2.7403,2.75,2.73,2.73,24800,0
2014-03-28,21:00:00,2.73,2.74,2.72,2.73,218001,0
2014-03-31,16:00:00,2.74,2.75,2.71,2.73,63118,0
2014-03-31,17:00:00,2.7275,2.7275,2.7,2.7,74240,0
2014-03-31,18:00:00,2.7,2.71,2.68,2.68,88633,0
2014-03-31,19:00:00,2.68,2.69,2.65,2.66,100177,0
2014-03-31,20:00:00,2.67,2.67,2.655,2.66,115114,0
2014-03-31,21:00:00,2.66,2.68,2.64,2.675,247356,0
2014-03-31,22:00:00,2.67,2.69,2.67,2.69,159063,0
2014-04-01,16:00:00,2.68,2.69,2.65,2.68,66755,0
2014-04-01,17:00:00,2.68,2.73,2.68,2.71,161694,0
2014-04-01,18:00:00,2.71,2.72,2.69,2.7,89723,0
2014-04-01,19:00:00,2.7,2.71,2.675,2.68,123931,0
2014-04-01,20:00:00,2.68,2.71,2.68,2.71,49513,0
2014-04-01,21:00:00,2.7,2.71,2.68,2.69,124356,0
2014-04-01,22:00:00,2.69,2.7,2.67,2.67,265635,0
2014-04-02,16:00:00,2.67,2.68,2.67,2.675,10575,0
2014-04-02,17:00:00,2.6701,2.71,2.67,2.7001,212738,0
2014-04-02,18:00:00,2.7,2.73,2.695,2.72,274730,0
2014-04-02,19:00:00,2.72,2.73,2.7,2.7037,361283,0
2014-04-02,20:00:00,2.7,2.7,2.675,2.68,59186,0
2014-04-02,21:00:00,2.68,2.69,2.655,2.66,241575,0
2014-04-02,22:00:00,2.66,2.68,2.63,2.66,349985,0
2014-04-03,16:00:00,2.65,2.69,2.65,2.69,38282,0
2014-04-03,17:00:00,2.68,2.72,2.68,2.695,492220,0
2014-04-03,18:00:00,2.7,2.705,2.67,2.675,43428,0
2014-04-03,19:00:00,2.67,2.675,2.65,2.65,65025,0
2014-04-03,20:00:00,2.65,2.66,2.65,2.65,34938,0
2014-04-03,21:00:00,2.65,2.65,2.64,2.64,97738,0
2014-04-03,22:00:00,2.645,2.66,2.64,2.65,139347,0
2014-04-04,16:00:00,2.66,2.66,2.65,2.66,21599,0
2014-04-04,17:00:00,2.66,2.67,2.65,2.65,66884,0
2014-04-04,18:00:00,2.65,2.66,2.62,2.62,137411,0
2014-04-04,19:00:00,2.62,2.63,2.6,2.6,80628,0
2014-04-04,20:00:00,2.6,2.62,2.6,2.6,95984,0
2014-04-04,21:00:00,2.6,2.61,2.58,2.59,154252,0
2014-04-04,22:00:00,2.585,2.62,2.58,2.61,379144,0
2014-04-07,16:00:00,2.61,2.64,2.595,2.61,39296,0
2014-04-07,17:00:00,2.605,2.62,2.6,2.61,27328,0
2014-04-07,18:00:00,2.614,2.62,2.6,2.605,37747,0
2014-04-07,19:00:00,2.6,2.61,2.53,2.55,268735,0
2014-04-07,20:00:00,2.555,2.58,2.54,2.57,79322,0
2014-04-07,21:00:00,2.57,2.59,2.55,2.59,151501,0
2014-04-07,22:00:00,2.58,2.6,2.57,2.57,208505,0
2014-04-08,16:00:00,2.55,2.58,2.54,2.541,37995,0
2014-04-08,17:00:00,2.54,2.57,2.54,2.565,49663,0
2014-04-08,18:00:00,2.56,2.58,2.555,2.56,64161,0
2014-04-08,19:00:00,2.56,2.57,2.55,2.56,78805,0
2014-04-08,20:00:00,2.55,2.59,2.55,2.5825,55475,0
2014-04-08,21:00:00,2.58,2.61,2.565,2.6,243704,0
2014-04-08,22:00:00,2.6,2.63,2.59,2.62,149178,0
2014-04-09,16:00:00,2.6,2.63,2.6,2.6,15043,0
2014-04-09,17:00:00,2.6001,2.61,2.59,2.6,28310,0
2014-04-09,18:00:00,2.6,2.6,2.57,2.58,11432,0
2014-04-09,19:00:00,2.57,2.58,2.56,2.56,46960,0
2014-04-09,20:00:00,2.57,2.57,2.55,2.55,49849,0
2014-04-09,21:00:00,2.551,2.57,2.55,2.555,133111,0
2014-04-09,22:00:00,2.555,2.61,2.55,2.59,285012,0
2014-04-10,16:00:00,2.57,2.6,2.56,2.56,41368,0
2014-04-10,17:00:00,2.56,2.579,2.54,2.55,101483,0
2014-04-10,18:00:00,2.55,2.57,2.55,2.565,19820,0
2014-04-10,19:00:00,2.56,2.565,2.55,2.56,29035,0
2014-04-10,20:00:00,2.55,2.56,2.54,2.55,144555,0
2014-04-10,21:00:00,2.5573,2.56,2.5,2.51,212420,0
2014-04-10,22:00:00,2.501,2.53,2.5,2.51,295816,0
2014-04-11,16:00:00,2.5099,2.51,2.4299,2.47,124737,0
2014-04-11,17:00:00,2.47,2.48,2.42,2.44,314351,0
2014-04-11,18:00:00,2.444,2.48,2.44,2.45,127153,0
2014-04-11,19:00:00,2.46,2.48,2.45,2.48,51197,0
2014-04-11,20:00:00,2.4799,2.48,2.46,2.46,40494,0
2014-04-11,21:00:00,2.46,2.47,2.45,2.45,55552,0
2014-04-11,22:00:00,2.45,2.47,2.44,2.45,245637,0
2014-04-14,16:00:00,2.46,2.49,2.45,2.4701,82066,0
2014-04-14,17:00:00,2.47,2.49,2.47,2.48,46908,0
2014-04-14,18:00:00,2.48,2.49,2.48,2.485,109205,0
2014-04-14,19:00:00,2.485,2.51,2.48,2.51,53483,0
2014-04-14,20:00:00,2.5,2.52,2.5,2.511,26561,0
2014-04-14,21:00:00,2.51,2.511,2.49,2.5,56919,0
2014-04-14,22:00:00,2.5,2.55,2.5,2.54,180309,0
2014-04-15,16:00:00,2.53,2.56,2.53,2.55,23943,0
2014-04-15,17:00:00,2.55,2.56,2.51,2.52,32922,0
2014-04-15,18:00:00,2.52,2.53,2.5,2.52,36772,0
2014-04-15,19:00:00,2.52,2.525,2.51,2.511,39800,0
2014-04-15,20:00:00,2.51,2.53,2.51,2.525,22397,0
2014-04-15,21:00:00,2.525,2.565,2.525,2.56,39955,0
2014-04-15,22:00:00,2.56,2.58,2.55,2.55,114136,0
2014-04-16,16:00:00,2.54,2.59,2.54,2.58,17705,0
2014-04-16,17:00:00,2.57,2.59,2.57,2.57,21830,0
2014-04-16,18:00:00,2.57,2.58,2.56,2.565,17741,0
2014-04-16,19:00:00,2.57,2.58,2.57,2.57,26160,0
2014-04-16,20:00:00,2.571,2.58,2.53,2.53,23444,0
2014-04-16,21:00:00,2.535,2.56,2.535,2.55,13700,0
2014-04-16,22:00:00,2.56,2.6201,2.55,2.61,138581,0
2014-04-17,16:00:00,2.59,2.59,2.55,2.57,7000,0
2014-04-17,17:00:00,2.575,2.63,2.56,2.59,50032,0
2014-04-17,18:00:00,2.59,2.61,2.58,2.58,19102,0
2014-04-17,19:00:00,2.585,2.59,2.58,2.58,7700,0
2014-04-17,20:00:00,2.58,2.625,2.58,2.5901,56290,0
2014-04-17,21:00:00,2.59,2.59,2.57,2.57,98397,0
2014-04-17,22:00:00,2.57,2.58,2.57,2.57,41543,0
2014-04-21,16:00:00,2.56,2.57,2.52,2.525,15147,0
2014-04-21,17:00:00,2.525,2.58,2.52,2.58,34756,0
2014-04-21,18:00:00,2.58,2.58,2.55,2.55,21587,0
2014-04-21,19:00:00,2.55,2.56,2.55,2.55,5000,0
2014-04-21,20:00:00,2.555,2.57,2.55,2.55,21355,0
2014-04-21,21:00:00,2.55,2.58,2.55,2.56,36499,0
2014-04-21,22:00:00,2.5607,2.58,2.545,2.58,169887,0
2014-04-22,16:00:00,2.55,2.58,2.55,2.58,7339,0
2014-04-22,17:00:00,2.57,2.59,2.57,2.59,12250,0
2014-04-22,18:00:00,2.5825,2.59,2.57,2.57,20266,0
2014-04-22,19:00:00,2.57,2.58,2.57,2.57,4031,0
2014-04-22,20:00:00,2.57,2.58,2.57,2.58,11200,0
2014-04-22,21:00:00,2.57,2.58,2.57,2.58,24459,0
2014-04-22,22:00:00,2.58,2.58,2.56,2.56,155710,0
2014-04-23,16:00:00,2.55,2.5601,2.55,2.555,7046,0
2014-04-23,17:00:00,2.55,2.57,2.55,2.56,14049,0
2014-04-23,18:00:00,2.56,2.57,2.555,2.56,22651,0
2014-04-23,19:00:00,2.56,2.57,2.56,2.56,10177,0
2014-04-23,20:00:00,2.56,2.57,2.56,2.56,10000,0
2014-04-23,21:00:00,2.56,2.57,2.55,2.56,37585,0
2014-04-23,22:00:00,2.565,2.57,2.56,2.57,69314,0
2014-04-24,16:00:00,2.5702,2.59,2.57,2.58,17000,0
2014-04-24,17:00:00,2.57,2.58,2.56,2.565,29233,0
2014-04-24,18:00:00,2.56,2.5685,2.54,2.545,115024,0
2014-04-24,19:00:00,2.545,2.56,2.5401,2.55,31178,0
2014-04-24,20:00:00,2.55,2.56,2.54,2.55,22822,0
2014-04-24,21:00:00,2.545,2.55,2.54,2.545,17902,0
2014-04-24,22:00:00,2.54,2.56,2.53,2.54,65419,0
2014-04-25,16:00:00,2.52,2.53,2.52,2.53,11745,0
2014-04-25,17:00:00,2.53,2.54,2.52,2.54,22950,0
2014-04-25,18:00:00,2.535,2.54,2.53,2.53,18917,0
2014-04-25,19:00:00,2.53,2.5399,2.52,2.5399,51727,0
2014-04-25,20:00:00,2.53,2.5321,2.52,2.53,50827,0
2014-04-25,21:00:00,2.53,2.57,2.525,2.569,65071,0
2014-04-25,22:00:00,2.5601,2.58,2.55,2.56,31076,0
2014-04-28,16:00:00,2.5,2.58,2.5,2.55,34427,0
2014-04-28,17:00:00,2.55,2.56,2.54,2.54,16483,0
2014-04-28,18:00:00,2.545,2.55,2.53,2.53,17700,0
2014-04-28,19:00:00,2.53,2.54,2.53,2.53,16518,0
2014-04-28,20:00:00,2.535,2.555,2.51,2.51,78411,0
2014-04-28,21:00:00,2.51,2.53,2.51,2.52,34671,0
2014-04-28,22:00:00,2.52,2.55,2.51,2.53,124213,0
2014-04-29,16:00:00,2.53,2.56,2.53,2.55,14763,0
2014-04-29,17:00:00,2.55,2.56,2.55,2.56,11020,0
2014-04-29,18:00:00,2.55,2.56,2.53,2.53,17800,0
2014-04-29,19:00:00,2.535,2.54,2.52,2.521,14326,0
2014-04-29,20:00:00,2.525,2.53,2.52,2.53,17048,0
2014-04-29,21:00:00,2.52,2.53,2.5,2.5,36383,0
2014-04-29,22:00:00,2.5,2.51,2.47,2.475,140475,0
2014-04-30,16:00:00,2.44,2.47,2.44,2.45,43942,0
2014-04-30,17:00:00,2.45,2.48,2.44,2.47,34180,0
2014-04-30,18:00:00,2.47,2.48,2.47,2.47,4454,0
2014-04-30,19:00:00,2.47,2.48,2.47,2.47,10969,0
2014-04-30,20:00:00,2.47,2.475,2.44,2.4401,93624,0
2014-04-30,21:00:00,2.441,2.48,2.44,2.48,45261,0
2014-04-30,22:00:00,2.4775,2.48,2.44,2.46,99512,0
2014-05-01,16:00:00,2.51,2.55,2.5,2.51,33828,0
2014-05-01,17:00:00,2.51,2.545,2.51,2.54,85646,0
2014-05-01,18:00:00,2.54,2.63,2.53,2.59,286000,0
2014-05-01,19:00:00,2.59,2.59,2.57,2.58,30026,0
2014-05-01,20:00:00,2.585,2.59,2.54,2.545,77365,0
2014-05-01,21:00:00,2.5485,2.6,2.54,2.555,124866,0
2014-05-01,22:00:00,2.5599,2.67,2.5599,2.66,432146,0
2014-05-02,16:00:00,2.65,2.7,2.63,2.685,56562,0
2014-05-02,17:00:00,2.68,2.685,2.65,2.66,48509,0
2014-05-02,18:00:00,2.65,2.66,2.64,2.65,34296,0
2014-05-02,19:00:00,2.64,2.65,2.62,2.62,35457,0
2014-05-02,20:00:00,2.62,2.62,2.57,2.57,40071,0
2014-05-02,21:00:00,2.57,2.61,2.57,2.6,59466,0
2014-05-02,22:00:00,2.59,2.6,2.57,2.58,124017,0
2014-05-05,16:00:00,2.48,2.48,2.42,2.451,183359,0
2014-05-05,17:00:00,2.45,2.5,2.44,2.49,140166,0
2014-05-05,18:00:00,2.49,2.5103,2.48,2.49,94055,0
2014-05-05,19:00:00,2.48,2.49,2.45,2.455,39754,0
2014-05-05,20:00:00,2.45,2.46,2.43,2.45,110578,0
2014-05-05,21:00:00,2.4533,2.46,2.43,2.44,127619,0
2014-05-05,22:00:00,2.44,2.44,2.43,2.43,138010,0
2014-05-06,16:00:00,2.43,2.43,2.36,2.376,167248,0
2014-05-06,17:00:00,2.38,2.39,2.36,2.38,79337,0
2014-05-06,18:00:00,2.39,2.42,2.37,2.3801,81758,0
2014-05-06,19:00:00,2.3801,2.4,2.38,2.39,49656,0
2014-05-06,20:00:00,2.39,2.4,2.375,2.39,56481,0
2014-05-06,21:00:00,2.39,2.39,2.24,2.25,435949,0
2014-05-06,22:00:00,2.25,2.3,2.2,2.23,763064,0
2014-05-07,16:00:00,2.1901,2.22,2.07,2.0719,179802,0
2014-05-07,17:00:00,2.07,2.08,1.9,2,713994,0
2014-05-07,18:00:00,1.99,2.01,1.96,1.97,252029,0
2014-05-07,19:00:00,1.96,1.97,1.91,1.91,173845,0
2014-05-07,20:00:00,1.915,1.92,1.74,1.76,981320,0
2014-05-07,21:00:00,1.76,1.785,1.67,1.695,449653,0
2014-05-07,22:00:00,1.695,1.71,1.67,1.7,692617,0
