Date,Time,Open,High,Low,Close,Volume,OpenInt
2014-02-10,16:00:00,0.009,0.009,0.0089,0.0089,12311,0
2014-02-10,17:00:00,0.0082,0.0082,0.008,0.008,87100,0
2014-02-10,18:00:00,0.0071,0.0072,0.0071,0.0072,56800,0
2014-02-10,20:00:00,0.0079,0.0079,0.0079,0.0079,36159,0
2014-02-10,22:00:00,0.0072,0.0072,0.0072,0.0072,500,0
2014-02-11,16:00:00,0.007,0.0149,0.007,0.01,96664,0
2014-02-11,17:00:00,0.01,0.01,0.01,0.01,1600,0
2014-02-11,18:00:00,0.01,0.01,0.01,0.01,2000,0
2014-02-11,19:00:00,0.0148,0.0149,0.01,0.01,377800,0
2014-02-11,20:00:00,0.012,0.012,0.012,0.012,100000,0
2014-02-11,21:00:00,0.012,0.0129,0.011,0.0118,560398,0
2014-02-11,22:00:00,0.012,0.012,0.012,0.012,37950,0
2014-02-12,16:00:00,0.01,0.012,0.01,0.012,46715,0
2014-02-12,17:00:00,0.0102,0.012,0.0101,0.012,22000,0
2014-02-12,18:00:00,0.012,0.012,0.0104,0.0104,16000,0
2014-02-12,19:00:00,0.012,0.012,0.01,0.01,320380,0
2014-02-12,20:00:00,0.0105,0.0105,0.0105,0.0105,20000,0
2014-02-12,21:00:00,0.012,0.012,0.012,0.012,110000,0
2014-02-12,22:00:00,0.011,0.011,0.011,0.011,143197,0
2014-02-13,16:00:00,0.011,0.011,0.011,0.011,54832,0
2014-02-13,17:00:00,0.011,0.011,0.011,0.011,600,0
2014-02-13,18:00:00,0.011,0.011,0.011,0.011,11876,0
2014-02-13,21:00:00,0.0101,0.011,0.0101,0.011,3235,0
2014-02-13,22:00:00,0.012,0.012,0.012,0.012,26500,0
2014-02-14,16:00:00,0.012,0.012,0.012,0.012,2000,0
2014-02-14,17:00:00,0.012,0.012,0.011,0.011,23589,0
2014-02-14,20:00:00,0.011,0.011,0.011,0.011,10125,0
2014-02-14,22:00:00,0.012,0.012,0.011,0.011,130000,0
2014-02-18,16:00:00,0.007,0.012,0.007,0.012,146104,0
2014-02-18,18:00:00,0.012,0.012,0.011,0.012,37550,0
2014-02-18,19:00:00,0.011,0.011,0.011,0.011,15400,0
2014-02-18,20:00:00,0.012,0.012,0.012,0.012,6055,0
2014-02-18,21:00:00,0.012,0.012,0.012,0.012,5000,0
2014-02-19,16:00:00,0.012,0.012,0.011,0.011,12419,0
2014-02-19,17:00:00,0.011,0.011,0.011,0.011,750,0
2014-02-19,18:00:00,0.011,0.011,0.011,0.011,500,0
2014-02-20,16:00:00,0.01,0.01,0.01,0.01,106671,0
2014-02-20,17:00:00,0.011,0.011,0.011,0.011,2500,0
2014-02-20,20:00:00,0.012,0.012,0.012,0.012,9875,0
2014-02-20,21:00:00,0.011,0.011,0.011,0.011,500,0
2014-02-21,16:00:00,0.011,0.011,0.011,0.011,1500,0
2014-02-21,17:00:00,0.011,0.011,0.011,0.011,3400,0
2014-02-21,18:00:00,0.012,0.012,0.011,0.011,149500,0
2014-02-21,19:00:00,0.011,0.011,0.011,0.011,500,0
2014-02-21,20:00:00,0.011,0.011,0.011,0.011,11000,0
2014-02-21,21:00:00,0.011,0.011,0.011,0.011,11000,0
2014-02-21,22:00:00,0.011,0.012,0.011,0.011,15308,0
2014-02-24,16:00:00,0.011,0.012,0.011,0.011,40802,0
2014-02-24,17:00:00,0.011,0.011,0.011,0.011,1900,0
2014-02-24,18:00:00,0.011,0.011,0.011,0.011,600,0
2014-02-25,16:00:00,0.015,0.015,0.0083,0.0119,169650,0
2014-02-25,17:00:00,0.0119,0.0119,0.0087,0.0087,28500,0
2014-02-25,19:00:00,0.0091,0.0091,0.0091,0.0091,100,0
2014-02-25,20:00:00,0.0119,0.0119,0.0119,0.0119,10000,0
2014-02-25,21:00:00,0.0119,0.0119,0.0096,0.0119,94541,0
2014-02-25,22:00:00,0.0116,0.0116,0.0116,0.0116,5000,0
2014-02-26,16:00:00,0.0115,0.0115,0.01,0.0114,29200,0
2014-02-26,17:00:00,0.01,0.0114,0.01,0.0114,28284,0
2014-02-26,18:00:00,0.01,0.01,0.01,0.01,850,0
2014-02-26,20:00:00,0.01,0.01,0.01,0.01,50698,0
2014-02-27,16:00:00,0.0099,0.0099,0.0097,0.0097,190000,0
2014-02-27,17:00:00,0.0099,0.0099,0.0096,0.0096,21125,0
2014-02-27,21:00:00,0.0096,0.0099,0.0096,0.0099,22481,0
2014-02-27,22:00:00,0.0096,0.0099,0.0096,0.0099,493,0
2014-02-28,16:00:00,0.0096,0.0096,0.0091,0.0091,147550,0
2014-02-28,17:00:00,0.0091,0.0149,0.009,0.009,24349,0
2014-02-28,18:00:00,0.009,0.009,0.0085,0.0085,193700,0
2014-02-28,19:00:00,0.0085,0.009,0.0085,0.0085,57000,0
2014-02-28,20:00:00,0.0085,0.0085,0.0085,0.0085,20000,0
2014-02-28,21:00:00,0.0085,0.0085,0.0085,0.0085,150000,0
2014-02-28,22:00:00,0.0085,0.0085,0.0085,0.0085,57816,0
2014-03-03,16:00:00,0.008,0.016,0.008,0.0086,407291,0
2014-03-03,17:00:00,0.0086,0.0086,0.008,0.0085,302000,0
2014-03-03,18:00:00,0.0085,0.0085,0.0085,0.0085,2500,0
2014-03-03,19:00:00,0.0085,0.0085,0.0085,0.0085,187,0
2014-03-03,20:00:00,0.0085,0.0085,0.0085,0.0085,67000,0
2014-03-03,22:00:00,0.009,0.0099,0.009,0.0099,100000,0
2014-03-04,16:00:00,0.0099,0.0099,0.0099,0.0099,1000,0
2014-03-04,17:00:00,0.0148,0.0148,0.0148,0.0148,9376,0
2014-03-04,18:00:00,0.0147,0.015,0.0123,0.015,137611,0
2014-03-04,19:00:00,0.014,0.014,0.0104,0.0139,146056,0
2014-03-04,21:00:00,0.013,0.013,0.013,0.013,35000,0
2014-03-04,22:00:00,0.013,0.013,0.013,0.013,22000,0
2014-03-05,16:00:00,0.013,0.013,0.013,0.013,11000,0
2014-03-05,17:00:00,0.0103,0.0103,0.0103,0.0103,500,0
2014-03-05,19:00:00,0.013,0.013,0.0104,0.0104,101537,0
2014-03-05,20:00:00,0.0107,0.0107,0.0107,0.0107,125,0
2014-03-05,21:00:00,0.0107,0.012,0.0107,0.012,4130,0
2014-03-05,22:00:00,0.012,0.012,0.0106,0.0108,81750,0
2014-03-06,17:00:00,0.0129,0.0129,0.0129,0.0129,73000,0
2014-03-06,18:00:00,0.0129,0.0129,0.0125,0.0129,23550,0
2014-03-06,19:00:00,0.0129,0.0129,0.0129,0.0129,3000,0
2014-03-06,20:00:00,0.0108,0.0108,0.0107,0.0107,79436,0
2014-03-06,21:00:00,0.0108,0.0108,0.0107,0.0107,13900,0
2014-03-06,22:00:00,0.0108,0.0108,0.0107,0.0107,87596,0
2014-03-07,16:00:00,0.0103,0.02,0.0103,0.0126,5622,0
2014-03-07,17:00:00,0.0126,0.0126,0.01,0.0104,110300,0
2014-03-07,18:00:00,0.0125,0.0125,0.0104,0.0104,7500,0
2014-03-07,20:00:00,0.0125,0.0125,0.0108,0.0108,32320,0
2014-03-07,21:00:00,0.0108,0.0108,0.0108,0.0108,10000,0
2014-03-07,22:00:00,0.0108,0.0108,0.0107,0.0107,105500,0
2014-03-10,15:00:00,0.0106,0.0106,0.0104,0.0104,15687,0
2014-03-10,16:00:00,0.0106,0.0106,0.0105,0.0105,93900,0
2014-03-10,18:00:00,0.0105,0.0106,0.0105,0.0105,17500,0
2014-03-10,19:00:00,0.0105,0.0105,0.0105,0.0105,15500,0
2014-03-10,20:00:00,0.0106,0.0106,0.0105,0.0105,15097,0
2014-03-10,21:00:00,0.0105,0.0105,0.0105,0.0105,23500,0
2014-03-11,15:00:00,0.0106,0.0106,0.0106,0.0106,10000,0
2014-03-11,16:00:00,0.0106,0.0106,0.0106,0.0106,1000,0
2014-03-11,17:00:00,0.0106,0.0145,0.0103,0.0103,160100,0
2014-03-11,19:00:00,0.013,0.013,0.0104,0.0104,1500,0
2014-03-12,15:00:00,0.013,0.013,0.013,0.013,27153,0
2014-03-12,16:00:00,0.013,0.013,0.0107,0.013,229400,0
2014-03-12,17:00:00,0.0128,0.0128,0.0128,0.0128,1000,0
2014-03-12,18:00:00,0.0128,0.0128,0.0128,0.0128,70000,0
2014-03-12,19:00:00,0.0128,0.0128,0.0128,0.0128,29500,0
2014-03-12,20:00:00,0.0128,0.0128,0.0128,0.0128,94800,0
2014-03-12,21:00:00,0.0126,0.0126,0.0099,0.0099,405477,0
2014-03-13,15:00:00,0.0035,0.0126,0.0035,0.0126,24186,0
2014-03-13,16:00:00,0.0126,0.0129,0.0126,0.0129,13230,0
2014-03-13,17:00:00,0.0129,0.0129,0.0129,0.0129,21830,0
2014-03-13,19:00:00,0.0129,0.0129,0.0129,0.0129,7751,0
2014-03-13,20:00:00,0.0105,0.0105,0.0105,0.0105,30204,0
2014-03-13,21:00:00,0.0107,0.0107,0.0107,0.0107,360,0
2014-03-14,15:00:00,0.0127,0.0127,0.0127,0.0127,30000,0
2014-03-14,16:00:00,0.0105,0.0105,0.0105,0.0105,2000,0
2014-03-14,17:00:00,0.0105,0.0105,0.0105,0.0105,2000,0
2014-03-14,19:00:00,0.0105,0.0105,0.0105,0.0105,10000,0
2014-03-17,15:00:00,0.0126,0.0126,0.0106,0.0106,4347,0
2014-03-17,17:00:00,0.0106,0.0106,0.0106,0.0106,1550,0
2014-03-17,18:00:00,0.0119,0.0119,0.0113,0.0119,21000,0
2014-03-17,19:00:00,0.0119,0.0119,0.0118,0.0118,8900,0
2014-03-17,21:00:00,0.0106,0.0106,0.0106,0.0106,4999,0
2014-03-18,15:00:00,0.013,0.013,0.013,0.013,19000,0
2014-03-18,17:00:00,0.0108,0.0108,0.0108,0.0108,10000,0
2014-03-18,18:00:00,0.0108,0.0108,0.0108,0.0108,1000,0
2014-03-18,19:00:00,0.0108,0.0108,0.0108,0.0108,1700,0
2014-03-18,20:00:00,0.0108,0.0109,0.0108,0.0109,69803,0
2014-03-18,21:00:00,0.0108,0.0108,0.0107,0.0107,46532,0
2014-03-19,15:00:00,0.0107,0.0107,0.0107,0.0107,151000,0
2014-03-19,18:00:00,0.0107,0.0107,0.0105,0.0105,92000,0
2014-03-19,19:00:00,0.0106,0.0106,0.0105,0.0105,20000,0
2014-03-19,20:00:00,0.0106,0.0107,0.0101,0.0105,163450,0
2014-03-20,15:00:00,0.0125,0.0125,0.0102,0.0103,190162,0
2014-03-20,17:00:00,0.0102,0.0102,0.0102,0.0102,150,0
2014-03-20,18:00:00,0.0104,0.0104,0.0102,0.0102,440,0
2014-03-20,19:00:00,0.0102,0.0102,0.0102,0.0102,2235,0
2014-03-21,15:00:00,0.0102,0.0102,0.0102,0.0102,425,0
2014-03-21,17:00:00,0.0119,0.0119,0.0119,0.0119,10000,0
2014-03-21,18:00:00,0.0119,0.0119,0.0119,0.0119,10000,0
2014-03-21,19:00:00,0.0119,0.0119,0.0119,0.0119,1000,0
2014-03-21,21:00:00,0.0103,0.0103,0.0103,0.0103,200,0
2014-03-24,15:00:00,0.0103,0.0103,0.0103,0.0103,4948,0
2014-03-24,17:00:00,0.0109,0.0109,0.0099,0.01,58714,0
2014-03-24,18:00:00,0.0099,0.0099,0.0099,0.0099,1000,0
2014-03-24,19:00:00,0.0099,0.0099,0.0093,0.0093,26000,0
2014-03-24,21:00:00,0.0099,0.0099,0.0099,0.0099,51500,0
2014-03-25,15:00:00,0.011,0.011,0.011,0.011,12363,0
2014-03-25,19:00:00,0.0099,0.0099,0.0099,0.0099,500,0
2014-03-25,20:00:00,0.0099,0.0099,0.009,0.009,14500,0
2014-03-25,21:00:00,0.009,0.009,0.009,0.009,338,0
2014-03-26,15:00:00,0.009,0.009,0.0085,0.0085,30000,0
2014-03-26,16:00:00,0.009,0.009,0.009,0.009,19998,0
2014-03-26,17:00:00,0.009,0.009,0.0085,0.009,289286,0
2014-03-26,18:00:00,0.0085,0.009,0.0085,0.009,20500,0
2014-03-26,19:00:00,0.009,0.009,0.009,0.009,22552,0
2014-03-26,20:00:00,0.009,0.009,0.009,0.009,375,0
2014-03-26,21:00:00,0.009,0.01,0.009,0.009,98825,0
2014-03-27,15:00:00,0.0086,0.0086,0.0086,0.0086,4041,0
2014-03-27,18:00:00,0.0089,0.0089,0.0089,0.0089,364,0
2014-03-27,19:00:00,0.0089,0.0089,0.0089,0.0089,3000,0
2014-03-27,20:00:00,0.015,0.015,0.0089,0.0089,20456,0
2014-03-27,21:00:00,0.0089,0.0089,0.0089,0.0089,430,0
2014-03-28,15:00:00,0.0089,0.009,0.0089,0.009,21121,0
2014-03-28,16:00:00,0.01,0.01,0.01,0.01,50250,0
2014-03-28,21:00:00,0.0091,0.0091,0.0091,0.0091,900,0
2014-03-31,16:00:00,0.009,0.009,0.009,0.009,35810,0
2014-03-31,17:00:00,0.009,0.009,0.0081,0.0081,9429,0
2014-03-31,18:00:00,0.0081,0.009,0.0081,0.009,96640,0
2014-03-31,19:00:00,0.0082,0.0082,0.0082,0.0082,500000,0
2014-03-31,22:00:00,0.0084,0.0089,0.008,0.008,205128,0
2014-04-01,16:00:00,0.006,0.008,0.006,0.008,231760,0
2014-04-01,17:00:00,0.008,0.008,0.008,0.008,65000,0
2014-04-01,18:00:00,0.008,0.008,0.008,0.008,17400,0
2014-04-01,19:00:00,0.008,0.0082,0.008,0.0082,32300,0
2014-04-01,20:00:00,0.007,0.007,0.007,0.007,1338,0
2014-04-01,21:00:00,0.007,0.007,0.007,0.007,1250,0
2014-04-01,22:00:00,0.007,0.007,0.007,0.007,5000,0
2014-04-02,16:00:00,0.0075,0.0075,0.0075,0.0075,15935,0
2014-04-02,17:00:00,0.0075,0.0075,0.0075,0.0075,500,0
2014-04-02,18:00:00,0.0075,0.0075,0.007,0.007,400000,0
2014-04-02,19:00:00,0.0082,0.0082,0.0082,0.0082,10000,0
2014-04-02,20:00:00,0.0082,0.0082,0.0082,0.0082,17300,0
2014-04-03,16:00:00,0.007,0.007,0.007,0.007,38750,0
2014-04-03,17:00:00,0.007,0.007,0.007,0.007,624,0
2014-04-03,18:00:00,0.007,0.007,0.007,0.007,500,0
2014-04-03,19:00:00,0.007,0.0075,0.007,0.0075,80644,0
2014-04-03,21:00:00,0.0087,0.0109,0.0087,0.0109,350000,0
2014-04-03,22:00:00,0.0073,0.0073,0.0073,0.0073,10050,0
2014-04-04,16:00:00,0.0074,0.0074,0.0074,0.0074,2000,0
2014-04-04,17:00:00,0.01,0.01,0.01,0.01,20000,0
2014-04-04,18:00:00,0.0085,0.01,0.0085,0.01,32382,0
2014-04-04,19:00:00,0.0085,0.0085,0.0085,0.0085,900,0
2014-04-04,20:00:00,0.0085,0.0085,0.0085,0.0085,6000,0
2014-04-07,16:00:00,0.0085,0.01,0.0085,0.009,95627,0
2014-04-07,17:00:00,0.0091,0.0091,0.0091,0.0091,950,0
2014-04-07,18:00:00,0.008,0.008,0.008,0.008,126,0
2014-04-07,19:00:00,0.0091,0.0091,0.0091,0.0091,7066,0
2014-04-07,21:00:00,0.0085,0.0085,0.0085,0.0085,110000,0
2014-04-08,16:00:00,0.0085,0.0085,0.0085,0.0085,10600,0
2014-04-08,22:00:00,0.0085,0.0085,0.0085,0.0085,667,0
2014-04-09,16:00:00,0.0086,0.0086,0.0086,0.0086,2375,0
2014-04-09,17:00:00,0.0086,0.0086,0.0086,0.0086,200,0
2014-04-09,18:00:00,0.0091,0.0091,0.0061,0.0061,22000,0
2014-04-09,20:00:00,0.0063,0.0063,0.0063,0.0063,1150,0
2014-04-10,16:00:00,0.0064,0.0064,0.0064,0.0064,6000,0
2014-04-10,17:00:00,0.0066,0.0066,0.0066,0.0066,30500,0
2014-04-10,18:00:00,0.0067,0.0067,0.0067,0.0067,1459,0
2014-04-10,20:00:00,0.0067,0.0067,0.0067,0.0067,450,0
2014-04-10,21:00:00,0.009,0.0091,0.0089,0.0091,56412,0
2014-04-10,22:00:00,0.0098,0.0098,0.0098,0.0098,17000,0
2014-04-11,16:00:00,0.0068,0.0068,0.0068,0.0068,4000,0
2014-04-11,17:00:00,0.0087,0.0087,0.0087,0.0087,10000,0
2014-04-11,19:00:00,0.0087,0.0087,0.0087,0.0087,1375,0
2014-04-11,20:00:00,0.0087,0.0087,0.0087,0.0087,230,0
2014-04-11,21:00:00,0.0087,0.0087,0.0087,0.0087,8392,0
2014-04-14,16:00:00,0.0096,0.0096,0.0096,0.0096,75000,0
2014-04-14,17:00:00,0.0096,0.01,0.0069,0.0069,121202,0
2014-04-14,18:00:00,0.0071,0.0099,0.0071,0.0071,20791,0
2014-04-14,19:00:00,0.0071,0.0071,0.0071,0.0071,5115,0
2014-04-14,20:00:00,0.0071,0.0071,0.0071,0.0071,150,0
2014-04-14,21:00:00,0.0071,0.01,0.0071,0.01,198939,0
2014-04-14,22:00:00,0.0074,0.0074,0.0074,0.0074,263,0
2014-04-15,16:00:00,0.01,0.01,0.0077,0.0077,5500,0
2014-04-15,17:00:00,0.01,0.01,0.01,0.01,9000,0
2014-04-15,18:00:00,0.0075,0.0075,0.0075,0.0075,4408,0
2014-04-15,22:00:00,0.0081,0.0099,0.0078,0.0099,35000,0
2014-04-16,16:00:00,0.0099,0.0099,0.0099,0.0099,9000,0
2014-04-16,17:00:00,0.0075,0.0075,0.0075,0.0075,700,0
2014-04-16,21:00:00,0.0076,0.0076,0.0076,0.0076,800,0
2014-04-16,22:00:00,0.0078,0.0078,0.0078,0.0078,500,0
2014-04-17,16:00:00,0.0079,0.0079,0.0079,0.0079,1500,0
2014-04-17,19:00:00,0.0075,0.0075,0.0075,0.0075,4200,0
2014-04-17,20:00:00,0.0075,0.008,0.0075,0.008,2750,0
2014-04-17,22:00:00,0.0075,0.008,0.0075,0.008,1438,0
2014-04-21,16:00:00,0.0074,0.0098,0.0074,0.0098,21864,0
2014-04-21,17:00:00,0.0098,0.0098,0.0074,0.0074,4375,0
2014-04-21,21:00:00,0.0076,0.0076,0.0076,0.0076,5000,0
2014-04-22,16:00:00,0.0075,0.0075,0.0075,0.0075,21000,0
2014-04-22,17:00:00,0.0075,0.0075,0.0075,0.0075,228,0
2014-04-22,18:00:00,0.0075,0.0075,0.0075,0.0075,1050,0
2014-04-22,20:00:00,0.0075,0.0075,0.0075,0.0075,212,0
2014-04-22,21:00:00,0.0075,0.0075,0.0075,0.0075,862,0
2014-04-23,16:00:00,0.0075,0.0075,0.0075,0.0075,80450,0
2014-04-23,17:00:00,0.0075,0.0089,0.0075,0.0089,24075,0
2014-04-23,20:00:00,0.0075,0.0075,0.0075,0.0075,125,0
2014-04-24,18:00:00,0.0075,0.0075,0.0075,0.0075,125,0
2014-04-24,19:00:00,0.0075,0.0075,0.0075,0.0075,300,0
2014-04-25,16:00:00,0.0075,0.0075,0.0075,0.0075,31000,0
2014-04-25,17:00:00,0.0075,0.0089,0.0075,0.0089,2000,0
2014-04-25,18:00:00,0.0089,0.0089,0.0089,0.0089,21000,0
2014-04-25,20:00:00,0.0075,0.0075,0.0075,0.0075,15000,0
2014-04-25,21:00:00,0.0074,0.0074,0.0074,0.0074,100,0
2014-04-28,16:00:00,0.0089,0.0089,0.0089,0.0089,4999,0
2014-04-28,17:00:00,0.0098,0.0098,0.0098,0.0098,80000,0
2014-04-28,18:00:00,0.0098,0.0098,0.0075,0.0075,536275,0
2014-04-28,22:00:00,0.0077,0.0077,0.0077,0.0077,250,0
2014-04-29,16:00:00,0.0077,0.0077,0.0077,0.0077,374,0
2014-04-29,17:00:00,0.008,0.01,0.008,0.01,498808,0
2014-04-29,18:00:00,0.01,0.01,0.0076,0.0076,259950,0
2014-04-29,22:00:00,0.01,0.01,0.01,0.01,200,0
2014-04-30,18:00:00,0.0081,0.0081,0.008,0.008,100250,0
2014-04-30,19:00:00,0.0099,0.0099,0.0099,0.0099,20000,0
2014-04-30,20:00:00,0.0081,0.0099,0.0081,0.0099,11687,0
2014-04-30,22:00:00,0.0084,0.0084,0.0084,0.0084,125,0
2014-05-01,16:00:00,0.0084,0.0084,0.0084,0.0084,1806,0
2014-05-01,19:00:00,0.0084,0.0084,0.0084,0.0084,10000,0
2014-05-01,20:00:00,0.0085,0.0085,0.0085,0.0085,100,0
2014-05-02,16:00:00,0.0094,0.0094,0.0094,0.0094,4190,0
2014-05-02,17:00:00,0.0085,0.0085,0.008,0.008,148392,0
2014-05-02,18:00:00,0.008,0.008,0.008,0.008,20000,0
2014-05-02,19:00:00,0.0075,0.0075,0.0075,0.0075,500,0
2014-05-02,20:00:00,0.0075,0.0075,0.0074,0.0074,156540,0
2014-05-02,21:00:00,0.0074,0.0074,0.0074,0.0074,485920,0
2014-05-05,16:00:00,0.0074,0.0074,0.0074,0.0074,204000,0
2014-05-05,19:00:00,0.0099,0.0099,0.0099,0.0099,8167,0
2014-05-05,20:00:00,0.0079,0.0079,0.0079,0.0079,8167,0
2014-05-05,21:00:00,0.0075,0.0075,0.0069,0.0072,303125,0
2014-05-06,16:00:00,0.0069,0.0069,0.0069,0.0069,17700,0
2014-05-07,16:00:00,0.007,0.007,0.007,0.007,50000,0
2014-05-07,17:00:00,0.0069,0.0069,0.0069,0.0069,7000,0
2014-05-07,18:00:00,0.008,0.008,0.0069,0.0069,40000,0
2014-05-07,19:00:00,0.0069,0.0069,0.0069,0.0069,1000,0
2014-05-07,20:00:00,0.008,0.008,0.008,0.008,20000,0
2014-05-07,21:00:00,0.0069,0.0069,0.0069,0.0069,125,0
2014-05-07,22:00:00,0.0069,0.008,0.0069,0.008,500,0
