Date,Time,Open,High,Low,Close,Volume,OpenInt
2014-02-10,16:00:00,15.06,15.1436,15.06,15.1201,59340,0
2014-02-10,17:00:00,15.19,15.2,15.0901,15.1293,52661,0
2014-02-10,18:00:00,15.1048,15.16,15.1048,15.143,13727,0
2014-02-10,19:00:00,15.15,15.1548,15.1011,15.1048,9890,0
2014-02-10,20:00:00,15.1389,15.14,15.1196,15.13,7757,0
2014-02-10,21:00:00,15.138,15.18,15.13,15.147,25643,0
2014-02-10,22:00:00,15.12,15.13,15.0501,15.13,39865,0
2014-02-11,16:00:00,15.3,15.43,15.27,15.39,69259,0
2014-02-11,17:00:00,15.37,15.735,15.37,15.6501,100886,0
2014-02-11,18:00:00,15.63,15.82,15.57,15.7199,35513,0
2014-02-11,19:00:00,15.7199,15.73,15.65,15.6605,38298,0
2014-02-11,20:00:00,15.6501,15.6868,15.6201,15.66,13541,0
2014-02-11,21:00:00,15.6301,15.75,15.63,15.74,48437,0
2014-02-11,22:00:00,15.7201,15.73,15.66,15.66,25279,0
2014-02-12,16:00:00,15.75,15.75,15.5865,15.68,39596,0
2014-02-12,17:00:00,15.6501,15.89,15.65,15.82,285923,0
2014-02-12,18:00:00,15.8,15.8,15.72,15.7611,27873,0
2014-02-12,19:00:00,15.7801,15.9,15.7604,15.84,105842,0
2014-02-12,20:00:00,15.8684,15.88,15.81,15.812,23719,0
2014-02-12,21:00:00,15.84,15.872,15.69,15.7204,71627,0
2014-02-12,22:00:00,15.752,15.752,15.64,15.67,56660,0
2014-02-13,16:00:00,15.79,15.9099,15.79,15.859,14040,0
2014-02-13,17:00:00,15.8697,15.948,15.86,15.91,54519,0
2014-02-13,18:00:00,15.9,16.01,15.8962,15.95,48964,0
2014-02-13,19:00:00,15.99,16.0096,15.92,15.9868,135368,0
2014-02-13,20:00:00,16,16.0899,15.9906,16.07,21940,0
2014-02-13,21:00:00,16.1,16.12,16.0162,16.05,22515,0
2014-02-13,22:00:00,16.05,16.13,16.05,16.11,15652,0
2014-02-14,16:00:00,16.65,16.8,16.65,16.7592,177648,0
2014-02-14,17:00:00,16.748,16.8,16.52,16.58,190069,0
2014-02-14,18:00:00,16.5796,16.69,16.55,16.6626,63822,0
2014-02-14,19:00:00,16.6374,16.71,16.59,16.71,41115,0
2014-02-14,20:00:00,16.73,16.736,16.67,16.681,37641,0
2014-02-14,21:00:00,16.6999,16.74,16.68,16.74,12377,0
2014-02-14,22:00:00,16.74,16.77,16.66,16.71,56906,0
2014-02-18,16:00:00,16.79,16.808,16.69,16.7899,44324,0
2014-02-18,17:00:00,16.78,16.8999,16.78,16.836,55848,0
2014-02-18,18:00:00,16.8232,16.8693,16.8067,16.821,9906,0
2014-02-18,19:00:00,16.8032,16.87,16.8032,16.8699,6794,0
2014-02-18,20:00:00,16.88,16.93,16.88,16.8802,22387,0
2014-02-18,21:00:00,16.88,16.8967,16.8533,16.8832,14840,0
2014-02-18,22:00:00,16.88,16.8897,16.8076,16.82,34674,0
2014-02-19,16:00:00,16.75,16.8034,16.72,16.8,27519,0
2014-02-19,17:00:00,16.7788,16.81,16.7601,16.81,20497,0
2014-02-19,18:00:00,16.7605,16.7868,16.66,16.73,23100,0
2014-02-19,19:00:00,16.701,16.7499,16.651,16.7491,23000,0
2014-02-19,20:00:00,16.692,16.7699,16.68,16.76,9865,0
2014-02-19,21:00:00,16.75,16.75,16.51,16.57,77548,0
2014-02-19,22:00:00,16.5505,16.5505,16.3108,16.37,97347,0
2014-02-20,16:00:00,16.54,16.57,16.411,16.51,30827,0
2014-02-20,17:00:00,16.55,16.7856,16.46,16.5,35120,0
2014-02-20,18:00:00,16.57,16.577,16.4937,16.574,4600,0
2014-02-20,19:00:00,16.594,16.6252,16.57,16.59,6900,0
2014-02-20,20:00:00,16.58,16.6452,16.55,16.6452,4275,0
2014-02-20,21:00:00,16.63,16.8,16.63,16.7899,32112,0
2014-02-20,22:00:00,16.8,16.94,16.77,16.91,25345,0
2014-02-21,16:00:00,16.862,16.92,16.862,16.9,22753,0
2014-02-21,17:00:00,16.9,16.94,16.84,16.87,53676,0
2014-02-21,18:00:00,16.87,16.87,16.75,16.78,20775,0
2014-02-21,19:00:00,16.7895,16.86,16.7895,16.82,41324,0
2014-02-21,20:00:00,16.82,17.0695,16.82,16.98,35585,0
2014-02-21,21:00:00,17,17.1,16.93,16.95,44716,0
2014-02-21,22:00:00,16.9659,16.977,16.93,16.93,22821,0
2014-02-24,16:00:00,17.3,17.3499,17.25,17.2593,53542,0
2014-02-24,17:00:00,17.3599,17.47,17.3,17.41,19093,0
2014-02-24,18:00:00,17.435,17.5,17.403,17.414,16648,0
2014-02-24,19:00:00,17.45,17.45,17.4,17.4166,10819,0
2014-02-24,20:00:00,17.4224,17.48,17.4,17.4713,18090,0
2014-02-24,21:00:00,17.4614,17.49,17.4245,17.47,17241,0
2014-02-24,22:00:00,17.451,17.48,17.4,17.48,30540,0
2014-02-25,16:00:00,17.32,17.48,17.32,17.4301,11423,0
2014-02-25,17:00:00,17.46,17.567,17.46,17.5199,26937,0
2014-02-25,18:00:00,17.5284,17.6197,17.527,17.61,44200,0
2014-02-25,19:00:00,17.61,17.65,17.58,17.627,12366,0
2014-02-25,20:00:00,17.6152,17.65,17.6,17.6001,7380,0
2014-02-25,21:00:00,17.62,17.66,17.6,17.6401,10223,0
2014-02-25,22:00:00,17.6406,17.6406,17.5,17.54,60005,0
2014-02-26,16:00:00,17.27,17.3019,17.16,17.2501,49932,0
2014-02-26,17:00:00,17.15,17.25,16.8,16.9,123154,0
2014-02-26,18:00:00,16.89,17.02,16.81,17.015,78752,0
2014-02-26,19:00:00,16.98,17.05,16.949,17.05,12612,0
2014-02-26,20:00:00,17.06,17.1,17.02,17.06,8810,0
2014-02-26,21:00:00,17.07,17.08,16.9904,17.08,19060,0
2014-02-26,22:00:00,17.05,17.08,17.03,17.05,14873,0
2014-02-27,16:00:00,17.18,17.2001,17.1001,17.1802,26184,0
2014-02-27,17:00:00,17.2028,17.35,17.1705,17.2301,15280,0
2014-02-27,18:00:00,17.2257,17.279,17.19,17.2121,15676,0
2014-02-27,19:00:00,17.28,17.28,17.2318,17.2402,4038,0
2014-02-27,20:00:00,17.27,17.27,17.1001,17.1001,32083,0
2014-02-27,21:00:00,17.0904,17.1349,17.01,17.1,30558,0
2014-02-27,22:00:00,17.08,17.15,17.06,17.13,18572,0
2014-02-28,16:00:00,17.22,17.22,16.91,16.98,27730,0
2014-02-28,17:00:00,16.951,17.0499,16.8,16.94,33711,0
2014-02-28,18:00:00,16.93,16.9596,16.87,16.9006,27714,0
2014-02-28,19:00:00,16.95,16.95,16.79,16.8599,31028,0
2014-02-28,20:00:00,16.8003,16.85,16.6921,16.76,27163,0
2014-02-28,21:00:00,16.751,16.8944,16.7401,16.89,32985,0
2014-02-28,22:00:00,16.938,17.0198,16.8999,16.902,32900,0
2014-03-03,16:00:00,17.8125,17.9,17.74,17.8893,101862,0
2014-03-03,17:00:00,17.86,18,17.83,17.973,59242,0
2014-03-03,18:00:00,17.99,18.07,17.9702,18.0392,34615,0
2014-03-03,19:00:00,18.0495,18.06,17.908,17.9407,45536,0
2014-03-03,20:00:00,17.9493,17.9493,17.83,17.8555,20600,0
2014-03-03,21:00:00,17.8897,18,17.872,17.95,8082,0
2014-03-03,22:00:00,17.9101,18.012,17.89,17.97,21768,0
2014-03-04,16:00:00,17.23,17.3099,17.123,17.3,53124,0
2014-03-04,17:00:00,17.25,17.4,17.24,17.396,25503,0
2014-03-04,18:00:00,17.381,17.4016,17.3401,17.38,9324,0
2014-03-04,19:00:00,17.352,17.38,17.307,17.38,5550,0
2014-03-04,20:00:00,17.3596,17.48,17.332,17.4799,29392,0
2014-03-04,21:00:00,17.4976,17.5099,17.34,17.354,25509,0
2014-03-04,22:00:00,17.34,17.347,17.22,17.271,35968,0
2014-03-05,16:00:00,17.32,17.35,17.256,17.35,12549,0
2014-03-05,17:00:00,17.34,17.4983,17.34,17.4398,26882,0
2014-03-05,18:00:00,17.449,17.4999,17.4234,17.4311,16669,0
2014-03-05,19:00:00,17.445,17.54,17.4307,17.5299,13370,0
2014-03-05,20:00:00,17.52,17.55,17.47,17.47,8233,0
2014-03-05,21:00:00,17.44,17.4699,17.378,17.378,7900,0
2014-03-05,22:00:00,17.4101,17.46,17.371,17.38,16435,0
2014-03-06,16:00:00,17.72,17.74,17.62,17.6401,27363,0
2014-03-06,17:00:00,17.6799,17.76,17.6701,17.6801,16805,0
2014-03-06,18:00:00,17.7,17.905,17.7,17.9,128832,0
2014-03-06,19:00:00,17.9,17.98,17.8501,17.86,79536,0
2014-03-06,20:00:00,17.88,17.95,17.85,17.85,10828,0
2014-03-06,21:00:00,17.86,17.95,17.86,17.89,36264,0
2014-03-06,22:00:00,17.94,18,17.87,17.91,14398,0
2014-03-07,16:00:00,17.074,17.26,17.07,17.26,183834,0
2014-03-07,17:00:00,17.2405,17.28,17.1701,17.25,49647,0
2014-03-07,18:00:00,17.263,17.467,17.263,17.42,55360,0
2014-03-07,19:00:00,17.4118,17.419,17.35,17.3552,6440,0
2014-03-07,20:00:00,17.4,17.42,17.3503,17.4001,6890,0
2014-03-07,21:00:00,17.421,17.421,17.39,17.4,4300,0
2014-03-07,22:00:00,17.4397,17.4999,17.41,17.4376,31530,0
2014-03-10,15:00:00,17.37,17.43,17.32,17.4,10394,0
2014-03-10,16:00:00,17.353,17.63,17.33,17.613,23925,0
2014-03-10,17:00:00,17.623,17.64,17.54,17.54,12660,0
2014-03-10,18:00:00,17.5,17.5393,17.4604,17.489,19000,0
2014-03-10,19:00:00,17.4897,17.5296,17.4501,17.47,20685,0
2014-03-10,20:00:00,17.44,17.44,17.4101,17.4101,600,0
2014-03-10,21:00:00,17.421,17.47,17.421,17.46,8215,0
2014-03-11,15:00:00,17.8,17.8699,17.79,17.834,28694,0
2014-03-11,16:00:00,17.85,17.85,17.65,17.65,11293,0
2014-03-11,17:00:00,17.696,17.7253,17.41,17.43,8046,0
2014-03-11,18:00:00,17.4415,17.628,17.4415,17.6,8250,0
2014-03-11,19:00:00,17.6201,17.778,17.6201,17.76,11375,0
2014-03-11,20:00:00,17.76,17.811,17.75,17.79,17325,0
2014-03-11,21:00:00,17.7809,17.8,17.72,17.77,8682,0
2014-03-12,15:00:00,18.37,18.58,18.37,18.4806,61671,0
2014-03-12,16:00:00,18.5119,18.5199,18.4401,18.507,24461,0
2014-03-12,17:00:00,18.504,18.504,18.3908,18.4616,31164,0
2014-03-12,18:00:00,18.48,18.6593,18.4602,18.63,51355,0
2014-03-12,19:00:00,18.61,18.67,18.5399,18.5725,23941,0
2014-03-12,20:00:00,18.54,18.5899,18.46,18.5499,39990,0
2014-03-12,21:00:00,18.543,18.5896,18.5,18.5386,34118,0
2014-03-13,15:00:00,18.51,18.534,18.45,18.51,13296,0
2014-03-13,16:00:00,18.51,18.604,18.49,18.589,27923,0
2014-03-13,17:00:00,18.588,18.6688,18.55,18.6688,20362,0
2014-03-13,18:00:00,18.67,18.8255,18.67,18.78,36548,0
2014-03-13,19:00:00,18.734,18.8096,18.7,18.7252,26002,0
2014-03-13,20:00:00,18.71,18.8299,18.71,18.777,8424,0
2014-03-13,21:00:00,18.7829,18.85,18.72,18.75,36163,0
2014-03-14,15:00:00,19.38,19.38,19.181,19.29,31827,0
2014-03-14,16:00:00,19.299,19.2999,19.22,19.299,26202,0
2014-03-14,17:00:00,19.2712,19.32,18.811,18.8618,55734,0
2014-03-14,18:00:00,18.8633,18.9699,18.78,18.96,59860,0
2014-03-14,19:00:00,18.9599,19.02,18.9599,18.97,19327,0
2014-03-14,20:00:00,18.997,19.09,18.9364,19.06,21080,0
2014-03-14,21:00:00,19.029,19.1955,19.006,19.14,58806,0
2014-03-17,15:00:00,18.98,18.98,18.861,18.9204,27397,0
2014-03-17,16:00:00,19,19.14,18.95,19.1299,16509,0
2014-03-17,17:00:00,19.119,19.119,18.98,18.98,21798,0
2014-03-17,18:00:00,18.93,18.9499,18.651,18.72,88613,0
2014-03-17,19:00:00,18.69,18.7444,18.69,18.7066,21543,0
2014-03-17,20:00:00,18.72,18.72,18.3,18.5299,81689,0
2014-03-17,21:00:00,18.52,18.52,18.438,18.47,19441,0
2014-03-18,15:00:00,17.93,18.0029,17.92,17.9999,35217,0
2014-03-18,16:00:00,17.9609,18.0985,17.9601,18.0699,27356,0
2014-03-18,17:00:00,18.0771,18.1352,18.0467,18.1122,9665,0
2014-03-18,18:00:00,18.08,18.3203,18.08,18.2999,9562,0
2014-03-18,19:00:00,18.26,18.26,18.18,18.2018,40717,0
2014-03-18,20:00:00,18.23,18.2546,18.1501,18.1768,11829,0
2014-03-18,21:00:00,18.18,18.18,18.01,18.02,28900,0
2014-03-19,15:00:00,17.62,17.6491,17.58,17.599,26279,0
2014-03-19,16:00:00,17.58,17.58,17.32,17.42,93494,0
2014-03-19,17:00:00,17.41,17.48,17.3199,17.46,47605,0
2014-03-19,18:00:00,17.4699,17.48,17.34,17.42,32473,0
2014-03-19,19:00:00,17.461,17.49,17.21,17.42,89427,0
2014-03-19,20:00:00,17.27,17.29,17.07,17.07,69741,0
2014-03-19,21:00:00,17.0725,17.1599,16.95,16.98,76368,0
2014-03-20,15:00:00,16.85,16.9,16.8001,16.9,69467,0
2014-03-20,16:00:00,16.86,17.0455,16.85,16.89,35472,0
2014-03-20,17:00:00,16.928,17.11,16.928,17.11,10695,0
2014-03-20,18:00:00,17.0662,17.0786,17.0078,17.0786,5486,0
2014-03-20,19:00:00,17.09,17.09,17,17.0501,14970,0
2014-03-20,20:00:00,17.06,17.087,17.0301,17.05,15988,0
2014-03-20,21:00:00,17.0599,17.0599,16.9,16.93,39571,0
2014-03-21,15:00:00,17.39,17.41,17.3001,17.329,201185,0
2014-03-21,16:00:00,17.3299,17.38,17.22,17.32,132275,0
2014-03-21,17:00:00,17.3,17.32,17.259,17.298,74786,0
2014-03-21,18:00:00,17.2899,17.3,17.23,17.2577,40201,0
2014-03-21,19:00:00,17.259,17.32,17.25,17.28,41961,0
2014-03-21,20:00:00,17.274,17.314,17.25,17.3032,19075,0
2014-03-21,21:00:00,17.3076,17.3752,17.17,17.17,80606,0
2014-03-24,15:00:00,16.65,16.75,16.53,16.59,271972,0
2014-03-24,16:00:00,16.59,16.5999,16.3101,16.3499,111941,0
2014-03-24,17:00:00,16.32,16.37,16.2,16.31,130285,0
2014-03-24,18:00:00,16.3102,16.36,16.28,16.33,58141,0
2014-03-24,19:00:00,16.3214,16.3399,16.24,16.3237,53645,0
2014-03-24,20:00:00,16.3183,16.3399,16.211,16.25,29746,0
2014-03-24,21:00:00,16.26,16.31,16.23,16.28,92790,0
2014-03-25,15:00:00,16.38,16.48,16.331,16.48,32951,0
2014-03-25,16:00:00,16.46,16.519,16.42,16.499,27773,0
2014-03-25,17:00:00,16.48,16.48,16.3497,16.3504,18207,0
2014-03-25,18:00:00,16.35,16.3699,16.3096,16.3574,7994,0
2014-03-25,19:00:00,16.3399,16.34,16.3001,16.31,7660,0
2014-03-25,20:00:00,16.3,16.3499,16.28,16.3342,8750,0
2014-03-25,21:00:00,16.339,16.36,16.3201,16.36,17432,0
2014-03-26,15:00:00,16.27,16.33,16.27,16.29,28925,0
2014-03-26,16:00:00,16.3,16.32,15.9101,15.98,48147,0
2014-03-26,17:00:00,15.993,16.0999,15.99,16.023,14682,0
2014-03-26,18:00:00,16.01,16.04,15.95,15.9799,25710,0
2014-03-26,19:00:00,15.962,16.08,15.9404,16.0799,13442,0
2014-03-26,20:00:00,16.0397,16.06,15.963,15.984,13067,0
2014-03-26,21:00:00,15.9975,16,15.85,16,56473,0
2014-03-27,15:00:00,15.78,15.85,15.7603,15.85,58830,0
2014-03-27,16:00:00,15.85,15.88,15.63,15.768,47316,0
2014-03-27,17:00:00,15.769,15.8054,15.7122,15.75,70540,0
2014-03-27,18:00:00,15.75,15.7734,15.63,15.664,80566,0
2014-03-27,19:00:00,15.6777,15.68,15.55,15.55,20109,0
2014-03-27,20:00:00,15.5614,15.62,15.49,15.49,45437,0
2014-03-27,21:00:00,15.5001,15.65,15.493,15.6452,63503,0
2014-03-28,15:00:00,15.54,15.6,15.361,15.6,13954,0
2014-03-28,16:00:00,15.6101,15.759,15.5853,15.722,75983,0
2014-03-28,17:00:00,15.7199,15.74,15.5799,15.5799,30802,0
2014-03-28,18:00:00,15.5398,15.6799,15.521,15.67,21835,0
2014-03-28,19:00:00,15.6499,15.7099,15.6,15.6313,16242,0
2014-03-28,20:00:00,15.63,15.6925,15.63,15.6925,5000,0
2014-03-28,21:00:00,15.669,15.669,15.62,15.64,23390,0
2014-03-31,16:00:00,15.6,15.6,15.46,15.58,34823,0
2014-03-31,17:00:00,15.6799,15.7,15.5796,15.5796,10662,0
2014-03-31,18:00:00,15.55,15.55,15.42,15.46,52191,0
2014-03-31,19:00:00,15.47,15.48,15.391,15.4,62688,0
2014-03-31,20:00:00,15.37,15.3825,15.26,15.26,102234,0
2014-03-31,21:00:00,15.299,15.33,15.275,15.3099,9210,0
2014-03-31,22:00:00,15.28,15.32,15.25,15.26,43239,0
2014-04-01,16:00:00,15.3,15.3597,15.292,15.3397,24658,0
2014-04-01,17:00:00,15.31,15.339,15.13,15.18,43416,0
2014-04-01,18:00:00,15.13,15.198,15.13,15.1704,8725,0
2014-04-01,19:00:00,15.19,15.2098,15.15,15.1501,14579,0
2014-04-01,20:00:00,15.15,15.1996,15.1301,15.14,7397,0
2014-04-01,21:00:00,15.13,15.13,15.08,15.0801,17725,0
2014-04-01,22:00:00,15.1596,15.1799,15.1204,15.177,6253,0
2014-04-02,16:00:00,15.5699,15.658,15.5461,15.65,27100,0
2014-04-02,17:00:00,15.62,15.62,15.5404,15.5785,10836,0
2014-04-02,18:00:00,15.5602,15.65,15.5602,15.5699,21670,0
2014-04-02,19:00:00,15.5999,15.5999,15.5,15.54,4745,0
2014-04-02,20:00:00,15.5499,15.55,15.4801,15.481,7042,0
2014-04-02,21:00:00,15.4902,15.54,15.48,15.52,21430,0
2014-04-02,22:00:00,15.52,15.52,15.48,15.52,12860,0
2014-04-03,16:00:00,15.32,15.37,15.252,15.29,25600,0
2014-04-03,17:00:00,15.28,15.377,15.24,15.35,19903,0
2014-04-03,18:00:00,15.44,15.47,15.44,15.44,2300,0
2014-04-03,19:00:00,15.403,15.403,15.3201,15.338,13300,0
2014-04-03,20:00:00,15.3309,15.3782,15.31,15.32,11400,0
2014-04-03,21:00:00,15.3458,15.3511,15.32,15.3511,10500,0
2014-04-03,22:00:00,15.36,15.3928,15.36,15.38,4900,0
2014-04-04,16:00:00,15.85,15.87,15.74,15.759,34930,0
2014-04-04,17:00:00,15.76,15.85,15.73,15.822,20300,0
2014-04-04,18:00:00,15.8399,16.07,15.838,16.0258,38553,0
2014-04-04,19:00:00,16.09,16.09,16.0045,16.06,7800,0
2014-04-04,20:00:00,16.0307,16.0499,15.959,15.96,9723,0
2014-04-04,21:00:00,15.9358,16.01,15.89,15.9899,27450,0
2014-04-04,22:00:00,15.961,16,15.93,16,26750,0
2014-04-07,16:00:00,15.77,15.84,15.77,15.84,4230,0
2014-04-07,17:00:00,15.8247,15.91,15.82,15.8603,15316,0
2014-04-07,18:00:00,15.889,15.889,15.7004,15.78,13537,0
2014-04-07,19:00:00,15.7599,15.7599,15.7122,15.74,13585,0
2014-04-07,20:00:00,15.79,15.8,15.73,15.73,6999,0
2014-04-07,21:00:00,15.7675,15.78,15.72,15.76,8350,0
2014-04-07,22:00:00,15.78,15.78,15.719,15.73,8444,0
2014-04-08,16:00:00,16.25,16.27,16.1704,16.209,15430,0
2014-04-08,17:00:00,16.2004,16.21,16.13,16.1701,31248,0
2014-04-08,18:00:00,16.17,16.1999,16.09,16.1399,56070,0
2014-04-08,19:00:00,16.14,16.22,16.1345,16.21,18001,0
2014-04-08,20:00:00,16.219,16.22,16.1472,16.1833,17513,0
2014-04-08,21:00:00,16.2006,16.23,16.18,16.18,10250,0
2014-04-08,22:00:00,16.18,16.217,16.129,16.15,16937,0
2014-04-09,16:00:00,15.98,15.98,15.88,15.95,25700,0
2014-04-09,17:00:00,15.93,16.09,15.93,16.09,9798,0
2014-04-09,18:00:00,16.07,16.07,16.021,16.021,25485,0
2014-04-09,19:00:00,16.0399,16.06,16.03,16.0596,3750,0
2014-04-09,20:00:00,16.07,16.07,15.96,15.96,7878,0
2014-04-09,21:00:00,16.14,16.4,16.105,16.21,32232,0
2014-04-09,22:00:00,16.2,16.26,16.1104,16.26,18238,0
2014-04-10,16:00:00,16.5,16.66,16.49,16.63,25290,0
2014-04-10,17:00:00,16.639,16.66,16.55,16.589,56302,0
2014-04-10,18:00:00,16.5799,16.64,16.56,16.58,22190,0
2014-04-10,19:00:00,16.56,16.58,16.461,16.5204,31626,0
2014-04-10,20:00:00,16.56,16.58,16.52,16.5613,20617,0
2014-04-10,21:00:00,16.5716,16.5899,16.53,16.5768,19815,0
2014-04-10,22:00:00,16.57,16.5701,16.5001,16.52,27561,0
2014-04-11,16:00:00,16.51,16.63,16.49,16.55,12044,0
2014-04-11,17:00:00,16.54,16.57,16.4044,16.4321,11530,0
2014-04-11,18:00:00,16.43,16.51,16.43,16.49,9050,0
2014-04-11,19:00:00,16.5074,16.5201,16.5074,16.5201,14400,0
2014-04-11,20:00:00,16.521,16.5676,16.4899,16.52,6690,0
2014-04-11,21:00:00,16.4921,16.53,16.4921,16.52,3250,0
2014-04-11,22:00:00,16.54,16.54,16.47,16.497,30285,0
2014-04-14,16:00:00,16.82,16.83,16.7703,16.81,7462,0
2014-04-14,17:00:00,16.83,17,16.78,16.92,24355,0
2014-04-14,18:00:00,16.919,16.96,16.8682,16.8682,13439,0
2014-04-14,19:00:00,16.84,16.86,16.82,16.83,26861,0
2014-04-14,20:00:00,16.84,16.8899,16.83,16.877,12504,0
2014-04-14,21:00:00,16.8699,16.87,16.84,16.84,19134,0
2014-04-14,22:00:00,16.83,16.86,16.78,16.86,25000,0
2014-04-15,16:00:00,15.6,15.665,15.55,15.6,103926,0
2014-04-15,17:00:00,15.58,15.93,15.58,15.88,49148,0
2014-04-15,18:00:00,15.91,15.96,15.84,15.96,22385,0
2014-04-15,19:00:00,15.9401,15.9797,15.9,15.97,20980,0
2014-04-15,20:00:00,15.99,15.99,15.8,15.8999,47963,0
2014-04-15,21:00:00,15.9099,15.9196,15.87,15.8931,12766,0
2014-04-15,22:00:00,15.9101,15.9871,15.91,15.93,20808,0
2014-04-16,16:00:00,15.85,15.9053,15.81,15.8401,13391,0
2014-04-16,17:00:00,15.83,15.8567,15.75,15.85,5200,0
2014-04-16,18:00:00,15.8313,15.8555,15.817,15.82,7400,0
2014-04-16,19:00:00,15.831,15.899,15.83,15.899,7160,0
2014-04-16,20:00:00,15.9299,15.949,15.8955,15.907,10275,0
2014-04-16,21:00:00,15.904,15.91,15.8751,15.89,15387,0
2014-04-16,22:00:00,15.9116,15.9368,15.89,15.909,4160,0
2014-04-17,16:00:00,15.91,15.9276,15.87,15.8749,3850,0
2014-04-17,17:00:00,15.87,15.87,15.79,15.8,12126,0
2014-04-17,18:00:00,15.7318,15.8101,15.7318,15.8101,8700,0
2014-04-17,19:00:00,15.78,15.78,15.642,15.642,13280,0
2014-04-17,20:00:00,15.643,15.659,15.57,15.659,21847,0
2014-04-17,21:00:00,15.62,15.6599,15.61,15.64,9317,0
2014-04-17,22:00:00,15.6396,15.6396,15.595,15.61,28891,0
2014-04-21,16:00:00,15.38,15.4201,15.32,15.35,51353,0
2014-04-21,17:00:00,15.35,15.3594,15.24,15.33,40507,0
2014-04-21,18:00:00,15.3226,15.3437,15.27,15.309,11278,0
2014-04-21,19:00:00,15.29,15.33,15.28,15.31,37195,0
2014-04-21,20:00:00,15.33,15.42,15.33,15.4,8431,0
2014-04-21,21:00:00,15.41,15.41,15.3706,15.3901,6320,0
2014-04-21,22:00:00,15.4,15.41,15.39,15.41,12956,0
2014-04-22,16:00:00,15.36,15.38,15.36,15.38,5050,0
2014-04-22,17:00:00,15.34,15.3402,15.05,15.1201,32197,0
2014-04-22,18:00:00,15.14,15.17,14.9,15.09,62472,0
2014-04-22,19:00:00,15.09,15.1399,15.0701,15.1201,8360,0
2014-04-22,20:00:00,15.1093,15.1384,15.07,15.1384,7595,0
2014-04-22,21:00:00,15.12,15.1885,15.12,15.1778,45483,0
2014-04-22,22:00:00,15.1579,15.26,15.1579,15.26,17578,0
2014-04-23,16:00:00,15.26,15.26,15.2,15.21,30690,0
2014-04-23,17:00:00,15.23,15.29,15.1,15.1726,29923,0
2014-04-23,18:00:00,15.2,15.2299,15.17,15.206,9793,0
2014-04-23,19:00:00,15.2499,15.2499,15.1801,15.189,6653,0
2014-04-23,20:00:00,15.17,15.25,15.17,15.22,2745,0
2014-04-23,21:00:00,15.2057,15.2385,15.19,15.2385,20595,0
2014-04-23,22:00:00,15.2352,15.27,15.21,15.23,63623,0
2014-04-24,16:00:00,14.9,15.64,14.89,15.5,28885,0
2014-04-24,17:00:00,15.4606,15.64,15.3401,15.4487,24417,0
2014-04-24,18:00:00,15.45,15.482,15.389,15.4396,6116,0
2014-04-24,19:00:00,15.3801,15.47,15.35,15.4388,11568,0
2014-04-24,20:00:00,15.4319,15.4899,15.4319,15.4899,3346,0
2014-04-24,21:00:00,15.47,15.52,15.47,15.488,11500,0
2014-04-24,22:00:00,15.4887,15.56,15.47,15.51,30551,0
2014-04-25,16:00:00,15.75,15.9,15.75,15.9,27914,0
2014-04-25,17:00:00,15.88,15.97,15.83,15.8699,29518,0
2014-04-25,18:00:00,15.87,15.8799,15.8,15.83,17100,0
2014-04-25,19:00:00,15.8328,15.8699,15.76,15.85,21260,0
2014-04-25,20:00:00,15.85,15.85,15.79,15.83,14478,0
2014-04-25,21:00:00,15.8136,15.87,15.8136,15.87,4690,0
2014-04-25,22:00:00,15.85,15.8796,15.82,15.85,9018,0
2014-04-28,16:00:00,15.85,15.85,15.7647,15.8097,21417,0
2014-04-28,17:00:00,15.7623,15.8,15.533,15.58,63279,0
2014-04-28,18:00:00,15.56,15.61,15.53,15.591,12459,0
2014-04-28,19:00:00,15.6015,15.66,15.6,15.65,7300,0
2014-04-28,20:00:00,15.67,15.78,15.6501,15.78,7120,0
2014-04-28,21:00:00,15.752,15.8,15.7,15.7489,11830,0
2014-04-28,22:00:00,15.7001,15.7001,15.6301,15.673,12000,0
2014-04-29,16:00:00,15.67,15.8201,15.67,15.761,9447,0
2014-04-29,17:00:00,15.7454,15.8,15.699,15.7412,73555,0
2014-04-29,18:00:00,15.768,15.7799,15.7,15.7299,59807,0
2014-04-29,19:00:00,15.72,15.72,15.6303,15.669,16934,0
2014-04-29,20:00:00,15.6924,15.72,15.6,15.61,10989,0
2014-04-29,21:00:00,15.621,15.66,15.6183,15.6489,5255,0
2014-04-29,22:00:00,15.649,15.68,15.649,15.66,21219,0
2014-04-30,16:00:00,15.41,15.47,15.3,15.35,30091,0
2014-04-30,17:00:00,15.349,15.54,15.349,15.54,18968,0
2014-04-30,18:00:00,15.55,15.59,15.54,15.5476,8080,0
2014-04-30,19:00:00,15.5576,15.58,15.531,15.58,850,0
2014-04-30,20:00:00,15.51,15.7403,15.5,15.7403,3990,0
2014-04-30,21:00:00,15.65,15.65,15.3806,15.51,13900,0
2014-04-30,22:00:00,15.4701,15.546,15.45,15.45,16033,0
2014-05-01,16:00:00,15.1,15.11,15,15.06,24495,0
2014-05-01,17:00:00,15.05,15.17,15.01,15.09,17202,0
2014-05-01,18:00:00,15.1099,15.19,15.095,15.1785,25800,0
2014-05-01,19:00:00,15.209,15.26,15.19,15.21,4804,0
2014-05-01,20:00:00,15.209,15.209,15.12,15.162,4700,0
2014-05-01,21:00:00,15.2299,15.258,15.2,15.23,2662,0
2014-05-01,22:00:00,15.23,15.27,15.23,15.27,11004,0
2014-05-02,16:00:00,15.24,15.26,15.14,15.162,10016,0
2014-05-02,17:00:00,15.14,15.74,15.1,15.59,38639,0
2014-05-02,18:00:00,15.63,15.94,15.57,15.8145,21108,0
2014-05-02,19:00:00,15.8201,15.84,15.75,15.75,22138,0
2014-05-02,20:00:00,15.7306,15.92,15.7306,15.85,13314,0
2014-05-02,21:00:00,15.8679,15.8679,15.7623,15.8,11938,0
2014-05-02,22:00:00,15.77,15.77,15.61,15.72,24776,0
2014-05-05,16:00:00,16.28,16.3298,16.23,16.3,77199,0
2014-05-05,17:00:00,16.26,16.26,16.17,16.1701,46911,0
2014-05-05,18:00:00,16.1799,16.1799,16.1,16.1,16671,0
2014-05-05,19:00:00,16.1399,16.1399,16.11,16.139,6609,0
2014-05-05,20:00:00,16.14,16.16,16.14,16.15,1200,0
2014-05-05,21:00:00,16.138,16.16,16.1237,16.13,32166,0
2014-05-05,22:00:00,16.131,16.179,16.11,16.16,11860,0
2014-05-06,16:00:00,16.1,16.1,16.0104,16.048,18191,0
2014-05-06,17:00:00,16.023,16.07,15.95,16.07,24725,0
2014-05-06,18:00:00,16.088,16.088,16.03,16.032,11788,0
2014-05-06,19:00:00,16.0301,16.06,16.03,16.06,700,0
2014-05-06,20:00:00,16.0599,16.0602,16.03,16.0602,7400,0
2014-05-06,21:00:00,16.0999,16.0999,16.0999,16.0999,1500,0
2014-05-06,22:00:00,16.0456,16.07,16.03,16.06,8450,0
2014-05-07,16:00:00,15.9,15.9,15.82,15.823,20090,0
2014-05-07,17:00:00,15.72,15.728,15.47,15.67,72170,0
2014-05-07,18:00:00,15.7,15.73,15.5,15.53,8760,0
2014-05-07,19:00:00,15.54,15.55,15.283,15.37,38736,0
2014-05-07,20:00:00,15.379,15.379,15.3303,15.3601,11293,0
2014-05-07,21:00:00,15.39,15.438,15.39,15.438,5482,0
2014-05-07,22:00:00,15.4001,15.427,15.3704,15.387,19074,0
