Date,Time,Open,High,Low,Close,Volume,OpenInt
2014-02-10,17:00:00,4.13,4.16,4.13,4.16,400,0
2014-02-10,18:00:00,4.11,4.15,4.11,4.15,2000,0
2014-02-10,19:00:00,4.14,4.15,4.14,4.14,2800,0
2014-02-10,20:00:00,4.135,4.135,4.135,4.135,1000,0
2014-02-10,21:00:00,4.13,4.1301,4.13,4.13,1300,0
2014-02-10,22:00:00,4.135,4.135,4.13,4.135,4319,0
2014-02-11,17:00:00,4.14,4.15,4.14,4.15,1646,0
2014-02-11,18:00:00,4.15,4.15,4.15,4.15,1190,0
2014-02-11,19:00:00,4.15,4.15,4.14,4.15,3545,0
2014-02-11,20:00:00,4.1401,4.15,4.13,4.1374,3300,0
2014-02-11,22:00:00,4.15,4.15,4.06,4.15,22533,0
2014-02-12,16:00:00,4.12,4.12,4.12,4.12,200,0
2014-02-12,18:00:00,4.1,4.1,4,4.01,7000,0
2014-02-12,19:00:00,4.005,4.03,3.99,3.99,3220,0
2014-02-12,20:00:00,4.0001,4.03,3.99,4,5953,0
2014-02-12,21:00:00,3.999,3.999,3.999,3.999,200,0
2014-02-12,22:00:00,3.985,4.05,3.97,4.014,23844,0
2014-02-13,16:00:00,4,4.07,3.9,3.911,50993,0
2014-02-13,17:00:00,3.89,4.02,3.88,3.93,44556,0
2014-02-13,18:00:00,3.93,3.96,3.89,3.89,32182,0
2014-02-13,19:00:00,3.89,3.9,3.86,3.8999,2600,0
2014-02-13,20:00:00,3.87,3.9,3.87,3.89,3100,0
2014-02-13,21:00:00,3.8822,3.92,3.86,3.88,18100,0
2014-02-13,22:00:00,3.87,3.979,3.86,3.93,20520,0
2014-02-14,17:00:00,3.98,3.98,3.98,3.98,200,0
2014-02-14,18:00:00,3.81,3.9899,3.81,3.9899,800,0
2014-02-14,20:00:00,3.78,3.78,3.78,3.78,200,0
2014-02-14,21:00:00,3.86,3.88,3.86,3.87,400,0
2014-02-14,22:00:00,3.8365,3.8799,3.81,3.81,1512,0
2014-02-18,16:00:00,3.92,3.92,3.83,3.83,6100,0
2014-02-18,17:00:00,3.72,3.72,3.7,3.7,7300,0
2014-02-18,18:00:00,3.76,3.86,3.75,3.86,2800,0
2014-02-18,19:00:00,3.83,3.83,3.83,3.83,100,0
2014-02-18,20:00:00,3.83,3.85,3.82,3.85,700,0
2014-02-18,21:00:00,3.81,3.81,3.81,3.81,100,0
2014-02-18,22:00:00,3.867,3.88,3.76,3.81,2992,0
2014-02-19,17:00:00,4.02,4.02,4.02,4.02,300,0
2014-02-19,18:00:00,3.7,3.72,3.7,3.72,200,0
2014-02-19,19:00:00,3.75,3.75,3.75,3.75,200,0
2014-02-19,20:00:00,3.798,3.8,3.7401,3.76,8500,0
2014-02-19,21:00:00,3.78,3.78,3.72,3.72,3450,0
2014-02-19,22:00:00,3.728,3.728,3.66,3.66,1835,0
2014-02-20,16:00:00,3.62,3.62,3.62,3.62,1530,0
2014-02-20,17:00:00,3.5932,3.639,3.5932,3.639,300,0
2014-02-20,18:00:00,3.62,3.62,3.58,3.58,300,0
2014-02-20,19:00:00,3.5884,3.5999,3.57,3.5923,1100,0
2014-02-20,20:00:00,3.5801,3.5801,3.58,3.58,731,0
2014-02-20,21:00:00,3.59,3.59,3.53,3.53,500,0
2014-02-20,22:00:00,3.58,3.78,3.58,3.65,14023,0
2014-02-21,16:00:00,3.61,3.665,3.53,3.595,2793,0
2014-02-21,17:00:00,3.61,3.78,3.6,3.78,5000,0
2014-02-21,18:00:00,3.71,3.71,3.69,3.69,801,0
2014-02-21,19:00:00,3.7,3.76,3.65,3.76,7100,0
2014-02-21,20:00:00,3.69,3.78,3.65,3.78,1200,0
2014-02-21,21:00:00,3.79,3.79,3.7,3.79,400,0
2014-02-21,22:00:00,3.69,3.78,3.69,3.71,701,0
2014-02-24,16:00:00,3.7,3.7,3.65,3.65,4920,0
2014-02-24,17:00:00,3.65,3.65,3.6,3.6,1813,0
2014-02-24,18:00:00,3.6001,3.6001,3.53,3.53,3800,0
2014-02-24,19:00:00,3.55,3.5899,3.55,3.55,800,0
2014-02-24,20:00:00,3.55,3.55,3.54,3.55,2300,0
2014-02-24,21:00:00,3.54,3.55,3.54,3.55,4152,0
2014-02-24,22:00:00,3.55,3.55,3.52,3.53,1545,0
2014-02-25,16:00:00,3.52,3.524,3.52,3.524,2740,0
2014-02-25,17:00:00,3.51,3.58,3.5,3.5,600,0
2014-02-25,18:00:00,3.5,3.54,3.5,3.54,3700,0
2014-02-25,19:00:00,3.5,3.5,3.4172,3.463,6301,0
2014-02-25,20:00:00,3.45,3.47,3.44,3.45,5100,0
2014-02-25,21:00:00,3.44,3.44,3.44,3.44,400,0
2014-02-25,22:00:00,3.44,3.49,3.44,3.49,976,0
2014-02-26,16:00:00,3.46,3.69,3.43,3.4952,1700,0
2014-02-26,17:00:00,3.47,3.79,3.45,3.76,55292,0
2014-02-26,18:00:00,3.75,3.75,3.61,3.71,2996,0
2014-02-26,19:00:00,3.71,3.79,3.71,3.723,12356,0
2014-02-26,20:00:00,3.72,3.72,3.72,3.72,200,0
2014-02-26,21:00:00,3.66,3.7,3.611,3.7,3100,0
2014-02-26,22:00:00,3.65,3.74,3.65,3.74,3238,0
2014-02-27,16:00:00,3.7604,3.7604,3.76,3.7604,1600,0
2014-02-27,17:00:00,3.7809,3.8,3.7809,3.8,3700,0
2014-02-27,18:00:00,3.81,3.81,3.81,3.81,200,0
2014-02-27,20:00:00,3.826,3.826,3.826,3.826,2500,0
2014-02-27,21:00:00,3.86,3.86,3.81,3.82,7300,0
2014-02-27,22:00:00,3.8001,3.82,3.8,3.82,1590,0
2014-02-28,16:00:00,3.8,3.8,3.8,3.8,300,0
2014-02-28,17:00:00,3.7399,3.82,3.7399,3.82,1000,0
2014-02-28,18:00:00,3.7101,3.75,3.7101,3.75,500,0
2014-02-28,20:00:00,3.754,3.76,3.754,3.76,900,0
2014-02-28,22:00:00,3.77,3.81,3.76,3.78,832,0
2014-03-03,17:00:00,3.83,3.83,3.66,3.8,6200,0
2014-03-03,18:00:00,3.81,3.84,3.7956,3.83,1300,0
2014-03-03,19:00:00,3.72,3.83,3.72,3.83,758,0
2014-03-03,20:00:00,3.75,3.76,3.75,3.76,1000,0
2014-03-03,21:00:00,3.8106,3.8106,3.72,3.72,3200,0
2014-03-03,22:00:00,3.74,3.83,3.74,3.83,1904,0
2014-03-04,16:00:00,3.73,3.88,3.72,3.88,3600,0
2014-03-04,17:00:00,3.9,4.01,3.881,3.9,8416,0
2014-03-04,18:00:00,3.94,4,3.94,3.96,24522,0
2014-03-04,19:00:00,3.94,3.9528,3.94,3.94,3645,0
2014-03-04,21:00:00,3.87,3.875,3.87,3.875,800,0
2014-03-05,16:00:00,3.96,4.12,3.95,4.06,25000,0
2014-03-05,17:00:00,4.0414,4.07,3.99,4,2822,0
2014-03-05,18:00:00,3.93,3.93,3.82,3.8211,1200,0
2014-03-05,19:00:00,3.918,3.918,3.918,3.918,300,0
2014-03-05,20:00:00,3.87,3.87,3.86,3.86,1500,0
2014-03-05,21:00:00,3.92,4,3.92,4,5672,0
2014-03-05,22:00:00,3.96,4.08,3.96,4.07,1406,0
2014-03-06,16:00:00,3.97,4,3.95,3.955,3153,0
2014-03-06,17:00:00,3.95,4.05,3.95,3.95,18668,0
2014-03-06,18:00:00,4,4,3.95,3.958,4027,0
2014-03-06,19:00:00,3.9501,3.958,3.95,3.9501,1500,0
2014-03-06,20:00:00,3.9501,3.958,3.92,3.9328,11800,0
2014-03-06,21:00:00,3.92,3.92,3.825,3.89,8383,0
2014-03-06,22:00:00,3.89,3.9,3.89,3.9,7011,0
2014-03-07,17:00:00,3.9,4,3.9,4,1300,0
2014-03-07,18:00:00,3.99,4,3.9836,4,19700,0
2014-03-07,19:00:00,4,4,3.96,3.96,7600,0
2014-03-07,20:00:00,3.95,4,3.95,4,11985,0
2014-03-07,21:00:00,3.961,3.99,3.96,3.96,826,0
2014-03-07,22:00:00,3.961,4,3.95,3.9999,52386,0
2014-03-10,15:00:00,3.9999,4.02,3.99,4.005,15600,0
2014-03-10,16:00:00,4.01,4.02,4,4.001,8100,0
2014-03-10,17:00:00,3.99,3.992,3.99,3.992,2200,0
2014-03-10,18:00:00,4,4.4,4,4.235,265861,0
2014-03-10,19:00:00,4.2251,4.28,4.16,4.19,30924,0
2014-03-10,20:00:00,4.2194,4.2194,4.16,4.2,4050,0
2014-03-10,21:00:00,4.1604,4.2,4.16,4.1601,13255,0
2014-03-11,15:00:00,4.3399,4.3399,4.25,4.266,14541,0
2014-03-11,16:00:00,4.26,4.35,4.25,4.35,32070,0
2014-03-11,17:00:00,4.3501,4.47,4.26,4.26,90170,0
2014-03-11,18:00:00,4.26,4.33,4.15,4.16,52732,0
2014-03-11,19:00:00,4.17,4.2099,4.02,4.09,45707,0
2014-03-11,20:00:00,4.06,4.07,3.99,4.01,16974,0
2014-03-11,21:00:00,4.0099,4.08,3.99,3.99,42517,0
2014-03-12,15:00:00,3.86,3.93,3.77,3.87,12400,0
2014-03-12,16:00:00,3.92,4,3.92,4,2248,0
2014-03-12,17:00:00,4,4,4,4,700,0
2014-03-12,18:00:00,3.98,3.98,3.93,3.93,5000,0
2014-03-12,19:00:00,3.83,3.83,3.79,3.8,2300,0
2014-03-12,20:00:00,3.83,3.89,3.79,3.8,4740,0
2014-03-12,21:00:00,3.85,3.91,3.74,3.75,38411,0
2014-03-13,15:00:00,3.86,3.86,3.86,3.86,300,0
2014-03-13,16:00:00,3.78,3.78,3.74,3.74,722,0
2014-03-13,17:00:00,3.73,3.78,3.67,3.676,68599,0
2014-03-13,18:00:00,3.7,3.7,3.69,3.69,17300,0
2014-03-13,19:00:00,3.7,3.7,3.69,3.7,9700,0
2014-03-13,20:00:00,3.69,3.73,3.69,3.73,4098,0
2014-03-13,21:00:00,3.7,3.712,3.66,3.69,38440,0
2014-03-14,15:00:00,3.6601,3.6648,3.6601,3.6648,944,0
2014-03-14,16:00:00,3.6899,3.69,3.66,3.6804,3500,0
2014-03-14,17:00:00,3.7,3.72,3.7,3.72,1700,0
2014-03-14,18:00:00,3.6923,3.71,3.6923,3.71,200,0
2014-03-14,19:00:00,3.7099,3.75,3.707,3.75,8314,0
2014-03-14,20:00:00,3.7199,3.75,3.7199,3.73,9500,0
2014-03-14,21:00:00,3.73,3.85,3.7299,3.79,24512,0
2014-03-17,15:00:00,3.78,3.9799,3.78,3.8899,35103,0
2014-03-17,16:00:00,3.82,3.88,3.81,3.8599,5000,0
2014-03-17,17:00:00,3.81,3.81,3.735,3.735,400,0
2014-03-17,18:00:00,3.78,3.92,3.78,3.92,4386,0
2014-03-17,19:00:00,3.9,4,3.88,3.9,18100,0
2014-03-17,20:00:00,3.9,4,3.9,4,38726,0
2014-03-17,21:00:00,3.98,4,3.96,4,13528,0
2014-03-18,15:00:00,3.99,3.99,3.98,3.98,300,0
2014-03-18,16:00:00,3.9,3.93,3.9,3.93,400,0
2014-03-18,17:00:00,3.94,3.97,3.94,3.97,400,0
2014-03-18,18:00:00,3.931,3.99,3.931,3.99,27700,0
2014-03-18,19:00:00,4,4.135,3.99,4.01,16383,0
2014-03-18,20:00:00,4,4,3.93,3.93,500,0
2014-03-18,21:00:00,4,4.01,3.99,4,21375,0
2014-03-19,15:00:00,4,4.06,4,4.06,2600,0
2014-03-19,16:00:00,4.08,4.11,4.05,4.1,7606,0
2014-03-19,17:00:00,4.1,4.19,4.041,4.05,9418,0
2014-03-19,18:00:00,4.05,4.05,4.04,4.05,2500,0
2014-03-19,19:00:00,4.0651,4.08,4.06,4.07,1300,0
2014-03-19,20:00:00,4.08,4.18,4.02,4.15,25851,0
2014-03-19,21:00:00,4.17,4.17,4.08,4.1,4642,0
2014-03-20,15:00:00,4.14,4.14,4.14,4.14,900,0
2014-03-20,16:00:00,4.17,4.18,4.09,4.17,5500,0
2014-03-20,17:00:00,4.17,4.2,4.09,4.1,9468,0
2014-03-20,18:00:00,4.17,4.18,4.16,4.18,1400,0
2014-03-20,19:00:00,4.16,4.18,4.16,4.18,200,0
2014-03-20,20:00:00,4.18,4.3,4.16,4.16,5740,0
2014-03-20,21:00:00,4.18,4.185,4.14,4.14,2700,0
2014-03-21,15:00:00,4.22,4.29,4.21,4.25,3700,0
2014-03-21,16:00:00,4.26,4.2686,4.2,4.25,8304,0
2014-03-21,17:00:00,4.28,4.3,4.18,4.198,5984,0
2014-03-21,18:00:00,4.21,4.24,4.2,4.2,2800,0
2014-03-21,19:00:00,4.2155,4.24,4.2,4.2,6814,0
2014-03-21,20:00:00,4.24,4.25,4.24,4.25,4324,0
2014-03-21,21:00:00,4.26,4.35,4.26,4.31,6149,0
2014-03-24,15:00:00,4.35,4.37,4.3486,4.37,6906,0
2014-03-24,16:00:00,4.35,4.3563,4.26,4.29,5882,0
2014-03-24,17:00:00,4.29,4.3,4.25,4.29,9100,0
2014-03-24,18:00:00,4.3,4.3,4.26,4.3,6454,0
2014-03-24,19:00:00,4.33,4.37,4.32,4.32,2400,0
2014-03-24,20:00:00,4.32,4.37,4.3,4.32,6050,0
2014-03-24,21:00:00,4.33,4.3699,4.31,4.34,6900,0
2014-03-25,15:00:00,4.35,4.38,4.345,4.38,1500,0
2014-03-25,16:00:00,4.39,4.411,4.351,4.4,32944,0
2014-03-25,17:00:00,4.385,4.4799,4.385,4.46,3000,0
2014-03-25,18:00:00,4.49,4.74,4.49,4.65,26549,0
2014-03-25,19:00:00,4.65,4.7399,4.6248,4.7,5900,0
2014-03-25,20:00:00,4.6653,4.6701,4.546,4.6,8200,0
2014-03-25,21:00:00,4.56,4.64,4.55,4.56,27114,0
2014-03-26,15:00:00,4.6,4.6,4.53,4.55,12017,0
2014-03-26,16:00:00,4.5999,4.69,4.21,4.221,108073,0
2014-03-26,17:00:00,4.14,4.35,4.12,4.18,38598,0
2014-03-26,18:00:00,4.3188,4.32,4.25,4.31,5000,0
2014-03-26,19:00:00,4.29,4.305,4.15,4.25,14100,0
2014-03-26,20:00:00,4.23,4.24,4.21,4.24,1900,0
2014-03-26,21:00:00,4.23,4.3,4.21,4.28,10232,0
2014-03-27,15:00:00,4.2454,4.31,4.2,4.31,5940,0
2014-03-27,16:00:00,4.33,4.439,4.33,4.439,5200,0
2014-03-27,17:00:00,4.36,4.36,4.3235,4.34,3600,0
2014-03-27,18:00:00,4.32,4.32,4.26,4.29,4750,0
2014-03-27,19:00:00,4.2301,4.28,4.23,4.28,2900,0
2014-03-27,20:00:00,4.26,4.28,4.175,4.24,5121,0
2014-03-27,21:00:00,4.25,4.35,4.23,4.32,10779,0
2014-03-28,15:00:00,4.32,4.38,4.32,4.38,700,0
2014-03-28,17:00:00,4.4,4.4,4.3,4.3,2000,0
2014-03-28,18:00:00,4.27,4.27,4.25,4.25,400,0
2014-03-28,20:00:00,4.26,4.26,4.26,4.26,100,0
2014-03-28,21:00:00,4.31,4.34,4.29,4.31,4525,0
2014-03-31,17:00:00,4.28,4.32,4.28,4.32,500,0
2014-03-31,18:00:00,4.17,4.27,4.17,4.27,950,0
2014-03-31,19:00:00,4.26,4.26,4.26,4.26,500,0
2014-03-31,20:00:00,4.24,4.24,4.18,4.18,6400,0
2014-03-31,21:00:00,4.19,4.21,4.18,4.21,600,0
2014-03-31,22:00:00,4.25,4.25,4.25,4.25,300,0
2014-04-01,16:00:00,4.23,4.23,4.23,4.23,900,0
2014-04-01,17:00:00,4.2225,4.2308,4.17,4.22,2700,0
2014-04-01,18:00:00,4.21,4.21,4.06,4.11,2200,0
2014-04-01,19:00:00,4.17,4.22,4.1601,4.22,1800,0
2014-04-01,21:00:00,4.2,4.2,4.08,4.0904,3100,0
2014-04-01,22:00:00,4.13,4.13,4.09,4.12,2400,0
2014-04-02,16:00:00,4.08,4.08,4.08,4.08,100,0
2014-04-02,17:00:00,4.07,4.07,4.02,4.02,7000,0
2014-04-02,18:00:00,4.05,4.05,4,4,3150,0
2014-04-02,19:00:00,3.99,3.99,3.97,3.98,2420,0
2014-04-02,20:00:00,3.96,3.97,3.93,3.97,9130,0
2014-04-02,21:00:00,3.95,3.97,3.92,3.97,2505,0
2014-04-02,22:00:00,3.97,3.9899,3.95,3.95,3556,0
2014-04-03,16:00:00,4.0513,4.07,3.96,4.01,1844,0
2014-04-03,17:00:00,3.97,4.02,3.95,3.95,1200,0
2014-04-03,18:00:00,3.95,3.95,3.84,3.85,6561,0
2014-04-03,19:00:00,3.85,3.92,3.85,3.879,2800,0
2014-04-03,20:00:00,3.84,3.84,3.81,3.81,1000,0
2014-04-03,21:00:00,3.8,3.85,3.79,3.85,4100,0
2014-04-03,22:00:00,3.81,3.835,3.76,3.8,9128,0
2014-04-04,16:00:00,3.9,3.9,3.78,3.78,3500,0
2014-04-04,17:00:00,3.94,3.94,3.77,3.78,3500,0
2014-04-04,18:00:00,3.786,3.8,3.75,3.75,1600,0
2014-04-04,19:00:00,3.7499,3.77,3.7326,3.7326,2800,0
2014-04-04,20:00:00,3.71,3.74,3.71,3.74,1400,0
2014-04-04,21:00:00,3.69,3.73,3.65,3.7,6700,0
2014-04-04,22:00:00,3.72,3.74,3.7,3.74,1000,0
2014-04-07,16:00:00,3.76,3.76,3.74,3.74,600,0
2014-04-07,17:00:00,3.71,3.84,3.71,3.74,2152,0
2014-04-07,19:00:00,3.72,3.72,3.72,3.72,100,0
2014-04-07,20:00:00,3.729,3.84,3.7199,3.84,3482,0
2014-04-07,21:00:00,3.76,3.76,3.7499,3.7499,450,0
2014-04-07,22:00:00,3.7417,3.76,3.73,3.74,2276,0
2014-04-08,16:00:00,3.809,3.8096,3.809,3.8096,700,0
2014-04-08,17:00:00,3.77,3.78,3.75,3.76,3000,0
2014-04-08,20:00:00,3.761,3.78,3.76,3.78,1400,0
2014-04-08,21:00:00,3.78,3.78,3.78,3.78,1300,0
2014-04-08,22:00:00,3.77,3.8,3.76,3.76,2818,0
2014-04-09,16:00:00,3.76,3.829,3.76,3.76,582,0
2014-04-09,19:00:00,3.7899,3.7899,3.76,3.76,700,0
2014-04-09,20:00:00,3.75,3.76,3.67,3.76,7760,0
2014-04-09,21:00:00,3.78,3.78,3.78,3.78,100,0
2014-04-09,22:00:00,3.78,3.78,3.73,3.755,1000,0
2014-04-10,16:00:00,3.74,3.74,3.729,3.729,1200,0
2014-04-10,17:00:00,3.74,3.74,3.72,3.72,3936,0
2014-04-10,18:00:00,3.74,3.74,3.74,3.74,100,0
2014-04-10,19:00:00,3.7378,3.7378,3.73,3.73,1400,0
2014-04-10,20:00:00,3.73,3.73,3.72,3.721,400,0
2014-04-10,21:00:00,3.72,3.74,3.68,3.7,3700,0
2014-04-10,22:00:00,3.7,3.7,3.65,3.66,7934,0
2014-04-11,16:00:00,3.61,3.69,3.61,3.69,1100,0
2014-04-11,17:00:00,3.68,3.68,3.61,3.61,5350,0
2014-04-11,18:00:00,3.6499,3.6499,3.6499,3.6499,2000,0
2014-04-11,21:00:00,3.62,3.6299,3.55,3.6299,3580,0
2014-04-11,22:00:00,3.61,3.61,3.61,3.61,1925,0
2014-04-14,17:00:00,3.59,3.68,3.59,3.67,7066,0
2014-04-14,18:00:00,3.77,3.78,3.68,3.68,900,0
2014-04-14,21:00:00,3.68,3.69,3.68,3.68,4224,0
2014-04-14,22:00:00,3.6876,3.69,3.68,3.69,1060,0
2014-04-15,16:00:00,3.6407,3.71,3.57,3.71,2700,0
2014-04-15,17:00:00,3.67,3.73,3.67,3.67,4000,0
2014-04-15,18:00:00,3.7,3.7,3.58,3.6,15858,0
2014-04-15,19:00:00,3.6,3.62,3.6,3.62,600,0
2014-04-15,21:00:00,3.601,3.603,3.51,3.534,12497,0
2014-04-15,22:00:00,3.5567,3.61,3.54,3.6,8352,0
2014-04-16,16:00:00,3.72,3.72,3.68,3.68,900,0
2014-04-16,17:00:00,3.59,3.59,3.59,3.59,1800,0
2014-04-16,18:00:00,3.639,3.639,3.639,3.639,400,0
2014-04-16,19:00:00,3.6399,3.6399,3.6399,3.6399,256,0
2014-04-16,21:00:00,3.5701,3.5701,3.5701,3.5701,134,0
2014-04-16,22:00:00,3.593,3.68,3.59,3.68,4091,0
2014-04-17,19:00:00,3.6099,3.61,3.6099,3.61,800,0
2014-04-17,20:00:00,3.61,3.61,3.61,3.61,200,0
2014-04-17,22:00:00,3.59,3.64,3.59,3.62,6400,0
2014-04-21,16:00:00,3.69,3.69,3.6207,3.6207,3900,0
2014-04-21,17:00:00,3.63,3.65,3.56,3.65,5000,0
2014-04-21,18:00:00,3.61,3.61,3.61,3.61,200,0
2014-04-21,19:00:00,3.66,3.66,3.57,3.601,2500,0
2014-04-21,20:00:00,3.64,3.64,3.61,3.64,300,0
2014-04-21,21:00:00,3.64,3.64,3.6076,3.63,1300,0
2014-04-21,22:00:00,3.64,3.66,3.62,3.65,1300,0
2014-04-22,17:00:00,3.63,3.69,3.63,3.69,300,0
2014-04-22,18:00:00,3.68,3.69,3.6778,3.69,1400,0
2014-04-22,19:00:00,3.69,3.6953,3.69,3.69,1100,0
2014-04-22,20:00:00,3.69,3.69,3.69,3.69,100,0
2014-04-22,21:00:00,3.7,3.7,3.65,3.7,1800,0
2014-04-22,22:00:00,3.679,3.71,3.679,3.71,2326,0
2014-04-23,17:00:00,3.65,3.8,3.65,3.73,1500,0
2014-04-23,18:00:00,3.74,3.74,3.701,3.701,1000,0
2014-04-23,20:00:00,3.735,3.735,3.73,3.73,800,0
2014-04-23,22:00:00,3.76,3.76,3.75,3.75,900,0
2014-04-24,18:00:00,3.7738,3.81,3.7738,3.8,2700,0
2014-04-24,20:00:00,3.81,3.83,3.81,3.83,400,0
2014-04-24,22:00:00,3.75,3.79,3.75,3.79,1447,0
2014-04-25,19:00:00,3.75,3.75,3.73,3.73,500,0
2014-04-25,21:00:00,3.66,3.68,3.59,3.59,4300,0
2014-04-28,16:00:00,3.62,3.62,3.62,3.62,400,0
2014-04-28,17:00:00,3.6181,3.66,3.58,3.66,5800,0
2014-04-28,19:00:00,3.74,3.801,3.7,3.801,7200,0
2014-04-28,20:00:00,3.82,3.82,3.82,3.82,200,0
2014-04-28,21:00:00,3.78,3.82,3.78,3.82,500,0
2014-04-28,22:00:00,3.8,3.8,3.69,3.69,2138,0
2014-04-29,16:00:00,3.5401,3.5401,3.5401,3.5401,120,0
2014-04-29,17:00:00,3.6899,3.6899,3.6,3.6,2477,0
2014-04-29,20:00:00,3.6,3.6,3.54,3.5601,2700,0
2014-04-29,21:00:00,3.56,3.67,3.56,3.64,6311,0
2014-04-29,22:00:00,3.64,3.64,3.61,3.61,2200,0
2014-04-30,16:00:00,3.572,3.572,3.572,3.572,300,0
2014-04-30,17:00:00,3.68,3.68,3.65,3.65,1300,0
2014-04-30,18:00:00,3.64,3.6592,3.56,3.6592,2199,0
2014-04-30,20:00:00,3.62,3.66,3.61,3.66,500,0
2014-04-30,21:00:00,3.56,3.56,3.56,3.56,1100,0
2014-04-30,22:00:00,3.58,3.67,3.58,3.6,1698,0
2014-05-01,16:00:00,3.639,3.69,3.63,3.68,1600,0
2014-05-01,17:00:00,3.655,3.72,3.65,3.72,11367,0
2014-05-01,18:00:00,3.74,3.85,3.74,3.85,1100,0
2014-05-01,19:00:00,3.7601,3.79,3.73,3.75,5700,0
2014-05-01,21:00:00,3.7601,3.7601,3.72,3.74,2442,0
2014-05-01,22:00:00,3.7599,3.8,3.74,3.8,4162,0
2014-05-02,16:00:00,3.858,3.858,3.858,3.858,200,0
2014-05-02,17:00:00,3.79,3.86,3.79,3.86,2052,0
2014-05-02,18:00:00,3.82,3.85,3.82,3.85,900,0
2014-05-02,19:00:00,3.82,3.82,3.82,3.82,100,0
2014-05-02,20:00:00,3.825,3.96,3.825,3.95,4645,0
2014-05-02,21:00:00,3.9,3.9,3.9,3.9,600,0
2014-05-02,22:00:00,3.9196,3.9196,3.81,3.86,3501,0
2014-05-05,18:00:00,3.811,3.83,3.81,3.81,1800,0
2014-05-05,19:00:00,3.81,3.81,3.76,3.76,1700,0
2014-05-05,20:00:00,3.76,3.76,3.76,3.76,300,0
2014-05-05,22:00:00,3.76,3.79,3.7599,3.79,5332,0
2014-05-06,17:00:00,3.7616,3.77,3.63,3.63,7250,0
2014-05-06,18:00:00,3.75,3.75,3.75,3.75,2600,0
2014-05-06,19:00:00,3.75,3.75,3.73,3.74,2300,0
2014-05-06,20:00:00,3.75,3.76,3.74,3.74,1389,0
2014-05-06,21:00:00,3.72,3.7447,3.72,3.7447,411,0
2014-05-06,22:00:00,3.76,3.77,3.76,3.77,2563,0
2014-05-07,16:00:00,3.99,3.99,3.95,3.95,400,0
2014-05-07,17:00:00,3.99,3.99,3.9,3.95,3500,0
2014-05-07,18:00:00,3.9,3.9,3.85,3.8912,2700,0
2014-05-07,19:00:00,3.89,3.92,3.89,3.92,712,0
2014-05-07,21:00:00,3.93,3.93,3.9275,3.9275,2100,0
2014-05-07,22:00:00,3.94,3.94,3.92,3.92,1698,0
