Date,Time,Open,High,Low,Close,Volume,OpenInt
2014-02-10,16:00:00,4.0699,4.125,4,4.12,49017,0
2014-02-10,17:00:00,4.13,4.14,4.052,4.105,69628,0
2014-02-10,18:00:00,4.105,4.28,4.1,4.25,166890,0
2014-02-10,19:00:00,4.249,4.25,4.15,4.155,108660,0
2014-02-10,20:00:00,4.15,4.16,4.1,4.11,101552,0
2014-02-10,21:00:00,4.1,4.13,4.1,4.1,108470,0
2014-02-10,22:00:00,4.1,4.17,4.08,4.16,190774,0
2014-02-11,16:00:00,4.15,4.18,4.1,4.12,61731,0
2014-02-11,17:00:00,4.12,4.15,4.09,4.09,71835,0
2014-02-11,18:00:00,4.09,4.15,4.09,4.15,49596,0
2014-02-11,19:00:00,4.15,4.255,4.15,4.22,128365,0
2014-02-11,20:00:00,4.23,4.23,4.16,4.16,44276,0
2014-02-11,21:00:00,4.17,4.18,4.16,4.18,45215,0
2014-02-11,22:00:00,4.18,4.2,4.15,4.18,140080,0
2014-02-12,16:00:00,4.17,4.26,4.1,4.22,24509,0
2014-02-12,17:00:00,4.22,4.24,4.18,4.185,45828,0
2014-02-12,18:00:00,4.187,4.2,4.12,4.13,62900,0
2014-02-12,19:00:00,4.13,4.2,4.13,4.17,60010,0
2014-02-12,20:00:00,4.17,4.2,4.13,4.195,53103,0
2014-02-12,21:00:00,4.2,4.2,4.14,4.15,85390,0
2014-02-12,22:00:00,4.141,4.19,4.14,4.18,161040,0
2014-02-13,16:00:00,4.15,4.22,4.13,4.2,52392,0
2014-02-13,17:00:00,4.2,4.23,4.18,4.21,57892,0
2014-02-13,18:00:00,4.21,4.24,4.205,4.21,32319,0
2014-02-13,19:00:00,4.21,4.21,4.18,4.1841,28300,0
2014-02-13,20:00:00,4.18,4.2,4.11,4.11,147086,0
2014-02-13,21:00:00,4.11,4.2,4.11,4.16,79907,0
2014-02-13,22:00:00,4.16,4.23,4.16,4.23,178877,0
2014-02-14,16:00:00,4.24,4.24,4.17,4.22,30814,0
2014-02-14,17:00:00,4.22,4.33,4.21,4.3,104405,0
2014-02-14,18:00:00,4.3,4.36,4.29,4.315,100067,0
2014-02-14,19:00:00,4.32,4.34,4.32,4.32,85631,0
2014-02-14,20:00:00,4.32,4.32,4.3,4.31,39234,0
2014-02-14,21:00:00,4.305,4.32,4.22,4.25,146897,0
2014-02-14,22:00:00,4.25,4.3,4.24,4.27,145487,0
2014-02-18,16:00:00,4.31,4.34,4.21,4.24,96546,0
2014-02-18,17:00:00,4.24,4.3,4.24,4.3,51205,0
2014-02-18,18:00:00,4.3,4.3,4.24,4.25,88859,0
2014-02-18,19:00:00,4.25,4.26,4.23,4.23,29097,0
2014-02-18,20:00:00,4.2355,4.24,4.2,4.215,77106,0
2014-02-18,21:00:00,4.22,4.26,4.21,4.24,32193,0
2014-02-18,22:00:00,4.24,4.265,4.24,4.26,100793,0
2014-02-19,16:00:00,4.23,4.29,4.2,4.28,32796,0
2014-02-19,17:00:00,4.28,4.29,4.22,4.25,45125,0
2014-02-19,18:00:00,4.26,4.27,4.24,4.24,37193,0
2014-02-19,19:00:00,4.23,4.25,4.22,4.24,24785,0
2014-02-19,20:00:00,4.245,4.25,4.22,4.23,23799,0
2014-02-19,21:00:00,4.22,4.25,4.2,4.23,79571,0
2014-02-19,22:00:00,4.2299,4.2299,4.2,4.2,177203,0
2014-02-20,16:00:00,4.2,4.21,4.14,4.15,38785,0
2014-02-20,17:00:00,4.16,4.22,4.16,4.22,32625,0
2014-02-20,18:00:00,4.2101,4.27,4.2101,4.26,43560,0
2014-02-20,19:00:00,4.26,4.27,4.21,4.24,34972,0
2014-02-20,20:00:00,4.24,4.26,4.2399,4.25,28456,0
2014-02-20,21:00:00,4.25,4.25,4.2,4.245,35143,0
2014-02-20,22:00:00,4.245,4.27,4.22,4.27,110522,0
2014-02-21,16:00:00,4.29,4.3,4.25,4.29,58981,0
2014-02-21,17:00:00,4.3,4.3,4.225,4.26,50307,0
2014-02-21,18:00:00,4.26,4.275,4.24,4.24,44371,0
2014-02-21,19:00:00,4.25,4.29,4.24,4.27,52058,0
2014-02-21,20:00:00,4.27,4.27,4.23,4.25,34012,0
2014-02-21,21:00:00,4.25,4.2625,4.21,4.26,58420,0
2014-02-21,22:00:00,4.26,4.3,4.25,4.28,158093,0
2014-02-24,16:00:00,4.27,4.309,4.25,4.25,49506,0
2014-02-24,17:00:00,4.26,4.34,4.26,4.3,116536,0
2014-02-24,18:00:00,4.304,4.34,4.29,4.34,76543,0
2014-02-24,19:00:00,4.3401,4.341,4.305,4.322,31174,0
2014-02-24,20:00:00,4.32,4.33,4.3,4.315,40026,0
2014-02-24,21:00:00,4.3101,4.34,4.31,4.34,69511,0
2014-02-24,22:00:00,4.33,4.35,4.32,4.33,228352,0
2014-02-25,16:00:00,4.34,4.42,4.33,4.33,108517,0
2014-02-25,17:00:00,4.32,4.38,4.32,4.345,74297,0
2014-02-25,18:00:00,4.34,4.375,4.33,4.34,52295,0
2014-02-25,19:00:00,4.34,4.37,4.33,4.36,40163,0
2014-02-25,20:00:00,4.36,4.43,4.35,4.385,91963,0
2014-02-25,21:00:00,4.38,4.385,4.35,4.35,38827,0
2014-02-25,22:00:00,4.36,4.36,4.34,4.35,113402,0
2014-02-26,16:00:00,4.39,4.42,4.351,4.415,59472,0
2014-02-26,17:00:00,4.42,4.47,4.41,4.47,140454,0
2014-02-26,18:00:00,4.47,4.7,4.47,4.675,443197,0
2014-02-26,19:00:00,4.675,4.69,4.66,4.69,81862,0
2014-02-26,20:00:00,4.685,4.69,4.6499,4.67,75455,0
2014-02-26,21:00:00,4.68,4.68,4.52,4.535,118391,0
2014-02-26,22:00:00,4.535,4.63,4.535,4.62,254608,0
2014-02-27,16:00:00,4.58,4.61,4.45,4.6,138053,0
2014-02-27,17:00:00,4.6,4.7,4.48,4.509,428903,0
2014-02-27,18:00:00,4.5,4.51,4.4,4.4,185449,0
2014-02-27,19:00:00,4.4,4.51,4.4,4.49,116040,0
2014-02-27,20:00:00,4.5,4.54,4.48,4.53,56196,0
2014-02-27,21:00:00,4.535,4.58,4.52,4.56,97116,0
2014-02-27,22:00:00,4.56,4.58,4.55,4.56,252075,0
2014-02-28,16:00:00,4.4101,4.63,4.4101,4.5,79606,0
2014-02-28,17:00:00,4.5,4.63,4.5,4.56,114131,0
2014-02-28,18:00:00,4.56,4.61,4.521,4.61,79424,0
2014-02-28,19:00:00,4.61,4.61,4.59,4.61,37739,0
2014-02-28,20:00:00,4.61,4.64,4.6,4.63,86855,0
2014-02-28,21:00:00,4.63,4.64,4.61,4.635,80797,0
2014-02-28,22:00:00,4.635,4.65,4.62,4.64,253674,0
2014-03-03,16:00:00,4.4811,4.5796,4.4811,4.53,57344,0
2014-03-03,17:00:00,4.54,4.54,4.45,4.51,93279,0
2014-03-03,18:00:00,4.5014,4.5014,4.45,4.462,77510,0
2014-03-03,19:00:00,4.465,4.52,4.45,4.51,33965,0
2014-03-03,20:00:00,4.52,4.54,4.5,4.52,37414,0
2014-03-03,21:00:00,4.5201,4.55,4.48,4.495,97038,0
2014-03-03,22:00:00,4.4999,4.53,4.49,4.5,120873,0
2014-03-04,16:00:00,4.55,4.65,4.55,4.62,96581,0
2014-03-04,17:00:00,4.63,4.64,4.585,4.63,114648,0
2014-03-04,18:00:00,4.621,4.65,4.62,4.64,161887,0
2014-03-04,19:00:00,4.635,4.645,4.61,4.63,92391,0
2014-03-04,20:00:00,4.62,4.635,4.62,4.63,66824,0
2014-03-04,21:00:00,4.63,4.63,4.5,4.51,188447,0
2014-03-04,22:00:00,4.515,4.55,4.44,4.45,409041,0
2014-03-05,16:00:00,4.42,4.51,4.4,4.47,44136,0
2014-03-05,17:00:00,4.47,4.48,4.43,4.45,53945,0
2014-03-05,18:00:00,4.46,4.51,4.455,4.46,112066,0
2014-03-05,19:00:00,4.47,4.5,4.46,4.48,59935,0
2014-03-05,20:00:00,4.48,4.5,4.4,4.41,154175,0
2014-03-05,21:00:00,4.415,4.44,4.4,4.41,75480,0
2014-03-05,22:00:00,4.41,4.45,4.36,4.44,206555,0
2014-03-06,16:00:00,4.41,4.41,4.3,4.33,89634,0
2014-03-06,17:00:00,4.34,4.34,4.28,4.3,168858,0
2014-03-06,18:00:00,4.3,4.33,4.29,4.31,97831,0
2014-03-06,19:00:00,4.31,4.32,4.3,4.3,39596,0
2014-03-06,20:00:00,4.31,4.33,4.24,4.24,235880,0
2014-03-06,21:00:00,4.24,4.265,4.22,4.23,96098,0
2014-03-06,22:00:00,4.23,4.2309,4.19,4.22,155460,0
2014-03-07,16:00:00,4.23,4.25,4.15,4.17,31305,0
2014-03-07,17:00:00,4.16,4.18,4.15,4.16,44211,0
2014-03-07,18:00:00,4.17,4.21,4.15,4.2,82845,0
2014-03-07,19:00:00,4.2,4.21,4.17,4.175,52743,0
2014-03-07,20:00:00,4.18,4.18,4.15,4.15,47885,0
2014-03-07,21:00:00,4.15,4.16,4.15,4.15,79541,0
2014-03-07,22:00:00,4.15,4.19,4.15,4.19,133629,0
2014-03-10,15:00:00,4.18,4.27,4.17,4.27,49544,0
2014-03-10,16:00:00,4.26,4.29,4.24,4.27,87408,0
2014-03-10,17:00:00,4.26,4.35,4.26,4.26,163841,0
2014-03-10,18:00:00,4.26,4.33,4.26,4.32,225562,0
2014-03-10,19:00:00,4.32,4.33,4.28,4.33,143112,0
2014-03-10,20:00:00,4.33,4.38,4.31,4.37,77890,0
2014-03-10,21:00:00,4.36,4.42,4.33,4.42,253159,0
2014-03-11,15:00:00,4.392,4.44,4.37,4.39,68540,0
2014-03-11,16:00:00,4.39,4.56,4.38,4.52,167757,0
2014-03-11,17:00:00,4.52,4.56,4.46,4.46,162303,0
2014-03-11,18:00:00,4.46,4.46,4.41,4.425,132111,0
2014-03-11,19:00:00,4.42,4.425,4.315,4.33,133997,0
2014-03-11,20:00:00,4.33,4.355,4.28,4.33,109588,0
2014-03-11,21:00:00,4.33,4.37,4.29,4.34,143838,0
2014-03-12,15:00:00,4.31,4.35,4.2799,4.285,23482,0
2014-03-12,16:00:00,4.29,4.4,4.27,4.4,134920,0
2014-03-12,17:00:00,4.4,4.4101,4.28,4.28,78639,0
2014-03-12,18:00:00,4.285,4.29,4.24,4.25,50676,0
2014-03-12,19:00:00,4.25,4.26,4.25,4.26,18816,0
2014-03-12,20:00:00,4.26,4.29,4.255,4.26,28317,0
2014-03-12,21:00:00,4.26,4.33,4.26,4.33,102324,0
2014-03-13,15:00:00,4.79,4.81,4.51,4.665,435524,0
2014-03-13,16:00:00,4.6699,4.89,4.66,4.7801,945441,0
2014-03-13,17:00:00,4.78,4.8,4.74,4.77,272260,0
2014-03-13,18:00:00,4.76,4.7801,4.74,4.76,156539,0
2014-03-13,19:00:00,4.76,4.8,4.65,4.765,516334,0
2014-03-13,20:00:00,4.77,4.8,4.75,4.7946,199545,0
2014-03-13,21:00:00,4.79,5.11,4.77,4.99,1729420,0
2014-03-14,15:00:00,4.94,4.94,4.7501,4.81,250342,0
2014-03-14,16:00:00,4.82,4.92,4.78,4.8,378154,0
2014-03-14,17:00:00,4.8,4.87,4.765,4.8,395727,0
2014-03-14,18:00:00,4.8,4.8,4.76,4.79,98953,0
2014-03-14,19:00:00,4.7841,4.83,4.78,4.82,99284,0
2014-03-14,20:00:00,4.815,4.83,4.77,4.795,121123,0
2014-03-14,21:00:00,4.8,4.81,4.76,4.79,338238,0
2014-03-17,15:00:00,4.77,4.87,4.75,4.79,192967,0
2014-03-17,16:00:00,4.78,5.025,4.765,5.01,288455,0
2014-03-17,17:00:00,5.01,5.0851,4.9,4.95,408327,0
2014-03-17,18:00:00,4.95,5.02,4.89,5.02,238653,0
2014-03-17,19:00:00,5.01,5.05,4.92,4.99,214375,0
2014-03-17,20:00:00,5,5.05,4.95,5.01,271979,0
2014-03-17,21:00:00,5,5.09,4.99,5.01,494185,0
2014-03-18,15:00:00,4.98,5.29,4.93,5.24,679454,0
2014-03-18,16:00:00,5.25,5.26,5.12,5.2418,544785,0
2014-03-18,17:00:00,5.24,5.28,5.12,5.1825,394082,0
2014-03-18,18:00:00,5.188,5.2425,5.1448,5.2325,149714,0
2014-03-18,19:00:00,5.23,5.27,5.18,5.195,242006,0
2014-03-18,20:00:00,5.2,5.21,5.1591,5.2,180199,0
2014-03-18,21:00:00,5.2,5.215,5.0401,5.1,503010,0
2014-03-19,15:00:00,5.12,5.18,5.05,5.13,100468,0
2014-03-19,16:00:00,5.13,5.18,5.1,5.15,256546,0
2014-03-19,17:00:00,5.15,5.38,5.15,5.37,909122,0
2014-03-19,18:00:00,5.365,5.48,5.35,5.45,862903,0
2014-03-19,19:00:00,5.445,5.48,5.42,5.45,238071,0
2014-03-19,20:00:00,5.46,5.73,5.44,5.68,1049846,0
2014-03-19,21:00:00,5.68,5.8,5.53,5.74,1952413,0
2014-03-20,15:00:00,5.625,5.65,5.44,5.5098,479646,0
2014-03-20,16:00:00,5.49,5.6101,5.35,5.4,462583,0
2014-03-20,17:00:00,5.4,5.43,5.12,5.42,579698,0
2014-03-20,18:00:00,5.42,5.49,5.4101,5.4101,182697,0
2014-03-20,19:00:00,5.41,5.42,5.35,5.41,77536,0
2014-03-20,20:00:00,5.41,5.44,5.38,5.42,132526,0
2014-03-20,21:00:00,5.42,5.53,5.41,5.51,407012,0
2014-03-21,15:00:00,5.33,5.45,5.32,5.4,155227,0
2014-03-21,16:00:00,5.4,5.41,5.18,5.244,253791,0
2014-03-21,17:00:00,5.245,5.28,5.235,5.26,256505,0
2014-03-21,18:00:00,5.255,5.26,5.23,5.25,157948,0
2014-03-21,19:00:00,5.24,5.27,5.24,5.27,75506,0
2014-03-21,20:00:00,5.26,5.32,5.24,5.255,109962,0
2014-03-21,21:00:00,5.26,5.275,5.18,5.19,214975,0
2014-03-24,15:00:00,5.22,5.225,4.8193,4.9299,426471,0
2014-03-24,16:00:00,4.93,4.99,4.82,4.8201,522939,0
2014-03-24,17:00:00,4.82,4.84,4.73,4.78,330921,0
2014-03-24,18:00:00,4.79,4.79,4.64,4.64,189134,0
2014-03-24,19:00:00,4.6401,4.81,4.6401,4.81,106812,0
2014-03-24,20:00:00,4.81,4.89,4.81,4.8891,154190,0
2014-03-24,21:00:00,4.885,4.89,4.85,4.87,184796,0
2014-03-25,15:00:00,4.88,5,4.8701,4.97,68827,0
2014-03-25,16:00:00,4.955,4.97,4.79,4.79,121482,0
2014-03-25,17:00:00,4.79,4.795,4.74,4.75,128051,0
2014-03-25,18:00:00,4.74,4.74,4.69,4.73,71729,0
2014-03-25,19:00:00,4.725,4.77,4.725,4.77,24580,0
2014-03-25,20:00:00,4.77,4.78,4.73,4.75,109196,0
2014-03-25,21:00:00,4.75,4.77,4.74,4.75,134690,0
2014-03-26,15:00:00,4.79,4.82,4.7,4.75,77879,0
2014-03-26,16:00:00,4.75,4.82,4.73,4.77,96995,0
2014-03-26,17:00:00,4.77,4.84,4.71,4.73,249704,0
2014-03-26,18:00:00,4.735,4.79,4.73,4.75,138803,0
2014-03-26,19:00:00,4.75,4.7699,4.68,4.76,94374,0
2014-03-26,20:00:00,4.74,4.75,4.67,4.705,126666,0
2014-03-26,21:00:00,4.7,4.74,4.66,4.73,339529,0
2014-03-27,15:00:00,4.745,4.775,4.63,4.725,228812,0
2014-03-27,16:00:00,4.725,4.89,4.71,4.77,412368,0
2014-03-27,17:00:00,4.76,4.77,4.6,4.64,288486,0
2014-03-27,18:00:00,4.65,4.65,4.38,4.39,406387,0
2014-03-27,19:00:00,4.39,4.49,4.37,4.4,817818,0
2014-03-27,20:00:00,4.4001,4.43,4.36,4.3699,318415,0
2014-03-27,21:00:00,4.37,4.37,4.31,4.33,928772,0
2014-03-28,15:00:00,4.35,4.3599,4.18,4.2,293453,0
2014-03-28,16:00:00,4.219,4.23,4.05,4.14,858251,0
2014-03-28,17:00:00,4.14,4.15,4,4.06,711890,0
2014-03-28,18:00:00,4.06,4.09,4.03,4.06,372336,0
2014-03-28,19:00:00,4.055,4.08,4.02,4.02,265969,0
2014-03-28,20:00:00,4.01,4.03,3.91,3.95,589979,0
2014-03-28,21:00:00,3.95,4,3.9,3.99,672329,0
2014-03-31,16:00:00,3.99,4.119,3.99,4.099,179680,0
2014-03-31,17:00:00,4.1,4.13,3.99,4.06,258817,0
2014-03-31,18:00:00,4.0599,4.06,4,4.04,106997,0
2014-03-31,19:00:00,4.04,4.06,4.01,4.04,80875,0
2014-03-31,20:00:00,4.04,4.05,3.99,4.04,98170,0
2014-03-31,21:00:00,4.03,4.05,4.01,4.04,63442,0
2014-03-31,22:00:00,4.03,4.09,4,4.075,221662,0
2014-04-01,16:00:00,4.03,4.1782,4.03,4.14,70822,0
2014-04-01,17:00:00,4.149,4.2312,4.13,4.17,283698,0
2014-04-01,18:00:00,4.1601,4.18,4.11,4.11,175757,0
2014-04-01,19:00:00,4.11,4.12,4.05,4.05,157801,0
2014-04-01,20:00:00,4.05,4.08,4.01,4.03,133358,0
2014-04-01,21:00:00,4.02,4.07,4.005,4.03,154893,0
2014-04-01,22:00:00,4.025,4.06,3.83,3.835,817205,0
2014-04-02,16:00:00,3.94,4.05,3.88,3.88,121368,0
2014-04-02,17:00:00,3.88,3.9283,3.83,3.9,198041,0
2014-04-02,18:00:00,3.9099,3.92,3.83,3.83,243584,0
2014-04-02,19:00:00,3.83,3.85,3.8,3.8,239596,0
2014-04-02,20:00:00,3.8,3.81,3.77,3.77,169181,0
2014-04-02,21:00:00,3.775,3.7828,3.66,3.66,573250,0
2014-04-02,22:00:00,3.67,3.915,3.65,3.86,831124,0
2014-04-03,16:00:00,3.86,3.9,3.81,3.88,97444,0
2014-04-03,17:00:00,3.871,4.11,3.87,3.949,345963,0
2014-04-03,18:00:00,3.9401,3.96,3.92,3.93,174151,0
2014-04-03,19:00:00,3.93,3.94,3.9,3.91,126913,0
2014-04-03,20:00:00,3.92,3.9491,3.9,3.91,338870,0
2014-04-03,21:00:00,3.91,3.92,3.85,3.86,374569,0
2014-04-03,22:00:00,3.865,3.94,3.855,3.91,845965,0
2014-04-04,16:00:00,3.94,3.94,3.75,3.75,143651,0
2014-04-04,17:00:00,3.75,3.81,3.68,3.75,417554,0
2014-04-04,18:00:00,3.75,3.8,3.74,3.75,276834,0
2014-04-04,19:00:00,3.75,3.78,3.72,3.75,142607,0
2014-04-04,20:00:00,3.745,3.79,3.72,3.73,67708,0
2014-04-04,21:00:00,3.74,3.77,3.72,3.77,122238,0
2014-04-04,22:00:00,3.76,3.78,3.74,3.75,253467,0
2014-04-07,16:00:00,3.72,3.77,3.7,3.77,55486,0
2014-04-07,17:00:00,3.77,3.82,3.75,3.8,184124,0
2014-04-07,18:00:00,3.8,3.8,3.75,3.755,245773,0
2014-04-07,19:00:00,3.755,3.76,3.71,3.73,198739,0
2014-04-07,20:00:00,3.725,3.73,3.65,3.65,200763,0
2014-04-07,21:00:00,3.65,3.66,3.51,3.51,400142,0
2014-04-07,22:00:00,3.51,3.58,3.48,3.48,531683,0
2014-04-08,16:00:00,3.44,3.57,3.41,3.48,165819,0
2014-04-08,17:00:00,3.48,3.56,3.48,3.55,415786,0
2014-04-08,18:00:00,3.555,3.56,3.46,3.51,224846,0
2014-04-08,19:00:00,3.51,3.56,3.51,3.515,50760,0
2014-04-08,20:00:00,3.511,3.58,3.505,3.5499,60838,0
2014-04-08,21:00:00,3.545,3.58,3.54,3.55,109028,0
2014-04-08,22:00:00,3.55,3.585,3.54,3.56,297759,0
2014-04-09,16:00:00,3.6,3.66,3.6,3.66,140283,0
2014-04-09,17:00:00,3.66,3.75,3.63,3.65,184156,0
2014-04-09,18:00:00,3.66,3.68,3.61,3.66,90370,0
2014-04-09,19:00:00,3.668,3.69,3.63,3.6301,68312,0
2014-04-09,20:00:00,3.64,3.67,3.62,3.67,66793,0
2014-04-09,21:00:00,3.66,3.7,3.66,3.68,95044,0
2014-04-09,22:00:00,3.68,3.7,3.65,3.69,164636,0
2014-04-10,16:00:00,3.65,3.74,3.61,3.61,76392,0
2014-04-10,17:00:00,3.6199,3.68,3.57,3.59,123272,0
2014-04-10,18:00:00,3.58,3.65,3.58,3.6,96815,0
2014-04-10,19:00:00,3.6,3.61,3.425,3.455,283531,0
2014-04-10,20:00:00,3.46,3.51,3.44,3.51,125578,0
2014-04-10,21:00:00,3.51,3.53,3.45,3.49,103445,0
2014-04-10,22:00:00,3.485,3.5,3.45,3.48,301660,0
2014-04-11,16:00:00,3.45,3.535,3.45,3.47,85627,0
2014-04-11,17:00:00,3.48,3.68,3.45,3.64,407715,0
2014-04-11,18:00:00,3.6301,3.6301,3.51,3.52,94216,0
2014-04-11,19:00:00,3.53,3.53,3.45,3.5,193102,0
2014-04-11,20:00:00,3.49,3.49,3.4,3.42,89128,0
2014-04-11,21:00:00,3.42,3.44,3.35,3.38,112118,0
2014-04-11,22:00:00,3.38,3.455,3.36,3.41,229159,0
2014-04-14,16:00:00,3.49,3.51,3.4,3.4,41013,0
2014-04-14,17:00:00,3.41,3.5099,3.41,3.49,100673,0
2014-04-14,18:00:00,3.49,3.51,3.42,3.44,116121,0
2014-04-14,19:00:00,3.45,3.47,3.43,3.43,51520,0
2014-04-14,20:00:00,3.431,3.46,3.41,3.42,73375,0
2014-04-14,21:00:00,3.42,3.45,3.3699,3.3699,97526,0
2014-04-14,22:00:00,3.365,3.43,3.31,3.43,368765,0
2014-04-15,16:00:00,3.43,3.4699,3.335,3.42,32295,0
2014-04-15,17:00:00,3.42,3.42,3.31,3.368,90322,0
2014-04-15,18:00:00,3.35,3.36,3.26,3.26,123844,0
2014-04-15,19:00:00,3.26,3.31,3.24,3.28,243270,0
2014-04-15,20:00:00,3.28,3.41,3.28,3.4,161297,0
2014-04-15,21:00:00,3.4,3.5,3.37,3.435,175600,0
2014-04-15,22:00:00,3.44,3.54,3.41,3.47,265423,0
2014-04-16,16:00:00,3.5,3.55,3.45,3.51,56946,0
2014-04-16,17:00:00,3.485,3.6,3.46,3.52,130061,0
2014-04-16,18:00:00,3.52,3.59,3.48,3.48,78726,0
2014-04-16,19:00:00,3.49,3.56,3.48,3.54,70644,0
2014-04-16,20:00:00,3.53,3.61,3.51,3.61,151764,0
2014-04-16,21:00:00,3.61,3.63,3.57,3.605,83139,0
2014-04-16,22:00:00,3.605,3.625,3.55,3.57,240410,0
2014-04-17,16:00:00,3.55,3.56,3.47,3.54,71310,0
2014-04-17,17:00:00,3.55,3.63,3.51,3.57,91832,0
2014-04-17,18:00:00,3.55,3.6,3.505,3.54,72862,0
2014-04-17,19:00:00,3.54,3.57,3.505,3.52,47540,0
2014-04-17,20:00:00,3.52,3.57,3.52,3.55,53109,0
2014-04-17,21:00:00,3.545,3.59,3.52,3.58,48324,0
2014-04-17,22:00:00,3.57,3.59,3.55,3.5502,87742,0
2014-04-21,16:00:00,3.58,3.6,3.5001,3.53,74001,0
2014-04-21,17:00:00,3.53,3.5699,3.45,3.52,122254,0
2014-04-21,18:00:00,3.52,3.57,3.51,3.54,28344,0
2014-04-21,19:00:00,3.54,3.58,3.54,3.57,75570,0
2014-04-21,20:00:00,3.57,3.6,3.5601,3.58,70545,0
2014-04-21,21:00:00,3.585,3.605,3.57,3.57,91615,0
2014-04-21,22:00:00,3.57,3.58,3.555,3.58,119543,0
2014-04-22,16:00:00,3.58,3.58,3.55,3.57,14374,0
2014-04-22,17:00:00,3.561,3.61,3.56,3.58,90511,0
2014-04-22,18:00:00,3.59,3.65,3.58,3.6,141987,0
2014-04-22,19:00:00,3.6,3.65,3.46,3.47,294328,0
2014-04-22,20:00:00,3.48,3.495,2.95,3.12,1937944,0
2014-04-22,21:00:00,3.12,3.26,3.0704,3.205,1410401,0
2014-04-22,22:00:00,3.21,3.25,3.14,3.19,1243994,0
2014-04-23,16:00:00,3.29,3.61,3.28,3.5001,528152,0
2014-04-23,17:00:00,3.5,3.59,3.46,3.495,285410,0
2014-04-23,18:00:00,3.5,3.5701,3.49,3.53,130260,0
2014-04-23,19:00:00,3.52,3.61,3.52,3.59,260577,0
2014-04-23,20:00:00,3.59,3.5916,3.4801,3.58,173448,0
2014-04-23,21:00:00,3.59,3.6,3.55,3.56,121535,0
2014-04-23,22:00:00,3.555,3.6,3.55,3.58,208567,0
2014-04-24,16:00:00,3.58,3.58,3.4,3.51,103392,0
2014-04-24,17:00:00,3.49,3.53,3.43,3.5,151188,0
2014-04-24,18:00:00,3.5,3.54,3.47,3.5,71196,0
2014-04-24,19:00:00,3.49,3.52,3.45,3.48,59317,0
2014-04-24,20:00:00,3.471,3.5,3.45,3.47,46158,0
2014-04-24,21:00:00,3.475,3.4898,3.45,3.4751,104572,0
2014-04-24,22:00:00,3.48,3.5,3.45,3.46,166279,0
2014-04-25,16:00:00,3.47,3.47,3.37,3.38,100061,0
2014-04-25,17:00:00,3.38,3.39,3.32,3.34,112838,0
2014-04-25,18:00:00,3.34,3.37,3.3,3.32,98668,0
2014-04-25,19:00:00,3.32,3.32,3.26,3.26,67421,0
2014-04-25,20:00:00,3.26,3.27,3.225,3.24,119539,0
2014-04-25,21:00:00,3.235,3.26,3.2,3.21,126579,0
2014-04-25,22:00:00,3.21,3.23,3.17,3.17,265533,0
2014-04-28,16:00:00,3.21,3.43,3.185,3.21,114226,0
2014-04-28,17:00:00,3.21,3.22,3.09,3.17,291447,0
2014-04-28,18:00:00,3.17,3.17,3.1,3.109,104919,0
2014-04-28,19:00:00,3.11,3.16,3.1001,3.12,97430,0
2014-04-28,20:00:00,3.12,3.15,3.1,3.11,98682,0
2014-04-28,21:00:00,3.11,3.16,3.11,3.14,96278,0
2014-04-28,22:00:00,3.14,3.21,3.12,3.18,160235,0
2014-04-29,16:00:00,3.19,3.19,3.13,3.14,28662,0
2014-04-29,17:00:00,3.13,3.18,3.12,3.15,39233,0
2014-04-29,18:00:00,3.142,3.16,3.12,3.12,29420,0
2014-04-29,19:00:00,3.129,3.15,3.1,3.11,83547,0
2014-04-29,20:00:00,3.11,3.14,3.1,3.14,76116,0
2014-04-29,21:00:00,3.135,3.15,3.109,3.12,83005,0
2014-04-29,22:00:00,3.12,3.14,3.1,3.13,234420,0
2014-04-30,16:00:00,3.14,3.23,3.13,3.19,171875,0
2014-04-30,17:00:00,3.18,3.2,3.12,3.145,88001,0
2014-04-30,18:00:00,3.16,3.19,3.145,3.17,106658,0
2014-04-30,19:00:00,3.17,3.2,3.15,3.16,94716,0
2014-04-30,20:00:00,3.15,3.18,3.15,3.18,97572,0
2014-04-30,21:00:00,3.18,3.23,3.15,3.23,73604,0
2014-04-30,22:00:00,3.23,3.27,3.22,3.26,275241,0
2014-05-01,16:00:00,3.26,3.39,3.26,3.29,33213,0
2014-05-01,17:00:00,3.295,3.33,3.2,3.32,75234,0
2014-05-01,18:00:00,3.32,3.33,3.25,3.29,70210,0
2014-05-01,19:00:00,3.295,3.33,3.27,3.31,78471,0
2014-05-01,20:00:00,3.3,3.31,3.23,3.26,89186,0
2014-05-01,21:00:00,3.26,3.31,3.21,3.22,69408,0
2014-05-01,22:00:00,3.225,3.28,3.205,3.28,231578,0
2014-05-02,16:00:00,3.26,3.29,3.2,3.215,41799,0
2014-05-02,17:00:00,3.21,3.24,3.18,3.18,54983,0
2014-05-02,18:00:00,3.18,3.2,3.18,3.2,43424,0
2014-05-02,19:00:00,3.2,3.2,3.16,3.2,40909,0
2014-05-02,20:00:00,3.19,3.2,3.155,3.16,44078,0
2014-05-02,21:00:00,3.16,3.1925,3.15,3.17,55461,0
2014-05-02,22:00:00,3.17,3.195,3.16,3.18,130161,0
2014-05-05,16:00:00,3.19,3.22,3.11,3.125,79655,0
2014-05-05,17:00:00,3.14,3.27,3.13,3.25,94379,0
2014-05-05,18:00:00,3.25,3.26,3.2,3.25,36515,0
2014-05-05,19:00:00,3.24,3.25,3.22,3.23,38186,0
2014-05-05,20:00:00,3.23,3.24,3.19,3.21,33671,0
2014-05-05,21:00:00,3.21,3.25,3.2,3.24,23550,0
2014-05-05,22:00:00,3.24,3.36,3.22,3.29,173495,0
2014-05-06,16:00:00,3.2309,3.26,3.17,3.24,13265,0
2014-05-06,17:00:00,3.245,3.43,3.2209,3.24,107420,0
2014-05-06,18:00:00,3.24,3.25,3.225,3.24,32740,0
2014-05-06,19:00:00,3.24,3.25,3.22,3.24,40435,0
2014-05-06,20:00:00,3.24,3.245,3.18,3.18,88676,0
2014-05-06,21:00:00,3.18,3.2,3.17,3.1897,118186,0
2014-05-06,22:00:00,3.185,3.19,3.14,3.155,177181,0
2014-05-07,16:00:00,3.15,3.2065,3.01,3.07,65645,0
2014-05-07,17:00:00,3.08,3.08,3.01,3.02,142004,0
2014-05-07,18:00:00,3.02,3.05,3.01,3.04,138044,0
2014-05-07,19:00:00,3.04,3.04,3.01,3.02,86163,0
2014-05-07,20:00:00,3.02,3.03,2.91,2.95,182497,0
2014-05-07,21:00:00,2.94,3,2.93,2.99,84903,0
2014-05-07,22:00:00,2.985,3.02,2.94,2.99,377650,0
