Date,Time,Open,High,Low,Close,Volume,OpenInt
2014-02-10,16:00:00,9.64,9.94,9.64,9.83,91259,0
2014-02-10,17:00:00,9.84,9.9,9.58,9.6,66806,0
2014-02-10,18:00:00,9.6,9.92,9.5,9.89,82577,0
2014-02-10,19:00:00,9.9,9.99,9.85,9.94,56289,0
2014-02-10,20:00:00,9.95,9.98,9.76,9.9,74759,0
2014-02-10,21:00:00,9.9,10.08,9.9,10,100232,0
2014-02-10,22:00:00,10.01,10.245,10,10.1,224650,0
2014-02-11,16:00:00,10.07,10.3494,9.94,10.1,146652,0
2014-02-11,17:00:00,10.09,10.11,10,10.02,48798,0
2014-02-11,18:00:00,10.02,10.11,10.01,10.11,47431,0
2014-02-11,19:00:00,10.11,10.13,10.0535,10.09,21128,0
2014-02-11,20:00:00,10.1,10.13,9.97,9.98,28119,0
2014-02-11,21:00:00,9.9775,10.105,9.9775,10.095,51558,0
2014-02-11,22:00:00,10.095,10.15,10.04,10.14,131333,0
2014-02-12,16:00:00,10.18,10.42,10.15,10.32,33368,0
2014-02-12,17:00:00,10.34,10.51,10.33,10.385,89007,0
2014-02-12,18:00:00,10.39,10.575,10.37,10.42,81510,0
2014-02-12,19:00:00,10.4,10.66,10.4,10.56,90077,0
2014-02-12,20:00:00,10.54,10.5568,10.39,10.47,51211,0
2014-02-12,21:00:00,10.48,10.58,10.47,10.5,120747,0
2014-02-12,22:00:00,10.5038,10.6,10.47,10.56,202699,0
2014-02-13,16:00:00,10.47,10.56,10.27,10.39,59378,0
2014-02-13,17:00:00,10.39,10.435,10.31,10.38,30711,0
2014-02-13,18:00:00,10.375,10.4,10.25,10.255,42612,0
2014-02-13,19:00:00,10.26,10.33,10.12,10.19,44122,0
2014-02-13,20:00:00,10.19,10.36,10.19,10.25,41769,0
2014-02-13,21:00:00,10.26,10.33,10.24,10.27,50452,0
2014-02-13,22:00:00,10.27,10.365,10.24,10.33,132657,0
2014-02-14,16:00:00,10.27,10.41,10.19,10.38,81062,0
2014-02-14,17:00:00,10.36,10.55,10.34,10.34,47898,0
2014-02-14,18:00:00,10.35,10.53,10.33,10.49,51898,0
2014-02-14,19:00:00,10.49,10.505,10.34,10.4,55172,0
2014-02-14,20:00:00,10.41,10.485,10.39,10.45,22413,0
2014-02-14,21:00:00,10.4425,10.52,10.44,10.47,28606,0
2014-02-14,22:00:00,10.48,10.63,10.48,10.59,85003,0
2014-02-18,16:00:00,10.42,10.45,9.91,10.01,69762,0
2014-02-18,17:00:00,10.0299,10.5,10,10.44,108787,0
2014-02-18,18:00:00,10.46,10.68,10.44,10.61,105443,0
2014-02-18,19:00:00,10.6,10.95,10.6,10.87,126912,0
2014-02-18,20:00:00,10.88,11.05,10.88,11.04,68123,0
2014-02-18,21:00:00,11.04,11.46,11.03,11.4,185575,0
2014-02-18,22:00:00,11.4,11.485,11.265,11.36,289103,0
2014-02-19,16:00:00,11.36,11.69,11.02,11.2,291339,0
2014-02-19,17:00:00,11.2,11.29,10.93,11.08,211130,0
2014-02-19,18:00:00,11.06,11.0768,10.86,10.97,85433,0
2014-02-19,19:00:00,10.9601,11.09,10.96,11,65145,0
2014-02-19,20:00:00,11.01,11.05,10.91,10.97,73567,0
2014-02-19,21:00:00,10.98,11.03,10.93,11.03,60572,0
2014-02-19,22:00:00,11.03,11.06,10.83,11.03,221987,0
2014-02-20,16:00:00,11.05,14.05,10.5,13.419,363378,0
2014-02-20,17:00:00,13.44,14,13.1465,13.56,300595,0
2014-02-20,18:00:00,13.511,15.62,13.43,15.33,653130,0
2014-02-20,19:00:00,15.34,15.88,14.9,15.16,802433,0
2014-02-20,20:00:00,15.15,15.159,14.1,14.55,784903,0
2014-02-20,21:00:00,14.55,14.85,14.16,14.41,401686,0
2014-02-20,22:00:00,14.41,14.41,13.76,14.28,877325,0
2014-02-21,16:00:00,14.32,14.35,13.09,13.5201,333632,0
2014-02-21,17:00:00,13.52,14.02,13.25,13.72,351651,0
2014-02-21,18:00:00,13.7753,13.7753,13.18,13.18,242883,0
2014-02-21,19:00:00,13.19,13.39,13.11,13.16,150683,0
2014-02-21,20:00:00,13.16,13.21,12.845,12.92,182397,0
2014-02-21,21:00:00,12.92,13.065,12.745,12.85,190700,0
2014-02-21,22:00:00,12.85,12.96,12.475,12.55,372714,0
2014-02-24,16:00:00,12.3,12.669,12.07,12.19,72927,0
2014-02-24,17:00:00,12.19,12.25,11.65,11.74,227565,0
2014-02-24,18:00:00,11.75,11.88,11.65,11.85,165137,0
2014-02-24,19:00:00,11.855,11.88,11.7,11.78,78685,0
2014-02-24,20:00:00,11.78,11.79,11.58,11.655,68337,0
2014-02-24,21:00:00,11.66,11.86,11.61,11.74,98361,0
2014-02-24,22:00:00,11.71,11.72,11.5,11.55,227465,0
2014-02-25,16:00:00,11.5,11.84,11.3904,11.56,63970,0
2014-02-25,17:00:00,11.56,11.63,11.45,11.45,88172,0
2014-02-25,18:00:00,11.465,11.75,11.465,11.73,81711,0
2014-02-25,19:00:00,11.7286,12.16,11.7286,11.98,372362,0
2014-02-25,20:00:00,11.95,12.24,11.9,11.9,143654,0
2014-02-25,21:00:00,11.91,11.94,11.8086,11.81,60199,0
2014-02-25,22:00:00,11.81,11.83,11.51,11.56,238936,0
2014-02-26,16:00:00,11.6,11.83,11.42,11.78,37700,0
2014-02-26,17:00:00,11.78,11.7801,11.59,11.59,73608,0
2014-02-26,18:00:00,11.6,11.72,11.46,11.575,91562,0
2014-02-26,19:00:00,11.5897,11.67,11.56,11.64,43129,0
2014-02-26,20:00:00,11.64,11.69,11.52,11.53,36580,0
2014-02-26,21:00:00,11.53,11.56,11.27,11.31,145739,0
2014-02-26,22:00:00,11.31,11.43,11.24,11.25,339459,0
2014-02-27,16:00:00,11.24,11.47,11.231,11.43,24602,0
2014-02-27,17:00:00,11.43,11.53,11.32,11.48,42220,0
2014-02-27,18:00:00,11.46,11.62,11.33,11.39,50156,0
2014-02-27,19:00:00,11.41,11.455,11.24,11.24,48563,0
2014-02-27,20:00:00,11.25,11.381,11.205,11.21,70622,0
2014-02-27,21:00:00,11.21,11.301,11.2,11.24,103283,0
2014-02-27,22:00:00,11.23,11.48,11.21,11.43,172282,0
2014-02-28,16:00:00,11.33,11.49,11.22,11.235,13142,0
2014-02-28,17:00:00,11.25,11.38,11.22,11.28,63903,0
2014-02-28,18:00:00,11.28,11.37,11.24,11.33,54316,0
2014-02-28,19:00:00,11.32,11.37,11.21,11.21,39183,0
2014-02-28,20:00:00,11.23,11.33,11.18,11.25,56888,0
2014-02-28,21:00:00,11.25,11.26,11.12,11.15,51113,0
2014-02-28,22:00:00,11.15,11.295,11.12,11.21,198869,0
2014-03-03,16:00:00,11.07,11.15,10.98,11.1,23532,0
2014-03-03,17:00:00,11.15,11.2,11.01,11.13,45912,0
2014-03-03,18:00:00,11.13,11.13,11.03,11.07,90324,0
2014-03-03,19:00:00,11.06,11.12,11.02,11.045,94474,0
2014-03-03,20:00:00,11.09,11.15,11.01,11.1,56913,0
2014-03-03,21:00:00,11.1,11.12,11.02,11.03,57648,0
2014-03-03,22:00:00,11.035,11.05,10.85,10.93,272265,0
2014-03-04,16:00:00,11.02,11.13,10.9,11.0801,50519,0
2014-03-04,17:00:00,11.1,11.1,10.87,10.92,91866,0
2014-03-04,18:00:00,10.91,10.96,10.82,10.96,60876,0
2014-03-04,19:00:00,10.955,10.96,10.86,10.945,51571,0
2014-03-04,20:00:00,10.95,10.96,10.82,10.92,79071,0
2014-03-04,21:00:00,10.9,10.95,10.82,10.94,79955,0
2014-03-04,22:00:00,10.94,11,10.84,10.92,194062,0
2014-03-05,16:00:00,10.93,11.28,10.93,11.27,28584,0
2014-03-05,17:00:00,11.24,11.26,11.1503,11.23,23297,0
2014-03-05,18:00:00,11.23,11.27,11.17,11.24,26102,0
2014-03-05,19:00:00,11.23,11.27,11.18,11.2,15975,0
2014-03-05,20:00:00,11.21,11.21,11.07,11.09,22583,0
2014-03-05,21:00:00,11.09,11.115,11.06,11.08,11684,0
2014-03-05,22:00:00,11.08,11.18,11.07,11.13,117531,0
2014-03-06,16:00:00,11.23,11.23,11.11,11.14,72310,0
2014-03-06,17:00:00,11.11,11.21,11.1,11.2,50516,0
2014-03-06,18:00:00,11.18,11.35,11.17,11.32,38257,0
2014-03-06,19:00:00,11.32,11.35,11.26,11.33,30903,0
2014-03-06,20:00:00,11.33,11.43,11.22,11.23,41399,0
2014-03-06,21:00:00,11.22,11.31,11.18,11.24,44501,0
2014-03-06,22:00:00,11.24,11.33,11.18,11.235,107548,0
2014-03-07,16:00:00,11.29,11.36,11.1,11.11,63734,0
2014-03-07,17:00:00,11.11,11.22,10.9554,11.01,84780,0
2014-03-07,18:00:00,11,11.06,10.93,11.02,31045,0
2014-03-07,19:00:00,11.04,11.07,10.95,11.05,20763,0
2014-03-07,20:00:00,11.04,11.09,10.95,11.03,23489,0
2014-03-07,21:00:00,11.02,11.07,10.95,11.05,37754,0
2014-03-07,22:00:00,11.04,11.075,10.97,11.07,134592,0
2014-03-10,15:00:00,10.99,11.12,10.85,10.88,83435,0
2014-03-10,16:00:00,10.88,10.88,10.68,10.74,90092,0
2014-03-10,17:00:00,10.7799,11.14,10.74,10.94,48371,0
2014-03-10,18:00:00,10.915,10.98,10.81,10.81,35255,0
2014-03-10,19:00:00,10.83,10.92,10.77,10.82,39035,0
2014-03-10,20:00:00,10.82,10.82,10.73,10.74,40359,0
2014-03-10,21:00:00,10.76,10.78,10.57,10.58,326016,0
2014-03-11,15:00:00,10.76,10.98,10.7,10.9,191010,0
2014-03-11,16:00:00,10.92,11.02,10.74,10.86,179596,0
2014-03-11,17:00:00,10.86,10.96,10.75,10.79,24543,0
2014-03-11,18:00:00,10.77,10.84,10.68,10.72,37508,0
2014-03-11,19:00:00,10.72,10.74,10.645,10.65,41328,0
2014-03-11,20:00:00,10.66,10.71,10.58,10.58,61972,0
2014-03-11,21:00:00,10.59,10.62,10.5,10.54,224084,0
2014-03-12,15:00:00,10.33,10.5599,10.11,10.45,96410,0
2014-03-12,16:00:00,10.44,10.4899,10.18,10.34,71693,0
2014-03-12,17:00:00,10.36,10.415,10.29,10.29,57099,0
2014-03-12,18:00:00,10.2999,10.45,10.28,10.45,55449,0
2014-03-12,19:00:00,10.4692,10.48,10.36,10.48,40621,0
2014-03-12,20:00:00,10.48,10.6,10.46,10.53,58751,0
2014-03-12,21:00:00,10.53,10.63,10.51,10.59,129043,0
2014-03-13,15:00:00,10.73,10.76,10.5,10.57,99821,0
2014-03-13,16:00:00,10.58,10.72,10.39,10.7,47011,0
2014-03-13,17:00:00,10.68,10.73,10.57,10.67,40955,0
2014-03-13,18:00:00,10.67,10.67,10.38,10.38,87655,0
2014-03-13,19:00:00,10.38,10.5401,10.33,10.42,38033,0
2014-03-13,20:00:00,10.46,10.53,10.42,10.46,62198,0
2014-03-13,21:00:00,10.46,10.575,10.41,10.53,126382,0
2014-03-14,15:00:00,10.54,11.12,10.54,10.88,81844,0
2014-03-14,16:00:00,10.87,10.92,10.8,10.8,27507,0
2014-03-14,17:00:00,10.8,10.87,10.66,10.85,36406,0
2014-03-14,18:00:00,10.85,11.06,10.78,11,49494,0
2014-03-14,19:00:00,11,11.09,10.94,11.085,39186,0
2014-03-14,20:00:00,11.08,11.09,10.98,10.98,43519,0
2014-03-14,21:00:00,10.98,11.02,10.875,10.95,115357,0
2014-03-17,15:00:00,10.97,11.24,10.75,11.22,63784,0
2014-03-17,16:00:00,11.22,11.32,10.96,11.01,50037,0
2014-03-17,17:00:00,11.01,11.115,10.81,11.08,79500,0
2014-03-17,18:00:00,11.08,11.08,10.98,11.02,14121,0
2014-03-17,19:00:00,11.03,11.05,10.93,10.96,16800,0
2014-03-17,20:00:00,10.96,10.99,10.81,10.85,25362,0
2014-03-17,21:00:00,10.88,11,10.86,10.95,99455,0
2014-03-18,15:00:00,11,11.49,11,11.35,60323,0
2014-03-18,16:00:00,11.41,11.43,11.27,11.41,91997,0
2014-03-18,17:00:00,11.41,11.56,11.38,11.521,45135,0
2014-03-18,18:00:00,11.52,11.77,11.5199,11.6,86654,0
2014-03-18,19:00:00,11.6,11.72,11.53,11.69,41386,0
2014-03-18,20:00:00,11.7,11.73,11.63,11.64,51904,0
2014-03-18,21:00:00,11.64,11.68,11.54,11.62,192028,0
2014-03-19,15:00:00,11.65,11.79,11.48,11.73,95876,0
2014-03-19,16:00:00,11.78,11.78,11.5,11.61,19462,0
2014-03-19,17:00:00,11.65,11.74,11.49,11.49,17429,0
2014-03-19,18:00:00,11.52,11.7,11.51,11.6902,25600,0
2014-03-19,19:00:00,11.7,11.7,11.6,11.64,33950,0
2014-03-19,20:00:00,11.58,11.65,11.5,11.57,20875,0
2014-03-19,21:00:00,11.56,11.58,11.38,11.51,131089,0
2014-03-20,15:00:00,11.46,11.6,11.34,11.4,29142,0
2014-03-20,16:00:00,11.35,11.65,11.35,11.37,39607,0
2014-03-20,17:00:00,11.36,11.36,11.22,11.31,29248,0
2014-03-20,18:00:00,11.31,11.39,11.25,11.27,28429,0
2014-03-20,19:00:00,11.28,11.36,11.23,11.3,22125,0
2014-03-20,20:00:00,11.3,11.34,11.22,11.23,23749,0
2014-03-20,21:00:00,11.22,11.26,11.12,11.2,103866,0
2014-03-21,15:00:00,11.021,11.26,11.01,11.01,53771,0
2014-03-21,16:00:00,11.04,11.4,11.04,11.37,59921,0
2014-03-21,17:00:00,11.37,11.59,11.35,11.59,49012,0
2014-03-21,18:00:00,11.59,11.655,11.5,11.5,29965,0
2014-03-21,19:00:00,11.5,11.56,11.37,11.449,48085,0
2014-03-21,20:00:00,11.45,11.56,11.35,11.49,40030,0
2014-03-21,21:00:00,11.48,11.72,11.45,11.68,290591,0
2014-03-24,15:00:00,11.76,11.885,11.38,11.49,24864,0
2014-03-24,16:00:00,11.45,11.52,11.2001,11.49,59643,0
2014-03-24,17:00:00,11.44,11.48,11.26,11.28,34487,0
2014-03-24,18:00:00,11.26,11.36,11.23,11.36,22356,0
2014-03-24,19:00:00,11.38,11.56,11.34,11.5,31147,0
2014-03-24,20:00:00,11.52,11.66,11.5,11.57,51486,0
2014-03-24,21:00:00,11.58,11.79,11.55,11.74,185001,0
2014-03-25,15:00:00,11.75,12.15,11.75,11.88,35431,0
2014-03-25,16:00:00,11.92,11.98,11.62,11.64,18025,0
2014-03-25,17:00:00,11.62,11.88,11.58,11.61,50100,0
2014-03-25,18:00:00,11.57,11.74,11.51,11.67,19508,0
2014-03-25,19:00:00,11.69,11.83,11.66,11.81,27850,0
2014-03-25,20:00:00,11.83,11.9,11.73,11.73,28976,0
2014-03-25,21:00:00,11.73,11.86,11.67,11.78,146224,0
2014-03-26,15:00:00,11.85,11.88,11.6519,11.6519,4515,0
2014-03-26,16:00:00,11.68,11.79,11.53,11.58,26100,0
2014-03-26,17:00:00,11.53,11.68,11.53,11.6,12041,0
2014-03-26,18:00:00,11.62,11.71,11.57,11.65,18282,0
2014-03-26,19:00:00,11.65,11.675,11.42,11.53,35552,0
2014-03-26,20:00:00,11.5,11.59,11.43,11.59,62833,0
2014-03-26,21:00:00,11.59,11.595,11.27,11.33,137153,0
2014-03-27,15:00:00,11.19,11.24,11.01,11.17,31807,0
2014-03-27,16:00:00,11.21,11.49,11.16,11.33,86258,0
2014-03-27,17:00:00,11.32,11.32,11.19,11.26,29065,0
2014-03-27,18:00:00,11.25,11.43,11.25,11.31,32763,0
2014-03-27,19:00:00,11.31,11.45,11.29,11.31,13714,0
2014-03-27,20:00:00,11.27,11.35,11.23,11.25,39020,0
2014-03-27,21:00:00,11.25,11.4,11.24,11.34,108413,0
2014-03-28,15:00:00,11.41,11.71,11.41,11.64,38007,0
2014-03-28,16:00:00,11.65,11.93,11.61,11.8,67618,0
2014-03-28,17:00:00,11.8,11.85,11.66,11.75,57398,0
2014-03-28,18:00:00,11.75,11.79,11.6244,11.63,27843,0
2014-03-28,19:00:00,11.62,11.68,11.59,11.6,32094,0
2014-03-28,20:00:00,11.61,11.62,11.41,11.53,53789,0
2014-03-28,21:00:00,11.54,11.63,11.46,11.62,175306,0
2014-03-31,16:00:00,11.72,11.8,11.67,11.74,11025,0
2014-03-31,17:00:00,11.76,11.78,11.59,11.64,46201,0
2014-03-31,18:00:00,11.62,11.71,11.58,11.67,75675,0
2014-03-31,19:00:00,11.64,11.77,11.62,11.64,38646,0
2014-03-31,20:00:00,11.62,11.67,11.54,11.56,29751,0
2014-03-31,21:00:00,11.56,11.61,11.525,11.54,32715,0
2014-03-31,22:00:00,11.53,11.59,11.51,11.56,94725,0
2014-04-01,16:00:00,11.57,11.85,11.47,11.72,61611,0
2014-04-01,17:00:00,11.64,11.8,11.64,11.71,63517,0
2014-04-01,18:00:00,11.71,11.75,11.6,11.66,46579,0
2014-04-01,19:00:00,11.66,11.7,11.4934,11.55,77314,0
2014-04-01,20:00:00,11.56,11.56,11.42,11.42,52989,0
2014-04-01,21:00:00,11.42,11.55,11.415,11.5401,34094,0
2014-04-01,22:00:00,11.55,11.57,11.465,11.54,131176,0
2014-04-02,16:00:00,11.62,11.74,11.54,11.65,9200,0
2014-04-02,17:00:00,11.59,11.92,11.59,11.82,56266,0
2014-04-02,18:00:00,11.88,12.09,11.837,12.09,37704,0
2014-04-02,19:00:00,12.07,12.07,11.74,11.77,47102,0
2014-04-02,20:00:00,11.78,11.88,11.67,11.82,24400,0
2014-04-02,21:00:00,11.8,11.87,11.74,11.82,33324,0
2014-04-02,22:00:00,11.82,12,11.815,11.93,85170,0
2014-04-03,16:00:00,11.91,12.06,11.86,12.01,12422,0
2014-04-03,17:00:00,11.98,11.99,11.6101,11.71,51862,0
2014-04-03,18:00:00,11.75,11.79,11.61,11.61,40282,0
2014-04-03,19:00:00,11.62,11.78,11.53,11.62,24953,0
2014-04-03,20:00:00,11.62,11.75,11.6,11.6,17600,0
2014-04-03,21:00:00,11.57,11.8,11.57,11.71,40592,0
2014-04-03,22:00:00,11.75,11.945,11.69,11.88,168494,0
2014-04-04,16:00:00,11.99,11.99,11.5,11.51,11508,0
2014-04-04,17:00:00,11.54,11.84,11.54,11.65,46880,0
2014-04-04,18:00:00,11.63,11.63,11.3101,11.43,45179,0
2014-04-04,19:00:00,11.38,11.38,11.23,11.25,46562,0
2014-04-04,20:00:00,11.25,11.37,11.17,11.3,41460,0
2014-04-04,21:00:00,11.3,11.34,11.21,11.27,38643,0
2014-04-04,22:00:00,11.28,11.34,11.215,11.23,128613,0
2014-04-07,16:00:00,11.13,11.275,11,11.225,36836,0
2014-04-07,17:00:00,11.21,11.38,11.12,11.18,24731,0
2014-04-07,18:00:00,11.17,11.21,10.95,10.99,45671,0
2014-04-07,19:00:00,10.98,11.09,10.89,11.0384,31409,0
2014-04-07,20:00:00,11.05,11.09,10.94,11.05,26322,0
2014-04-07,21:00:00,11.03,11.06,10.88,11.01,57338,0
2014-04-07,22:00:00,10.99,11.1,10.95,11.03,115115,0
2014-04-08,16:00:00,11.1,11.38,10.98,11.06,73399,0
2014-04-08,17:00:00,11.01,11.38,10.92,11.38,75963,0
2014-04-08,18:00:00,11.37,11.49,11.21,11.37,114986,0
2014-04-08,19:00:00,11.39,11.45,11.36,11.42,22735,0
2014-04-08,20:00:00,11.41,11.44,11.285,11.31,72914,0
2014-04-08,21:00:00,11.32,11.41,11.235,11.27,72587,0
2014-04-08,22:00:00,11.295,11.47,11.22,11.4,228236,0
2014-04-09,16:00:00,11.6779,11.6779,11.2501,11.49,28342,0
2014-04-09,17:00:00,11.45,11.67,11.38,11.46,53683,0
2014-04-09,18:00:00,11.46,11.75,11.45,11.66,83967,0
2014-04-09,19:00:00,11.66,11.66,11.51,11.56,29381,0
2014-04-09,20:00:00,11.57,11.61,11.53,11.55,29756,0
2014-04-09,21:00:00,11.59,11.8,11.58,11.72,29128,0
2014-04-09,22:00:00,11.73,11.76,11.61,11.7,170651,0
2014-04-10,16:00:00,11.52,11.67,11.4,11.44,22878,0
2014-04-10,17:00:00,11.41,11.59,11.34,11.36,42397,0
2014-04-10,18:00:00,11.36,11.43,11.27,11.35,39368,0
2014-04-10,19:00:00,11.35,11.43,11.25,11.38,35302,0
2014-04-10,20:00:00,11.37,11.42,11.18,11.2,54320,0
2014-04-10,21:00:00,11.2,11.23,11.1,11.18,54863,0
2014-04-10,22:00:00,11.17,11.24,11.02,11.185,165498,0
2014-04-11,16:00:00,11.23,11.34,11,11.18,30192,0
2014-04-11,17:00:00,11.17,11.33,10.99,11.29,66752,0
2014-04-11,18:00:00,11.27,11.33,11.16,11.23,58583,0
2014-04-11,19:00:00,11.23,11.27,11.15,11.18,11180,0
2014-04-11,20:00:00,11.18,11.18,10.99,11,16559,0
2014-04-11,21:00:00,10.98,11.07,10.7,10.75,85478,0
2014-04-11,22:00:00,10.76,10.9,10.66,10.87,247037,0
2014-04-14,16:00:00,10.9,10.95,10.82,10.82,26001,0
2014-04-14,17:00:00,10.8,11.2,10.78,11.16,51153,0
2014-04-14,18:00:00,11.15,11.17,10.95,10.98,99830,0
2014-04-14,19:00:00,11.01,11.01,10.83,10.92,36675,0
2014-04-14,20:00:00,10.91,10.99,10.73,10.77,37078,0
2014-04-14,21:00:00,10.76,10.81,10.69,10.78,28105,0
2014-04-14,22:00:00,10.765,10.98,10.69,10.96,192381,0
2014-04-15,16:00:00,10.96,11.11,10.8601,11.0101,15515,0
2014-04-15,17:00:00,11.03,11.05,10.7,10.73,60909,0
2014-04-15,18:00:00,10.7,10.76,10.62,10.65,32168,0
2014-04-15,19:00:00,10.61,10.66,10.54,10.545,42420,0
2014-04-15,20:00:00,10.5,10.88,10.48,10.87,27563,0
2014-04-15,21:00:00,10.85,11.18,10.84,11.13,42791,0
2014-04-15,22:00:00,11.12,11.31,11.1,11.13,208641,0
2014-04-16,16:00:00,11.2,11.3,11.08,11.16,21590,0
2014-04-16,17:00:00,11.17,11.24,10.97,10.97,29777,0
2014-04-16,18:00:00,10.97,11.41,10.97,11.39,50316,0
2014-04-16,19:00:00,11.4,11.5,11.4,11.47,23077,0
2014-04-16,20:00:00,11.47,11.47,11.35,11.42,18200,0
2014-04-16,21:00:00,11.41,11.55,11.38,11.5,37674,0
2014-04-16,22:00:00,11.5,11.75,11.48,11.7,184482,0
2014-04-17,16:00:00,11.7,11.74,11.51,11.66,26490,0
2014-04-17,17:00:00,11.63,11.9395,11.52,11.81,32139,0
2014-04-17,18:00:00,11.79,11.83,11.67,11.73,22670,0
2014-04-17,19:00:00,11.74,11.835,11.74,11.83,24247,0
2014-04-17,20:00:00,11.81,11.92,11.79,11.86,22827,0
2014-04-17,21:00:00,11.87,11.88,11.8,11.82,41321,0
2014-04-17,22:00:00,11.83,11.95,11.83,11.92,84935,0
2014-04-21,16:00:00,11.9899,12,11.83,11.98,31591,0
2014-04-21,17:00:00,11.97,11.97,11.65,11.7,41136,0
2014-04-21,18:00:00,11.72,11.86,11.61,11.69,63054,0
2014-04-21,19:00:00,11.69,11.7,11.5,11.6,55787,0
2014-04-21,20:00:00,11.59,11.695,11.57,11.69,24338,0
2014-04-21,21:00:00,11.69,11.72,11.57,11.63,47354,0
2014-04-21,22:00:00,11.6202,11.6202,11.44,11.57,154876,0
2014-04-22,16:00:00,11.56,11.72,11.52,11.57,20734,0
2014-04-22,17:00:00,11.57,11.85,11.57,11.84,26167,0
2014-04-22,18:00:00,11.83,12.15,11.83,12.04,45205,0
2014-04-22,19:00:00,12.06,12.14,12.03,12.05,17374,0
2014-04-22,20:00:00,12.07,12.16,12.01,12.14,48416,0
2014-04-22,21:00:00,12.16,12.34,12.15,12.28,47860,0
2014-04-22,22:00:00,12.28,12.32,12.15,12.28,183524,0
2014-04-23,16:00:00,12.28,12.3,12.06,12.1,12362,0
2014-04-23,17:00:00,12.05,12.23,11.99,12.13,42596,0
2014-04-23,18:00:00,12.11,12.23,12.06,12.22,24550,0
2014-04-23,19:00:00,12.25,12.3199,12.15,12.25,56455,0
2014-04-23,20:00:00,12.26,12.33,12.26,12.31,24737,0
2014-04-23,21:00:00,12.31,12.33,12.16,12.23,28139,0
2014-04-23,22:00:00,12.25,12.345,12.23,12.28,169048,0
2014-04-24,16:00:00,12.15,12.44,12,12,14589,0
2014-04-24,17:00:00,12,12.07,11.72,11.92,44250,0
2014-04-24,18:00:00,11.91,12.15,11.9,11.92,46579,0
2014-04-24,19:00:00,11.92,12.07,11.91,11.91,38549,0
2014-04-24,20:00:00,11.9,12.03,11.84,11.84,14487,0
2014-04-24,21:00:00,11.82,11.91,11.75,11.88,67999,0
2014-04-24,22:00:00,11.88,12.05,11.88,12,130159,0
2014-04-25,16:00:00,11.85,12.06,11.81,11.84,6013,0
2014-04-25,17:00:00,11.77,11.82,11.59,11.65,67483,0
2014-04-25,18:00:00,11.63,11.74,11.5,11.65,31227,0
2014-04-25,19:00:00,11.65,11.7,11.54,11.57,12726,0
2014-04-25,20:00:00,11.55,11.63,11.5,11.59,19006,0
2014-04-25,21:00:00,11.6,11.62,11.4,11.43,50418,0
2014-04-25,22:00:00,11.43,11.56,11.42,11.45,125050,0
2014-04-28,16:00:00,11.371,11.55,11.2,11.46,14360,0
2014-04-28,17:00:00,11.465,11.57,11.32,11.5,44982,0
2014-04-28,18:00:00,11.5,11.52,11.17,11.23,61783,0
2014-04-28,19:00:00,11.22,11.35,11.14,11.28,24524,0
2014-04-28,20:00:00,11.25,11.35,11.13,11.31,33035,0
2014-04-28,21:00:00,11.3,11.48,11.25,11.37,32861,0
2014-04-28,22:00:00,11.32,11.53,11.2,11.37,129579,0
2014-04-29,16:00:00,11.4,11.5,11.24,11.29,21538,0
2014-04-29,17:00:00,11.35,11.43,11.07,11.1,60772,0
2014-04-29,18:00:00,11.11,11.22,11.05,11.11,51727,0
2014-04-29,19:00:00,11.08,11.2,11.03,11.15,38604,0
2014-04-29,20:00:00,11.15,11.16,11.02,11.1,117964,0
2014-04-29,21:00:00,11.13,11.13,11.03,11.05,20233,0
2014-04-29,22:00:00,11.07,11.22,10.99,11.068,134419,0
2014-04-30,16:00:00,11,11.12,10.72,10.87,18685,0
2014-04-30,17:00:00,10.82,11.19,10.82,11.17,81465,0
2014-04-30,18:00:00,11.17,11.29,11.15,11.24,52483,0
2014-04-30,19:00:00,11.24,11.35,11.23,11.31,24853,0
2014-04-30,20:00:00,11.35,11.455,11.34,11.43,37247,0
2014-04-30,21:00:00,11.425,11.71,11.38,11.7,65721,0
2014-04-30,22:00:00,11.7,11.98,11.59,11.85,374834,0
2014-05-01,16:00:00,11.97,12.04,11.13,11.29,138802,0
2014-05-01,17:00:00,11.37,11.38,10.94,11.27,107177,0
2014-05-01,18:00:00,11.25,11.32,10.92,11.01,103433,0
2014-05-01,19:00:00,11,11.25,11,11.14,45078,0
2014-05-01,20:00:00,11.12,11.14,10.97,11.03,60023,0
2014-05-01,21:00:00,11.032,11.13,10.985,11.05,63165,0
2014-05-01,22:00:00,11.05,11.33,11.04,11.26,314689,0
2014-05-02,16:00:00,11.28,11.49,11.16,11.25,37994,0
2014-05-02,17:00:00,11.24,11.41,11.04,11.04,75667,0
2014-05-02,18:00:00,11.06,11.125,10.94,11.035,48250,0
2014-05-02,19:00:00,11.03,11.09,10.99,11.03,67681,0
2014-05-02,20:00:00,11.02,11.05,10.96,11.01,75759,0
2014-05-02,21:00:00,11.01,11.08,10.96,11.035,53436,0
2014-05-02,22:00:00,11.035,11.15,10.98,11.03,185777,0
2014-05-05,16:00:00,10.95,11.09,10.91,11.09,39949,0
2014-05-05,17:00:00,11.04,11.12,10.95,11,50006,0
2014-05-05,18:00:00,11,11.01,10.9,10.96,67976,0
2014-05-05,19:00:00,10.96,10.99,10.9,10.99,78082,0
2014-05-05,20:00:00,11,11.04,10.94,11.02,45910,0
2014-05-05,21:00:00,11.02,11.09,10.97,11.01,38684,0
2014-05-05,22:00:00,11.01,11.09,10.98,11.05,164889,0
2014-05-06,16:00:00,11.26,11.26,10.99,11,44406,0
2014-05-06,17:00:00,10.99,10.99,10.8,10.95,34683,0
2014-05-06,18:00:00,10.94,10.99,10.9,10.99,25960,0
2014-05-06,19:00:00,10.98,11,10.9375,10.98,18620,0
2014-05-06,20:00:00,10.97,11.01,10.9,10.9,43133,0
2014-05-06,21:00:00,10.89,10.98,10.86,10.955,86567,0
2014-05-06,22:00:00,10.95,11.025,10.89,10.95,292354,0
2014-05-07,16:00:00,11.01,11.0599,10.68,10.69,38292,0
2014-05-07,17:00:00,10.71,10.76,10.43,10.48,91787,0
2014-05-07,18:00:00,10.454,10.54,10.22,10.41,97876,0
2014-05-07,19:00:00,10.4,10.4,10.22,10.23,59608,0
2014-05-07,20:00:00,10.2299,10.25,10.03,10.03,68592,0
2014-05-07,21:00:00,10.04,10.25,10.03,10.23,82082,0
2014-05-07,22:00:00,10.24,10.31,10.13,10.21,207485,0
