Date,Time,Open,High,Low,Close,Volume,OpenInt
2014-02-10,16:00:00,25.77,26,25.574,25.83,27084,0
2014-02-10,17:00:00,25.87,25.95,25.72,25.91,21486,0
2014-02-10,18:00:00,25.91,26.15,25.89,26.03,27480,0
2014-02-10,19:00:00,26.03,26.18,26,26.1,22516,0
2014-02-10,20:00:00,26.12,26.17,26.01,26.05,32553,0
2014-02-10,21:00:00,26.065,26.205,26.03,26.14,33354,0
2014-02-10,22:00:00,26.15,26.26,26.12,26.23,57492,0
2014-02-11,16:00:00,26.35,26.55,25.968,26.35,10118,0
2014-02-11,17:00:00,26.365,26.475,26.2,26.23,51700,0
2014-02-11,18:00:00,26.22,26.48,26.1,26.46,28118,0
2014-02-11,19:00:00,26.475,26.53,26.34,26.44,24211,0
2014-02-11,20:00:00,26.45,26.505,26.37,26.38,23786,0
2014-02-11,21:00:00,26.38,26.41,26.26,26.4,29680,0
2014-02-11,22:00:00,26.3999,26.41,26.2901,26.32,106074,0
2014-02-12,16:00:00,26.28,26.85,26.23,26.5,15633,0
2014-02-12,17:00:00,26.52,26.78,26.48,26.62,55480,0
2014-02-12,18:00:00,26.62,26.73,26.36,26.44,15000,0
2014-02-12,19:00:00,26.43,26.58,26.35,26.54,14200,0
2014-02-12,20:00:00,26.56,26.57,26.36,26.36,30701,0
2014-02-12,21:00:00,26.36,26.43,26.21,26.334,28480,0
2014-02-12,22:00:00,26.34,26.44,26.28,26.41,45661,0
2014-02-13,16:00:00,26.24,26.24,26,26.04,9168,0
2014-02-13,17:00:00,25.99,26.32,25.99,26.28,25430,0
2014-02-13,18:00:00,26.285,26.39,26.25,26.29,21000,0
2014-02-13,19:00:00,26.3,26.33,26.16,26.205,14344,0
2014-02-13,20:00:00,26.23,26.51,26.21,26.51,13829,0
2014-02-13,21:00:00,26.5,26.59,26.29,26.3,18000,0
2014-02-13,22:00:00,26.32,26.35,26.24,26.33,77519,0
2014-02-14,16:00:00,26.078,26.34,25.92,26.16,15624,0
2014-02-14,17:00:00,26.145,26.34,26.06,26.14,64390,0
2014-02-14,18:00:00,26.1,26.22,26.03,26.05,15812,0
2014-02-14,19:00:00,26.06,26.2,26.05,26.15,20157,0
2014-02-14,20:00:00,26.19,26.41,26.13,26.38,36040,0
2014-02-14,21:00:00,26.38,26.3938,26.23,26.25,13468,0
2014-02-14,22:00:00,26.24,26.3,26.19,26.24,55095,0
2014-02-18,16:00:00,26.22,26.48,26.22,26.31,5996,0
2014-02-18,17:00:00,26.36,26.59,26.3,26.5,33614,0
2014-02-18,18:00:00,26.55,26.66,26.47,26.54,15221,0
2014-02-18,19:00:00,26.52,26.55,26.35,26.37,11631,0
2014-02-18,20:00:00,26.37,26.41,26.27,26.29,17268,0
2014-02-18,21:00:00,26.31,26.42,26.29,26.4,15668,0
2014-02-18,22:00:00,26.4,26.42,26.27,26.36,88320,0
2014-02-19,16:00:00,26.38,26.83,26.22,26.79,23894,0
2014-02-19,17:00:00,26.86,27.13,26.73,26.95,36166,0
2014-02-19,18:00:00,26.975,27.07,26.935,26.935,27106,0
2014-02-19,19:00:00,26.93,27.28,26.87,27.27,77580,0
2014-02-19,20:00:00,27.33,27.58,27.121,27.122,63501,0
2014-02-19,21:00:00,27.12,27.23,26.95,27.02,63116,0
2014-02-19,22:00:00,27.02,27.09,26.85,26.85,107518,0
2014-02-20,16:00:00,26.95,26.99,26.71,26.85,18190,0
2014-02-20,17:00:00,26.87,26.87,26.73,26.77,23857,0
2014-02-20,18:00:00,26.73,26.78,26.55,26.596,19738,0
2014-02-20,19:00:00,26.59,26.62,26.49,26.515,10000,0
2014-02-20,20:00:00,26.56,26.58,26.48,26.5,19700,0
2014-02-20,21:00:00,26.53,26.56,26.42,26.44,17223,0
2014-02-20,22:00:00,26.44,26.48,26.36,26.37,48443,0
2014-02-21,16:00:00,26.47,26.47,26.08,26.16,17700,0
2014-02-21,17:00:00,26.17,26.37,26.04,26.13,46941,0
2014-02-21,18:00:00,26.09,26.14,25.97,25.97,20514,0
2014-02-21,19:00:00,25.94,26.1,25.91,26.05,15000,0
2014-02-21,20:00:00,26.055,26.33,26.055,26.21,27400,0
2014-02-21,21:00:00,26.21,26.21,25.9,26.09,28941,0
2014-02-21,22:00:00,26.04,26.27,26.01,26.08,71681,0
2014-02-24,16:00:00,26.12,26.525,26.12,26.38,13045,0
2014-02-24,17:00:00,26.42,26.42,26.27,26.2995,26968,0
2014-02-24,18:00:00,26.295,26.44,26.28,26.41,24810,0
2014-02-24,19:00:00,26.36,26.38,26.31,26.36,27493,0
2014-02-24,20:00:00,26.38,26.38,26.3,26.31,9132,0
2014-02-24,21:00:00,26.3,26.39,26.29,26.3,23292,0
2014-02-24,22:00:00,26.3,26.3,26.11,26.13,87604,0
2014-02-25,16:00:00,26.08,26.08,25.81,25.81,9938,0
2014-02-25,17:00:00,25.78,26.17,25.72,25.94,66119,0
2014-02-25,18:00:00,25.94,25.955,25.39,25.39,56668,0
2014-02-25,19:00:00,25.39,25.5099,25.3,25.465,22120,0
2014-02-25,20:00:00,25.465,25.676,25.44,25.67,17969,0
2014-02-25,21:00:00,25.63,25.87,25.61,25.72,29382,0
2014-02-25,22:00:00,25.68,25.69,25.45,25.59,85135,0
2014-02-26,16:00:00,25.458,25.69,25.45,25.48,12000,0
2014-02-26,17:00:00,25.53,26.04,25.46,25.735,29417,0
2014-02-26,18:00:00,25.72,25.96,25.72,25.86,9300,0
2014-02-26,19:00:00,25.8,26.02,25.76,26.02,28978,0
2014-02-26,20:00:00,25.96,25.99,25.85,25.87,21500,0
2014-02-26,21:00:00,25.865,25.88,25.6,25.71,11338,0
2014-02-26,22:00:00,25.71,25.73,25.55,25.63,40483,0
2014-02-27,16:00:00,25.53,25.62,25.18,25.18,9930,0
2014-02-27,17:00:00,25.42,25.79,25.41,25.72,33173,0
2014-02-27,18:00:00,25.72,25.85,25.72,25.79,19581,0
2014-02-27,19:00:00,25.86,26.04,25.835,25.94,18629,0
2014-02-27,20:00:00,25.94,26.06,25.91,26.02,46604,0
2014-02-27,21:00:00,26.02,26.04,25.87,25.87,21721,0
2014-02-27,22:00:00,25.895,26,25.87,25.98,66042,0
2014-02-28,16:00:00,26.19,26.24,26.085,26.24,3600,0
2014-02-28,17:00:00,26.25,26.45,26.225,26.3,53514,0
2014-02-28,18:00:00,26.29,26.56,26.23,26.56,18188,0
2014-02-28,19:00:00,26.59,26.6,26.48,26.54,10715,0
2014-02-28,20:00:00,26.52,26.68,26.47,26.65,25602,0
2014-02-28,21:00:00,26.67,26.89,26.54,26.62,40363,0
2014-02-28,22:00:00,26.56,26.63,26.175,26.22,60094,0
2014-03-03,16:00:00,25.75,26.22,25.73,26.02,23025,0
2014-03-03,17:00:00,25.97,25.97,25.65,25.73,23615,0
2014-03-03,18:00:00,25.8,25.82,25.44,25.44,21294,0
2014-03-03,19:00:00,25.43,25.74,25.39,25.71,13008,0
2014-03-03,20:00:00,25.72,25.9,25.69,25.86,10604,0
2014-03-03,21:00:00,25.81,25.81,25.57,25.65,11244,0
2014-03-03,22:00:00,25.62,25.66,25.48,25.58,45917,0
2014-03-04,16:00:00,25.9,26.32,25.9,26.15,20333,0
2014-03-04,17:00:00,26.115,26.22,25.86,25.93,41927,0
2014-03-04,18:00:00,25.93,25.94,25.63,25.645,26922,0
2014-03-04,19:00:00,25.64,25.69,25.51,25.55,29934,0
2014-03-04,20:00:00,25.53,25.59,25.405,25.48,57968,0
2014-03-04,21:00:00,25.49,25.7,25.47,25.7,47683,0
2014-03-04,22:00:00,25.65,25.72,25.55,25.71,110422,0
2014-03-05,16:00:00,25.72,26.02,25.57,26.02,26411,0
2014-03-05,17:00:00,26.02,26.05,25.95,25.95,32107,0
2014-03-05,18:00:00,26.01,26.08,25.95,25.96,41227,0
2014-03-05,19:00:00,25.95,25.98,25.78,25.92,22274,0
2014-03-05,20:00:00,25.88,25.9,25.72,25.81,14520,0
2014-03-05,21:00:00,25.785,25.91,25.75,25.8888,43188,0
2014-03-05,22:00:00,25.9,26.0899,25.81,26.06,68865,0
2014-03-06,16:00:00,26.13,26.305,26.04,26.09,5692,0
2014-03-06,17:00:00,26.11,26.35,26.08,26.33,53943,0
2014-03-06,18:00:00,26.4,26.48,26.13,26.4,24091,0
2014-03-06,19:00:00,26.4,26.53,26.35,26.39,17497,0
2014-03-06,20:00:00,26.39,26.41,26.22,26.26,17100,0
2014-03-06,21:00:00,26.27,26.34,26.2,26.26,27379,0
2014-03-06,22:00:00,26.24,26.33,26.19,26.25,50040,0
2014-03-07,16:00:00,26.42,26.59,26.27,26.31,10230,0
2014-03-07,17:00:00,26.32,26.5,26.16,26.16,21361,0
2014-03-07,18:00:00,26.14,26.26,26.11,26.25,8290,0
2014-03-07,19:00:00,26.215,26.27,26.17,26.23,10130,0
2014-03-07,20:00:00,26.21,26.48,26.16,26.42,33922,0
2014-03-07,21:00:00,26.4,26.52,26.23,26.23,23245,0
2014-03-07,22:00:00,26.2,26.48,26.18,26.46,67841,0
2014-03-10,15:00:00,26.445,26.63,26.35,26.51,3945,0
2014-03-10,16:00:00,26.43,26.48,26.17,26.17,7700,0
2014-03-10,17:00:00,26.14,26.24,26.04,26.06,36056,0
2014-03-10,18:00:00,26.08,26.15,25.95,25.95,21284,0
2014-03-10,19:00:00,25.97,26.15,25.85,25.88,11840,0
2014-03-10,20:00:00,25.86,25.92,25.75,25.92,20632,0
2014-03-10,21:00:00,25.94,26.03,25.84,25.95,58696,0
2014-03-11,15:00:00,25.89,26.07,25.8,25.86,16588,0
2014-03-11,16:00:00,25.8,26.14,25.78,26,37968,0
2014-03-11,17:00:00,26,26.11,25.845,25.97,28196,0
2014-03-11,18:00:00,25.95,25.99,25.81,25.84,44137,0
2014-03-11,19:00:00,25.82,25.87,25.72,25.79,24500,0
2014-03-11,20:00:00,25.82,25.82,25.63,25.76,28200,0
2014-03-11,21:00:00,25.73,26.03,25.67,26.01,132208,0
2014-03-12,15:00:00,25.77,26.34,25.77,26.34,30922,0
2014-03-12,16:00:00,26.32,26.38,26.25,26.36,18807,0
2014-03-12,17:00:00,26.36,26.37,26.22,26.25,29226,0
2014-03-12,18:00:00,26.25,26.34,26.22,26.34,24968,0
2014-03-12,19:00:00,26.34,26.476,26.33,26.43,20910,0
2014-03-12,20:00:00,26.43,26.48,26.345,26.39,9100,0
2014-03-12,21:00:00,26.35,26.48,26.34,26.48,55657,0
2014-03-13,15:00:00,26.742,26.742,26.49,26.49,4778,0
2014-03-13,16:00:00,26.5,26.61,26.31,26.45,13733,0
2014-03-13,17:00:00,26.42,26.47,26.23,26.27,20700,0
2014-03-13,18:00:00,26.27,26.32,26.205,26.25,25655,0
2014-03-13,19:00:00,26.21,26.29,26.09,26.09,26651,0
2014-03-13,20:00:00,26.07,26.08,25.88,25.88,30666,0
2014-03-13,21:00:00,25.85,25.93,25.7,25.88,95707,0
2014-03-14,15:00:00,25.9,26.31,25.835,25.835,8755,0
2014-03-14,16:00:00,25.87,25.97,25.74,25.8,63639,0
2014-03-14,17:00:00,25.8,26.105,25.8,26.06,31413,0
2014-03-14,18:00:00,26.05,26.05,25.93,25.97,14760,0
2014-03-14,19:00:00,26.01,26.05,25.86,25.99,18802,0
2014-03-14,20:00:00,25.99,25.99,25.86,25.885,25972,0
2014-03-14,21:00:00,25.895,26.025,25.82,25.98,73167,0
2014-03-17,15:00:00,26.05,26.4,26.05,26.29,4702,0
2014-03-17,16:00:00,26.295,26.4,26.24,26.25,21037,0
2014-03-17,17:00:00,26.2101,26.3,26.195,26.25,11078,0
2014-03-17,18:00:00,26.29,26.39,26.25,26.295,9300,0
2014-03-17,19:00:00,26.32,26.38,26.235,26.33,12716,0
2014-03-17,20:00:00,26.345,26.41,26.2,26.41,27136,0
2014-03-17,21:00:00,26.41,26.42,26.33,26.38,42389,0
2014-03-18,15:00:00,26.38,26.534,26.38,26.49,5877,0
2014-03-18,16:00:00,26.51,26.71,26.47,26.57,16905,0
2014-03-18,17:00:00,26.54,26.81,26.54,26.7,13650,0
2014-03-18,18:00:00,26.74,27.1,26.74,27.055,31215,0
2014-03-18,19:00:00,27.0699,27.13,26.98,27.12,16755,0
2014-03-18,20:00:00,27.13,27.18,27.06,27.06,17400,0
2014-03-18,21:00:00,27.07,27.44,27.0601,27.42,103605,0
2014-03-19,15:00:00,27.47,27.51,27.385,27.46,5750,0
2014-03-19,16:00:00,27.46,27.75,27.4,27.58,20046,0
2014-03-19,17:00:00,27.62,27.73,27.59,27.645,11300,0
2014-03-19,18:00:00,27.7,28.08,27.7,28.01,34998,0
2014-03-19,19:00:00,28.03,28.28,28.03,28.25,74646,0
2014-03-19,20:00:00,28.23,28.25,28.04,28.09,21538,0
2014-03-19,21:00:00,28.09,28.285,27.97,28.16,87843,0
2014-03-20,15:00:00,28.1,28.346,27.88,28.24,9050,0
2014-03-20,16:00:00,28.19,28.55,28.19,28.32,19175,0
2014-03-20,17:00:00,28.32,28.55,28.29,28.5,18500,0
2014-03-20,18:00:00,28.5,28.7278,28.43,28.715,17026,0
2014-03-20,19:00:00,28.7,28.88,28.675,28.86,24398,0
2014-03-20,20:00:00,28.85,29.09,28.85,29.08,40621,0
2014-03-20,21:00:00,29.08,29.44,29.07,29.38,166813,0
2014-03-21,15:00:00,29.45,29.76,29.44,29.719,35337,0
2014-03-21,16:00:00,29.7,29.85,29.53,29.55,65360,0
2014-03-21,17:00:00,29.53,29.55,29.27,29.275,37690,0
2014-03-21,18:00:00,29.3,29.46,28.98,29.03,94357,0
2014-03-21,19:00:00,29.055,29.08,28.8006,28.98,146767,0
2014-03-21,20:00:00,28.96,29.03,28.75,28.83,36198,0
2014-03-21,21:00:00,28.83,28.92,28.58,28.66,117251,0
2014-03-24,15:00:00,28.3601,28.62,28.34,28.42,14241,0
2014-03-24,16:00:00,28.38,28.43,28.07,28.35,52740,0
2014-03-24,17:00:00,28.35,28.51,28.3,28.38,21703,0
2014-03-24,18:00:00,28.35,28.44,28.35,28.4,16162,0
2014-03-24,19:00:00,28.4,28.44,28.35,28.43,21498,0
2014-03-24,20:00:00,28.42,28.47,28.35,28.36,20814,0
2014-03-24,21:00:00,28.36,28.56,28.36,28.51,69129,0
2014-03-25,15:00:00,28.71,29.05,28.61,28.66,8683,0
2014-03-25,16:00:00,28.68,28.71,28.47,28.57,36194,0
2014-03-25,17:00:00,28.59,28.72,28.368,28.46,21514,0
2014-03-25,18:00:00,28.45,28.56,28.33,28.46,22780,0
2014-03-25,19:00:00,28.44,28.545,28.4,28.48,8102,0
2014-03-25,20:00:00,28.43,28.66,28.43,28.49,30921,0
2014-03-25,21:00:00,28.48,28.69,28.47,28.57,64561,0
2014-03-26,15:00:00,28.73,28.75,28.42,28.75,44886,0
2014-03-26,16:00:00,28.68,28.79,28.22,28.25,25311,0
2014-03-26,17:00:00,28.17,28.35,28.05,28.15,13446,0
2014-03-26,18:00:00,28.11,28.3,27.97,28.215,9904,0
2014-03-26,19:00:00,28.19,28.3,27.98,28.17,20932,0
2014-03-26,20:00:00,28.12,28.17,27.81,27.86,28971,0
2014-03-26,21:00:00,27.87,27.9,27.5,27.525,102971,0
2014-03-27,15:00:00,27.48,27.48,27.06,27.15,44302,0
2014-03-27,16:00:00,27.195,27.24,26.66,26.73,105100,0
2014-03-27,17:00:00,26.75,27.28,26.51,26.87,68568,0
2014-03-27,18:00:00,26.91,27.01,26.7,26.805,45244,0
2014-03-27,19:00:00,26.805,27,26.79,26.945,38425,0
2014-03-27,20:00:00,26.94,27.01,26.74,26.81,55471,0
2014-03-27,21:00:00,26.81,26.94,26.59,26.89,92197,0
2014-03-28,15:00:00,27.02,27.54,26.94,27.49,18129,0
2014-03-28,16:00:00,27.56,27.74,27.33,27.35,46780,0
2014-03-28,17:00:00,27.35,27.38,27.06,27.18,43184,0
2014-03-28,18:00:00,27.2,27.33,27.18,27.2,13900,0
2014-03-28,19:00:00,27.19,27.4,27.14,27.33,33761,0
2014-03-28,20:00:00,27.37,27.37,27.17,27.23,32500,0
2014-03-28,21:00:00,27.19,27.45,27.11,27.43,92534,0
2014-03-31,16:00:00,27.31,27.95,27.31,27.8,12661,0
2014-03-31,17:00:00,27.8,28.67,27.79,28.66,43925,0
2014-03-31,18:00:00,28.65,28.65,28.19,28.48,19500,0
2014-03-31,19:00:00,28.5,28.9,28.4,28.55,77828,0
2014-03-31,20:00:00,28.55,28.58,28.05,28.09,55211,0
2014-03-31,21:00:00,28.06,28.71,28.06,28.63,47522,0
2014-03-31,22:00:00,28.635,29.42,28.63,29.19,172801,0
2014-04-01,16:00:00,29.4,29.4,28.83,29.07,36657,0
2014-04-01,17:00:00,29.05,29.05,28.51,28.95,65220,0
2014-04-01,18:00:00,28.93,29.04,28.73,29.02,40492,0
2014-04-01,19:00:00,29.02,29.02,28.53,28.6,22700,0
2014-04-01,20:00:00,28.6,28.62,28.34,28.36,25396,0
2014-04-01,21:00:00,28.41,28.8018,28.39,28.77,33666,0
2014-04-01,22:00:00,28.83,28.9,28.59,28.87,88101,0
2014-04-02,16:00:00,28.57,28.83,28.51,28.52,7200,0
2014-04-02,17:00:00,28.55,28.82,28.55,28.7,30632,0
2014-04-02,18:00:00,28.7,28.75,28.58,28.7,12150,0
2014-04-02,19:00:00,28.68,28.72,28.64,28.69,9020,0
2014-04-02,20:00:00,28.7,28.72,28.58,28.72,10000,0
2014-04-02,21:00:00,28.79,28.85,28.678,28.79,17025,0
2014-04-02,22:00:00,28.81,28.87,28.75,28.86,35052,0
2014-04-03,16:00:00,28.79,28.79,28.34,28.4,31226,0
2014-04-03,17:00:00,28.4,28.4,28.17,28.24,22563,0
2014-04-03,18:00:00,28.25,28.42,28.1,28.15,31635,0
2014-04-03,19:00:00,28.16,28.26,27.98,28.26,51926,0
2014-04-03,20:00:00,28.25,28.29,28,28,35720,0
2014-04-03,21:00:00,28,28.1,27.89,27.89,23062,0
2014-04-03,22:00:00,27.89,28.06,27.8,27.84,125845,0
2014-04-04,16:00:00,28.04,28.04,27.33,27.63,15170,0
2014-04-04,17:00:00,27.69,27.85,27.44,27.47,41873,0
2014-04-04,18:00:00,27.45,27.51,26.95,27.07,77509,0
2014-04-04,19:00:00,27.07,27.0775,26.66,26.71,70124,0
2014-04-04,20:00:00,26.72,27.08,26.69,27.08,64641,0
2014-04-04,21:00:00,27.04,27.04,26.7,26.71,44814,0
2014-04-04,22:00:00,26.745,26.745,26.51,26.54,137218,0
2014-04-07,16:00:00,26.59,26.82,25.83,26.12,30194,0
2014-04-07,17:00:00,26.15,26.26,25.95,26.24,73090,0
2014-04-07,18:00:00,26.19,26.2,25.7,25.72,43998,0
2014-04-07,19:00:00,25.72,26.09,25.67,26.03,73989,0
2014-04-07,20:00:00,26,26.02,25.71,25.92,26382,0
2014-04-07,21:00:00,25.96,26.08,25.85,26.02,65105,0
2014-04-07,22:00:00,26,26.27,25.99,26.25,148862,0
2014-04-08,16:00:00,25.92,25.92,24.65,25.43,120668,0
2014-04-08,17:00:00,25.43,25.56,25.2,25.5,93060,0
2014-04-08,18:00:00,25.52,25.61,25.3,25.33,72252,0
2014-04-08,19:00:00,25.3,25.46,25.13,25.18,95103,0
2014-04-08,20:00:00,25.17,25.21,25.07,25.0901,56503,0
2014-04-08,21:00:00,25.1,25.29,24.95,25.2,75850,0
2014-04-08,22:00:00,25.205,25.26,25.09,25.12,204765,0
2014-04-09,16:00:00,25.26,25.26,24.77,24.95,23315,0
2014-04-09,17:00:00,24.92,25.07,24.75,25.046,36322,0
2014-04-09,18:00:00,25.03,25.14,24.93,25.13,23666,0
2014-04-09,19:00:00,25.17,25.41,25.15,25.25,23699,0
2014-04-09,20:00:00,25.28,25.34,25.11,25.17,24849,0
2014-04-09,21:00:00,25.15,25.32,25.14,25.26,25633,0
2014-04-09,22:00:00,25.23,25.4,25.21,25.33,103973,0
2014-04-10,16:00:00,25.23,25.38,25.15,25.24,24514,0
2014-04-10,17:00:00,25.21,25.32,25.08,25.15,35600,0
2014-04-10,18:00:00,25.09,25.12,24.88,24.88,105072,0
2014-04-10,19:00:00,24.86,24.86,24.48,24.51,45167,0
2014-04-10,20:00:00,24.5,24.52,24.25,24.47,46999,0
2014-04-10,21:00:00,24.53,24.53,24.265,24.33,38092,0
2014-04-10,22:00:00,24.335,25.52,24.23,25.19,379657,0
2014-04-11,16:00:00,24.96,25.28,24.67,25.06,38575,0
2014-04-11,17:00:00,25.05,25.32,24.79,24.915,114082,0
2014-04-11,18:00:00,24.915,24.96,24.56,24.62,58221,0
2014-04-11,19:00:00,24.58,24.97,24.57,24.92,47313,0
2014-04-11,20:00:00,24.93,25.09,24.77,24.94,53675,0
2014-04-11,21:00:00,24.9499,25.03,24.5,24.79,86436,0
2014-04-11,22:00:00,24.78,24.98,24.69,24.77,136604,0
2014-04-14,16:00:00,24.88,25.035,24.39,24.47,26200,0
2014-04-14,17:00:00,24.53,24.7,24.4,24.65,55633,0
2014-04-14,18:00:00,24.68,24.95,24.55,24.81,36599,0
2014-04-14,19:00:00,24.83,24.87,24.67,24.71,24200,0
2014-04-14,20:00:00,24.73,24.81,24.586,24.6,25700,0
2014-04-14,21:00:00,24.61,24.69,24.524,24.56,56311,0
2014-04-14,22:00:00,24.54,24.85,24.36,24.81,168007,0
2014-04-15,16:00:00,24.59,25.09,24.59,24.72,12800,0
2014-04-15,17:00:00,24.55,24.77,24.14,24.14,43888,0
2014-04-15,18:00:00,24.06,24.28,24.01,24.1,27294,0
2014-04-15,19:00:00,24.09,24.36,24.05,24.07,39768,0
2014-04-15,20:00:00,24.04,24.67,24.04,24.59,43889,0
2014-04-15,21:00:00,24.63,24.71,24.4,24.4,51568,0
2014-04-15,22:00:00,24.43,24.65,24.42,24.63,102981,0
2014-04-16,16:00:00,24.72,24.78,24.2,24.26,49413,0
2014-04-16,17:00:00,24.28,24.34,24.16,24.25,28296,0
2014-04-16,18:00:00,24.25,24.63,24.21,24.63,23702,0
2014-04-16,19:00:00,24.645,24.74,24.57,24.64,22223,0
2014-04-16,20:00:00,24.59,24.67,24.37,24.5,28185,0
2014-04-16,21:00:00,24.47,24.57,24.4,24.53,17300,0
2014-04-16,22:00:00,24.55,24.62,24.48,24.6,78065,0
2014-04-17,16:00:00,24.61,24.94,24.59,24.8799,32664,0
2014-04-17,17:00:00,24.87,25.26,24.87,25.05,46040,0
2014-04-17,18:00:00,25.07,25.08,24.9,24.92,16192,0
2014-04-17,19:00:00,24.95,26.13,24.74,25.025,84061,0
2014-04-17,20:00:00,25.025,25.27,24.91,25.255,48866,0
2014-04-17,21:00:00,25.24,25.57,25.24,25.325,76131,0
2014-04-17,22:00:00,25.32,25.39,25.25,25.34,96938,0
2014-04-21,16:00:00,25.57,25.83,25.32,25.775,34054,0
2014-04-21,17:00:00,25.7,25.744,25.23,25.37,37927,0
2014-04-21,18:00:00,25.38,25.46,25.28,25.32,53053,0
2014-04-21,19:00:00,25.32,25.57,25.31,25.57,49288,0
2014-04-21,20:00:00,25.58,25.71,25.53,25.56,20094,0
2014-04-21,21:00:00,25.58,25.61,25.49,25.57,32583,0
2014-04-21,22:00:00,25.565,25.685,25.43,25.665,76257,0
2014-04-22,16:00:00,25.75,25.94,25.6,25.94,17404,0
2014-04-22,17:00:00,25.97,26.1609,25.87,26.06,53349,0
2014-04-22,18:00:00,26.05,26.385,26.01,26.19,44783,0
2014-04-22,19:00:00,26.21,26.31,26.18,26.3,27260,0
2014-04-22,20:00:00,26.3,26.375,26.26,26.34,42411,0
2014-04-22,21:00:00,26.32,26.32,26.17,26.19,35887,0
2014-04-22,22:00:00,26.18,26.28,26.08,26.23,113166,0
2014-04-23,16:00:00,26.462,26.462,26.12,26.12,24982,0
2014-04-23,17:00:00,26.06,26.06,25.74,25.98,23363,0
2014-04-23,18:00:00,25.96,25.99,25.7,25.74,30200,0
2014-04-23,19:00:00,25.765,25.775,25.61,25.768,32287,0
2014-04-23,20:00:00,25.78,26.09,25.72,26.09,67912,0
2014-04-23,21:00:00,26.11,26.32,26.06,26.08,62859,0
2014-04-23,22:00:00,26.08,26.1,25.86,25.92,96133,0
2014-04-24,16:00:00,25.814,27.409,25.352,26.09,203134,0
2014-04-24,17:00:00,26.03,26.11,25.28,25.88,93051,0
2014-04-24,18:00:00,25.86,27.2,24.63,26.93,383738,0
2014-04-24,19:00:00,26.97,27.01,25.97,26.7,123415,0
2014-04-24,20:00:00,26.7,27,26.67,26.85,64310,0
2014-04-24,21:00:00,26.89,27.24,26.805,27.24,116250,0
2014-04-24,22:00:00,27.24,28.29,27.0625,28.13,300911,0
2014-04-25,16:00:00,27.87,28.02,27.675,27.76,45075,0
2014-04-25,17:00:00,27.76,28.2,27.04,27.145,154395,0
2014-04-25,18:00:00,27.14,27.46,26.88,27.345,75875,0
2014-04-25,19:00:00,27.35,27.42,26.82,26.84,84842,0
2014-04-25,20:00:00,26.88,26.95,26.4,26.46,71756,0
2014-04-25,21:00:00,26.52,26.59,26.33,26.44,36750,0
2014-04-25,22:00:00,26.44,26.57,26.275,26.35,424629,0
2014-04-28,16:00:00,27.12,27.12,26.056,26.23,37830,0
2014-04-28,17:00:00,26.26,26.44,26.15,26.38,72866,0
2014-04-28,18:00:00,26.4,26.53,26.17,26.23,53678,0
2014-04-28,19:00:00,26.31,26.41,26.09,26.18,43224,0
2014-04-28,20:00:00,26.22,26.34,26.11,26.32,55379,0
2014-04-28,21:00:00,26.31,26.62,26.19,26.565,67664,0
2014-04-28,22:00:00,26.58,26.84,26.47,26.78,142456,0
2014-04-29,16:00:00,26.98,27.23,26.9,26.91,26051,0
2014-04-29,17:00:00,26.88,27.1,26.83,26.96,43356,0
2014-04-29,18:00:00,27,27.29,26.97,27.26,38569,0
2014-04-29,19:00:00,27.3,27.36,27.17,27.205,32400,0
2014-04-29,20:00:00,27.19,27.2,26.99,27.16,35828,0
2014-04-29,21:00:00,27.16,27.19,27.03,27.1,29677,0
2014-04-29,22:00:00,27.09,27.14,26.91,26.93,106488,0
2014-04-30,16:00:00,27.17,27.17,26.26,26.84,16434,0
2014-04-30,17:00:00,26.84,27.1,26.76,26.985,63230,0
2014-04-30,18:00:00,26.88,26.9,26.45,26.52,32191,0
2014-04-30,19:00:00,26.51,26.59,26.35,26.35,15953,0
2014-04-30,20:00:00,26.4,26.49,26.4,26.45,33762,0
2014-04-30,21:00:00,26.45,26.46,26.18,26.32,124619,0
2014-04-30,22:00:00,26.34,26.64,26.11,26.62,204887,0
2014-05-01,16:00:00,26.61,26.82,26.53,26.66,18958,0
2014-05-01,17:00:00,26.64,27.05,26.485,26.98,50793,0
2014-05-01,18:00:00,26.99,27.32,26.87,27.215,46543,0
2014-05-01,19:00:00,27.22,27.35,27.04,27.08,44399,0
2014-05-01,20:00:00,27.085,27.085,26.64,26.64,39566,0
2014-05-01,21:00:00,26.61,26.83,26.6,26.695,30978,0
2014-05-01,22:00:00,26.68,26.82,26.5,26.8,101168,0
2014-05-02,16:00:00,26.92,27.08,26.64,26.64,15938,0
2014-05-02,17:00:00,26.64,26.9,26.34,26.4,51649,0
2014-05-02,18:00:00,26.39,26.67,26.38,26.48,40055,0
2014-05-02,19:00:00,26.47,26.62,26.42,26.53,14549,0
2014-05-02,20:00:00,26.5,26.53,26.44,26.5,22564,0
2014-05-02,21:00:00,26.48,26.55,26.44,26.51,49443,0
2014-05-02,22:00:00,26.48,26.63,26.47,26.54,65853,0
2014-05-05,16:00:00,26.31,26.31,25.64,26.04,25812,0
2014-05-05,17:00:00,26.06,26.09,25.69,25.69,133756,0
2014-05-05,18:00:00,25.715,25.86,25.4,25.598,97265,0
2014-05-05,19:00:00,25.66,26.08,25.62,25.79,130493,0
2014-05-05,20:00:00,25.78,25.887,25.72,25.78,67715,0
2014-05-05,21:00:00,25.79,25.8,25.6792,25.78,54570,0
2014-05-05,22:00:00,25.79,25.8,25.63,25.65,84563,0
2014-05-06,16:00:00,25.5,25.77,25.5,25.51,18900,0
2014-05-06,17:00:00,25.52,25.58,25.24,25.28,76995,0
2014-05-06,18:00:00,25.25,25.31,25.15,25.21,49926,0
2014-05-06,19:00:00,25.18,25.24,25.02,25.04,37530,0
2014-05-06,20:00:00,25.04,25.08,24.82,24.84,46662,0
2014-05-06,21:00:00,24.83,25.03,24.77,25,35150,0
2014-05-06,22:00:00,24.98,25.01,24.75,24.8,125594,0
2014-05-07,16:00:00,24.52,24.77,24.3,24.385,63556,0
2014-05-07,17:00:00,24.41,24.56,24.21,24.3,109173,0
2014-05-07,18:00:00,24.31,24.35,24.07,24.24,77117,0
2014-05-07,19:00:00,24.21,24.24,24.06,24.08,27761,0
2014-05-07,20:00:00,24.0955,24.4,24.0955,24.29,93440,0
2014-05-07,21:00:00,24.31,24.35,24.27,24.275,52073,0
2014-05-07,22:00:00,24.28,24.28,23.99,24.08,238452,0
