Date,Time,Open,High,Low,Close,Volume,OpenInt
2014-02-10,16:00:00,25,25.4999,24.55,24.61,18954,0
2014-02-10,17:00:00,24.91,25.25,24.6501,25.15,15153,0
2014-02-10,18:00:00,25.04,25.41,24.925,25.02,11296,0
2014-02-10,19:00:00,25.1799,25.1965,24.75,24.75,5200,0
2014-02-10,20:00:00,24.96,25.0899,24.55,24.98,11034,0
2014-02-10,21:00:00,25.01,25.4499,25.01,25.27,7360,0
2014-02-10,22:00:00,25.24,25.49,25.24,25.49,17356,0
2014-02-11,16:00:00,25.356,25.5399,24.5701,24.72,11704,0
2014-02-11,17:00:00,24.68,24.87,24.3101,24.3101,14754,0
2014-02-11,18:00:00,24.52,24.7499,23.91,24.33,28231,0
2014-02-11,19:00:00,24.35,24.72,24.01,24.58,16764,0
2014-02-11,20:00:00,24.51,24.8099,24.5021,24.52,4210,0
2014-02-11,21:00:00,24.52,24.64,24.51,24.51,1700,0
2014-02-11,22:00:00,24.51,24.52,24.272,24.45,6314,0
2014-02-12,16:00:00,24.5,24.92,24.5,24.67,6757,0
2014-02-12,17:00:00,24.66,24.9,24.5201,24.8999,6546,0
2014-02-12,18:00:00,24.72,24.75,24.5,24.65,6529,0
2014-02-12,19:00:00,24.65,24.75,24.5001,24.75,3080,0
2014-02-12,20:00:00,24.73,24.85,24.66,24.85,900,0
2014-02-12,21:00:00,24.91,25.19,24.7601,25.13,12980,0
2014-02-12,22:00:00,25.04,25.21,24.95,24.95,11660,0
2014-02-13,16:00:00,24.3704,25.2499,24.3704,24.73,4885,0
2014-02-13,17:00:00,24.701,26.1,24.7,25.6,41894,0
2014-02-13,18:00:00,25.945,26.0899,25.61,26,26738,0
2014-02-13,19:00:00,25.989,26,25.815,25.88,3430,0
2014-02-13,20:00:00,25.98,26.09,25.8,25.93,6790,0
2014-02-13,21:00:00,25.83,26,25.81,25.9,10474,0
2014-02-13,22:00:00,25.9,25.9,25.36,25.36,13703,0
2014-02-14,16:00:00,26.08,27.49,25.26,27.49,43704,0
2014-02-14,17:00:00,27.61,28.15,26.14,27.7115,60732,0
2014-02-14,18:00:00,27.67,27.7,27.117,27.21,25649,0
2014-02-14,19:00:00,27.4,27.59,27.2,27.47,8875,0
2014-02-14,20:00:00,27.46,27.5,27.18,27.37,21679,0
2014-02-14,21:00:00,27.14,27.7,27.13,27.22,48104,0
2014-02-14,22:00:00,27.55,27.55,26.76,26.79,40569,0
2014-02-18,16:00:00,27.8,28.6599,27.51,28.15,40682,0
2014-02-18,17:00:00,28.1,28.1499,27.5,28.01,41028,0
2014-02-18,18:00:00,28.09,28.2,27.851,28.0099,31103,0
2014-02-18,19:00:00,27.97,28.05,27.7,27.8682,14586,0
2014-02-18,20:00:00,27.79,27.98,27.78,27.78,12486,0
2014-02-18,21:00:00,27.791,27.88,27.41,27.41,26029,0
2014-02-18,22:00:00,27.633,27.6799,27.201,27.502,53090,0
2014-02-19,16:00:00,27.7,28.26,26.81,28.26,36518,0
2014-02-19,17:00:00,28.24,28.85,27.6912,28.638,51448,0
2014-02-19,18:00:00,28.65,28.79,28.6001,28.6101,12269,0
2014-02-19,19:00:00,28.65,28.65,27.75,27.7701,50938,0
2014-02-19,20:00:00,28.004,28.075,27.84,27.956,20063,0
2014-02-19,21:00:00,27.91,28.2,27.58,28.2,27466,0
2014-02-19,22:00:00,28.2,28.35,27.45,27.48,51923,0
2014-02-20,16:00:00,27.38,28.3235,27.37,27.45,11108,0
2014-02-20,17:00:00,27.59,27.79,27.31,27.74,7252,0
2014-02-20,18:00:00,27.6001,27.99,27.6001,27.952,5916,0
2014-02-20,19:00:00,27.77,27.975,27.68,27.906,6040,0
2014-02-20,20:00:00,27.94,27.985,27.75,27.958,3088,0
2014-02-20,21:00:00,27.849,27.95,27.75,27.79,3891,0
2014-02-20,22:00:00,27.93,27.99,27.45,27.55,32784,0
2014-02-21,16:00:00,27.65,27.65,26.15,27.206,26361,0
2014-02-21,17:00:00,27.37,27.6,27.2001,27.234,28481,0
2014-02-21,18:00:00,27.25,27.25,26.81,26.9499,20380,0
2014-02-21,19:00:00,26.86,26.86,26.51,26.722,22772,0
2014-02-21,20:00:00,26.7,26.7,26.3,26.44,22889,0
2014-02-21,21:00:00,26.44,26.599,26.3001,26.44,11684,0
2014-02-21,22:00:00,26.38,26.5,26.05,26.05,26337,0
2014-02-24,16:00:00,26.18,26.445,26,26.3,12307,0
2014-02-24,17:00:00,26.194,26.194,24.6,25.4299,45076,0
2014-02-24,18:00:00,25.08,25.57,25.08,25.4,6612,0
2014-02-24,19:00:00,25.38,25.4896,25.32,25.39,9252,0
2014-02-24,20:00:00,25.4999,25.5,25.32,25.38,11319,0
2014-02-24,21:00:00,25.43,25.47,25.3425,25.459,9400,0
2014-02-24,22:00:00,25.44,25.46,25.2,25.2,54490,0
2014-02-25,16:00:00,25.0004,25.07,24.05,24.16,20082,0
2014-02-25,17:00:00,24.1601,24.44,24.16,24.44,20817,0
2014-02-25,18:00:00,24.444,24.6,24.301,24.342,10686,0
2014-02-25,19:00:00,24.45,24.5246,24.281,24.379,18666,0
2014-02-25,20:00:00,24.34,24.43,24.318,24.4299,1600,0
2014-02-25,21:00:00,24.29,24.32,24.11,24.2,14128,0
2014-02-25,22:00:00,24.15,24.26,24.1,24.18,33052,0
2014-02-26,16:00:00,24.4875,24.9,24.44,24.441,5003,0
2014-02-26,17:00:00,24.62,25.43,24.6175,25.02,21430,0
2014-02-26,18:00:00,25.018,25.39,25.018,25.112,900,0
2014-02-26,19:00:00,24.59,24.9,24.59,24.75,2400,0
2014-02-26,20:00:00,24.5,24.928,24.5,24.69,3445,0
2014-02-26,21:00:00,24.88,24.88,24.84,24.88,2400,0
2014-02-26,22:00:00,24.64,25,24.64,24.98,13709,0
2014-02-27,16:00:00,25.06,25.425,25.06,25.18,8502,0
2014-02-27,17:00:00,25.7,25.7,25.05,25.38,9000,0
2014-02-27,18:00:00,25.63,25.99,25.37,25.6701,10186,0
2014-02-27,19:00:00,25.9,25.955,25.45,25.699,5979,0
2014-02-27,20:00:00,25.7,25.899,25.7,25.77,3400,0
2014-02-27,21:00:00,25.8001,25.8999,25.7501,25.8815,9580,0
2014-02-27,22:00:00,25.889,25.889,25.3,25.37,14012,0
2014-02-28,16:00:00,25.69,25.7,24.51,24.97,19541,0
2014-02-28,17:00:00,24.9699,25.43,24.78,25.23,11520,0
2014-02-28,18:00:00,25.46,25.57,25.18,25.49,7950,0
2014-02-28,19:00:00,25.64,25.7,25.1743,25.2025,54828,0
2014-02-28,20:00:00,25.31,25.31,24.6,24.74,27087,0
2014-02-28,21:00:00,24.68,24.7,24.2,24.479,17789,0
2014-02-28,22:00:00,24.27,24.65,24.26,24.37,17024,0
2014-03-03,16:00:00,23.92,24.7,23.8,24.56,13395,0
2014-03-03,17:00:00,24.52,24.7899,24.144,24.64,10155,0
2014-03-03,18:00:00,24.51,24.52,24.13,24.24,4700,0
2014-03-03,19:00:00,24.24,24.42,24.2101,24.31,1970,0
2014-03-03,20:00:00,24.22,24.36,24.2,24.22,7845,0
2014-03-03,21:00:00,24.2101,24.26,23.9,24,15530,0
2014-03-03,22:00:00,23.93,24.15,23.9,23.9,11616,0
2014-03-04,16:00:00,24.357,24.9399,24.357,24.6,9436,0
2014-03-04,17:00:00,24.501,24.6,24.2101,24.35,11862,0
2014-03-04,18:00:00,24.44,24.69,24.34,24.6,22461,0
2014-03-04,19:00:00,24.67,25.769,24.624,25.5229,54642,0
2014-03-04,20:00:00,25.497,25.5,25.17,25.32,27883,0
2014-03-04,21:00:00,25.32,25.42,24.95,24.95,7948,0
2014-03-04,22:00:00,25.08,25.28,24.98,25,28423,0
2014-03-05,16:00:00,25,26.95,24.8,26.7899,51772,0
2014-03-05,17:00:00,26.37,27.35,26.04,26.942,68628,0
2014-03-05,18:00:00,26.95,27.25,26.5,27.2399,24897,0
2014-03-05,19:00:00,27.0001,27.31,26.86,27.18,24133,0
2014-03-05,20:00:00,27.3,27.45,27.101,27.18,36313,0
2014-03-05,21:00:00,27.01,27.45,27,27.3,17564,0
2014-03-05,22:00:00,27.36,27.48,27.0655,27.34,28296,0
2014-03-06,16:00:00,27.89,28.65,27.36,28.3001,34907,0
2014-03-06,17:00:00,28.2,28.3,27.0145,27.18,51221,0
2014-03-06,18:00:00,27.17,27.4,26.53,26.99,27729,0
2014-03-06,19:00:00,27.0245,27.3499,26.6,26.6001,7800,0
2014-03-06,20:00:00,26.591,26.8699,25.99,26,20307,0
2014-03-06,21:00:00,26.2,26.58,26,26.39,9035,0
2014-03-06,22:00:00,26.74,26.74,26.074,26.09,16334,0
2014-03-07,16:00:00,27.5899,27.5899,26.2,26.42,18649,0
2014-03-07,17:00:00,26.26,27,26.25,26.75,15885,0
2014-03-07,18:00:00,26.6,26.9875,26.1401,26.532,14848,0
2014-03-07,19:00:00,26.62,26.9799,26.265,26.53,7749,0
2014-03-07,20:00:00,26.5,26.5,26.496,26.5,2300,0
2014-03-07,21:00:00,26.482,26.56,26.22,26.33,5300,0
2014-03-07,22:00:00,26.34,26.6799,26.33,26.56,16393,0
2014-03-10,15:00:00,27.04,27.04,26.57,26.6,8375,0
2014-03-10,16:00:00,26.63,26.63,26.0001,26.19,20608,0
2014-03-10,17:00:00,26.182,26.439,25.381,25.8,27005,0
2014-03-10,18:00:00,25.86,25.86,25.48,25.51,18888,0
2014-03-10,19:00:00,25.5,25.831,25.5,25.592,3980,0
2014-03-10,20:00:00,25.59,25.699,25.55,25.5508,9291,0
2014-03-10,21:00:00,25.7,25.82,25.33,25.49,8558,0
2014-03-11,15:00:00,25.33,25.33,24.75,25.12,13696,0
2014-03-11,16:00:00,25.088,25.25,24.86,25.125,6535,0
2014-03-11,17:00:00,25.05,25.156,24.505,24.7899,24337,0
2014-03-11,18:00:00,24.625,24.72,24.2,24.4,21398,0
2014-03-11,19:00:00,24.34,24.65,24.2,24.53,4420,0
2014-03-11,20:00:00,24.54,24.6,24.03,24.18,17322,0
2014-03-11,21:00:00,24.32,24.344,24,24,27647,0
2014-03-12,15:00:00,24.01,24.01,23.01,23.1,18133,0
2014-03-12,16:00:00,23.12,23.266,22.62,23.199,29844,0
2014-03-12,17:00:00,23.189,23.389,22.9725,22.9725,9780,0
2014-03-12,18:00:00,22.98,23.258,22.89,23.13,5252,0
2014-03-12,19:00:00,23.15,23.345,23.03,23.03,5389,0
2014-03-12,20:00:00,23.11,23.31,23.0601,23.31,3950,0
2014-03-12,21:00:00,23.3,23.65,23.3,23.46,17931,0
2014-03-13,15:00:00,23.5,24.2699,23.23,23.6,12632,0
2014-03-13,16:00:00,24.1299,24.1299,23.6,23.62,11688,0
2014-03-13,17:00:00,23.7401,24,23.56,23.95,14442,0
2014-03-13,18:00:00,24.16,24.38,23.7,23.844,17426,0
2014-03-13,19:00:00,23.71,23.8,23.02,23.67,17724,0
2014-03-13,20:00:00,23.52,23.52,23.25,23.26,2000,0
2014-03-13,21:00:00,23.2,23.4799,23.1101,23.21,13322,0
2014-03-14,15:00:00,23.17,23.9899,22.5,23.4,7886,0
2014-03-14,16:00:00,23.25,23.83,23.24,23.71,13375,0
2014-03-14,17:00:00,23.73,23.733,22.9,23,16019,0
2014-03-14,18:00:00,22.81,22.852,22.6001,22.6001,7791,0
2014-03-14,19:00:00,22.63,22.81,22.5301,22.56,3636,0
2014-03-14,20:00:00,22.77,22.77,22.5501,22.61,7450,0
2014-03-14,21:00:00,22.65,22.6899,22.5,22.65,10573,0
2014-03-17,15:00:00,23.6646,23.6646,22.88,22.88,3410,0
2014-03-17,16:00:00,22.63,22.8736,22.33,22.5,21308,0
2014-03-17,17:00:00,22.5,22.5,22.04,22.22,31744,0
2014-03-17,18:00:00,22.22,22.45,22.22,22.45,3300,0
2014-03-17,19:00:00,22.42,22.5,22.412,22.5,11281,0
2014-03-17,20:00:00,22.5,22.5,22.27,22.27,11562,0
2014-03-17,21:00:00,22.305,22.49,22.22,22.35,29115,0
2014-03-18,15:00:00,22.11,22.49,21.5,22.06,21166,0
2014-03-18,16:00:00,22.268,24.5835,22.268,24.51,44892,0
2014-03-18,17:00:00,24.304,24.4982,23.9101,23.9101,26169,0
2014-03-18,18:00:00,23.8999,24.33,23.581,24.33,11017,0
2014-03-18,19:00:00,24.35,24.35,24,24.08,11933,0
2014-03-18,20:00:00,24.0001,24.2084,23.921,24.046,5944,0
2014-03-18,21:00:00,24.15,24.15,23.81,23.85,17615,0
2014-03-19,15:00:00,24,24.88,24,24.2,8794,0
2014-03-19,16:00:00,24.5,24.559,22.981,23.836,18344,0
2014-03-19,17:00:00,23.66,23.66,23.66,23.66,700,0
2014-03-19,18:00:00,23.656,23.7,23.5,23.63,7654,0
2014-03-19,19:00:00,23.311,23.49,23.1601,23.1601,4943,0
2014-03-19,20:00:00,23.27,23.3,23.12,23.18,3850,0
2014-03-19,21:00:00,23.2,23.44,23.03,23.03,8046,0
2014-03-20,15:00:00,22.75,23.125,22.02,22.5,15791,0
2014-03-20,16:00:00,22.5,22.62,21.77,21.77,27155,0
2014-03-20,17:00:00,21.754,22.074,21.55,21.9,15078,0
2014-03-20,18:00:00,21.99,22.29,21.9,22.14,8496,0
2014-03-20,19:00:00,22.15,22.22,21.84,21.88,12297,0
2014-03-20,20:00:00,21.85,21.85,21.501,21.725,12888,0
2014-03-20,21:00:00,21.725,21.88,21.42,21.77,17664,0
2014-03-21,15:00:00,22.564,22.564,21.61,21.96,11647,0
2014-03-21,16:00:00,21.791,21.791,21.11,21.44,13498,0
2014-03-21,17:00:00,21.42,21.42,20.3001,20.689,68793,0
2014-03-21,18:00:00,20.6999,20.7,20.58,20.6,12253,0
2014-03-21,19:00:00,20.6,20.6999,20.15,20.34,22423,0
2014-03-21,20:00:00,20.41,20.69,20.3501,20.5,6306,0
2014-03-21,21:00:00,20.56,20.59,20.05,20.12,21244,0
2014-03-24,15:00:00,20.001,20.5599,19.45,19.47,19804,0
2014-03-24,16:00:00,19.436,20.5,19.1139,19.95,45933,0
2014-03-24,17:00:00,19.61,19.6999,19.34,19.69,10404,0
2014-03-24,18:00:00,19.7,19.99,19.65,19.85,4705,0
2014-03-24,19:00:00,19.7811,20.25,19.7811,20.25,13216,0
2014-03-24,20:00:00,20.25,20.55,20.178,20.34,5150,0
2014-03-24,21:00:00,20.32,20.94,20.23,20.44,21371,0
2014-03-25,15:00:00,20.2,20.95,20.17,20.95,6189,0
2014-03-25,16:00:00,20.94,20.99,19.1,19.4,19966,0
2014-03-25,17:00:00,19.452,19.619,19.15,19.17,16733,0
2014-03-25,18:00:00,19.0801,19.23,18.71,19.23,17559,0
2014-03-25,19:00:00,19.23,19.23,18.51,18.78,18035,0
2014-03-25,20:00:00,18.779,18.779,18.236,18.6,11414,0
2014-03-25,21:00:00,18.79,18.929,18.58,18.6,9581,0
2014-03-26,15:00:00,18.93,18.9999,18.57,18.68,1857,0
2014-03-26,16:00:00,18.79,18.9577,18.19,18.19,11452,0
2014-03-26,17:00:00,18.11,18.39,17.5,17.54,59438,0
2014-03-26,18:00:00,17.58,17.67,17.09,17.3,28721,0
2014-03-26,19:00:00,17.32,17.3599,17.0401,17.2101,10210,0
2014-03-26,20:00:00,17.379,17.379,17.1,17.29,6874,0
2014-03-26,21:00:00,17.2,17.27,17,17,12021,0
2014-03-27,15:00:00,16.99,16.99,15,15.32,38609,0
2014-03-27,16:00:00,15.2925,16.129,15.15,15.8,55740,0
2014-03-27,17:00:00,15.75,16.16,15.3,15.99,61933,0
2014-03-27,18:00:00,15.99,16.3,15.678,15.84,28718,0
2014-03-27,19:00:00,15.85,15.95,15.7001,15.837,13600,0
2014-03-27,20:00:00,15.84,16.16,15.81,16.15,9008,0
2014-03-27,21:00:00,16.08,16.444,15.79,16.13,57877,0
2014-03-28,15:00:00,16.18,17.22,16.18,16.62,35334,0
2014-03-28,16:00:00,16.54,16.7,16.26,16.45,31250,0
2014-03-28,17:00:00,16.4301,16.86,16.43,16.53,6639,0
2014-03-28,18:00:00,16.622,16.88,16.401,16.88,6392,0
2014-03-28,19:00:00,16.85,17.56,16.48,17.3,21784,0
2014-03-28,20:00:00,17.42,18.06,17.35,17.65,42472,0
2014-03-28,21:00:00,17.77,18.59,17.465,18.1,69330,0
2014-03-31,16:00:00,18.82,19.9899,18.2,18.511,58709,0
2014-03-31,17:00:00,18.87,19.19,18.6,18.74,21380,0
2014-03-31,18:00:00,18.73,19.419,18.6001,19.19,40359,0
2014-03-31,19:00:00,19.2,19.214,18.711,18.82,6355,0
2014-03-31,20:00:00,18.7,18.76,18.2,18.458,26600,0
2014-03-31,21:00:00,18.2,18.48,17.75,17.7801,29473,0
2014-03-31,22:00:00,17.9,18.25,17.63,17.755,17503,0
2014-04-01,16:00:00,18.61,18.61,17.49,18.319,13368,0
2014-04-01,17:00:00,18.092,19.29,18.092,18.69,35754,0
2014-04-01,18:00:00,18.819,18.919,18.36,18.65,30314,0
2014-04-01,19:00:00,18.578,20.27,18.578,19.63,162370,0
2014-04-01,20:00:00,19.64,20.5,19.422,20.2496,43413,0
2014-04-01,21:00:00,20.2,20.2,19.899,20.17,19889,0
2014-04-01,22:00:00,20.11,20.6,20.02,20.39,47915,0
2014-04-02,16:00:00,22,23.3999,22,22.95,75798,0
2014-04-02,17:00:00,22.94,24.6599,22.89,24.4,111456,0
2014-04-02,18:00:00,24.1201,24.22,23.55,23.5701,66210,0
2014-04-02,19:00:00,23.57,23.74,23.11,23.4999,51278,0
2014-04-02,20:00:00,23.11,23.6899,23.11,23.11,53167,0
2014-04-02,21:00:00,23.03,23.3,23,23.21,44739,0
2014-04-02,22:00:00,23.24,24.19,23.2,24.05,40205,0
2014-04-03,16:00:00,23.6701,24.399,23.66,23.73,29575,0
2014-04-03,17:00:00,23.81,24.11,23.4,23.4001,23210,0
2014-04-03,18:00:00,23.4101,23.971,23.4101,23.56,22679,0
2014-04-03,19:00:00,23.56,23.73,23.16,23.4,23768,0
2014-04-03,20:00:00,23.301,23.755,23.28,23.28,16104,0
2014-04-03,21:00:00,23.1,23.43,22.611,22.7501,23565,0
2014-04-03,22:00:00,23.34,23.42,22.8,23.3,16831,0
2014-04-04,16:00:00,23.45,24.68,23.45,23.74,19830,0
2014-04-04,17:00:00,23.73,24.25,23.54,23.88,18621,0
2014-04-04,18:00:00,23.7201,24.499,23.7201,24.26,19068,0
2014-04-04,19:00:00,24.26,24.589,23.85,23.98,13001,0
2014-04-04,20:00:00,23.97,24.18,23.8,24.04,9800,0
2014-04-04,21:00:00,24.02,24.15,23.8,23.8001,12051,0
2014-04-04,22:00:00,23.89,24,23.395,23.59,22087,0
2014-04-07,16:00:00,23.68,23.68,22.91,23.2001,7320,0
2014-04-07,17:00:00,23.48,24.5,23.48,24.5,52438,0
2014-04-07,18:00:00,24.5,24.5,23.988,24.05,13850,0
2014-04-07,19:00:00,24.05,24.3,23.9,23.9,12380,0
2014-04-07,20:00:00,23.84,23.9399,23.5601,23.9399,4109,0
2014-04-07,21:00:00,23.769,23.78,23.53,23.75,9340,0
2014-04-07,22:00:00,24.09,24.1,23.77,24.05,15018,0
2014-04-08,16:00:00,24.44,24.44,23.911,24.4,3084,0
2014-04-08,17:00:00,24.24,25.5,24.221,25.138,52247,0
2014-04-08,18:00:00,25.2,26.5499,25.2,26.5,66529,0
2014-04-08,19:00:00,26.481,26.9,26.059,26.4,59833,0
2014-04-08,20:00:00,26.2,27.2,26.2,26.51,30920,0
2014-04-08,21:00:00,26.93,27.4,26.52,27.189,64795,0
2014-04-08,22:00:00,26.835,28.55,26.71,28.38,88908,0
2014-04-09,16:00:00,28.879,31.79,28.879,31.18,113690,0
2014-04-09,17:00:00,31.18,32,27.3103,28.08,172489,0
2014-04-09,18:00:00,28,28.7775,27.71,27.9999,56235,0
2014-04-09,19:00:00,27.95,28,27.111,27.1201,26274,0
2014-04-09,20:00:00,27.3,27.37,27,27.212,7575,0
2014-04-09,21:00:00,27.18,27.8,27.18,27.78,13319,0
2014-04-09,22:00:00,27.64,28.1999,27.4,28,36309,0
2014-04-10,16:00:00,28.1,29.34,27.691,28,69373,0
2014-04-10,17:00:00,27.748,28.23,26.75,27.51,13519,0
2014-04-10,18:00:00,27.6,27.8,26.12,26.1201,39850,0
2014-04-10,19:00:00,26.121,26.625,24,24.5799,63818,0
2014-04-10,20:00:00,24.569,25.02,23.96,24.98,32462,0
2014-04-10,21:00:00,24.91,24.91,24.73,24.73,10967,0
2014-04-10,22:00:00,24.75,24.75,24.32,24.32,35732,0
2014-04-11,16:00:00,23.011,25.26,23.01,25.26,28456,0
2014-04-11,17:00:00,25.48,25.78,24.97,25.291,51507,0
2014-04-11,18:00:00,25.541,25.56,24.02,24.3,24814,0
2014-04-11,19:00:00,24.6,25,24.6,25,20588,0
2014-04-11,20:00:00,25,25,24.28,24.39,12657,0
2014-04-11,21:00:00,24.61,24.8,24.39,24.48,12191,0
2014-04-11,22:00:00,24.4999,24.8,24.32,24.8,10398,0
2014-04-14,16:00:00,24.695,24.729,24.01,24.644,34340,0
2014-04-14,17:00:00,24.3501,25.239,24.35,24.49,17304,0
2014-04-14,18:00:00,24.35,24.376,24.01,24.038,6575,0
2014-04-14,19:00:00,24.01,24.045,23.521,23.58,16986,0
2014-04-14,20:00:00,23.6,23.839,23.15,23.15,24176,0
2014-04-14,21:00:00,23.18,23.28,22.5,22.5,22972,0
2014-04-14,22:00:00,22.4,22.58,22.01,22.22,40453,0
2014-04-15,16:00:00,22.45,22.45,21.31,22.269,27660,0
2014-04-15,17:00:00,21.851,21.851,21,21.02,25856,0
2014-04-15,18:00:00,21.11,21.52,20.838,21.48,22174,0
2014-04-15,19:00:00,21.47,21.7,21.47,21.47,9527,0
2014-04-15,20:00:00,21.48,21.48,21.06,21.06,12639,0
2014-04-15,21:00:00,21.191,21.77,21.04,21.41,6275,0
2014-04-15,22:00:00,21.4101,21.9,21.4,21.68,7850,0
2014-04-16,16:00:00,22.27,22.99,21.38,21.5901,8444,0
2014-04-16,17:00:00,21.6,22.2799,21.6,22.14,12780,0
2014-04-16,18:00:00,21.811,22.17,21.811,22.01,4893,0
2014-04-16,19:00:00,22.1199,22.19,21.75,21.75,11398,0
2014-04-16,20:00:00,21.67,21.78,21.6,21.78,1100,0
2014-04-16,21:00:00,21.89,21.97,21.75,21.9579,2000,0
2014-04-16,22:00:00,21.83,21.86,21.62,21.8,4320,0
2014-04-17,16:00:00,21.67,21.67,21.2001,21.5,4077,0
2014-04-17,17:00:00,21.2486,22.199,21.2486,21.872,9400,0
2014-04-17,18:00:00,21.7899,22.0599,21.7899,22.02,2300,0
2014-04-17,19:00:00,21.75,21.83,21.5,21.5,10445,0
2014-04-17,20:00:00,21.56,21.865,21.56,21.73,2100,0
2014-04-17,21:00:00,21.74,21.79,21.5,21.5,6226,0
2014-04-17,22:00:00,21.501,21.7,21.501,21.7,6580,0
2014-04-21,16:00:00,21.96,21.96,21.49,21.49,2257,0
2014-04-21,17:00:00,21.52,21.7,21.4701,21.53,4825,0
2014-04-21,18:00:00,21.5,21.531,20.9,20.95,8670,0
2014-04-21,19:00:00,20.99,21.12,20.9025,21.12,3100,0
2014-04-21,20:00:00,21.21,21.29,21.0275,21.04,2442,0
2014-04-21,21:00:00,21.13,21.32,21.062,21.07,3225,0
2014-04-21,22:00:00,21.1999,21.37,21,21.01,7015,0
2014-04-22,16:00:00,20.77,21.456,20.652,21.052,8213,0
2014-04-22,17:00:00,20.86,21.474,20.82,21.474,8550,0
2014-04-22,18:00:00,21.26,21.38,21,21.06,9763,0
2014-04-22,19:00:00,21.27,21.29,21.105,21.273,2250,0
2014-04-22,20:00:00,21.37,21.427,21.35,21.366,900,0
2014-04-22,21:00:00,21.37,22.52,21.31,21.72,21021,0
2014-04-22,22:00:00,21.8699,21.93,21.51,21.86,10960,0
2014-04-23,16:00:00,23.17,24.76,22.5,22.5,33090,0
2014-04-23,17:00:00,22.5,23.5899,22.26,23.42,36992,0
2014-04-23,18:00:00,23.1,23.22,22.69,23.0199,10540,0
2014-04-23,19:00:00,22.79,23.02,22.751,22.901,3534,0
2014-04-23,20:00:00,22.91,22.946,22.9,22.946,1932,0
2014-04-23,21:00:00,22.9799,22.9799,22.4501,22.6777,5530,0
2014-04-23,22:00:00,22.51,22.97,22.34,22.81,32712,0
2014-04-24,16:00:00,23.01,23.02,22.35,22.46,17122,0
2014-04-24,17:00:00,22.73,23,22.1501,22.52,17070,0
2014-04-24,18:00:00,22.51,23.09,22.368,22.96,15630,0
2014-04-24,19:00:00,22.95,22.96,22.431,22.431,1800,0
2014-04-24,20:00:00,22.8,22.8,22.47,22.5,64424,0
2014-04-24,21:00:00,22.48,22.8,22.39,22.8,4958,0
2014-04-24,22:00:00,22.75,22.94,22.38,22.43,13524,0
2014-04-25,16:00:00,22.39,23.5,22.39,23.02,7722,0
2014-04-25,17:00:00,22.65,22.65,22.3,22.5782,8995,0
2014-04-25,18:00:00,22.47,22.59,22.3,22.4,10588,0
2014-04-25,19:00:00,22.561,22.561,22.31,22.31,1700,0
2014-04-25,20:00:00,22.22,22.3299,22.09,22.3,2200,0
2014-04-25,21:00:00,22.09,22.216,21.5,21.5,4595,0
2014-04-25,22:00:00,21.5001,21.5001,21.16,21.16,9878,0
2014-04-28,16:00:00,21.12,21.934,21.05,21.4601,3800,0
2014-04-28,17:00:00,21.91,21.91,21.46,21.46,12190,0
2014-04-28,18:00:00,21.01,21.05,20.3204,20.35,6017,0
2014-04-28,19:00:00,20.34,20.5399,20.0201,20.2,31444,0
2014-04-28,20:00:00,20.19,20.5299,20,20,4600,0
2014-04-28,21:00:00,20.0101,20.129,20.0101,20.12,1100,0
2014-04-28,22:00:00,20.13,20.46,20.07,20.44,13352,0
2014-04-29,16:00:00,20.41,20.824,20.41,20.66,1400,0
2014-04-29,17:00:00,20.72,21.3,20.7,21.25,4341,0
2014-04-29,18:00:00,20.91,21.2299,20.89,21.2299,600,0
2014-04-29,19:00:00,20.95,21.19,20.9,20.96,3509,0
2014-04-29,20:00:00,21.1,21.1,20.75,20.75,1955,0
2014-04-29,21:00:00,20.9498,20.9498,20.8,20.8,2002,0
2014-04-29,22:00:00,20.74,20.75,20.5,20.5,5558,0
2014-04-30,16:00:00,20.27,20.4,20.27,20.27,1300,0
2014-04-30,17:00:00,20.01,20.28,20.01,20.1599,3984,0
2014-04-30,18:00:00,20.16,20.16,20.08,20.08,900,0
2014-04-30,19:00:00,20.03,20.07,20.03,20.03,2910,0
2014-04-30,20:00:00,20.01,20.01,19.11,19.11,10070,0
2014-04-30,21:00:00,19.2799,19.3,19.141,19.3,4750,0
2014-04-30,22:00:00,19.3665,19.74,18.71,19.74,37731,0
2014-05-01,16:00:00,19.7,20.5,19.7,20.21,1650,0
2014-05-01,17:00:00,20.17,20.42,19.97,20.28,7810,0
2014-05-01,18:00:00,20.4,20.54,20.2604,20.2604,11950,0
2014-05-01,19:00:00,20.42,20.48,20.091,20.25,2200,0
2014-05-01,20:00:00,20.35,20.35,20.154,20.28,800,0
2014-05-01,21:00:00,20.105,20.105,19.8,19.9399,3820,0
2014-05-01,22:00:00,19.94,20.37,19.847,20.07,10873,0
2014-05-02,16:00:00,19.15,19.8399,18.05,19.8399,11196,0
2014-05-02,17:00:00,19.12,19.84,19.12,19.43,8435,0
2014-05-02,18:00:00,19.91,19.91,19.6028,19.62,4000,0
2014-05-02,19:00:00,19.74,19.9,19.68,19.9,2598,0
2014-05-02,20:00:00,19.84,19.84,19.43,19.43,2996,0
2014-05-02,21:00:00,19.5,19.5,19.26,19.425,4000,0
2014-05-02,22:00:00,19.39,19.45,18.54,18.6,18835,0
2014-05-05,16:00:00,18.7099,18.75,18.38,18.68,2748,0
2014-05-05,17:00:00,18.72,19.28,18.52,18.825,3150,0
2014-05-05,18:00:00,18.8,18.8699,18.776,18.776,2700,0
2014-05-05,19:00:00,18.74,18.74,18.72,18.74,1800,0
2014-05-05,21:00:00,18.5501,18.75,18.5501,18.75,3299,0
2014-05-05,22:00:00,18.73,18.755,18.55,18.7,2833,0
2014-05-06,16:00:00,18.5,18.946,18.5,18.946,1200,0
2014-05-06,17:00:00,18.9899,18.9999,18.48,18.615,25356,0
2014-05-06,18:00:00,18.75,18.75,18.62,18.62,3550,0
2014-05-06,19:00:00,18.74,18.93,18.6,18.6,2045,0
2014-05-06,20:00:00,18.67,18.799,18.63,18.74,9455,0
2014-05-06,21:00:00,18.7799,18.7799,18.402,18.402,8510,0
2014-05-06,22:00:00,18.4002,18.56,18.39,18.4,4884,0
2014-05-07,16:00:00,18.35,18.35,18.1001,18.345,3812,0
2014-05-07,17:00:00,18.15,18.216,17.08,17.539,38825,0
2014-05-07,18:00:00,17.415,17.415,16.85,17.09,22969,0
2014-05-07,19:00:00,17.02,17.35,17.02,17.14,3004,0
2014-05-07,20:00:00,16.796,16.896,16.796,16.88,3320,0
2014-05-07,21:00:00,16.8,17.9,16.8,17.39,30856,0
2014-05-07,22:00:00,17.3402,17.6372,17.221,17.4,13662,0
