Date,Time,Open,High,Low,Close,Volume,OpenInt
2014-02-10,16:00:00,52.76,53.76,52.725,53.47,354194,0
2014-02-10,17:00:00,53.49,53.85,53.35,53.55,436543,0
2014-02-10,18:00:00,53.55,53.66,53.51,53.63,255611,0
2014-02-10,19:00:00,53.63,53.74,53.59,53.6844,302973,0
2014-02-10,20:00:00,53.68,53.735,53.61,53.69,233171,0
2014-02-10,21:00:00,53.685,53.79,53.66,53.75,272248,0
2014-02-10,22:00:00,53.76,53.87,53.7,53.87,686489,0
2014-02-11,16:00:00,53.65,53.96,53.61,53.81,172050,0
2014-02-11,17:00:00,53.8,53.87,53.68,53.73,243233,0
2014-02-11,18:00:00,53.74,53.83,53.525,53.54,215887,0
2014-02-11,19:00:00,53.54,53.66,53.34,53.66,315379,0
2014-02-11,20:00:00,53.67,53.72,53.56,53.635,281218,0
2014-02-11,21:00:00,53.64,53.9,53.63,53.875,185162,0
2014-02-11,22:00:00,53.89,54.07,53.885,53.96,1189768,0
2014-02-12,16:00:00,54.1,54.11,53.83,54.04,151295,0
2014-02-12,17:00:00,54.04,54.11,53.96,54.031,259052,0
2014-02-12,18:00:00,54.03,54.11,53.98,54.09,364588,0
2014-02-12,19:00:00,54.09,54.18,54.03,54.07,239586,0
2014-02-12,20:00:00,54.08,54.22,54.08,54.17,272936,0
2014-02-12,21:00:00,54.16,54.23,54.04,54.115,236048,0
2014-02-12,22:00:00,54.12,54.14,53.99,54.08,695046,0
2014-02-13,16:00:00,51.41,54.255,51.41,54.08,112600,0
2014-02-13,17:00:00,54.095,54.42,54.04,54.42,149439,0
2014-02-13,18:00:00,54.44,54.57,54.24,54.27,159428,0
2014-02-13,19:00:00,54.27,54.355,54.25,54.295,93325,0
2014-02-13,20:00:00,54.28,54.3899,54.24,54.38,112933,0
2014-02-13,21:00:00,54.37,54.39,54.24,54.285,185867,0
2014-02-13,22:00:00,54.29,54.42,54.24,54.42,423435,0
2014-02-14,16:00:00,53.95,54.71,53.95,54.7,151814,0
2014-02-14,17:00:00,54.69,54.79,54.41,54.55,240325,0
2014-02-14,18:00:00,54.54,54.62,54.38,54.38,234935,0
2014-02-14,19:00:00,54.38,54.51,54.365,54.43,194184,0
2014-02-14,20:00:00,54.435,54.59,54.42,54.57,147375,0
2014-02-14,21:00:00,54.57,54.76,54.51,54.55,224328,0
2014-02-14,22:00:00,54.56,54.59,54.48,54.52,718458,0
2014-02-18,16:00:00,54.49,54.93,54.32,54.61,219773,0
2014-02-18,17:00:00,54.61,55.27,54.55,55.27,309083,0
2014-02-18,18:00:00,55.28,55.39,55.18,55.37,271443,0
2014-02-18,19:00:00,55.36,55.4,55.19,55.2,231489,0
2014-02-18,20:00:00,55.17,55.36,55.12,55.31,219538,0
2014-02-18,21:00:00,55.31,55.43,55.3,55.41,188690,0
2014-02-18,22:00:00,55.4,55.52,55.31,55.51,559732,0
2014-02-19,16:00:00,55.31,55.5,55.14,55.49,128897,0
2014-02-19,17:00:00,55.49,55.92,55.42,55.9,262785,0
2014-02-19,18:00:00,55.91,55.92,55.48,55.485,220727,0
2014-02-19,19:00:00,55.47,55.535,55.21,55.44,255749,0
2014-02-19,20:00:00,55.43,55.65,55.4,55.48,156642,0
2014-02-19,21:00:00,55.47,55.65,55.37,55.43,153153,0
2014-02-19,22:00:00,55.43,55.465,55.22,55.24,485697,0
2014-02-20,16:00:00,55.27,55.57,55.02,55.03,118388,0
2014-02-20,17:00:00,55.01,55.53,54.84,55.4225,207711,0
2014-02-20,18:00:00,55.43,55.44,55.18,55.22,128697,0
2014-02-20,19:00:00,55.225,55.45,55.19,55.43,136031,0
2014-02-20,20:00:00,55.42,55.57,55.4,55.54,120493,0
2014-02-20,21:00:00,55.55,55.71,55.5,55.66,136835,0
2014-02-20,22:00:00,55.66,55.75,55.61,55.7,887175,0
2014-02-21,16:00:00,55.93,55.96,55.56,55.85,77953,0
2014-02-21,17:00:00,55.86,55.99,55.76,55.82,171931,0
2014-02-21,18:00:00,55.8,55.89,55.64,55.66,344004,0
2014-02-21,19:00:00,55.66,55.7,55.61,55.66,89269,0
2014-02-21,20:00:00,55.65,55.65,55.47,55.52,104931,0
2014-02-21,21:00:00,55.52,55.58,55.23,55.23,152924,0
2014-02-21,22:00:00,55.225,55.25,54.98,54.99,337188,0
2014-02-24,16:00:00,53.9,55.61,53.9,55.555,108821,0
2014-02-24,17:00:00,55.55,55.55,55.1,55.21,163241,0
2014-02-24,18:00:00,55.2,55.308,55.06,55.24,115967,0
2014-02-24,19:00:00,55.27,55.36,55.07,55.09,71090,0
2014-02-24,20:00:00,55.08,55.16,55.02,55.03,82110,0
2014-02-24,21:00:00,55.04,55.16,54.93,54.94,175907,0
2014-02-24,22:00:00,54.93,54.93,54.72,54.72,464581,0
2014-02-25,16:00:00,55.0325,55.25,54.77,55.25,96990,0
2014-02-25,17:00:00,55.21,55.22,54.94,54.99,313874,0
2014-02-25,18:00:00,54.99,55.07,54.96,54.99,400996,0
2014-02-25,19:00:00,54.995,55.03,54.89,55.02,159889,0
2014-02-25,20:00:00,55.01,55.02,54.94,55,127130,0
2014-02-25,21:00:00,55,55,54.89,54.94,102740,0
2014-02-25,22:00:00,54.94,55.04,54.77,55.04,427162,0
2014-02-26,16:00:00,55.07,55.47,55.04,55.3,66567,0
2014-02-26,17:00:00,55.31,55.48,55.11,55.2,186567,0
2014-02-26,18:00:00,55.2,55.27,55.11,55.11,101456,0
2014-02-26,19:00:00,55.12,55.19,55.08,55.12,78414,0
2014-02-26,20:00:00,55.11,55.16,55.02,55.05,103423,0
2014-02-26,21:00:00,55.04,55.09,54.75,54.96,131497,0
2014-02-26,22:00:00,54.96,55.06,54.87,55.03,266354,0
2014-02-27,16:00:00,54.92,55.4,54.53,55.3729,121103,0
2014-02-27,17:00:00,55.35,55.41,54.93,55.21,131783,0
2014-02-27,18:00:00,55.2,55.28,55.14,55.17,132778,0
2014-02-27,19:00:00,55.18,55.27,55.14,55.251,154122,0
2014-02-27,20:00:00,55.25,55.5,55.18,55.46,487530,0
2014-02-27,21:00:00,55.47,55.48,55.11,55.13,157670,0
2014-02-27,22:00:00,55.125,55.24,55.06,55.23,393247,0
2014-02-28,16:00:00,55.07,55.63,54.99,55.25,139360,0
2014-02-28,17:00:00,55.25,55.46,55.16,55.26,245060,0
2014-02-28,18:00:00,55.26,55.32,55.0975,55.28,109712,0
2014-02-28,19:00:00,55.28,55.28,55.1,55.16,66844,0
2014-02-28,20:00:00,55.18,55.27,55.11,55.14,76203,0
2014-02-28,21:00:00,55.14,55.14,54.835,54.92,185320,0
2014-02-28,22:00:00,54.91,55.12,54.7,55.11,1212297,0
2014-03-03,16:00:00,54.72,55.096,54.72,55.06,86438,0
2014-03-03,17:00:00,55.1,55.23,54.81,55.22,206112,0
2014-03-03,18:00:00,55.23,55.23,54.85,54.92,119839,0
2014-03-03,19:00:00,54.92,55.12,54.75,55.11,92558,0
2014-03-03,20:00:00,55.12,55.285,55.08,55.23,81149,0
2014-03-03,21:00:00,55.23,55.285,55.08,55.245,83585,0
2014-03-03,22:00:00,55.24,55.24,54.9634,55.19,402093,0
2014-03-04,16:00:00,55.79,56.04,55.65,56.0399,99106,0
2014-03-04,17:00:00,56.04,56.16,55.99,56.15,118716,0
2014-03-04,18:00:00,56.16,56.17,55.97,56.09,109565,0
2014-03-04,19:00:00,56.1,56.16,56.05,56.05,114069,0
2014-03-04,20:00:00,56.05,56.0999,55.87,55.9125,116077,0
2014-03-04,21:00:00,55.9,55.915,55.72,55.8,115034,0
2014-03-04,22:00:00,55.81,56.22,55.81,56.22,450743,0
2014-03-05,16:00:00,56.08,56.55,55.79,56.2,126917,0
2014-03-05,17:00:00,56.19,56.47,56.18,56.41,162639,0
2014-03-05,18:00:00,56.42,56.57,56.23,56.57,257603,0
2014-03-05,19:00:00,56.57,56.66,56.5,56.63,317509,0
2014-03-05,20:00:00,56.63,56.65,56.26,56.27,98907,0
2014-03-05,21:00:00,56.28,56.3,56.07,56.17,117814,0
2014-03-05,22:00:00,56.17,56.25,56.11,56.22,709331,0
2014-03-06,16:00:00,56.48,56.55,56.24,56.3,43321,0
2014-03-06,17:00:00,56.33,56.38,56.14,56.37,99016,0
2014-03-06,18:00:00,56.38,56.48,56.28,56.41,84686,0
2014-03-06,19:00:00,56.41,56.46,56.32,56.36,57662,0
2014-03-06,20:00:00,56.36,56.42,56.15,56.15,66101,0
2014-03-06,21:00:00,56.15,56.27,56.12,56.17,80161,0
2014-03-06,22:00:00,56.17,56.21,56.05,56.17,380176,0
2014-03-07,16:00:00,56.17,56.408,55.8,55.93,130703,0
2014-03-07,17:00:00,55.92,56.24,55.83,56.09,61200,0
2014-03-07,18:00:00,56.09,56.105,55.79,56.1,106061,0
2014-03-07,19:00:00,56.08,56.08,55.9,55.97,61729,0
2014-03-07,20:00:00,55.97,55.97,55.7,55.87,77323,0
2014-03-07,21:00:00,55.87,55.87,55.655,55.77,70589,0
2014-03-07,22:00:00,55.77,55.89,55.66,55.88,213310,0
2014-03-10,15:00:00,55.83,55.93,55.59,55.61,56948,0
2014-03-10,16:00:00,55.65,55.66,55,55.04,143638,0
2014-03-10,17:00:00,55.04,55.41,55.02,55.32,87098,0
2014-03-10,18:00:00,55.34,55.415,55.3,55.37,69123,0
2014-03-10,19:00:00,55.37,55.38,55.15,55.2,101289,0
2014-03-10,20:00:00,55.18,55.405,55.1,55.37,97258,0
2014-03-10,21:00:00,55.38,55.41,55.13,55.15,330874,0
2014-03-11,15:00:00,55.2,55.39,52.14,55.13,117230,0
2014-03-11,16:00:00,55.16,55.55,55.12,55.54,119904,0
2014-03-11,17:00:00,55.5425,55.57,54.96,55.09,151327,0
2014-03-11,18:00:00,55.09,55.17,54.99,55.13,61460,0
2014-03-11,19:00:00,55.13,55.13,54.9,54.96,90228,0
2014-03-11,20:00:00,54.98,54.98,54.77,54.78,109230,0
2014-03-11,21:00:00,54.77,54.77,54.53,54.71,467712,0
2014-03-12,15:00:00,54.67,54.88,54.38,54.54,75718,0
2014-03-12,16:00:00,54.54,54.89,54.46,54.75,126146,0
2014-03-12,17:00:00,54.77,54.8825,54.7,54.75,80027,0
2014-03-12,18:00:00,54.73,54.75,54.58,54.75,68702,0
2014-03-12,19:00:00,54.75,54.83,54.62,54.7779,55921,0
2014-03-12,20:00:00,54.79,54.9,54.57,54.58,96345,0
2014-03-12,21:00:00,54.585,54.63,54.395,54.6,266235,0
2014-03-13,15:00:00,54.97,54.97,54.1,54.63,43337,0
2014-03-13,16:00:00,54.655,54.665,54.385,54.41,109057,0
2014-03-13,17:00:00,54.39,54.595,54.39,54.45,107485,0
2014-03-13,18:00:00,54.43,54.48,54.22,54.28,139588,0
2014-03-13,19:00:00,54.27,54.36,54.1049,54.31,185665,0
2014-03-13,20:00:00,54.31,54.41,54.18,54.3,160932,0
2014-03-13,21:00:00,54.3001,54.37,54.185,54.35,407330,0
2014-03-14,15:00:00,54.38,55.1,54.38,54.87,136681,0
2014-03-14,16:00:00,54.88,55.01,54.72,54.91,205730,0
2014-03-14,17:00:00,54.91,55.2,54.89,55.13,176238,0
2014-03-14,18:00:00,55.13,55.13,54.96,55.03,119787,0
2014-03-14,19:00:00,55.04,55.08,54.875,54.99,111515,0
2014-03-14,20:00:00,54.99,54.99,54.69,54.72,119344,0
2014-03-14,21:00:00,54.7,54.91,54.68,54.85,427385,0
2014-03-17,15:00:00,51.82,52,48.5501,49.18,2547858,0
2014-03-17,16:00:00,49.18,50.47,49.17,50.45,2819316,0
2014-03-17,17:00:00,50.46,50.97,50.45,50.79,1106729,0
2014-03-17,18:00:00,50.82,51.5,50.73,51.095,1443281,0
2014-03-17,19:00:00,51.09,51.21,50.68,50.925,1315962,0
2014-03-17,20:00:00,50.93,51.62,50.925,51.495,892280,0
2014-03-17,21:00:00,51.5,51.75,51.41,51.68,1836537,0
2014-03-18,15:00:00,51.68,52.73,51.6,52.4,335535,0
2014-03-18,16:00:00,52.4,52.54,52.3105,52.512,303853,0
2014-03-18,17:00:00,52.52,52.6,52.22,52.2234,237529,0
2014-03-18,18:00:00,52.23,52.48,52.23,52.41,184708,0
2014-03-18,19:00:00,52.42,52.6,52.21,52.5,260013,0
2014-03-18,20:00:00,52.49,52.57,52.34,52.39,330875,0
2014-03-18,21:00:00,52.39,52.45,52.31,52.41,652046,0
2014-03-19,15:00:00,52.54,52.66,52.32,52.66,71465,0
2014-03-19,16:00:00,52.66,52.75,52.485,52.55,279304,0
2014-03-19,17:00:00,52.55,52.72,52.54,52.6,141466,0
2014-03-19,18:00:00,52.61,52.9,52.59,52.85,240023,0
2014-03-19,19:00:00,52.84,53.2199,52.83,53.15,194943,0
2014-03-19,20:00:00,53.15,53.15,52.955,53.05,290429,0
2014-03-19,21:00:00,53.05,53.055,52.61,52.7,511294,0
2014-03-20,15:00:00,52.7,52.83,52.18,52.505,160234,0
2014-03-20,16:00:00,52.52,52.58,52.29,52.38,173115,0
2014-03-20,17:00:00,52.4,52.45,52.1875,52.42,157037,0
2014-03-20,18:00:00,52.43,52.61,52.33,52.51,158867,0
2014-03-20,19:00:00,52.52,52.57,52.37,52.45,149980,0
2014-03-20,20:00:00,52.46,52.6,52.41,52.54,186397,0
2014-03-20,21:00:00,52.51,52.54,52.33,52.41,475026,0
2014-03-21,15:00:00,52.55,52.9,52.42,52.88,144909,0
2014-03-21,16:00:00,52.85,52.93,52.77,52.93,197953,0
2014-03-21,17:00:00,52.94,52.96,52.52,52.57,197306,0
2014-03-21,18:00:00,52.58,52.85,52.58,52.82,137962,0
2014-03-21,19:00:00,52.82,52.82,52.585,52.585,137377,0
2014-03-21,20:00:00,52.59,52.74,52.47,52.65,229677,0
2014-03-21,21:00:00,52.65,52.81,52.59,52.78,2066285,0
2014-03-24,15:00:00,52.81,52.9,52.52,52.79,85776,0
2014-03-24,16:00:00,52.81,52.81,52.21,52.33,173595,0
2014-03-24,17:00:00,52.31,52.31,52.02,52.07,130829,0
2014-03-24,18:00:00,52.0401,52.14,51.92,51.96,111052,0
2014-03-24,19:00:00,51.96,52.2,51.92,52.2,109881,0
2014-03-24,20:00:00,52.2,52.3201,52.14,52.22,118059,0
2014-03-24,21:00:00,52.22,52.42,52.16,52.22,344554,0
2014-03-25,15:00:00,52.58,52.7,52.38,52.67,36159,0
2014-03-25,16:00:00,52.72,52.9,52.335,52.38,143292,0
2014-03-25,17:00:00,52.38,52.555,52.115,52.24,113303,0
2014-03-25,18:00:00,52.21,52.37,52.15,52.26,112469,0
2014-03-25,19:00:00,52.26,52.5,52.22,52.46,113053,0
2014-03-25,20:00:00,52.47,52.6,52.4,52.47,137029,0
2014-03-25,21:00:00,52.46,52.55,52.38,52.49,363809,0
2014-03-26,15:00:00,52.65,53.06,52.49,52.98,58128,0
2014-03-26,16:00:00,52.97,53.11,52.7,52.795,99817,0
2014-03-26,17:00:00,52.78,53.12,52.78,52.92,96830,0
2014-03-26,18:00:00,52.92,53.105,52.815,53.105,77840,0
2014-03-26,19:00:00,53.1,53.1,52.75,52.9,134729,0
2014-03-26,20:00:00,52.91,53.53,52.84,53.53,219183,0
2014-03-26,21:00:00,53.52,53.58,53.22,53.26,644027,0
2014-03-27,15:00:00,53.31,53.54,52.83,53.13,130179,0
2014-03-27,16:00:00,53.15,53.43,53.05,53.2,155504,0
2014-03-27,17:00:00,53.21,53.31,52.78,52.97,129848,0
2014-03-27,18:00:00,53.0075,53.33,52.85,53.23,129484,0
2014-03-27,19:00:00,53.24,53.465,53.23,53.43,159165,0
2014-03-27,20:00:00,53.43,53.43,53.18,53.38,220577,0
2014-03-27,21:00:00,53.37,53.53,53.3,53.32,570401,0
2014-03-28,15:00:00,53.36,53.92,53.11,53.59,83831,0
2014-03-28,16:00:00,53.58,53.99,53.58,53.92,94638,0
2014-03-28,17:00:00,53.92,53.93,53.7601,53.88,90654,0
2014-03-28,18:00:00,53.855,53.94,53.79,53.86,97559,0
2014-03-28,19:00:00,53.86,53.87,53.7,53.7197,85313,0
2014-03-28,20:00:00,53.72,53.72,53.315,53.505,386971,0
2014-03-28,21:00:00,53.51,53.67,53.38,53.49,713647,0
2014-03-31,16:00:00,53.6,54.215,53.565,54.08,130002,0
2014-03-31,17:00:00,54.05,54.12,53.79,53.88,213119,0
2014-03-31,18:00:00,53.88,53.91,53.67,53.85,191675,0
2014-03-31,19:00:00,53.85,54,53.82,53.9,90630,0
2014-03-31,20:00:00,53.9,53.92,53.74,53.88,168236,0
2014-03-31,21:00:00,53.87,53.9,53.68,53.78,133642,0
2014-03-31,22:00:00,53.78,53.93,53.76,53.9,367431,0
2014-04-01,16:00:00,54.04,54.47,54.04,54.05,128669,0
2014-04-01,17:00:00,54.1,54.12,53.84,53.93,324158,0
2014-04-01,18:00:00,53.91,53.9775,53.86,53.91,201970,0
2014-04-01,19:00:00,53.9,53.98,53.86,53.9,131710,0
2014-04-01,20:00:00,53.89,53.965,53.86,53.91,162791,0
2014-04-01,21:00:00,53.89,54,53.84,53.9225,244818,0
2014-04-01,22:00:00,53.915,54.05,53.88,53.95,698392,0
2014-04-02,16:00:00,54.36,54.36,53.85,53.87,117906,0
2014-04-02,17:00:00,53.88,54.04,53.8552,53.91,203526,0
2014-04-02,18:00:00,53.91,53.93,53.73,53.74,114028,0
2014-04-02,19:00:00,53.74,53.74,53.41,53.46,224078,0
2014-04-02,20:00:00,53.465,53.465,53.04,53.08,191742,0
2014-04-02,21:00:00,53.075,53.09,52.712,52.74,361179,0
2014-04-02,22:00:00,52.75,52.93,52.7,52.83,426195,0
2014-04-03,16:00:00,52.99,53.16,52.85,52.92,46551,0
2014-04-03,17:00:00,52.915,52.97,52.8,52.92,194356,0
2014-04-03,18:00:00,52.92,52.93,52.45,52.46,141967,0
2014-04-03,19:00:00,52.488,52.51,52.18,52.23,108080,0
2014-04-03,20:00:00,52.235,52.25,52.13,52.16,132172,0
2014-04-03,21:00:00,52.15,52.15,51.77,51.794,225847,0
2014-04-03,22:00:00,51.79,51.83,51.57,51.59,610821,0
2014-04-04,16:00:00,51.97,52.24,51.28,51.62,146708,0
2014-04-04,17:00:00,51.65,51.95,51.46,51.6125,273151,0
2014-04-04,18:00:00,51.62,51.7,50.9,50.95,192331,0
2014-04-04,19:00:00,50.95,50.97,50.67,50.74,191423,0
2014-04-04,20:00:00,50.74,50.96,50.6,50.96,381078,0
2014-04-04,21:00:00,50.952,50.99,50.6,50.65,237772,0
2014-04-04,22:00:00,50.65,50.87,50.565,50.73,638551,0
2014-04-07,16:00:00,50.74,51.31,50.41,51.05,137110,0
2014-04-07,17:00:00,51.05,51.14,50.59,50.75,222792,0
2014-04-07,18:00:00,50.72,50.845,50.46,50.48,146170,0
2014-04-07,19:00:00,50.48,50.77,50.44,50.69,266482,0
2014-04-07,20:00:00,50.72,50.75,50.45,50.47,185676,0
2014-04-07,21:00:00,50.47,50.69,50.22,50.6,213808,0
2014-04-07,22:00:00,50.61,50.85,50.45,50.46,728916,0
2014-04-08,16:00:00,50.52,51.08,50.38,50.67,92799,0
2014-04-08,17:00:00,50.66,50.82,50.46,50.69,281966,0
2014-04-08,18:00:00,50.69,51.05,50.3,50.685,803804,0
2014-04-08,19:00:00,50.67,50.95,50.63,50.64,478814,0
2014-04-08,20:00:00,50.65,51.09,50.645,50.97,249062,0
2014-04-08,21:00:00,50.97,50.98,50.63,50.79,238429,0
2014-04-08,22:00:00,50.8,50.94,50.67,50.68,908793,0
2014-04-09,16:00:00,51.39,51.48,50.83,51.15,165455,0
2014-04-09,17:00:00,51.13,51.23,51.01,51.02,246774,0
2014-04-09,18:00:00,51.01,51.24,50.95,51.17,163264,0
2014-04-09,19:00:00,51.17,51.26,51.12,51.12,133105,0
2014-04-09,20:00:00,51.13,51.16,50.93,50.94,120290,0
2014-04-09,21:00:00,50.96,51.36,50.95,51.25,204053,0
2014-04-09,22:00:00,51.25,51.33,51.19,51.25,685930,0
2014-04-10,16:00:00,51.25,51.492,50.92,51.08,151173,0
2014-04-10,17:00:00,51.09,51.24,50.91,50.97,239355,0
2014-04-10,18:00:00,50.94,50.94,50.57,50.71,209263,0
2014-04-10,19:00:00,50.7,50.76,50.49,50.52,209546,0
2014-04-10,20:00:00,50.53,50.63,50.22,50.58,218955,0
2014-04-10,21:00:00,50.58,50.71,50.45,50.47,234027,0
2014-04-10,22:00:00,50.47,50.48,50.18,50.18,505956,0
2014-04-11,16:00:00,50.43,50.43,49.68,49.88,129639,0
2014-04-11,17:00:00,49.87,49.91,49.45,49.575,302166,0
2014-04-11,18:00:00,49.57,49.58,49.03,49.47,603946,0
2014-04-11,19:00:00,49.49,49.79,49.35,49.6,637029,0
2014-04-11,20:00:00,49.62,49.64,49.26,49.32,340648,0
2014-04-11,21:00:00,49.32,49.42,48.99,49.2,322835,0
2014-04-11,22:00:00,49.19,49.4,48.96,49.03,545302,0
2014-04-14,16:00:00,49.43,49.79,49.3,49.35,73323,0
2014-04-14,17:00:00,49.32,49.99,49.3,49.98,170656,0
2014-04-14,18:00:00,49.98,49.98,49.6,49.62,109700,0
2014-04-14,19:00:00,49.61,49.77,49.56,49.63,92782,0
2014-04-14,20:00:00,49.64,49.68,49.26,49.26,112445,0
2014-04-14,21:00:00,49.26,49.43,49.17,49.21,326992,0
2014-04-14,22:00:00,49.21,49.22,48.9,49.18,484766,0
2014-04-15,16:00:00,49.45,49.73,49.14,49.7,45741,0
2014-04-15,17:00:00,49.68,49.71,48.84,48.88,179434,0
2014-04-15,18:00:00,48.87,49.09,48.67,48.74,201043,0
2014-04-15,19:00:00,48.72,48.765,48.54,48.55,158058,0
2014-04-15,20:00:00,48.56,49.05,48.53,49.03,280244,0
2014-04-15,21:00:00,49.03,49.65,49.03,49.56,207079,0
2014-04-15,22:00:00,49.55,49.87,49.42,49.725,601542,0
2014-04-16,16:00:00,49.6,50.46,49.56,50.16,127686,0
2014-04-16,17:00:00,50.14,50.37,49.96,50.18,263509,0
2014-04-16,18:00:00,50.18,50.77,50.135,50.7,235166,0
2014-04-16,19:00:00,50.71,50.9,50.61,50.62,266358,0
2014-04-16,20:00:00,50.6,50.63,50.32,50.47,260999,0
2014-04-16,21:00:00,50.47,50.71,50.36,50.71,173445,0
2014-04-16,22:00:00,50.7,50.7,50.42,50.58,364157,0
2014-04-17,16:00:00,50.65,50.65,50.23,50.56,86831,0
2014-04-17,17:00:00,50.55,50.84,50.39,50.61,192951,0
2014-04-17,18:00:00,50.62,50.74,50.41,50.44,108615,0
2014-04-17,19:00:00,50.46,50.76,50.455,50.75,97025,0
2014-04-17,20:00:00,50.75,50.945,50.74,50.87,92347,0
2014-04-17,21:00:00,50.89,50.89,50.69,50.74,95238,0
2014-04-17,22:00:00,50.74,50.83,50.65,50.65,181371,0
2014-04-21,16:00:00,50.83,51.05,50.61,50.69,49914,0
2014-04-21,17:00:00,50.71,50.83,50.28,50.43,157713,0
2014-04-21,18:00:00,50.44,50.8,50.431,50.7601,84098,0
2014-04-21,19:00:00,50.78,50.8,50.57,50.78,126400,0
2014-04-21,20:00:00,50.78,50.86,50.56,50.59,73886,0
2014-04-21,21:00:00,50.61,50.78,50.6,50.71,120936,0
2014-04-21,22:00:00,50.71,50.715,50.525,50.58,231226,0
2014-04-22,16:00:00,50.51,51.25,50.51,50.93,72552,0
2014-04-22,17:00:00,50.95,51.11,50.84,51.06,117250,0
2014-04-22,18:00:00,51.09,51.39,51.02,51.34,110527,0
2014-04-22,19:00:00,51.33,51.38,51.23,51.37,77492,0
2014-04-22,20:00:00,51.37,51.37,51.17,51.3,68528,0
2014-04-22,21:00:00,51.3,51.3,51.115,51.19,88734,0
2014-04-22,22:00:00,51.17,51.18,50.81,50.84,1207550,0
2014-04-23,16:00:00,50.82,50.94,50.45,50.59,128040,0
2014-04-23,17:00:00,50.58,50.81,50.33,50.56,156559,0
2014-04-23,18:00:00,50.6,50.8,50.55,50.8,144546,0
2014-04-23,19:00:00,50.8,50.8,50.31,50.31,132908,0
2014-04-23,20:00:00,50.3,50.34,50.03,50.03,174773,0
2014-04-23,21:00:00,50.05,50.06,49.8,49.96,236811,0
2014-04-23,22:00:00,49.96,50.13,49.91,50.03,969598,0
2014-04-24,16:00:00,50.13,50.43,49.51,49.52,230036,0
2014-04-24,17:00:00,49.5,49.51,49.11,49.44,573072,0
2014-04-24,18:00:00,49.43,49.58,49.11,49.32,359335,0
2014-04-24,19:00:00,49.33,49.46,49.07,49.3,285863,0
2014-04-24,20:00:00,49.29,49.36,48.99,48.99,261907,0
2014-04-24,21:00:00,49.01,49.34,48.99,49.16,321690,0
2014-04-24,22:00:00,49.16,49.31,49.12,49.25,684713,0
2014-04-25,16:00:00,48.94,49.09,47.8,48.15,297293,0
2014-04-25,17:00:00,48.1524,48.41,47.75,47.83,515582,0
2014-04-25,18:00:00,47.83,47.99,47.62,47.65,314913,0
2014-04-25,19:00:00,47.65,48.06,47.58,47.85,263801,0
2014-04-25,20:00:00,47.86,47.91,47.44,47.55,584975,0
2014-04-25,21:00:00,47.56,47.63,47.13,47.3,336352,0
2014-04-25,22:00:00,47.31,47.41,47.11,47.15,719285,0
2014-04-28,16:00:00,47.7,47.9,47.08,47.31,287909,0
2014-04-28,17:00:00,47.32,47.71,47.21,47.215,476416,0
2014-04-28,18:00:00,47.215,47.26,46.48,46.5,452599,0
2014-04-28,19:00:00,46.49,46.96,46.45,46.79,226841,0
2014-04-28,20:00:00,46.78,46.95,46.58,46.88,207302,0
2014-04-28,21:00:00,46.89,47.05,46.76,46.9,240279,0
2014-04-28,22:00:00,46.91,47.35,46.9,47.01,599190,0
2014-04-29,16:00:00,47.11,47.35,46.87,47.16,263198,0
2014-04-29,17:00:00,47.16,47.34,47.03,47.2,327835,0
2014-04-29,18:00:00,47.21,47.31,47.05,47.22,285602,0
2014-04-29,19:00:00,47.225,47.34,47.09,47.16,296883,0
2014-04-29,20:00:00,47.16,47.31,47,47.29,255676,0
2014-04-29,21:00:00,47.3,47.42,47.115,47.15,503773,0
2014-04-29,22:00:00,47.15,47.21,47,47.04,666899,0
2014-04-30,16:00:00,46.78,46.87,46.45,46.77,176750,0
2014-04-30,17:00:00,46.77,47.05,46.56,47.01,395006,0
2014-04-30,18:00:00,47.01,47.24,46.99,47.24,409483,0
2014-04-30,19:00:00,47.24,47.295,47.13,47.21,179104,0
2014-04-30,20:00:00,47.21,47.32,47.16,47.22,174759,0
2014-04-30,21:00:00,47.22,47.47,47.11,47.44,295640,0
2014-04-30,22:00:00,47.43,47.46,47.135,47.18,1289415,0
2014-05-01,16:00:00,48.97,48.97,47.09,47.185,123294,0
2014-05-01,17:00:00,47.185,47.58,46.92,47.47,375116,0
2014-05-01,18:00:00,47.46,47.64,47.38,47.59,255264,0
2014-05-01,19:00:00,47.59,47.72,47.51,47.59,206381,0
2014-05-01,20:00:00,47.58,47.84,47.54,47.59,330699,0
2014-05-01,21:00:00,47.585,47.78,47.49,47.55,323654,0
2014-05-01,22:00:00,47.55,47.72,47.51,47.6,444959,0
2014-05-02,16:00:00,47.23,47.98,47.23,47.69,81878,0
2014-05-02,17:00:00,47.69,48.29,47.63,48.155,453716,0
2014-05-02,18:00:00,48.12,48.5,48.1,48.395,351852,0
2014-05-02,19:00:00,48.4,48.5,48.185,48.47,175685,0
2014-05-02,20:00:00,48.46,48.47,48.07,48.29,189553,0
2014-05-02,21:00:00,48.27,48.55,48.24,48.52,287178,0
2014-05-02,22:00:00,48.53,48.545,48.315,48.42,708979,0
2014-05-05,16:00:00,48.1,48.215,47.67,48.13,124682,0
2014-05-05,17:00:00,48.14,48.365,48.04,48.28,203375,0
2014-05-05,18:00:00,48.27,48.38,48.22,48.36,181974,0
2014-05-05,19:00:00,48.36,48.37,48.12,48.12,137879,0
2014-05-05,20:00:00,48.13,48.275,48.08,48.24,230160,0
2014-05-05,21:00:00,48.245,48.35,48.21,48.3,161757,0
2014-05-05,22:00:00,48.3,48.32,48,48.03,479357,0
2014-05-06,16:00:00,47.77,48.1,47.54,47.56,106478,0
2014-05-06,17:00:00,47.55,47.92,47.5,47.77,207380,0
2014-05-06,18:00:00,47.76,48.04,47.71,48.04,195512,0
2014-05-06,19:00:00,48.04,48.1025,47.99,48.08,81885,0
2014-05-06,20:00:00,48.09,48.09,47.84,47.87,109391,0
2014-05-06,21:00:00,47.85,47.94,47.63,47.675,156694,0
2014-05-06,22:00:00,47.66,47.75,47.5,47.52,774921,0
2014-05-07,16:00:00,47.66,48.85,46.8801,46.8801,114882,0
2014-05-07,17:00:00,46.9,47.105,46.54,47.02,486690,0
2014-05-07,18:00:00,47.02,47.48,46.91,47.34,203045,0
2014-05-07,19:00:00,47.34,47.395,47,47.02,145845,0
2014-05-07,20:00:00,47.01,47.32,47.01,47.13,151452,0
2014-05-07,21:00:00,47.11,47.465,47.1,47.35,209425,0
2014-05-07,22:00:00,47.36,47.59,47.23,47.55,460456,0
