Date,Time,Open,High,Low,Close,Volume,OpenInt
2014-02-10,16:00:00,54.16,54.83,54.16,54.67,15872,0
2014-02-10,17:00:00,54.64,54.74,54.5,54.66,75724,0
2014-02-10,18:00:00,54.67,54.71,54.56,54.57,248510,0
2014-02-10,19:00:00,54.57,54.6862,54.455,54.47,13682,0
2014-02-10,20:00:00,54.54,54.655,54.51,54.555,20984,0
2014-02-10,21:00:00,54.5899,54.65,54.53,54.6,19210,0
2014-02-10,22:00:00,54.64,54.65,54.49,54.55,140927,0
2014-02-11,16:00:00,54.59,54.595,54.17,54.5,8430,0
2014-02-11,17:00:00,54.56,54.83,54.49,54.61,14874,0
2014-02-11,18:00:00,54.61,54.7225,54.46,54.5,37871,0
2014-02-11,19:00:00,54.5,54.56,54.48,54.5,25529,0
2014-02-11,20:00:00,54.5,54.66,54.47,54.6548,30505,0
2014-02-11,21:00:00,54.62,54.86,54.62,54.82,20880,0
2014-02-11,22:00:00,54.82,54.83,54.62,54.75,150347,0
2014-02-12,16:00:00,54.67,55.2,54.6,55.09,16292,0
2014-02-12,17:00:00,55.092,55.11,54.76,54.79,25159,0
2014-02-12,18:00:00,54.83,54.99,54.65,54.87,28953,0
2014-02-12,19:00:00,54.88,54.91,54.69,54.8,30736,0
2014-02-12,20:00:00,54.865,54.88,54.71,54.8,40715,0
2014-02-12,21:00:00,54.77,54.87,54.77,54.79,12600,0
2014-02-12,22:00:00,54.8,55,54.79,54.97,132313,0
2014-02-13,16:00:00,54.8,54.965,54.77,54.92,19434,0
2014-02-13,17:00:00,54.975,55.15,54.96,55.11,18648,0
2014-02-13,18:00:00,55.075,55.26,55,55.22,25042,0
2014-02-13,19:00:00,55.23,55.244,55.15,55.2,16616,0
2014-02-13,20:00:00,55.22,55.245,55.22,55.22,23990,0
2014-02-13,21:00:00,55.22,55.23,55.14,55.224,24658,0
2014-02-13,22:00:00,55.22,55.229,55.15,55.22,77931,0
2014-02-14,16:00:00,55.17,55.43,55.08,55.33,5486,0
2014-02-14,17:00:00,55.45,55.71,55.21,55.57,86307,0
2014-02-14,18:00:00,55.6,55.66,55.415,55.58,36734,0
2014-02-14,19:00:00,55.66,55.72,55.495,55.72,11970,0
2014-02-14,20:00:00,55.71,55.89,55.68,55.89,25228,0
2014-02-14,21:00:00,55.88,55.91,55.8049,55.9,21757,0
2014-02-14,22:00:00,55.9,55.99,55.86,55.96,112708,0
2014-02-18,16:00:00,56,56.36,55.989,55.99,16720,0
2014-02-18,17:00:00,55.99,56.33,55.75,56.285,24300,0
2014-02-18,18:00:00,56.26,56.47,56.16,56.46,65198,0
2014-02-18,19:00:00,56.53,56.69,56.36,56.63,47471,0
2014-02-18,20:00:00,56.69,56.72,56.26,56.3,60910,0
2014-02-18,21:00:00,56.31,56.72,56.31,56.66,35286,0
2014-02-18,22:00:00,56.66,56.905,56.63,56.74,113016,0
2014-02-19,16:00:00,62.76,63.82,60.99,62.91,255369,0
2014-02-19,17:00:00,62.92,64.605,62.82,63.7,284345,0
2014-02-19,18:00:00,63.67,64.56,63.27,64.156,255943,0
2014-02-19,19:00:00,64.06,64.33,63.56,63.985,77950,0
2014-02-19,20:00:00,63.97,64.16,63.64,64.09,150825,0
2014-02-19,21:00:00,64.1775,64.75,64.03,64.33,80933,0
2014-02-19,22:00:00,64.3199,64.99,64.2,64.86,445079,0
2014-02-20,16:00:00,64.99,65.92,64.918,65.56,124554,0
2014-02-20,17:00:00,65.6,65.64,65.2,65.34,226975,0
2014-02-20,18:00:00,65.305,65.51,65.24,65.45,133121,0
2014-02-20,19:00:00,65.46,65.85,65.43,65.565,71464,0
2014-02-20,20:00:00,65.61,65.61,65.3,65.31,87214,0
2014-02-20,21:00:00,65.31,65.59,65.28,65.56,157568,0
2014-02-20,22:00:00,65.5,65.54,65,65.43,215565,0
2014-02-21,16:00:00,65.5,66.22,65.11,66.22,72344,0
2014-02-21,17:00:00,66.219,67.04,65.8925,66.8,89767,0
2014-02-21,18:00:00,66.8593,66.9,66.42,66.53,85650,0
2014-02-21,19:00:00,66.55,66.67,66.33,66.54,86970,0
2014-02-21,20:00:00,66.55,66.569,66.05,66.05,69786,0
2014-02-21,21:00:00,66.05,66.11,65.83,66.01,147152,0
2014-02-21,22:00:00,66.01,66.26,65.71,66.24,279471,0
2014-02-24,16:00:00,66.25,66.55,65.81,66.43,35549,0
2014-02-24,17:00:00,66.44,66.44,66.15,66.2205,155811,0
2014-02-24,18:00:00,66.176,66.84,66.06,66.83,228375,0
2014-02-24,19:00:00,66.878,67.34,66.715,67.28,32511,0
2014-02-24,20:00:00,67.33,67.48,67.12,67.165,32776,0
2014-02-24,21:00:00,67.06,67.31,66.7501,66.91,54395,0
2014-02-24,22:00:00,66.83,66.9,66.69,66.8,107410,0
2014-02-25,16:00:00,67.2,67.84,66.89,66.98,35613,0
2014-02-25,17:00:00,66.94,67.552,66.83,67.46,58995,0
2014-02-25,18:00:00,67.46,68.19,67.46,67.91,55610,0
2014-02-25,19:00:00,67.81,68.17,67.72,68.13,49192,0
2014-02-25,20:00:00,68.1399,68.19,67.84,67.9,24473,0
2014-02-25,21:00:00,67.905,68.025,67.71,67.73,22112,0
2014-02-25,22:00:00,67.72,68.29,67.72,68.26,154078,0
2014-02-26,16:00:00,68.56,68.9499,67.91,67.91,19229,0
2014-02-26,17:00:00,68.02,68.89,68.02,68.76,83626,0
2014-02-26,18:00:00,68.76,69.05,68.68,68.87,47582,0
2014-02-26,19:00:00,68.87,69.37,68.87,69.37,38536,0
2014-02-26,20:00:00,69.35,69.42,69.29,69.33,62936,0
2014-02-26,21:00:00,69.3,69.35,68.74,68.78,58286,0
2014-02-26,22:00:00,68.78,69.29,68.66,69.19,162483,0
2014-02-27,16:00:00,68.85,69.35,68.85,69.25,20251,0
2014-02-27,17:00:00,69.25,69.28,68.57,68.57,35173,0
2014-02-27,18:00:00,68.56,68.78,68.55,68.7,40407,0
2014-02-27,19:00:00,68.725,68.75,68.57,68.65,38426,0
2014-02-27,20:00:00,68.62,68.72,68.54,68.72,54183,0
2014-02-27,21:00:00,68.72,68.77,68.46,68.61,58255,0
2014-02-27,22:00:00,68.6,68.72,68.42,68.68,126087,0
2014-02-28,16:00:00,68.71,69.21,68.66,69.19,6900,0
2014-02-28,17:00:00,69.17,69.688,69.11,69.41,32696,0
2014-02-28,18:00:00,69.4892,69.589,69.32,69.44,59611,0
2014-02-28,19:00:00,69.5,69.63,69.325,69.4999,41620,0
2014-02-28,20:00:00,69.46,69.74,69.31,69.56,51117,0
2014-02-28,21:00:00,69.58,69.92,69.51,69.58,37848,0
2014-02-28,22:00:00,69.59,69.59,68.91,68.99,198614,0
2014-03-03,16:00:00,68.89,69.35,68.581,68.85,29436,0
2014-03-03,17:00:00,68.98,69.09,68.42,68.84,68110,0
2014-03-03,18:00:00,68.8,68.88,68.65,68.86,56660,0
2014-03-03,19:00:00,68.84,69.15,68.74,69.15,40757,0
2014-03-03,20:00:00,69.15,69.49,69.15,69.42,28467,0
2014-03-03,21:00:00,69.48,69.56,69.24,69.36,33195,0
2014-03-03,22:00:00,69.37,69.57,68.9236,69.2,106011,0
2014-03-04,16:00:00,70.49,70.83,70.2,70.7,33990,0
2014-03-04,17:00:00,70.74,70.996,70.53,70.95,51197,0
2014-03-04,18:00:00,71,71.134,70.87,71.13,74693,0
2014-03-04,19:00:00,71.1,71.29,70.988,71.11,29625,0
2014-03-04,20:00:00,71.11,71.38,70.98,71.32,48731,0
2014-03-04,21:00:00,71.3,71.436,71.21,71.42,45232,0
2014-03-04,22:00:00,71.42,71.62,71.27,71.56,119484,0
2014-03-05,16:00:00,71.68,71.7,71.21,71.312,16372,0
2014-03-05,17:00:00,71.31,72.03,71.18,71.8,55072,0
2014-03-05,18:00:00,71.761,71.83,71.12,71.41,46200,0
2014-03-05,19:00:00,71.45,71.59,71.375,71.59,68245,0
2014-03-05,20:00:00,71.58,71.6,71.421,71.58,26159,0
2014-03-05,21:00:00,71.61,71.87,71.49,71.87,51620,0
2014-03-05,22:00:00,71.85,72.13,71.75,71.8,95766,0
2014-03-06,16:00:00,71.82,72.76,71.7,72.016,10706,0
2014-03-06,17:00:00,71.92,71.92,71.21,71.21,129303,0
2014-03-06,18:00:00,71.18,71.3,71.08,71.18,36492,0
2014-03-06,19:00:00,71.225,71.27,70.95,71.14,30669,0
2014-03-06,20:00:00,71.19,71.54,71.14,71.46,41270,0
2014-03-06,21:00:00,71.45,71.52,71.2203,71.23,48650,0
2014-03-06,22:00:00,71.24,71.25,70.87,70.99,124701,0
2014-03-07,16:00:00,71.12,71.2999,70.57,70.64,10220,0
2014-03-07,17:00:00,70.65,71.2186,70.64,71.04,20837,0
2014-03-07,18:00:00,70.97,71.01,70.64,70.86,29550,0
2014-03-07,19:00:00,70.82,70.85,70.46,70.46,34920,0
2014-03-07,20:00:00,70.47,70.716,70.46,70.58,22373,0
2014-03-07,21:00:00,70.65,70.75,70.41,70.48,39273,0
2014-03-07,22:00:00,70.47,70.67,70.42,70.61,91796,0
2014-03-10,15:00:00,70.64,70.96,70.36,70.51,15100,0
2014-03-10,16:00:00,70.51,70.59,69.87,69.935,31372,0
2014-03-10,17:00:00,69.9,69.94,69.58,69.73,32480,0
2014-03-10,18:00:00,69.74,69.99,69.69,69.965,19217,0
2014-03-10,19:00:00,69.94,69.955,69.75,69.765,18355,0
2014-03-10,20:00:00,69.78,69.82,69.44,69.71,68460,0
2014-03-10,21:00:00,69.69,69.74,69.49,69.65,120245,0
2014-03-11,15:00:00,69.808,69.87,69.12,69.25,25882,0
2014-03-11,16:00:00,69.16,69.18,68.69,68.92,74701,0
2014-03-11,17:00:00,68.93,68.95,68.31,68.41,39527,0
2014-03-11,18:00:00,68.41,68.41,68.15,68.22,32788,0
2014-03-11,19:00:00,68.21,68.59,68.01,68.5601,48785,0
2014-03-11,20:00:00,68.6,68.71,68.39,68.68,49335,0
2014-03-11,21:00:00,68.67,68.88,68.45,68.81,153003,0
2014-03-12,15:00:00,68.59,68.79,68.14,68.44,30022,0
2014-03-12,16:00:00,68.38,68.71,68.33,68.61,57317,0
2014-03-12,17:00:00,68.6,68.97,68.44,68.48,60806,0
2014-03-12,18:00:00,68.43,68.624,68.28,68.38,67531,0
2014-03-12,19:00:00,68.44,68.795,68.35,68.59,76030,0
2014-03-12,20:00:00,68.59,68.73,68.47,68.5,57383,0
2014-03-12,21:00:00,68.485,68.61,68.36,68.58,214384,0
2014-03-13,15:00:00,68.95,69.18,68.775,68.82,41842,0
2014-03-13,16:00:00,68.84,69.07,68.67,68.96,72183,0
2014-03-13,17:00:00,68.97,69.18,68.92,69.18,24621,0
2014-03-13,18:00:00,69.145,69.18,68.81,68.81,43046,0
2014-03-13,19:00:00,68.77,69.03,68.51,68.9,32573,0
2014-03-13,20:00:00,68.98,69.07,68.81,68.9,41368,0
2014-03-13,21:00:00,68.89,69.0096,68.69,68.94,90229,0
2014-03-14,15:00:00,69.05,69.38,68.72,68.72,71295,0
2014-03-14,16:00:00,68.66,68.93,68.35,68.35,36233,0
2014-03-14,17:00:00,68.52,69.05,68.52,68.76,24861,0
2014-03-14,18:00:00,68.88,68.94,68.48,68.83,16703,0
2014-03-14,19:00:00,68.928,68.928,68.715,68.79,18689,0
2014-03-14,20:00:00,68.854,69.13,68.766,68.92,27816,0
2014-03-14,21:00:00,68.83,69.05,68.8,68.92,63615,0
2014-03-17,15:00:00,69.1,69.61,69,69.43,129729,0
2014-03-17,16:00:00,69.38,69.4399,69.152,69.2999,154968,0
2014-03-17,17:00:00,69.3,69.7199,69.228,69.66,70962,0
2014-03-17,18:00:00,69.69,69.92,69.65,69.82,70807,0
2014-03-17,19:00:00,69.82,69.835,69.5225,69.71,188686,0
2014-03-17,20:00:00,69.72,69.84,69.67,69.76,66683,0
2014-03-17,21:00:00,69.76,69.79,69.44,69.5,131340,0
2014-03-18,15:00:00,69.33,69.79,69.26,69.59,19073,0
2014-03-18,16:00:00,69.7,70.17,69.7,69.88,19190,0
2014-03-18,17:00:00,69.99,69.99,69.69,69.74,16526,0
2014-03-18,18:00:00,69.71,70.07,69.71,69.89,15600,0
2014-03-18,19:00:00,69.93,70.27,69.84,70.17,15622,0
2014-03-18,20:00:00,70.22,70.37,70.17,70.34,18924,0
2014-03-18,21:00:00,70.31,70.31,69.88,70.02,73294,0
2014-03-19,15:00:00,69.91,70.7,69.84,70.7,32687,0
2014-03-19,16:00:00,70.69,70.69,70.21,70.5,23400,0
2014-03-19,17:00:00,70.44,71.01,70.41,70.96,53610,0
2014-03-19,18:00:00,70.9715,70.9715,70.64,70.83,27956,0
2014-03-19,19:00:00,70.72,70.82,70.36,70.73,30651,0
2014-03-19,20:00:00,70.65,70.86,70.37,70.79,48946,0
2014-03-19,21:00:00,70.78,70.92,70.51,70.74,102673,0
2014-03-20,15:00:00,70.3901,70.79,70.32,70.6,12526,0
2014-03-20,16:00:00,70.62,71.49,70.34,71.41,51679,0
2014-03-20,17:00:00,71.4,71.409,70.87,70.87,23706,0
2014-03-20,18:00:00,70.83,71.3,70.79,71.12,17200,0
2014-03-20,19:00:00,71.16,71.24,70.59,70.67,31058,0
2014-03-20,20:00:00,70.69,70.85,70.67,70.76,20198,0
2014-03-20,21:00:00,70.73,71.12,70.64,71.05,90435,0
2014-03-21,15:00:00,71.21,71.5,71.08,71.08,168914,0
2014-03-21,16:00:00,71.04,71.161,70.8,71.1,24678,0
2014-03-21,17:00:00,71.0854,71.85,71.0854,71.85,25004,0
2014-03-21,18:00:00,71.81,71.87,71.75,71.79,18598,0
2014-03-21,19:00:00,71.79,71.81,71.13,71.18,16749,0
2014-03-21,20:00:00,71.17,71.26,70.86,71.09,30398,0
2014-03-21,21:00:00,71.1,71.21,70.91,71.18,702668,0
2014-03-24,15:00:00,71.36,71.45,70.92,71.09,78540,0
2014-03-24,16:00:00,71,71.09,69.87,69.91,37500,0
2014-03-24,17:00:00,69.94,70.01,69.58,69.68,22599,0
2014-03-24,18:00:00,69.69,69.74,69.47,69.62,18123,0
2014-03-24,19:00:00,69.71,70.13,69.71,70.13,20753,0
2014-03-24,20:00:00,70.12,70.31,69.8901,70.12,27258,0
2014-03-24,21:00:00,70.1,70.49,70.03,70.19,54211,0
2014-03-25,15:00:00,70.78,71.642,70.3,71.49,23815,0
2014-03-25,16:00:00,71.55,71.59,70.69,70.72,25995,0
2014-03-25,17:00:00,70.71,71,70.22,70.22,19551,0
2014-03-25,18:00:00,70.4,70.575,70.05,70.23,64065,0
2014-03-25,19:00:00,70.23,70.75,70.23,70.49,22509,0
2014-03-25,20:00:00,70.48,70.67,70.37,70.44,60238,0
2014-03-25,21:00:00,70.46,70.622,70.36,70.45,90722,0
2014-03-26,15:00:00,70.45,70.88,70.08,70.08,13417,0
2014-03-26,16:00:00,70.03,70.306,69.39,69.45,25463,0
2014-03-26,17:00:00,69.505,69.71,69.32,69.33,9357,0
2014-03-26,18:00:00,69.35,69.6,69.2863,69.46,6590,0
2014-03-26,19:00:00,69.42,69.42,68.62,68.98,14802,0
2014-03-26,20:00:00,68.98,69.26,68.765,69.26,12770,0
2014-03-26,21:00:00,69.18,69.24,68.74,68.79,28805,0
2014-03-27,15:00:00,68.75,68.81,68.35,68.68,10475,0
2014-03-27,16:00:00,68.66,69.11,68.41,68.4869,26726,0
2014-03-27,17:00:00,68.4301,68.6,68.25,68.37,39587,0
2014-03-27,18:00:00,68.37,68.71,68.06,68.39,40828,0
2014-03-27,19:00:00,68.52,68.79,68.2001,68.47,35851,0
2014-03-27,20:00:00,68.54,68.55,68.22,68.26,20028,0
2014-03-27,21:00:00,68.2501,68.75,68.13,68.71,59485,0
2014-03-28,15:00:00,68.8,69.225,68.45,69.165,16026,0
2014-03-28,16:00:00,69.1825,69.34,69.02,69.26,29715,0
2014-03-28,17:00:00,69.225,69.259,68.935,69.08,19438,0
2014-03-28,18:00:00,69.1,69.23,69,69.14,11500,0
2014-03-28,19:00:00,69.085,69.15,68.88,69.01,15358,0
2014-03-28,20:00:00,69.02,69.02,68.56,68.59,30645,0
2014-03-28,21:00:00,68.72,68.82,68.374,68.71,118097,0
2014-03-31,16:00:00,69.2,69.6,68.72,69.51,6679,0
2014-03-31,17:00:00,69.47,69.755,69.24,69.72,35398,0
2014-03-31,18:00:00,69.71,69.71,69.39,69.4,19800,0
2014-03-31,19:00:00,69.4,69.67,69.39,69.59,27306,0
2014-03-31,20:00:00,69.61,69.83,69.5,69.65,27225,0
2014-03-31,21:00:00,69.66,69.8089,69.54,69.58,16430,0
2014-03-31,22:00:00,69.58,69.66,69.38,69.41,32738,0
2014-04-01,16:00:00,69.6,70.29,69.22,69.87,17910,0
2014-04-01,17:00:00,69.86,70.4,69.86,69.97,40929,0
2014-04-01,18:00:00,70.025,70.025,69.82,69.94,48997,0
2014-04-01,19:00:00,69.94,69.99,69.84,69.95,35776,0
2014-04-01,20:00:00,69.85,69.97,69.5,69.5,29503,0
2014-04-01,21:00:00,69.5,69.55,69.45,69.49,46961,0
2014-04-01,22:00:00,69.46,69.65,69.42,69.58,154189,0
2014-04-02,16:00:00,69.92,70.3575,69.69,69.69,169360,0
2014-04-02,17:00:00,69.54,69.805,69.29,69.745,160499,0
2014-04-02,18:00:00,69.735,69.78,69.4,69.7,30018,0
2014-04-02,19:00:00,69.66,69.73,69.55,69.65,22900,0
2014-04-02,20:00:00,69.71,69.71,69.43,69.5,39884,0
2014-04-02,21:00:00,69.55,69.63,69.41,69.53,43705,0
2014-04-02,22:00:00,69.64,69.75,69.48,69.73,107071,0
2014-04-03,16:00:00,70.09,70.1,69.61,69.61,14400,0
2014-04-03,17:00:00,69.83,69.95,69.18,69.46,23110,0
2014-04-03,18:00:00,69.51,69.7,69.51,69.59,22851,0
2014-04-03,19:00:00,69.58,69.74,69.21,69.5,26650,0
2014-04-03,20:00:00,69.5,69.58,69.43,69.43,28200,0
2014-04-03,21:00:00,69.47,69.59,69.111,69.48,28751,0
2014-04-03,22:00:00,69.47,69.56,69.4025,69.52,100538,0
2014-04-04,16:00:00,69.575,69.6,69.3,69.3,18100,0
2014-04-04,17:00:00,69.29,69.55,69.28,69.28,50626,0
2014-04-04,18:00:00,69.24,69.32,68.19,68.26,36546,0
2014-04-04,19:00:00,68.29,68.29,67.59,67.81,58949,0
2014-04-04,20:00:00,67.82,68.3,67.82,68.08,36612,0
2014-04-04,21:00:00,68.07,68.39,67.98,68.03,56822,0
2014-04-04,22:00:00,68.04,68.27,68,68.22,108007,0
2014-04-07,16:00:00,68.18,68.58,67.321,68.55,53592,0
2014-04-07,17:00:00,68.39,68.5,67.91,68,100304,0
2014-04-07,18:00:00,67.95,68.06,67.54,67.54,36573,0
2014-04-07,19:00:00,67.51,67.99,67.51,67.99,42796,0
2014-04-07,20:00:00,68,68,67.5,67.5,24531,0
2014-04-07,21:00:00,67.5,67.829,67.3,67.72,50973,0
2014-04-07,22:00:00,67.755,67.98,67.51,67.67,243900,0
2014-04-08,16:00:00,66.6738,68.25,66.6738,67.96,36645,0
2014-04-08,17:00:00,68,68.2284,67.72,68.1,64217,0
2014-04-08,18:00:00,68.1,68.5,68,68.22,48873,0
2014-04-08,19:00:00,68.22,68.55,68.045,68.38,19995,0
2014-04-08,20:00:00,68.368,68.443,68.24,68.35,20885,0
2014-04-08,21:00:00,68.39,68.43,68.045,68.3,17368,0
2014-04-08,22:00:00,68.24,68.45,68.06,68.34,70238,0
2014-04-09,16:00:00,68.29,68.65,68.03,68.38,48239,0
2014-04-09,17:00:00,68.21,68.63,68.06,68.49,40178,0
2014-04-09,18:00:00,68.5,69.12,68.43,69.12,75267,0
2014-04-09,19:00:00,69.09,69.43,68.94,69,53177,0
2014-04-09,20:00:00,68.99,69.05,68.91,68.96,27673,0
2014-04-09,21:00:00,69,69.055,68.91,68.95,58258,0
2014-04-09,22:00:00,68.97,69.05,68.89,69.01,106166,0
2014-04-10,16:00:00,68.71,69.34,68.64,68.83,8207,0
2014-04-10,17:00:00,68.82,69.21,68.68,68.68,29062,0
2014-04-10,18:00:00,68.63,68.63,67.97,68,31359,0
2014-04-10,19:00:00,67.99,67.99,67.52,67.52,29900,0
2014-04-10,20:00:00,67.53,67.69,67.48,67.69,40115,0
2014-04-10,21:00:00,67.69,67.78,67.53,67.64,28950,0
2014-04-10,22:00:00,67.6,68.01,67.49,67.77,104407,0
2014-04-11,16:00:00,66.78,67.95,66.78,67.82,11670,0
2014-04-11,17:00:00,67.84,68.21,67.52,68.11,67768,0
2014-04-11,18:00:00,68.04,68.04,67.21,67.22,59188,0
2014-04-11,19:00:00,67.285,67.415,66.95,67.1,17100,0
2014-04-11,20:00:00,67.101,67.21,66.86,67,26119,0
2014-04-11,21:00:00,67,67.1,66.81,66.9,81835,0
2014-04-11,22:00:00,66.84,66.98,66.64,66.79,146105,0
2014-04-14,16:00:00,67.99,68.11,67.45,67.72,42144,0
2014-04-14,17:00:00,67.71,68.11,67.53,68.1,84562,0
2014-04-14,18:00:00,68.14,68.25,67.95,68.18,83654,0
2014-04-14,19:00:00,68.17,68.59,68.16,68.29,36445,0
2014-04-14,20:00:00,68.28,68.3,68,68.07,41814,0
2014-04-14,21:00:00,68.05,68.05,67.75,67.88,36461,0
2014-04-14,22:00:00,67.85,68.45,67.64,68.28,226069,0
2014-04-15,16:00:00,71.1,71.7399,67.65,67.752,776936,0
2014-04-15,17:00:00,67.72,67.91,62.36,62.799,1442574,0
2014-04-15,18:00:00,62.79,64.5999,62.76,63.31,418962,0
2014-04-15,19:00:00,63.34,63.4499,61.25,61.57,202766,0
2014-04-15,20:00:00,61.5801,61.59,60.22,60.51,361046,0
2014-04-15,21:00:00,60.56,61.65,60.06,61.4401,424345,0
2014-04-15,22:00:00,61.54,62.15,60.85,61.39,699974,0
2014-04-16,16:00:00,62.65,63.32,61.55,62.23,287758,0
2014-04-16,17:00:00,62.235,63.44,61.92,63.01,369393,0
2014-04-16,18:00:00,63.02,63.05,62.58,62.905,210001,0
2014-04-16,19:00:00,62.905,63.015,62.415,62.89,252755,0
2014-04-16,20:00:00,62.855,64.44,62.76,63.955,452651,0
2014-04-16,21:00:00,63.97,64.09,63.58,63.628,219690,0
2014-04-16,22:00:00,63.685,64.215,63.6,63.9,666546,0
2014-04-17,16:00:00,64.18,64.24,63.37,63.72,37648,0
2014-04-17,17:00:00,63.7175,64.4296,63.59,64.14,165229,0
2014-04-17,18:00:00,64.07,64.31,63.9,64.065,163736,0
2014-04-17,19:00:00,64.13,64.285,63.955,64.03,82602,0
2014-04-17,20:00:00,64.02,64.12,63.62,63.9411,64112,0
2014-04-17,21:00:00,63.93,64.06,63.66,63.66,106388,0
2014-04-17,22:00:00,63.65,63.915,63.38,63.52,170368,0
2014-04-21,16:00:00,63.84,64.65,63.6,64.34,231116,0
2014-04-21,17:00:00,64.34,64.34,63.59,63.72,335584,0
2014-04-21,18:00:00,63.76,64.13,63.74,63.959,318020,0
2014-04-21,19:00:00,63.87,64.21,63.86,64.1,153443,0
2014-04-21,20:00:00,64.15,64.19,63.87,63.97,57020,0
2014-04-21,21:00:00,63.93,64.09,63.9,63.985,97661,0
2014-04-21,22:00:00,64,64.35,63.96,64.35,224126,0
2014-04-22,16:00:00,64.3,66.17,63.94,65.99,339446,0
2014-04-22,17:00:00,65.99,66.54,65.9201,66.15,253113,0
2014-04-22,18:00:00,66.18,66.8,66.18,66.54,281427,0
2014-04-22,19:00:00,66.591,66.69,66.36,66.36,81906,0
2014-04-22,20:00:00,66.37,66.57,66.015,66.57,142215,0
2014-04-22,21:00:00,66.57,67.01,66.56,66.88,209709,0
2014-04-22,22:00:00,66.87,67.05,66.69,66.99,514841,0
2014-04-23,16:00:00,67,67.49,66.52,66.705,38710,0
2014-04-23,17:00:00,66.61,66.97,66.3,66.77,108383,0
2014-04-23,18:00:00,66.69,66.88,66.51,66.7775,73888,0
2014-04-23,19:00:00,66.73,66.98,66.65,66.91,143638,0
2014-04-23,20:00:00,66.94,67.38,66.88,67.33,174464,0
2014-04-23,21:00:00,67.32,67.67,67.22,67.67,183212,0
2014-04-23,22:00:00,67.67,68.03,67.67,68,388827,0
2014-04-24,16:00:00,68.08,68.48,67.05,67.69,104393,0
2014-04-24,17:00:00,67.65,68.4,67.47,68.32,97923,0
2014-04-24,18:00:00,68.39,69.43,68.31,69.11,162772,0
2014-04-24,19:00:00,69.09,69.605,69.09,69.56,165686,0
2014-04-24,20:00:00,69.57,69.78,69.05,69.2,106475,0
2014-04-24,21:00:00,69.2,69.35,69.13,69.21,143451,0
2014-04-24,22:00:00,69.22,69.36,69.2,69.3,279881,0
2014-04-25,16:00:00,69.06,69.06,68.16,68.59,31387,0
2014-04-25,17:00:00,68.32,68.32,67.4281,67.5,84696,0
2014-04-25,18:00:00,67.49,67.82,67.26,67.7,34280,0
2014-04-25,19:00:00,67.83,67.87,67.56,67.74,67200,0
2014-04-25,20:00:00,67.63,67.79,67.54,67.7,33378,0
2014-04-25,21:00:00,67.69,67.91,67.56,67.565,50466,0
2014-04-25,22:00:00,67.59,67.8,67.56,67.7,101792,0
2014-04-28,16:00:00,67.71,67.91,66.87,67.58,21729,0
2014-04-28,17:00:00,67.66,68.1099,67.25,67.44,51002,0
2014-04-28,18:00:00,67.43,67.7,66.0501,66.14,134307,0
2014-04-28,19:00:00,66.13,66.23,65.75,65.78,65651,0
2014-04-28,20:00:00,65.79,65.91,65.44,65.82,63218,0
2014-04-28,21:00:00,65.85,66.45,65.71,66.35,52609,0
2014-04-28,22:00:00,66.31,67.29,66.31,67.02,107623,0
2014-04-29,16:00:00,67.26,67.89,65.671,67.3,35385,0
2014-04-29,17:00:00,67.3,67.92,67.05,67.8,171380,0
2014-04-29,18:00:00,67.78,68.13,67.405,67.42,39742,0
2014-04-29,19:00:00,67.39,67.66,67.32,67.51,35522,0
2014-04-29,20:00:00,67.5,67.58,67.12,67.23,36721,0
2014-04-29,21:00:00,67.23,67.89,67.17,67.87,77273,0
2014-04-29,22:00:00,67.87,67.93,67.42,67.52,86560,0
2014-04-30,16:00:00,67.61,68.06,67.3201,67.73,29744,0
2014-04-30,17:00:00,67.63,68.03,67.43,67.95,107520,0
2014-04-30,18:00:00,67.95,68.39,67.86,68.325,51362,0
2014-04-30,19:00:00,68.338,68.5,68.26,68.44,51897,0
2014-04-30,20:00:00,68.49,69.14,68.44,69.1,136149,0
2014-04-30,21:00:00,69.08,69.27,68.88,69.16,128821,0
2014-04-30,22:00:00,69.18,69.62,69.1,69.44,442030,0
2014-05-01,16:00:00,69.33,70.58,69.33,70.4,279666,0
2014-05-01,17:00:00,70.4,70.71,69.72,70.59,353466,0
2014-05-01,18:00:00,70.62,71.08,70.42,71,112322,0
2014-05-01,19:00:00,70.98,71,70.47,70.57,75228,0
2014-05-01,20:00:00,70.5,70.71,70.465,70.57,99934,0
2014-05-01,21:00:00,70.47,70.66,70.47,70.52,95748,0
2014-05-01,22:00:00,70.5358,70.67,70.41,70.53,248931,0
2014-05-02,16:00:00,70.51,71.46,69.84,70.21,49193,0
2014-05-02,17:00:00,70.2,70.96,70.09,70.93,126414,0
2014-05-02,18:00:00,70.84,71.11,70.51,71.01,274984,0
2014-05-02,19:00:00,70.992,71.53,70.94,71.4596,164983,0
2014-05-02,20:00:00,71.42,71.51,70.89,71.09,155935,0
2014-05-02,21:00:00,71.07,71.45,70.99,71.26,120066,0
2014-05-02,22:00:00,71.26,72.02,71.145,72.02,413490,0
2014-05-05,16:00:00,71.83,71.83,70.67,71.66,120242,0
2014-05-05,17:00:00,71.62,72.46,71.29,72.14,369374,0
2014-05-05,18:00:00,72.11,72.37,71.625,72.275,90143,0
2014-05-05,19:00:00,72.32,72.9,72.31,72.505,118988,0
2014-05-05,20:00:00,72.5,72.51,72,72.12,52461,0
2014-05-05,21:00:00,72.1,72.27,71.89,72.21,57071,0
2014-05-05,22:00:00,72.19,72.46,72.13,72.2,246592,0
2014-05-06,16:00:00,70.62,72.82,70.5,72.55,138812,0
2014-05-06,17:00:00,72.61,73.1,71.85,72.2,311331,0
2014-05-06,18:00:00,72.18,73.1,72.081,72.79,199933,0
2014-05-06,19:00:00,72.7299,72.915,72.33,72.42,71891,0
2014-05-06,20:00:00,72.42,73.43,72.42,72.59,351950,0
2014-05-06,21:00:00,72.64,73.08,72.61,72.94,189639,0
2014-05-06,22:00:00,72.88,74.06,72.85,73.99,412484,0
2014-05-07,16:00:00,73.74,74.23,72.83,73.54,213307,0
2014-05-07,17:00:00,73.54,73.65,73.11,73.518,226712,0
2014-05-07,18:00:00,73.495,74.07,73.19,74.025,137658,0
2014-05-07,19:00:00,74.01,74.12,73.66,73.9,116846,0
2014-05-07,20:00:00,73.9,74.28,73.82,74.05,90875,0
2014-05-07,21:00:00,74.06,74.25,74,74.226,122255,0
2014-05-07,22:00:00,74.23,74.87,73.96,74.725,339535,0
