Date,Time,Open,High,Low,Close,Volume,OpenInt
2014-02-10,16:00:00,15.09,15.4,15.09,15.16,53900,0
2014-02-10,17:00:00,15.17,15.27,15.11,15.14,14427,0
2014-02-10,18:00:00,15.14,15.16,15.07,15.13,24562,0
2014-02-10,19:00:00,15.1,15.182,15.08,15.11,13814,0
2014-02-10,20:00:00,15.13,15.22,15.0863,15.16,31344,0
2014-02-10,21:00:00,15.2,15.26,15.14,15.15,18644,0
2014-02-10,22:00:00,15.15,15.15,15.08,15.1,77710,0
2014-02-11,16:00:00,15.3,15.42,15.17,15.21,43857,0
2014-02-11,17:00:00,15.26,15.46,15.21,15.37,25374,0
2014-02-11,18:00:00,15.38,15.42,15.19,15.21,48124,0
2014-02-11,19:00:00,15.23,15.3152,15.2,15.24,63598,0
2014-02-11,20:00:00,15.27,15.31,15.17,15.23,60334,0
2014-02-11,21:00:00,15.23,15.32,15.21,15.25,29691,0
2014-02-11,22:00:00,15.26,15.31,15.22,15.24,138479,0
2014-02-12,16:00:00,15.4,15.46,15.22,15.33,42596,0
2014-02-12,17:00:00,15.35,15.35,15.24,15.25,22506,0
2014-02-12,18:00:00,15.26,15.27,15.16,15.2,32954,0
2014-02-12,19:00:00,15.2,15.23,15.15,15.2,17228,0
2014-02-12,20:00:00,15.23,15.3,15.22,15.25,13020,0
2014-02-12,21:00:00,15.25,15.26,15.05,15.05,23130,0
2014-02-12,22:00:00,15.06,15.18,15.06,15.18,62908,0
2014-02-13,16:00:00,15.422,15.428,15.201,15.201,23924,0
2014-02-13,17:00:00,15.29,15.5,15.29,15.45,28381,0
2014-02-13,18:00:00,15.45,15.45,15.36,15.43,42576,0
2014-02-13,19:00:00,15.42,15.44,15.37,15.43,30571,0
2014-02-13,20:00:00,15.43,15.58,15.425,15.58,28972,0
2014-02-13,21:00:00,15.54,15.69,15.52,15.6,61116,0
2014-02-13,22:00:00,15.6,15.665,15.6,15.61,109704,0
2014-02-14,16:00:00,15.63,15.98,15.63,15.97,31444,0
2014-02-14,17:00:00,15.98,16.18,15.95,16.17,106585,0
2014-02-14,18:00:00,16.18,16.21,15.96,16.001,106646,0
2014-02-14,19:00:00,16,16.04,15.96,16,19393,0
2014-02-14,20:00:00,16,16.0452,15.925,15.98,82171,0
2014-02-14,21:00:00,15.995,16.09,15.99,16,21968,0
2014-02-14,22:00:00,16.03,16.1,15.99,16.09,93122,0
2014-02-18,16:00:00,16.1405,16.19,16.111,16.16,10864,0
2014-02-18,17:00:00,16.13,16.4,16.11,16.4,22471,0
2014-02-18,18:00:00,16.42,16.77,16.39,16.74,170273,0
2014-02-18,19:00:00,16.73,16.85,16.6405,16.75,144786,0
2014-02-18,20:00:00,16.75,16.77,16.64,16.696,94081,0
2014-02-18,21:00:00,16.68,17.05,16.68,16.89,135781,0
2014-02-18,22:00:00,16.89,17.1401,16.83,16.99,217829,0
2014-02-19,16:00:00,16.327,17.015,16.327,16.93,105539,0
2014-02-19,17:00:00,16.95,17.01,16.81,16.86,163927,0
2014-02-19,18:00:00,16.84,16.93,16.84,16.85,79185,0
2014-02-19,19:00:00,16.84,16.91,16.62,16.62,84845,0
2014-02-19,20:00:00,16.62,16.77,16.6,16.74,31263,0
2014-02-19,21:00:00,16.73,16.81,16.72,16.77,68056,0
2014-02-19,22:00:00,16.75,16.78,16.73,16.76,184592,0
2014-02-20,16:00:00,16.74,16.93,16.598,16.93,53846,0
2014-02-20,17:00:00,16.93,17.07,16.93,17.01,73489,0
2014-02-20,18:00:00,17.03,17.13,17.03,17.08,93313,0
2014-02-20,19:00:00,17.09,17.1,17.04,17.05,42357,0
2014-02-20,20:00:00,17.04,17.06,16.9,16.91,31361,0
2014-02-20,21:00:00,16.92,16.92,16.84,16.8901,21665,0
2014-02-20,22:00:00,16.9,17,16.9,16.95,68860,0
2014-02-21,16:00:00,17,17,16.7,16.91,23352,0
2014-02-21,17:00:00,16.95,17.1,16.9,17.075,59120,0
2014-02-21,18:00:00,17.1,17.19,16.94,17.0166,43188,0
2014-02-21,19:00:00,17,17.01,16.93,16.95,10793,0
2014-02-21,20:00:00,16.96,17.15,16.96,17.12,48764,0
2014-02-21,21:00:00,17.11,17.15,17.05,17.08,21648,0
2014-02-21,22:00:00,17.07,17.09,16.95,17,69473,0
2014-02-24,16:00:00,17.27,17.3,16.99,17.119,48718,0
2014-02-24,17:00:00,17.14,17.18,17.03,17.1,57020,0
2014-02-24,18:00:00,17.1,17.11,17,17.105,62576,0
2014-02-24,19:00:00,17.09,17.1,16.97,16.98,76253,0
2014-02-24,20:00:00,16.99,17.05,16.94,17.04,36525,0
2014-02-24,21:00:00,17.04,17.11,16.99,17.1,74318,0
2014-02-24,22:00:00,17.1,17.17,17.06,17.12,209029,0
2014-02-25,16:00:00,17.91,18,17.15,17.16,59922,0
2014-02-25,17:00:00,17.15,17.409,17.1,17.18,81063,0
2014-02-25,18:00:00,17.2,17.37,17.11,17.21,45563,0
2014-02-25,19:00:00,17.205,17.52,17.2,17.52,63771,0
2014-02-25,20:00:00,17.52,17.66,17.46,17.64,75398,0
2014-02-25,21:00:00,17.68,17.73,17.43,17.51,33674,0
2014-02-25,22:00:00,17.5,17.535,17.29,17.45,373372,0
2014-02-26,16:00:00,17.5,17.5,16.99,17.02,54531,0
2014-02-26,17:00:00,16.98,17.14,16.94,17.1,155143,0
2014-02-26,18:00:00,17.1299,17.25,17.07,17.17,70518,0
2014-02-26,19:00:00,17.16,17.42,17.14,17.37,48746,0
2014-02-26,20:00:00,17.37,17.37,17.29,17.29,26088,0
2014-02-26,21:00:00,17.2917,17.2917,17.16,17.16,58964,0
2014-02-26,22:00:00,17.16,17.17,17.055,17.13,139737,0
2014-02-27,16:00:00,17.13,17.39,17.11,17.33,30021,0
2014-02-27,17:00:00,17.3451,17.36,17.18,17.285,68694,0
2014-02-27,18:00:00,17.26,17.38,17.2,17.38,37240,0
2014-02-27,19:00:00,17.39,17.45,17.32,17.44,29846,0
2014-02-27,20:00:00,17.44,17.5,17.35,17.42,24533,0
2014-02-27,21:00:00,17.43,17.47,17.33,17.47,25999,0
2014-02-27,22:00:00,17.46,17.62,17.43,17.61,142991,0
2014-02-28,16:00:00,17.68,17.77,17.53,17.62,30412,0
2014-02-28,17:00:00,17.61,17.74,17.56,17.7,30499,0
2014-02-28,18:00:00,17.66,17.91,17.58,17.877,57621,0
2014-02-28,19:00:00,17.86,17.935,17.81,17.8701,19090,0
2014-02-28,20:00:00,17.9,17.97,17.9,17.94,24620,0
2014-02-28,21:00:00,17.94,17.98,17.8852,17.89,27492,0
2014-02-28,22:00:00,17.9,17.9,17.75,17.77,86029,0
2014-03-03,16:00:00,17.65,17.8,17.55,17.74,41061,0
2014-03-03,17:00:00,17.73,17.84,17.66,17.81,23219,0
2014-03-03,18:00:00,17.83,17.83,17.63,17.63,34403,0
2014-03-03,19:00:00,17.63,17.74,17.55,17.74,12054,0
2014-03-03,20:00:00,17.73,17.83,17.67,17.81,12311,0
2014-03-03,21:00:00,17.81,17.9,17.71,17.87,28221,0
2014-03-03,22:00:00,17.86,17.87,17.72,17.82,61470,0
2014-03-04,16:00:00,18,18.36,18,18.26,90512,0
2014-03-04,17:00:00,18.245,18.62,18.245,18.62,94917,0
2014-03-04,18:00:00,18.62,18.83,18.49,18.53,132297,0
2014-03-04,19:00:00,18.52,18.53,18.37,18.43,47847,0
2014-03-04,20:00:00,18.44,18.53,18.36,18.38,36715,0
2014-03-04,21:00:00,18.37,18.52,18.34,18.52,35868,0
2014-03-04,22:00:00,18.52,18.57,18.3351,18.42,208252,0
2014-03-05,16:00:00,18.38,18.45,18.15,18.15,14485,0
2014-03-05,17:00:00,18.12,18.39,18.12,18.3298,35825,0
2014-03-05,18:00:00,18.32,18.376,18.2,18.31,23971,0
2014-03-05,19:00:00,18.2725,18.33,18.21,18.26,23027,0
2014-03-05,20:00:00,18.28,18.32,18.19,18.2299,13336,0
2014-03-05,21:00:00,18.22,18.3,18.21,18.23,29738,0
2014-03-05,22:00:00,18.225,18.35,18.18,18.35,98672,0
2014-03-06,16:00:00,18.46,18.475,18.29,18.29,31431,0
2014-03-06,17:00:00,18.3,18.46,18.24,18.24,49011,0
2014-03-06,18:00:00,18.2301,18.27,18.11,18.16,33895,0
2014-03-06,19:00:00,18.17,18.28,18.17,18.21,17009,0
2014-03-06,20:00:00,18.2,18.21,18.08,18.08,24128,0
2014-03-06,21:00:00,18.08,18.15,18.05,18.07,45090,0
2014-03-06,22:00:00,18.07,18.26,18.05,18.19,118339,0
2014-03-07,16:00:00,18.24,18.43,17.8,17.995,33590,0
2014-03-07,17:00:00,18.01,18.1,17.87,17.87,37439,0
2014-03-07,18:00:00,17.89,18.09,17.76,17.9001,41089,0
2014-03-07,19:00:00,17.91,18.0198,17.8501,17.95,18347,0
2014-03-07,20:00:00,17.9,17.95,17.8403,17.94,23451,0
2014-03-07,21:00:00,17.96,17.96,17.89,17.95,22380,0
2014-03-07,22:00:00,17.94,17.99,17.865,17.96,63463,0
2014-03-10,15:00:00,17.86,17.86,17.61,17.74,32340,0
2014-03-10,16:00:00,17.73,17.76,17.56,17.62,28049,0
2014-03-10,17:00:00,17.59,17.67,17.55,17.61,22100,0
2014-03-10,18:00:00,17.61,17.67,17.53,17.67,11028,0
2014-03-10,19:00:00,17.7,17.7,17.56,17.6,50825,0
2014-03-10,20:00:00,17.6,17.63,17.57,17.57,42642,0
2014-03-10,21:00:00,17.57,17.81,17.56,17.76,90082,0
2014-03-11,15:00:00,17.75,18.062,17.69,17.74,14050,0
2014-03-11,16:00:00,17.78,18.03,17.69,18.03,26839,0
2014-03-11,17:00:00,18.04,18.045,17.66,17.66,45019,0
2014-03-11,18:00:00,17.67,17.67,17.48,17.53,20102,0
2014-03-11,19:00:00,17.53,17.64,17.46,17.535,38719,0
2014-03-11,20:00:00,17.54,17.56,17.37,17.53,34686,0
2014-03-11,21:00:00,17.5,17.52,17.3313,17.49,63082,0
2014-03-12,15:00:00,17.45,17.58,17.36,17.49,21336,0
2014-03-12,16:00:00,17.52,17.79,17.49,17.78,35020,0
2014-03-12,17:00:00,17.78,17.93,17.74,17.84,42700,0
2014-03-12,18:00:00,17.82,17.83,17.78,17.8,5887,0
2014-03-12,19:00:00,17.79,17.81,17.72,17.74,8012,0
2014-03-12,20:00:00,17.76,17.79,17.61,17.71,39864,0
2014-03-12,21:00:00,17.7,17.71,17.62,17.65,73657,0
2014-03-13,15:00:00,17.7,17.7,17.62,17.7,9743,0
2014-03-13,16:00:00,17.7,17.705,17.45,17.5,20395,0
2014-03-13,17:00:00,17.49,17.61,17.49,17.58,10100,0
2014-03-13,18:00:00,17.58,17.59,17.3,17.3601,15700,0
2014-03-13,19:00:00,17.342,17.46,17.29,17.39,12300,0
2014-03-13,20:00:00,17.4,17.48,17.4,17.43,15100,0
2014-03-13,21:00:00,17.4493,17.54,17.39,17.46,90340,0
2014-03-14,15:00:00,17.4,17.65,17.4,17.42,19820,0
2014-03-14,16:00:00,17.48,17.65,17.43,17.53,45891,0
2014-03-14,17:00:00,17.52,17.54,17.4,17.51,43513,0
2014-03-14,18:00:00,17.527,17.6,17.42,17.53,35795,0
2014-03-14,19:00:00,17.53,17.56,17.48,17.56,15110,0
2014-03-14,20:00:00,17.56,17.61,17.4,17.41,29485,0
2014-03-14,21:00:00,17.41,17.52,17.41,17.44,57289,0
2014-03-17,15:00:00,17.43,17.66,17.4,17.5,45381,0
2014-03-17,16:00:00,17.48,17.55,17.38,17.48,46403,0
2014-03-17,17:00:00,17.48,17.55,17.4,17.47,60045,0
2014-03-17,18:00:00,17.46,17.51,17.38,17.4,35279,0
2014-03-17,19:00:00,17.41,17.45,17.37,17.43,61719,0
2014-03-17,20:00:00,17.41,17.44,17.4,17.41,23669,0
2014-03-17,21:00:00,17.41,17.44,17.39,17.42,68127,0
2014-03-18,15:00:00,17.37,17.44,17.37,17.43,35735,0
2014-03-18,16:00:00,17.4,17.57,17.4,17.57,37506,0
2014-03-18,17:00:00,17.58,17.76,17.55,17.718,46067,0
2014-03-18,18:00:00,17.73,17.73,17.63,17.7,17533,0
2014-03-18,19:00:00,17.7,17.75,17.57,17.71,26340,0
2014-03-18,20:00:00,17.7064,17.73,17.6,17.7,21321,0
2014-03-18,21:00:00,17.7,17.7,17.61,17.7,88877,0
2014-03-19,15:00:00,17.7,17.7,17.45,17.64,41899,0
2014-03-19,16:00:00,17.63,17.63,17.43,17.49,26765,0
2014-03-19,17:00:00,17.47,17.57,17.38,17.4,42501,0
2014-03-19,18:00:00,17.415,17.44,17.4,17.44,6806,0
2014-03-19,19:00:00,17.42,17.5,17.41,17.44,28878,0
2014-03-19,20:00:00,17.46,17.48,17.4,17.41,19382,0
2014-03-19,21:00:00,17.4,17.49,17.35,17.45,58360,0
2014-03-20,15:00:00,17.54,17.54,17.38,17.4405,17513,0
2014-03-20,16:00:00,17.46,17.6899,17.46,17.53,26283,0
2014-03-20,17:00:00,17.51,17.7,17.5,17.7,17700,0
2014-03-20,18:00:00,17.68,17.68,17.53,17.53,15489,0
2014-03-20,19:00:00,17.57,17.61,17.43,17.44,27045,0
2014-03-20,20:00:00,17.43,17.49,17.39,17.4,20861,0
2014-03-20,21:00:00,17.4,17.46,17.38,17.46,78465,0
2014-03-21,15:00:00,17.7,17.8653,17.418,17.7,15413,0
2014-03-21,16:00:00,17.67,17.75,17.62,17.72,70569,0
2014-03-21,17:00:00,17.74,17.81,17.69,17.72,42175,0
2014-03-21,18:00:00,17.72,17.72,17.65,17.65,17662,0
2014-03-21,19:00:00,17.64,17.69,17.52,17.54,21420,0
2014-03-21,20:00:00,17.5368,17.56,17.46,17.53,12544,0
2014-03-21,21:00:00,17.54,17.55,17.46,17.47,61685,0
2014-03-24,15:00:00,17.63,17.6799,17.45,17.45,14122,0
2014-03-24,16:00:00,17.44,17.4499,17.315,17.375,94510,0
2014-03-24,17:00:00,17.36,17.43,17.3,17.406,66569,0
2014-03-24,18:00:00,17.4,17.4,17.3,17.311,47840,0
2014-03-24,19:00:00,17.32,17.35,17.299,17.3,55161,0
2014-03-24,20:00:00,17.295,17.38,17.22,17.368,47721,0
2014-03-24,21:00:00,17.37,17.375,17.295,17.32,64545,0
2014-03-25,15:00:00,17.57,17.79,17.518,17.72,31024,0
2014-03-25,16:00:00,17.72,17.8,17.3535,17.46,118632,0
2014-03-25,17:00:00,17.43,17.54,17.402,17.42,19230,0
2014-03-25,18:00:00,17.45,17.52,17.37,17.48,41111,0
2014-03-25,19:00:00,17.48,17.65,17.48,17.53,27809,0
2014-03-25,20:00:00,17.54,17.7,17.511,17.69,53154,0
2014-03-25,21:00:00,17.69,17.7,17.57,17.66,86148,0
2014-03-26,15:00:00,17.8,17.8,17.4537,17.5,11487,0
2014-03-26,16:00:00,17.5,17.62,17.47,17.49,37905,0
2014-03-26,17:00:00,17.49,17.56,17.43,17.4499,17760,0
2014-03-26,18:00:00,17.45,17.5,17.371,17.45,18000,0
2014-03-26,19:00:00,17.43,17.43,17.08,17.18,31700,0
2014-03-26,20:00:00,17.17,17.23,16.98,17.12,54270,0
2014-03-26,21:00:00,17.12,17.1201,16.93,16.93,95639,0
2014-03-27,15:00:00,16.94,17.18,16.92,17.18,12956,0
2014-03-27,16:00:00,17.09,17.22,17.02,17.03,32872,0
2014-03-27,17:00:00,17.02,17.02,16.7103,16.83,64711,0
2014-03-27,18:00:00,16.87,16.89,16.81,16.89,22874,0
2014-03-27,19:00:00,16.88,16.94,16.82,16.83,19650,0
2014-03-27,20:00:00,16.82,16.854,16.75,16.79,18185,0
2014-03-27,21:00:00,16.78,16.85,16.745,16.82,61484,0
2014-03-28,15:00:00,16.81,17.04,16.81,16.98,44650,0
2014-03-28,16:00:00,17,17.12,16.9301,17.06,37032,0
2014-03-28,17:00:00,17.07,17.13,16.89,16.98,48088,0
2014-03-28,18:00:00,16.98,17.02,16.93,16.96,10225,0
2014-03-28,19:00:00,16.95,16.99,16.9,16.92,13725,0
2014-03-28,20:00:00,16.94,16.97,16.87,16.9,24364,0
2014-03-28,21:00:00,16.91,17,16.88,17,87408,0
2014-03-31,16:00:00,17.26,17.46,17.02,17.11,11566,0
2014-03-31,17:00:00,17.18,17.22,16.93,16.95,55872,0
2014-03-31,18:00:00,16.96,17,16.7601,16.91,41214,0
2014-03-31,19:00:00,16.92,17,16.89,16.95,75141,0
2014-03-31,20:00:00,16.94,16.94,16.81,16.9,55576,0
2014-03-31,21:00:00,16.9,16.95,16.9,16.93,31520,0
2014-03-31,22:00:00,16.92,16.95,16.81,16.82,108734,0
2014-04-01,16:00:00,16.89,17.07,16.86,16.94,14310,0
2014-04-01,17:00:00,16.96,17.29,16.93,17.27,41800,0
2014-04-01,18:00:00,17.26,17.33,17.21,17.3,25956,0
2014-04-01,19:00:00,17.33,17.33,17.22,17.22,10400,0
2014-04-01,20:00:00,17.23,17.31,17.21,17.25,10400,0
2014-04-01,21:00:00,17.26,17.43,17.25,17.43,22525,0
2014-04-01,22:00:00,17.43,17.47,17.32,17.35,70103,0
2014-04-02,16:00:00,17.42,17.68,17.23,17.24,11413,0
2014-04-02,17:00:00,17.25,17.29,17.15,17.26,26580,0
2014-04-02,18:00:00,17.265,17.265,17.14,17.2,25257,0
2014-04-02,19:00:00,17.17,17.31,17.16,17.26,48770,0
2014-04-02,20:00:00,17.24,17.28,17.1501,17.21,23200,0
2014-04-02,21:00:00,17.2,17.24,17.17,17.24,16812,0
2014-04-02,22:00:00,17.22,17.23,17.14,17.14,67888,0
2014-04-03,16:00:00,17.2,17.28,17.01,17.15,14111,0
2014-04-03,17:00:00,17.19,17.24,16.97,17.08,20306,0
2014-04-03,18:00:00,17.08,17.14,17,17.06,44055,0
2014-04-03,19:00:00,17.03,17.08,16.91,16.92,37495,0
2014-04-03,20:00:00,16.91,16.98,16.89,16.89,16165,0
2014-04-03,21:00:00,16.88,16.93,16.83,16.91,23000,0
2014-04-03,22:00:00,16.91,16.98,16.86,16.87,87035,0
2014-04-04,16:00:00,16.8124,16.99,16.8124,16.95,13068,0
2014-04-04,17:00:00,16.955,17.22,16.93,17.1,77952,0
2014-04-04,18:00:00,17.1,17.14,16.79,16.81,54659,0
2014-04-04,19:00:00,16.83,16.83,16.65,16.68,19277,0
2014-04-04,20:00:00,16.68,16.77,16.57,16.71,22430,0
2014-04-04,21:00:00,16.7,16.71,16.41,16.45,53392,0
2014-04-04,22:00:00,16.47,16.64,16.3501,16.5,62139,0
2014-04-07,16:00:00,16.3,16.46,16.1,16.35,32994,0
2014-04-07,17:00:00,16.3501,16.42,16.17,16.28,39689,0
2014-04-07,18:00:00,16.25,16.26,15.9149,15.9901,100323,0
2014-04-07,19:00:00,15.99,16.13,15.79,16.02,99981,0
2014-04-07,20:00:00,16.05,16.11,15.86,15.86,65536,0
2014-04-07,21:00:00,15.88,16.19,15.79,16.19,77378,0
2014-04-07,22:00:00,16.18,16.27,16.145,16.25,142801,0
2014-04-08,16:00:00,16.318,16.68,16.318,16.62,64563,0
2014-04-08,17:00:00,16.61,16.66,16.38,16.59,45762,0
2014-04-08,18:00:00,16.59,16.75,16.49,16.54,42947,0
2014-04-08,19:00:00,16.53,16.68,16.49,16.5,17249,0
2014-04-08,20:00:00,16.51,16.65,16.41,16.56,24551,0
2014-04-08,21:00:00,16.54,16.56,16.31,16.31,25808,0
2014-04-08,22:00:00,16.32,16.55,16.32,16.43,107410,0
2014-04-09,16:00:00,16.51,16.56,16.4,16.45,9367,0
2014-04-09,17:00:00,16.44,16.5,16.28,16.34,28579,0
2014-04-09,18:00:00,16.32,16.38,16.22,16.3,20620,0
2014-04-09,19:00:00,16.32,16.47,16.31,16.44,7900,0
2014-04-09,20:00:00,16.45,16.53,16.445,16.5,7379,0
2014-04-09,21:00:00,16.49,16.56,16.45,16.4899,38041,0
2014-04-09,22:00:00,16.46,16.59,16.44,16.55,63039,0
2014-04-10,16:00:00,16.49,16.5,16.42,16.43,5127,0
2014-04-10,17:00:00,16.4,16.5899,16.26,16.28,42105,0
2014-04-10,18:00:00,16.28,16.28,16.05,16.12,36796,0
2014-04-10,19:00:00,16.08,16.23,16,16.13,25825,0
2014-04-10,20:00:00,16.17,16.22,16.03,16.13,22755,0
2014-04-10,21:00:00,16.13,16.14,16.03,16.07,28192,0
2014-04-10,22:00:00,16.1,16.12,16.03,16.05,123525,0
2014-04-11,16:00:00,15.6001,16.3341,15.6,16.3,29217,0
2014-04-11,17:00:00,16.3,16.3299,15.95,16.01,56089,0
2014-04-11,18:00:00,16.01,16.03,15.79,15.8,72750,0
2014-04-11,19:00:00,15.79,15.84,15.67,15.76,36750,0
2014-04-11,20:00:00,15.76,15.808,15.69,15.75,59114,0
2014-04-11,21:00:00,15.76,15.83,15.65,15.72,61728,0
2014-04-11,22:00:00,15.71,15.83,15.66,15.81,128396,0
2014-04-14,16:00:00,15.86,16.1083,15.73,15.96,42295,0
2014-04-14,17:00:00,15.97,16.22,15.96,16.15,35742,0
2014-04-14,18:00:00,16.15,16.35,16.14,16.33,26071,0
2014-04-14,19:00:00,16.33,16.38,16.3,16.3,16540,0
2014-04-14,20:00:00,16.2899,16.3,16.22,16.22,11489,0
2014-04-14,21:00:00,16.22,16.24,16.121,16.15,10690,0
2014-04-14,22:00:00,16.11,16.14,15.9001,15.99,151444,0
2014-04-15,16:00:00,16.18,16.18,15.81,15.85,24220,0
2014-04-15,17:00:00,15.89,15.9499,15.61,15.83,41594,0
2014-04-15,18:00:00,15.84,15.92,15.63,15.65,66554,0
2014-04-15,19:00:00,15.66,15.81,15.61,15.62,39440,0
2014-04-15,20:00:00,15.64,15.95,15.61,15.95,27022,0
2014-04-15,21:00:00,15.97,16.155,15.96,16.11,12910,0
2014-04-15,22:00:00,16.13,16.22,16.05,16.06,47984,0
2014-04-16,16:00:00,16.108,16.16,16.01,16.05,14472,0
2014-04-16,17:00:00,16.06,16.14,15.95,16,17700,0
2014-04-16,18:00:00,15.99,16.07,15.92,15.99,26971,0
2014-04-16,19:00:00,16.01,16.08,15.97,15.97,37843,0
2014-04-16,20:00:00,15.97,15.99,15.9,15.96,4900,0
2014-04-16,21:00:00,15.97,16.09,15.935,16.09,17801,0
2014-04-16,22:00:00,16.0883,16.11,16.04,16.1,71512,0
2014-04-17,16:00:00,16.08,16.26,15.938,16.0675,35616,0
2014-04-17,17:00:00,16.08,16.27,16.05,16.24,16700,0
2014-04-17,18:00:00,16.23,16.24,16.13,16.16,6534,0
2014-04-17,19:00:00,16.17,16.3166,16.155,16.27,36365,0
2014-04-17,20:00:00,16.3,16.3,16.2,16.23,18693,0
2014-04-17,21:00:00,16.235,16.36,16.22,16.35,17045,0
2014-04-17,22:00:00,16.35,16.45,16.315,16.35,25021,0
2014-04-21,16:00:00,16.24,16.24,16.11,16.115,5016,0
2014-04-21,17:00:00,16.115,16.16,15.96,16.05,24554,0
2014-04-21,18:00:00,16.08,16.25,16.08,16.2,32200,0
2014-04-21,19:00:00,16.2199,16.29,16.219,16.225,6270,0
2014-04-21,20:00:00,16.22,16.23,16.16,16.16,17885,0
2014-04-21,21:00:00,16.16,16.175,16.08,16.11,20494,0
2014-04-21,22:00:00,16.14,16.16,16.1,16.1425,20856,0
2014-04-22,16:00:00,16.16,16.17,16.07,16.12,12099,0
2014-04-22,17:00:00,16.09,16.11,16.03,16.065,13392,0
2014-04-22,18:00:00,16.08,16.08,16.005,16.009,10027,0
2014-04-22,19:00:00,16.005,16.235,15.999,16.22,51823,0
2014-04-22,20:00:00,16.25,16.4,16.24,16.355,18904,0
2014-04-22,21:00:00,16.345,16.49,16.31,16.4596,47213,0
2014-04-22,22:00:00,16.4662,16.47,16.38,16.44,111629,0
2014-04-23,16:00:00,16.49,16.56,16.39,16.53,35308,0
2014-04-23,17:00:00,16.48,16.55,16.36,16.51,34496,0
2014-04-23,18:00:00,16.52,16.57,16.47,16.57,17000,0
2014-04-23,19:00:00,16.57,16.57,16.4503,16.46,17435,0
2014-04-23,20:00:00,16.46,16.48,16.42,16.44,11858,0
2014-04-23,21:00:00,16.45,16.47,16.4,16.45,28228,0
2014-04-23,22:00:00,16.44,16.52,16.422,16.44,100572,0
2014-04-24,16:00:00,16.32,16.48,16.31,16.48,6988,0
2014-04-24,17:00:00,16.44,16.5,16.36,16.41,35131,0
2014-04-24,18:00:00,16.41,16.46,16.37,16.43,9244,0
2014-04-24,19:00:00,16.43,16.48,16.43,16.45,7108,0
2014-04-24,20:00:00,16.509,16.51,16.35,16.37,13099,0
2014-04-24,21:00:00,16.37,16.37,16.17,16.22,17046,0
2014-04-24,22:00:00,16.24,16.3,16.19,16.28,63067,0
2014-04-25,16:00:00,16.459,16.459,16.05,16.2,9742,0
2014-04-25,17:00:00,16.15,16.29,15.97,15.97,23181,0
2014-04-25,18:00:00,15.96,16.049,15.9,15.93,16400,0
2014-04-25,19:00:00,15.9,15.96,15.7871,15.9,17719,0
2014-04-25,20:00:00,15.87,15.92,15.8,15.9,27695,0
2014-04-25,21:00:00,15.89,15.94,15.82,15.91,20456,0
2014-04-25,22:00:00,15.89,15.9499,15.82,15.87,73127,0
2014-04-28,16:00:00,15.78,15.95,15.67,15.9,14533,0
2014-04-28,17:00:00,15.89,15.96,15.76,15.8,27873,0
2014-04-28,18:00:00,15.79,15.85,15.68,15.69,33384,0
2014-04-28,19:00:00,15.66,15.72,15.62,15.64,24274,0
2014-04-28,20:00:00,15.62,15.62,15.46,15.46,50237,0
2014-04-28,21:00:00,15.44,15.61,15.38,15.55,28001,0
2014-04-28,22:00:00,15.51,15.69,15.49,15.56,103038,0
2014-04-29,16:00:00,15.65,15.7995,15.65,15.72,13951,0
2014-04-29,17:00:00,15.67,15.74,15.66,15.7,15060,0
2014-04-29,18:00:00,15.74,15.75,15.66,15.68,24822,0
2014-04-29,19:00:00,15.67,15.76,15.59,15.74,19500,0
2014-04-29,20:00:00,15.73,15.73,15.63,15.7,8700,0
2014-04-29,21:00:00,15.7,15.71,15.63,15.65,18503,0
2014-04-29,22:00:00,15.636,15.69,15.53,15.55,61126,0
2014-04-30,16:00:00,15.47,15.528,15.34,15.45,22497,0
2014-04-30,17:00:00,15.44,15.649,15.44,15.62,13082,0
2014-04-30,18:00:00,15.59,15.59,15.42,15.46,9536,0
2014-04-30,19:00:00,15.44,15.54,15.43,15.53,14147,0
2014-04-30,20:00:00,15.52,15.56,15.44,15.5,20320,0
2014-04-30,21:00:00,15.49,15.63,15.394,15.6,17996,0
2014-04-30,22:00:00,15.6,15.68,15.54,15.59,211803,0
2014-05-01,16:00:00,15.39,15.59,15.37,15.37,13232,0
2014-05-01,17:00:00,15.4,15.586,15.4,15.49,22250,0
2014-05-01,18:00:00,15.49,15.63,15.46,15.57,22450,0
2014-05-01,19:00:00,15.57,15.64,15.52,15.54,27193,0
2014-05-01,20:00:00,15.51,15.56,15.335,15.35,23596,0
2014-05-01,21:00:00,15.38,15.47,15.38,15.43,17046,0
2014-05-01,22:00:00,15.42,15.54,15.32,15.51,87283,0
2014-05-02,16:00:00,15.5899,15.6399,15.543,15.543,4980,0
2014-05-02,17:00:00,15.65,15.89,15.65,15.81,35630,0
2014-05-02,18:00:00,15.83,15.83,15.705,15.74,19228,0
2014-05-02,19:00:00,15.71,15.75,15.68,15.71,10159,0
2014-05-02,20:00:00,15.72,15.72,15.61,15.67,14405,0
2014-05-02,21:00:00,15.64,15.67,15.6,15.6,11225,0
2014-05-02,22:00:00,15.61,15.66,15.53,15.6,56850,0
2014-05-05,16:00:00,15.31,15.55,15.162,15.55,33833,0
2014-05-05,17:00:00,15.51,15.64,15.42,15.58,17031,0
2014-05-05,18:00:00,15.53,15.53,15.37,15.4,15164,0
2014-05-05,19:00:00,15.45,15.45,15.33,15.33,48197,0
2014-05-05,20:00:00,15.35,15.4,15.26,15.31,19398,0
2014-05-05,21:00:00,15.3299,15.57,15.31,15.55,18432,0
2014-05-05,22:00:00,15.531,15.57,15.445,15.52,86048,0
2014-05-06,16:00:00,15.51,15.51,15.21,15.36,21282,0
2014-05-06,17:00:00,15.35,15.47,15.27,15.29,18092,0
2014-05-06,18:00:00,15.29,15.55,15.29,15.55,27277,0
2014-05-06,19:00:00,15.55,15.61,15.5,15.59,16750,0
2014-05-06,20:00:00,15.59,15.61,15.37,15.45,25561,0
2014-05-06,21:00:00,15.46,15.51,15.34,15.37,65176,0
2014-05-06,22:00:00,15.37,15.41,15.25,15.25,88192,0
2014-05-07,16:00:00,15.22,15.39,15.22,15.36,43555,0
2014-05-07,17:00:00,15.34,15.35,15.05,15.22,78542,0
2014-05-07,18:00:00,15.21,15.33,15.21,15.33,65229,0
2014-05-07,19:00:00,15.329,15.38,15.28,15.3,58596,0
2014-05-07,20:00:00,15.3,15.36,15.29,15.36,54581,0
2014-05-07,21:00:00,15.37,15.46,15.36,15.4,32779,0
2014-05-07,22:00:00,15.4,15.46,15.33,15.45,91180,0
