Date,Time,Open,High,Low,Close,Volume,OpenInt
2014-02-10,16:00:00,35.9287,36.1677,35.5903,35.869,10770,0
2014-02-10,17:00:00,35.7197,35.879,35.4409,35.6102,24012,0
2014-02-10,18:00:00,35.6102,35.9287,35.5604,35.8292,29173,0
2014-02-10,19:00:00,35.9387,35.9586,35.7495,35.8591,13460,0
2014-02-10,20:00:00,35.8889,35.8989,35.7695,35.8591,10328,0
2014-02-10,21:00:00,35.8889,35.9387,35.7495,35.7695,22422,0
2014-02-10,22:00:00,35.8292,35.869,35.7396,35.8391,40574,0
2014-02-11,16:00:00,35.9287,35.9287,35.8491,35.8591,2649,0
2014-02-11,17:00:00,35.7993,36.3568,35.7993,36.2473,43222,0
2014-02-11,18:00:00,36.3966,36.5758,36.1876,36.5758,19035,0
2014-02-11,19:00:00,36.5957,36.7948,36.4862,36.6654,12435,0
2014-02-11,20:00:00,36.536,36.8048,36.536,36.7749,14845,0
2014-02-11,21:00:00,36.7052,36.8247,36.5559,36.5858,7031,0
2014-02-11,22:00:00,36.5261,36.6356,36.4265,36.5559,47883,0
2014-02-12,16:00:00,41.0159,41.4838,40.986,41.1155,273588,0
2014-02-12,17:00:00,41.0956,41.4739,41.0657,41.0956,1059095,0
2014-02-12,18:00:00,41.0856,41.1055,40.986,41.0159,676776,0
2014-02-12,19:00:00,41.0159,41.0557,41.0159,41.0259,156478,0
2014-02-12,20:00:00,41.0358,41.0856,41.0159,41.0557,280163,0
2014-02-12,21:00:00,41.0458,41.1254,41.0358,41.0956,271160,0
2014-02-12,22:00:00,41.0856,41.0956,41.0458,41.0557,558998,0
2014-02-13,16:00:00,41.0956,41.3444,41.0557,41.0956,176212,0
2014-02-13,17:00:00,41.1254,41.1652,41.1055,41.1553,79333,0
2014-02-13,18:00:00,41.1354,41.1652,41.0956,41.1254,43953,0
2014-02-13,19:00:00,41.1254,41.1453,41.0956,41.1354,615190,0
2014-02-13,20:00:00,41.1354,41.1453,41.1254,41.1453,111494,0
2014-02-13,21:00:00,41.1453,41.1553,41.1155,41.1553,100603,0
2014-02-13,22:00:00,41.1553,41.1752,41.1354,41.1652,475159,0
2014-02-14,16:00:00,43.903,44.779,43.8532,44.5401,146942,0
2014-02-14,17:00:00,44.5301,45.0777,44.4505,45.0379,249404,0
2014-02-14,18:00:00,45.0179,45.1175,44.4007,44.6595,197196,0
2014-02-14,19:00:00,44.6695,44.6994,44.5003,44.5799,221993,0
2014-02-14,20:00:00,44.5799,44.7989,44.5799,44.7491,339955,0
2014-02-14,21:00:00,44.7292,44.9483,44.6695,44.8487,182046,0
2014-02-14,22:00:00,44.8288,45.0677,44.7989,45.0677,334845,0
2014-02-18,16:00:00,44.7591,45.0976,44.2116,44.4704,99447,0
2014-02-18,17:00:00,44.4804,44.5998,44.331,44.4505,190050,0
2014-02-18,18:00:00,44.4903,44.6595,44.4505,44.5003,101542,0
2014-02-18,19:00:00,44.5003,44.5102,44.3808,44.4206,143849,0
2014-02-18,20:00:00,44.4206,44.7392,44.4206,44.7093,72868,0
2014-02-18,21:00:00,44.7193,44.7193,44.4007,44.4405,171953,0
2014-02-18,22:00:00,44.4405,44.5003,43.9229,44.1917,385804,0
2014-02-19,16:00:00,43.9826,44.5998,43.9328,44.5899,35043,0
2014-02-19,17:00:00,44.5799,44.5998,44.122,44.341,96365,0
2014-02-19,18:00:00,44.3708,44.4903,44.2812,44.4206,87768,0
2014-02-19,19:00:00,44.4107,44.6894,44.2514,44.6894,74698,0
2014-02-19,20:00:00,44.6894,44.6894,44.3012,44.4107,112287,0
2014-02-19,21:00:00,44.4704,44.789,44.4107,44.6994,63470,0
2014-02-19,22:00:00,44.6098,44.7989,44.3012,44.6994,234713,0
2014-02-20,16:00:00,44.6894,45.0478,44.4007,44.9781,83928,0
2014-02-20,17:00:00,44.9781,45.1971,44.7989,45.1971,97208,0
2014-02-20,18:00:00,45.1971,45.4162,45.0478,45.4162,64435,0
2014-02-20,19:00:00,45.3963,45.4958,45.1872,45.3365,62883,0
2014-02-20,20:00:00,45.3066,45.4361,45.1772,45.2768,47301,0
2014-02-20,21:00:00,45.2768,45.6352,45.2469,45.5854,169390,0
2014-02-20,22:00:00,45.5754,45.7049,45.2867,45.7049,379868,0
2014-02-21,16:00:00,45.5157,45.5754,45.1274,45.4958,21897,0
2014-02-21,17:00:00,45.4958,45.5157,45.2768,45.4261,61699,0
2014-02-21,18:00:00,45.4361,45.5456,45.4361,45.4858,44093,0
2014-02-21,19:00:00,45.4759,45.4759,45.217,45.3166,39783,0
2014-02-21,20:00:00,45.3166,45.4858,45.3166,45.3763,35140,0
2014-02-21,21:00:00,45.3863,45.5257,45.3863,45.4958,45859,0
2014-02-21,22:00:00,45.4958,45.4958,45.2071,45.3365,138038,0
2014-02-24,16:00:00,45.3266,45.3365,45.1474,45.2967,28882,0
2014-02-24,17:00:00,45.2867,45.2967,44.9781,45.2768,56854,0
2014-02-24,18:00:00,45.2768,45.3066,45.237,45.2967,145515,0
2014-02-24,19:00:00,45.2967,45.5157,45.1374,45.2867,69513,0
2014-02-24,20:00:00,45.2967,45.3166,45.2469,45.2768,29145,0
2014-02-24,21:00:00,45.2867,45.3066,45.1971,45.2569,67774,0
2014-02-24,22:00:00,45.2569,45.4361,45.1075,45.2768,289819,0
2014-02-25,16:00:00,44.5998,45.0777,44.5998,44.6098,17871,0
2014-02-25,17:00:00,44.6098,44.7989,44.331,44.7591,52788,0
2014-02-25,18:00:00,44.7392,44.9283,44.7093,44.7292,51654,0
2014-02-25,19:00:00,44.7591,44.7591,44.4007,44.55,57820,0
2014-02-25,20:00:00,44.6197,44.6695,44.4604,44.6595,40309,0
2014-02-25,21:00:00,44.6595,44.789,44.5799,44.6496,29850,0
2014-02-25,22:00:00,44.6496,44.6595,44.4505,44.4704,113769,0
2014-02-26,16:00:00,44.7491,44.7591,44.3012,44.3012,6067,0
2014-02-26,17:00:00,44.3609,44.55,44.2215,44.3509,28291,0
2014-02-26,18:00:00,44.4604,44.4903,44.4306,44.4903,21840,0
2014-02-26,19:00:00,44.4505,44.4903,44.3012,44.3708,25702,0
2014-02-26,20:00:00,44.4505,44.4903,44.3808,44.4206,16613,0
2014-02-26,21:00:00,44.4306,44.4306,44.122,44.1319,16361,0
2014-02-26,22:00:00,44.1917,44.3211,44.1021,44.3012,116684,0
2014-02-27,16:00:00,44.5003,44.56,44.4505,44.4804,25492,0
2014-02-27,17:00:00,44.5301,44.7292,44.4007,44.5998,52130,0
2014-02-27,18:00:00,44.6595,44.7989,44.4903,44.6595,59139,0
2014-02-27,19:00:00,44.7491,44.7491,44.4405,44.5799,55007,0
2014-02-27,20:00:00,44.55,44.6695,44.5003,44.6098,31475,0
2014-02-27,21:00:00,44.5899,44.6098,44.5102,44.56,35745,0
2014-02-27,22:00:00,44.57,44.6496,44.5202,44.56,136766,0
2014-02-28,16:00:00,44.6,44.79,44.46,44.59,14614,0
2014-02-28,17:00:00,44.54,44.59,44.38,44.56,45182,0
2014-02-28,18:00:00,44.55,44.75,44.51,44.62,12596,0
2014-02-28,19:00:00,44.69,44.78,44.51,44.58,16245,0
2014-02-28,20:00:00,44.6,44.84,44.6,44.84,8545,0
2014-02-28,21:00:00,44.78,44.85,44.7,44.73,9696,0
2014-02-28,22:00:00,44.71,44.74,44.35,44.38,130708,0
2014-03-03,16:00:00,46.25,46.6,46.25,46.51,117470,0
2014-03-03,17:00:00,46.55,46.99,46.5,46.56,75276,0
2014-03-03,18:00:00,46.56,46.78,46.5,46.73,73170,0
2014-03-03,19:00:00,46.71,46.88,46.63,46.81,49429,0
2014-03-03,20:00:00,46.8,46.81,46.59,46.69,39120,0
2014-03-03,21:00:00,46.67,46.72,46.51,46.52,42749,0
2014-03-03,22:00:00,46.54,46.6,46.3,46.35,201360,0
2014-03-04,16:00:00,46.32,46.9,46.32,46.72,49865,0
2014-03-04,17:00:00,46.8,47,46.71,47,78517,0
2014-03-04,18:00:00,46.97,47.09,46.9,46.96,27409,0
2014-03-04,19:00:00,46.96,47,46.48,46.61,75197,0
2014-03-04,20:00:00,46.61,46.61,46.28,46.37,41954,0
2014-03-04,21:00:00,46.36,46.45,46.35,46.39,32756,0
2014-03-04,22:00:00,46.4,46.48,46.24,46.28,175353,0
2014-03-05,16:00:00,46.5,46.84,46.5,46.74,616094,0
2014-03-05,17:00:00,46.79,47.26,46.74,46.87,90587,0
2014-03-05,18:00:00,46.89,46.95,46.7,46.76,73186,0
2014-03-05,19:00:00,46.79,46.81,46.75,46.76,32725,0
2014-03-05,20:00:00,46.75,46.78,46.73,46.75,45193,0
2014-03-05,21:00:00,46.75,46.76,46.64,46.69,33356,0
2014-03-05,22:00:00,46.69,46.76,46.6,46.73,90466,0
2014-03-06,16:00:00,46.93,47.1,46.89,46.96,101729,0
2014-03-06,17:00:00,46.96,47.01,46.82,46.9,96177,0
2014-03-06,18:00:00,46.9,46.95,46.76,46.81,33633,0
2014-03-06,19:00:00,46.81,46.9,46.75,46.9,63739,0
2014-03-06,20:00:00,46.9,46.9,46.78,46.8,59581,0
2014-03-06,21:00:00,46.8,46.8,46.75,46.78,25590,0
2014-03-06,22:00:00,46.8,46.8,46.75,46.75,101065,0
2014-03-07,16:00:00,46.68,46.75,46.43,46.65,162893,0
2014-03-07,17:00:00,46.65,46.7,46.54,46.62,234821,0
2014-03-07,18:00:00,46.61,46.73,46.59,46.68,133075,0
2014-03-07,19:00:00,46.68,46.7,46.56,46.64,32872,0
2014-03-07,20:00:00,46.68,46.77,46.61,46.76,73825,0
2014-03-07,21:00:00,46.72,46.76,46.62,46.69,86326,0
2014-03-07,22:00:00,46.71,46.78,46.66,46.66,135763,0
2014-03-10,15:00:00,45.74,45.75,45.66,45.66,479360,0
2014-03-10,16:00:00,45.66,45.7,45.64,45.68,1243132,0
2014-03-10,17:00:00,45.68,45.74,45.67,45.7,637264,0
2014-03-10,18:00:00,45.7,45.72,45.69,45.72,196564,0
2014-03-10,19:00:00,45.71,45.72,45.7,45.71,186565,0
2014-03-10,20:00:00,45.71,45.75,45.71,45.71,105930,0
2014-03-10,21:00:00,45.71,45.77,45.7,45.71,964911,0
2014-03-11,15:00:00,45.74,45.78,45.71,45.72,105870,0
2014-03-11,16:00:00,45.72,45.74,45.71,45.72,69088,0
2014-03-11,17:00:00,45.72,45.74,45.72,45.73,66149,0
2014-03-11,18:00:00,45.73,45.74,45.71,45.74,105571,0
2014-03-11,19:00:00,45.73,45.74,45.71,45.71,45938,0
2014-03-11,20:00:00,45.72,45.74,45.71,45.74,169168,0
2014-03-11,21:00:00,45.74,45.78,45.72,45.73,121293,0
2014-03-12,15:00:00,45.72,45.78,45.71,45.76,48096,0
2014-03-12,16:00:00,45.75,45.78,45.72,45.74,142808,0
2014-03-12,17:00:00,45.74,45.76,45.73,45.76,34769,0
2014-03-12,18:00:00,45.75,45.76,45.72,45.76,49351,0
2014-03-12,19:00:00,45.76,45.76,45.73,45.74,34172,0
2014-03-12,20:00:00,45.74,45.75,45.73,45.74,28355,0
2014-03-12,21:00:00,45.75,45.87,45.75,45.87,63583,0
2014-03-13,15:00:00,45.78,45.83,45.76,45.79,12329,0
2014-03-13,16:00:00,45.77,45.79,45.75,45.78,63927,0
2014-03-13,17:00:00,45.77,45.79,45.77,45.78,56909,0
2014-03-13,18:00:00,45.79,45.81,45.72,45.74,69017,0
2014-03-13,19:00:00,45.73,45.74,45.72,45.74,42730,0
2014-03-13,20:00:00,45.73,45.8,45.72,45.77,51791,0
2014-03-13,21:00:00,45.77,45.8,45.72,45.72,92601,0
2014-03-14,15:00:00,45.78,45.8,45.73,45.78,21328,0
2014-03-14,16:00:00,45.79,45.85,45.75,45.76,46786,0
2014-03-14,17:00:00,45.79,45.79,45.71,45.73,76466,0
2014-03-14,18:00:00,45.72,45.73,45.72,45.72,43583,0
2014-03-14,19:00:00,45.72,45.73,45.71,45.72,70624,0
2014-03-14,20:00:00,45.72,45.76,45.71,45.74,40133,0
2014-03-14,21:00:00,45.75,45.81,45.74,45.77,70450,0
2014-03-17,15:00:00,45.83,45.92,45.81,45.82,64361,0
2014-03-17,16:00:00,45.83,45.86,45.72,45.76,52354,0
2014-03-17,17:00:00,45.75,45.76,45.71,45.73,164174,0
2014-03-17,18:00:00,45.74,45.74,45.72,45.72,33946,0
2014-03-17,19:00:00,45.73,45.74,45.72,45.72,34816,0
2014-03-17,20:00:00,45.73,45.74,45.72,45.72,37523,0
2014-03-17,21:00:00,45.73,45.75,45.72,45.73,76617,0
2014-03-18,15:00:00,45.83,45.84,45.76,45.83,9344,0
2014-03-18,16:00:00,45.84,45.85,45.73,45.75,40253,0
2014-03-18,17:00:00,45.75,45.75,45.73,45.74,35731,0
2014-03-18,18:00:00,45.73,45.77,45.73,45.75,20977,0
2014-03-18,19:00:00,45.75,45.77,45.73,45.75,49997,0
2014-03-18,20:00:00,45.77,45.8,45.75,45.77,34825,0
2014-03-18,21:00:00,45.77,45.79,45.72,45.74,102272,0
2014-03-19,15:00:00,45.75,45.77,45.74,45.74,53445,0
2014-03-19,16:00:00,45.73,45.75,45.73,45.74,80544,0
2014-03-19,17:00:00,45.75,45.75,45.73,45.74,26412,0
2014-03-19,18:00:00,45.74,45.79,45.73,45.79,37535,0
2014-03-19,19:00:00,45.79,45.83,45.78,45.83,11873,0
2014-03-19,20:00:00,45.83,45.83,45.75,45.8,12469,0
2014-03-19,21:00:00,45.81,45.83,45.72,45.72,77747,0
2014-03-20,15:00:00,45.76,45.78,45.74,45.77,20703,0
2014-03-20,16:00:00,45.77,45.82,45.75,45.8,34751,0
2014-03-20,17:00:00,45.8,45.85,45.79,45.84,25757,0
2014-03-20,18:00:00,45.84,45.85,45.81,45.81,11022,0
2014-03-20,19:00:00,45.82,45.83,45.81,45.83,9253,0
2014-03-20,20:00:00,45.83,45.83,45.8,45.8,16672,0
2014-03-20,21:00:00,45.8,45.81,45.72,45.73,49624,0
2014-03-21,15:00:00,45.85,45.88,45.79,45.79,17919,0
2014-03-21,16:00:00,45.81,45.82,45.76,45.81,20231,0
2014-03-21,17:00:00,45.8,45.83,45.79,45.83,36151,0
2014-03-21,18:00:00,45.83,45.83,45.76,45.76,20517,0
2014-03-21,19:00:00,45.75,45.76,45.72,45.72,51096,0
2014-03-21,20:00:00,45.72,45.77,45.72,45.74,59306,0
2014-03-21,21:00:00,45.74,45.83,45.69,45.83,424921,0
2014-03-24,15:00:00,45.73,45.81,45.73,45.8,22835,0
2014-03-24,16:00:00,45.79,45.79,45.73,45.73,54352,0
2014-03-24,17:00:00,45.73,45.75,45.73,45.75,49748,0
2014-03-24,18:00:00,45.75,45.81,45.75,45.79,37078,0
2014-03-24,19:00:00,45.8,45.83,45.79,45.83,34431,0
2014-03-24,20:00:00,45.82,45.83,45.81,45.83,27455,0
2014-03-24,21:00:00,45.83,45.92,45.81,45.82,114497,0
2014-03-25,15:00:00,45.85,45.88,45.78,45.82,17213,0
2014-03-25,16:00:00,45.84,45.85,45.78,45.78,20477,0
2014-03-25,17:00:00,45.78,45.82,45.76,45.79,8241,0
2014-03-25,18:00:00,45.8,45.81,45.74,45.8,21164,0
2014-03-25,19:00:00,45.79,45.82,45.79,45.81,9708,0
2014-03-25,20:00:00,45.82,45.82,45.79,45.81,9400,0
2014-03-25,21:00:00,45.8,45.83,45.77,45.77,33274,0
2014-03-26,15:00:00,45.82,45.83,45.73,45.73,18428,0
2014-03-26,16:00:00,45.73,45.75,45.73,45.73,24549,0
2014-03-26,17:00:00,45.73,45.76,45.73,45.76,10943,0
2014-03-26,18:00:00,45.74,45.75,45.73,45.74,23092,0
2014-03-26,19:00:00,45.74,45.75,45.73,45.74,33229,0
2014-03-26,20:00:00,45.73,45.74,45.73,45.74,11543,0
2014-03-26,21:00:00,45.73,45.76,45.72,45.73,71977,0
2014-03-27,15:00:00,45.81,45.82,45.75,45.82,13796,0
2014-03-27,16:00:00,45.8,45.85,45.79,45.81,34562,0
2014-03-27,17:00:00,45.79,45.81,45.73,45.74,36516,0
2014-03-27,18:00:00,45.74,45.75,45.73,45.74,24006,0
2014-03-27,19:00:00,45.74,45.77,45.73,45.77,35286,0
2014-03-27,20:00:00,45.76,45.76,45.73,45.74,45431,0
2014-03-27,21:00:00,45.74,45.74,45.72,45.72,72677,0
2014-03-28,15:00:00,45.75,45.81,45.75,45.77,15721,0
2014-03-28,16:00:00,45.8,45.82,45.77,45.78,27459,0
2014-03-28,17:00:00,45.77,45.81,45.77,45.8,8016,0
2014-03-28,18:00:00,45.79,45.8,45.78,45.79,5423,0
2014-03-28,19:00:00,45.79,45.79,45.74,45.75,9729,0
2014-03-28,20:00:00,45.75,45.76,45.74,45.75,65216,0
2014-03-28,21:00:00,45.76,45.76,45.74,45.75,73010,0
2014-03-31,16:00:00,45.78,45.79,45.74,45.75,18195,0
2014-03-31,17:00:00,45.77,45.77,45.74,45.76,37153,0
2014-03-31,18:00:00,45.76,45.76,45.74,45.74,106753,0
2014-03-31,19:00:00,45.74,45.75,45.74,45.75,24960,0
2014-03-31,20:00:00,45.75,45.75,45.74,45.74,9588,0
2014-03-31,21:00:00,45.74,45.77,45.74,45.76,42490,0
2014-03-31,22:00:00,45.77,45.78,45.74,45.78,63982,0
2014-04-01,16:00:00,45.7,45.79,45.7,45.75,15337,0
2014-04-01,17:00:00,45.75,45.78,45.74,45.76,21636,0
2014-04-01,18:00:00,45.77,45.77,45.74,45.75,13487,0
2014-04-01,19:00:00,45.74,45.75,45.74,45.75,12097,0
2014-04-01,20:00:00,45.74,45.76,45.74,45.75,20686,0
2014-04-01,21:00:00,45.76,45.78,45.75,45.78,39665,0
2014-04-01,22:00:00,45.78,45.78,45.75,45.77,90927,0
2014-04-02,16:00:00,45.77,45.79,45.76,45.77,17902,0
2014-04-02,17:00:00,45.77,45.79,45.76,45.76,37148,0
2014-04-02,18:00:00,45.77,45.77,45.74,45.75,32005,0
2014-04-02,19:00:00,45.76,45.76,45.74,45.75,28145,0
2014-04-02,20:00:00,45.75,45.77,45.74,45.76,20381,0
2014-04-02,21:00:00,45.77,45.78,45.75,45.77,15629,0
2014-04-02,22:00:00,45.77,45.78,45.75,45.76,43771,0
2014-04-03,16:00:00,45.76,45.78,45.75,45.76,19176,0
2014-04-03,17:00:00,45.76,45.78,45.75,45.76,35710,0
2014-04-03,18:00:00,45.76,45.77,45.76,45.76,15044,0
2014-04-03,19:00:00,45.76,45.78,45.75,45.75,25162,0
2014-04-03,20:00:00,45.75,45.77,45.74,45.74,40528,0
2014-04-03,21:00:00,45.75,45.76,45.74,45.75,56766,0
2014-04-03,22:00:00,45.76,45.78,45.74,45.78,69073,0
2014-04-04,16:00:00,45.9,45.9,45.75,45.75,28802,0
2014-04-04,17:00:00,45.75,45.76,45.74,45.74,108105,0
2014-04-04,18:00:00,45.75,45.75,45.74,45.74,80412,0
2014-04-04,19:00:00,45.74,45.75,45.74,45.74,65520,0
2014-04-04,20:00:00,45.74,45.75,45.74,45.74,73137,0
2014-04-04,21:00:00,45.74,45.75,45.74,45.74,51259,0
2014-04-04,22:00:00,45.74,45.75,45.72,45.74,109446,0
2014-04-07,16:00:00,45.7,45.75,45.7,45.72,55513,0
2014-04-07,17:00:00,45.73,45.74,45.72,45.72,51951,0
2014-04-07,18:00:00,45.73,45.73,45.71,45.72,122777,0
2014-04-07,19:00:00,45.72,45.73,45.67,45.69,30339,0
2014-04-07,20:00:00,45.68,45.71,45.68,45.71,24949,0
2014-04-07,21:00:00,45.7,45.77,45.7,45.75,853614,0
2014-04-07,22:00:00,45.75,45.75,45.69,45.7,93989,0
2014-04-08,16:00:00,45.73,45.79,45.73,45.77,44116,0
2014-04-08,17:00:00,45.79,45.81,45.75,45.78,38858,0
2014-04-08,18:00:00,45.79,45.85,45.78,45.79,48356,0
2014-04-08,19:00:00,45.8,45.8,45.74,45.76,18547,0
2014-04-08,20:00:00,45.75,45.76,45.74,45.76,24640,0
2014-04-08,21:00:00,45.76,45.76,45.71,45.74,33284,0
2014-04-08,22:00:00,45.72,45.75,45.69,45.7,42391,0
2014-04-09,16:00:00,45.71,45.75,45.71,45.71,49210,0
2014-04-09,17:00:00,45.71,45.74,45.71,45.71,56273,0
2014-04-09,18:00:00,45.71,45.73,45.71,45.72,31659,0
2014-04-09,19:00:00,45.71,45.73,45.71,45.73,44289,0
2014-04-09,20:00:00,45.72,45.73,45.71,45.71,9330,0
2014-04-09,21:00:00,45.72,45.77,45.71,45.72,29401,0
2014-04-09,22:00:00,45.71,45.72,45.71,45.71,40626,0
2014-04-10,16:00:00,45.72,45.74,45.71,45.71,43489,0
2014-04-10,17:00:00,45.72,45.73,45.71,45.71,60123,0
2014-04-10,18:00:00,45.71,45.72,45.71,45.71,52350,0
2014-04-10,19:00:00,45.71,45.72,45.71,45.71,25036,0
2014-04-10,20:00:00,45.72,45.72,45.71,45.72,58725,0
2014-04-10,21:00:00,45.72,45.76,45.69,45.71,168293,0
2014-04-10,22:00:00,45.71,45.8,45.71,45.76,118900,0
2014-04-11,16:00:00,45.8,45.8,45.72,45.73,44167,0
2014-04-11,17:00:00,45.74,45.76,45.72,45.73,29459,0
2014-04-11,18:00:00,45.73,45.74,45.72,45.72,23336,0
2014-04-11,19:00:00,45.73,45.73,45.72,45.72,27085,0
2014-04-11,20:00:00,45.72,45.76,45.72,45.74,50990,0
2014-04-11,21:00:00,45.74,45.76,45.73,45.75,19165,0
2014-04-11,22:00:00,45.74,45.75,45.72,45.72,89287,0
2014-04-14,16:00:00,45.8,45.82,45.76,45.77,34590,0
2014-04-14,17:00:00,45.77,45.78,45.75,45.77,22659,0
2014-04-14,18:00:00,45.77,45.77,45.74,45.75,14745,0
2014-04-14,19:00:00,45.74,45.76,45.74,45.75,8262,0
2014-04-14,20:00:00,45.76,45.76,45.72,45.72,14845,0
2014-04-14,21:00:00,45.73,45.73,45.7,45.71,41846,0
2014-04-14,22:00:00,45.71,45.75,45.7,45.75,92436,0
2014-04-15,16:00:00,45.7,45.76,45.7,45.72,20429,0
2014-04-15,17:00:00,45.73,45.74,45.71,45.73,69824,0
2014-04-15,18:00:00,45.73,45.75,45.72,45.72,30299,0
2014-04-15,19:00:00,45.72,45.73,45.72,45.72,47183,0
2014-04-15,20:00:00,45.72,45.75,45.72,45.75,22354,0
2014-04-15,21:00:00,45.75,45.77,45.74,45.74,38963,0
2014-04-15,22:00:00,45.75,45.77,45.73,45.73,49923,0
2014-04-16,16:00:00,45.76,45.76,45.74,45.74,32048,0
2014-04-16,17:00:00,45.75,45.75,45.74,45.74,25187,0
2014-04-16,18:00:00,45.74,45.75,45.74,45.75,9680,0
2014-04-16,19:00:00,45.74,45.75,45.73,45.74,28375,0
2014-04-16,20:00:00,45.73,45.76,45.73,45.75,61011,0
2014-04-16,21:00:00,45.75,45.75,45.74,45.75,12838,0
2014-04-16,22:00:00,45.75,45.75,45.73,45.75,52487,0
2014-04-17,16:00:00,45.74,45.75,45.73,45.75,18455,0
2014-04-17,17:00:00,45.74,45.8,45.74,45.74,70206,0
2014-04-17,18:00:00,45.74,45.75,45.73,45.74,64584,0
2014-04-17,19:00:00,45.75,45.75,45.74,45.74,18807,0
2014-04-17,20:00:00,45.74,45.76,45.73,45.75,39028,0
2014-04-17,21:00:00,45.75,45.75,45.73,45.74,19669,0
2014-04-17,22:00:00,45.73,45.74,45.73,45.73,58733,0
2014-04-21,16:00:00,45.76,45.77,45.74,45.77,8509,0
2014-04-21,17:00:00,45.77,45.78,45.74,45.74,43563,0
2014-04-21,18:00:00,45.74,45.76,45.74,45.74,68515,0
2014-04-21,19:00:00,45.75,45.75,45.74,45.74,55535,0
2014-04-21,20:00:00,45.74,45.75,45.74,45.74,8436,0
2014-04-21,21:00:00,45.75,45.75,45.74,45.75,16847,0
2014-04-21,22:00:00,45.74,45.78,45.74,45.77,22784,0
2014-04-22,16:00:00,45.78,45.78,45.75,45.76,8056,0
2014-04-22,17:00:00,45.75,45.78,45.75,45.78,17521,0
2014-04-22,18:00:00,45.78,45.8,45.77,45.77,19692,0
2014-04-22,19:00:00,45.78,45.8,45.78,45.8,5674,0
2014-04-22,20:00:00,45.8,45.8,45.78,45.79,18468,0
2014-04-22,21:00:00,45.79,45.79,45.77,45.78,12248,0
2014-04-22,22:00:00,45.79,45.79,45.76,45.77,65501,0
2014-04-23,16:00:00,45.76,45.77,45.75,45.75,21138,0
2014-04-23,17:00:00,45.75,45.78,45.75,45.76,31384,0
2014-04-23,18:00:00,45.77,45.77,45.75,45.76,13018,0
2014-04-23,19:00:00,45.76,45.76,45.75,45.76,8060,0
2014-04-23,20:00:00,45.76,45.76,45.75,45.75,15277,0
2014-04-23,21:00:00,45.76,45.76,45.75,45.75,13069,0
2014-04-23,22:00:00,45.75,45.76,45.75,45.75,75850,0
2014-04-24,16:00:00,45.75,45.77,45.75,45.75,28047,0
2014-04-24,17:00:00,45.75,45.76,45.75,45.75,28938,0
2014-04-24,18:00:00,45.75,45.76,45.75,45.75,29772,0
2014-04-24,19:00:00,45.75,45.76,45.74,45.75,11334,0
2014-04-24,20:00:00,45.75,45.75,45.74,45.74,9659,0
2014-04-24,21:00:00,45.74,45.75,45.74,45.74,43783,0
2014-04-24,22:00:00,45.74,45.77,45.74,45.77,65207,0
2014-04-25,16:00:00,45.76,45.76,45.75,45.76,56741,0
2014-04-25,17:00:00,45.76,45.76,45.74,45.74,50083,0
2014-04-25,18:00:00,45.74,45.75,45.74,45.74,19261,0
2014-04-25,19:00:00,45.74,45.75,45.74,45.75,52746,0
2014-04-25,20:00:00,45.74,45.76,45.74,45.76,62131,0
2014-04-25,21:00:00,45.75,45.76,45.74,45.75,38550,0
2014-04-25,22:00:00,45.75,45.76,45.74,45.74,44752,0
2014-04-28,16:00:00,45.95,45.96,45.74,45.75,40204,0
2014-04-28,17:00:00,45.75,45.79,45.74,45.77,29654,0
2014-04-28,18:00:00,45.78,45.78,45.76,45.76,18279,0
2014-04-28,19:00:00,45.75,45.76,45.74,45.74,32107,0
2014-04-28,20:00:00,45.74,45.75,45.74,45.74,76757,0
2014-04-28,21:00:00,45.74,45.75,45.74,45.74,81256,0
2014-04-28,22:00:00,45.74,45.8,45.74,45.78,36615,0
2014-04-29,16:00:00,45.79,45.83,45.77,45.8,18726,0
2014-04-29,17:00:00,45.8,45.82,45.79,45.82,29952,0
2014-04-29,18:00:00,45.82,45.88,45.82,45.87,15843,0
2014-04-29,19:00:00,45.88,45.88,45.82,45.84,15948,0
2014-04-29,20:00:00,45.84,45.85,45.81,45.81,12421,0
2014-04-29,21:00:00,45.82,45.85,45.82,45.84,13557,0
2014-04-29,22:00:00,45.84,45.84,45.73,45.73,44499,0
2014-04-30,16:00:00,45.73,45.77,45.72,45.73,40620,0
2014-04-30,17:00:00,45.73,45.75,45.73,45.75,34358,0
2014-04-30,18:00:00,45.75,45.75,45.73,45.75,35122,0
2014-04-30,19:00:00,45.75,45.77,45.74,45.77,15901,0
2014-04-30,20:00:00,45.77,45.8,45.74,45.75,9638,0
2014-04-30,21:00:00,45.74,45.83,45.74,45.81,25092,0
2014-04-30,22:00:00,45.82,45.85,45.77,45.85,94358,0
2014-05-01,16:00:00,45.8,45.8,45.75,45.76,7000,0
2014-05-01,17:00:00,45.77,45.77,45.74,45.75,22180,0
2014-05-01,18:00:00,45.74,45.75,45.73,45.75,50330,0
2014-05-01,19:00:00,45.75,45.75,45.74,45.75,19312,0
2014-05-01,20:00:00,45.75,45.76,45.73,45.74,104696,0
2014-05-01,21:00:00,45.75,45.75,45.73,45.74,38116,0
2014-05-01,22:00:00,45.73,45.74,45.73,45.74,72450,0
2014-05-02,16:00:00,45.76,45.82,45.76,45.79,13482,0
2014-05-02,17:00:00,45.79,45.89,45.75,45.77,76745,0
2014-05-02,18:00:00,45.75,45.76,45.74,45.74,66719,0
2014-05-02,19:00:00,45.74,45.75,45.74,45.74,18538,0
2014-05-02,20:00:00,45.74,45.74,45.74,45.74,8401,0
2014-05-02,21:00:00,45.74,45.74,45.73,45.73,31936,0
2014-05-02,22:00:00,45.73,45.74,45.73,45.73,74694,0
2014-05-05,16:00:00,45.75,45.76,45.73,45.74,47437,0
2014-05-05,17:00:00,45.73,45.74,45.73,45.74,25761,0
2014-05-05,18:00:00,45.74,45.74,45.73,45.73,16555,0
2014-05-05,19:00:00,45.73,45.74,45.73,45.73,4801,0
2014-05-05,20:00:00,45.73,45.74,45.73,45.73,16466,0
2014-05-05,21:00:00,45.73,45.74,45.73,45.74,39482,0
2014-05-05,22:00:00,45.74,45.79,45.73,45.73,173228,0
2014-05-06,16:00:00,45.74,45.74,45.73,45.73,28799,0
2014-05-06,17:00:00,45.73,45.75,45.73,45.73,32026,0
2014-05-06,18:00:00,45.73,45.74,45.73,45.73,9272,0
2014-05-06,19:00:00,45.73,45.74,45.73,45.73,11769,0
2014-05-06,20:00:00,45.73,45.74,45.73,45.73,13131,0
2014-05-06,21:00:00,45.73,45.74,45.73,45.73,12827,0
2014-05-06,22:00:00,45.73,45.74,45.73,45.73,77687,0
2014-05-07,16:00:00,45.74,45.78,45.73,45.74,40694,0
2014-05-07,17:00:00,45.73,45.74,45.73,45.73,28297,0
2014-05-07,18:00:00,45.74,45.74,45.73,45.73,17020,0
2014-05-07,19:00:00,45.73,45.74,45.73,45.73,53768,0
2014-05-07,20:00:00,45.73,45.75,45.73,45.74,41531,0
2014-05-07,21:00:00,45.73,45.74,45.73,45.73,15754,0
2014-05-07,22:00:00,45.73,45.74,45.73,45.74,66192,0
