Date,Time,Open,High,Low,Close,Volume,OpenInt
2014-02-10,16:00:00,38.6,38.64,38.43,38.52,41399,0
2014-02-10,17:00:00,38.5,38.51,37.96,38.06,173501,0
2014-02-10,18:00:00,38.1,38.19,37.86,37.98,120928,0
2014-02-10,19:00:00,38,38.07,37.86,38.05,60906,0
2014-02-10,20:00:00,38.09,38.12,37.99,38.04,36089,0
2014-02-10,21:00:00,38.04,38.15,38,38.07,60981,0
2014-02-10,22:00:00,38.08,38.15,38.04,38.08,208007,0
2014-02-11,16:00:00,37.95,38.26,37.95,38.09,37212,0
2014-02-11,17:00:00,38.1,38.23,38.01,38.07,53010,0
2014-02-11,18:00:00,38.08,38.54,38.03,38.52,174629,0
2014-02-11,19:00:00,38.55,39.05,38.5,38.99,201686,0
2014-02-11,20:00:00,38.98,39.23,38.88,39.16,302188,0
2014-02-11,21:00:00,39.12,39.13,38.96,39.1,418344,0
2014-02-11,22:00:00,39.08,39.08,38.82,38.85,419642,0
2014-02-12,16:00:00,38.64,39.78,38.54,39.53,113489,0
2014-02-12,17:00:00,39.53,39.53,38.7,38.95,351263,0
2014-02-12,18:00:00,38.98,39.01,38.88,38.97,62194,0
2014-02-12,19:00:00,38.98,39.04,38.87,38.96,150669,0
2014-02-12,20:00:00,38.97,39.06,38.96,38.99,91050,0
2014-02-12,21:00:00,39,39,38.76,38.82,82554,0
2014-02-12,22:00:00,38.83,38.91,38.8,38.87,212310,0
2014-02-13,16:00:00,38.47,38.68,38.11,38.22,187907,0
2014-02-13,17:00:00,38.2,38.7,38.2,38.61,40245,0
2014-02-13,18:00:00,38.63,38.71,38.46,38.46,30506,0
2014-02-13,19:00:00,38.5,38.65,38.35,38.62,35853,0
2014-02-13,20:00:00,38.61,38.83,38.6,38.78,28698,0
2014-02-13,21:00:00,38.79,38.9,38.55,38.71,107457,0
2014-02-13,22:00:00,38.71,38.99,38.56,38.9,354578,0
2014-02-14,16:00:00,38.68,38.86,38.42,38.44,56505,0
2014-02-14,17:00:00,38.5,38.67,38.3,38.3,191693,0
2014-02-14,18:00:00,38.26,38.52,38.16,38.5,172674,0
2014-02-14,19:00:00,38.51,38.56,38.48,38.56,57827,0
2014-02-14,20:00:00,38.53,38.83,38.53,38.66,85138,0
2014-02-14,21:00:00,38.66,38.72,38.6,38.72,86535,0
2014-02-14,22:00:00,38.73,38.84,38.63,38.75,660571,0
2014-02-18,16:00:00,38.83,39.57,38.75,39.45,268417,0
2014-02-18,17:00:00,39.44,39.44,38.8,39.06,213208,0
2014-02-18,18:00:00,39.05,39.29,39.03,39.2,123661,0
2014-02-18,19:00:00,39.22,39.26,39.1,39.23,178763,0
2014-02-18,20:00:00,39.21,39.42,39.16,39.24,115453,0
2014-02-18,21:00:00,39.24,39.24,39.09,39.17,107434,0
2014-02-18,22:00:00,39.14,39.26,38.97,39.26,307206,0
2014-02-19,16:00:00,39.18,39.5,39.11,39.28,158919,0
2014-02-19,17:00:00,39.32,39.5,39.18,39.41,178330,0
2014-02-19,18:00:00,39.41,39.68,39.4,39.52,114539,0
2014-02-19,19:00:00,39.51,39.51,38.86,38.91,172868,0
2014-02-19,20:00:00,38.92,39.11,38.91,39.03,143001,0
2014-02-19,21:00:00,39.04,39.06,38.69,38.99,235226,0
2014-02-19,22:00:00,38.99,38.99,38.48,38.81,434205,0
2014-02-20,16:00:00,36.6,38.73,36.59,38.3,479203,0
2014-02-20,17:00:00,38.35,38.8,37.88,38.7,374910,0
2014-02-20,18:00:00,38.72,38.8,37.76,38.02,318602,0
2014-02-20,19:00:00,37.98,38.25,37.86,38.19,177895,0
2014-02-20,20:00:00,38.17,39.56,38.06,39.39,292097,0
2014-02-20,21:00:00,39.39,39.75,39.39,39.61,417438,0
2014-02-20,22:00:00,39.6,39.86,39.53,39.6,555181,0
2014-02-21,16:00:00,40.22,40.67,39.62,40.2,364845,0
2014-02-21,17:00:00,40.21,40.53,40.21,40.4,552073,0
2014-02-21,18:00:00,40.41,40.75,40.2,40.39,369646,0
2014-02-21,19:00:00,40.39,40.55,40.38,40.55,190993,0
2014-02-21,20:00:00,40.56,40.88,40.53,40.78,676507,0
2014-02-21,21:00:00,40.8,41.29,40.8,41.29,1066939,0
2014-02-21,22:00:00,41.28,41.55,40.99,41.41,600516,0
2014-02-24,16:00:00,41.85,42.24,41.26,42.19,158663,0
2014-02-24,17:00:00,42.19,42.99,42.02,42.89,827074,0
2014-02-24,18:00:00,42.89,43.16,42.69,42.71,387895,0
2014-02-24,19:00:00,42.71,43.08,42.65,43.03,207182,0
2014-02-24,20:00:00,43.03,43.03,42.69,42.73,85857,0
2014-02-24,21:00:00,42.72,42.79,42.2,42.27,215259,0
2014-02-24,22:00:00,42.26,42.26,41.69,41.82,640806,0
2014-02-25,16:00:00,42.21,42.39,42,42.16,83690,0
2014-02-25,17:00:00,42.13,42.16,41.88,41.92,211795,0
2014-02-25,18:00:00,41.92,42.31,41.91,42,103854,0
2014-02-25,19:00:00,42.01,42.07,41.78,41.81,115875,0
2014-02-25,20:00:00,41.8,41.88,41.73,41.81,74211,0
2014-02-25,21:00:00,41.79,41.84,41.69,41.8,103154,0
2014-02-25,22:00:00,41.8,41.8,41.49,41.67,236641,0
2014-02-26,16:00:00,42.7,42.87,41.89,42.1,292249,0
2014-02-26,17:00:00,42.11,42.6,42.11,42.47,472356,0
2014-02-26,18:00:00,42.49,42.71,42.43,42.57,98644,0
2014-02-26,19:00:00,42.61,42.63,42.44,42.49,218660,0
2014-02-26,20:00:00,42.49,42.83,42.43,42.83,577038,0
2014-02-26,21:00:00,42.82,43.06,42.66,42.79,324121,0
2014-02-26,22:00:00,42.81,42.81,42.6,42.76,217441,0
2014-02-27,16:00:00,42.92,42.92,42.13,42.25,94886,0
2014-02-27,17:00:00,42.27,42.38,41.67,42.3,281548,0
2014-02-27,18:00:00,42.3,42.55,42.23,42.49,239054,0
2014-02-27,19:00:00,42.53,42.91,42.52,42.91,74761,0
2014-02-27,20:00:00,42.92,42.94,42.61,42.63,65262,0
2014-02-27,21:00:00,42.62,42.64,42.43,42.43,99727,0
2014-02-27,22:00:00,42.42,42.58,42.26,42.58,261491,0
2014-02-28,16:00:00,42.8,43.16,42.76,42.95,68234,0
2014-02-28,17:00:00,42.97,43.23,42.79,42.79,223235,0
2014-02-28,18:00:00,42.79,43.3,42.66,43.11,270056,0
2014-02-28,19:00:00,43.1,43.69,43.05,43.57,198456,0
2014-02-28,20:00:00,43.55,43.65,43.41,43.45,67252,0
2014-02-28,21:00:00,43.45,43.45,43.09,43.1,73139,0
2014-02-28,22:00:00,43.1,43.11,42.74,43,194008,0
2014-03-03,16:00:00,42.51,42.56,42.09,42.21,195574,0
2014-03-03,17:00:00,42.17,42.21,41.73,41.78,301286,0
2014-03-03,18:00:00,41.75,41.78,41.29,41.37,166646,0
2014-03-03,19:00:00,41.35,41.42,41.09,41.12,300006,0
2014-03-03,20:00:00,41.13,41.56,41.12,41.33,388592,0
2014-03-03,21:00:00,41.35,41.97,41.29,41.8,317755,0
2014-03-03,22:00:00,41.79,41.85,41.55,41.82,351236,0
2014-03-04,16:00:00,42.42,42.55,42.18,42.19,95195,0
2014-03-04,17:00:00,42.22,42.51,41.51,42.45,468485,0
2014-03-04,18:00:00,42.42,42.68,42.3,42.3,94952,0
2014-03-04,19:00:00,42.31,42.61,42.12,42.56,176969,0
2014-03-04,20:00:00,42.56,42.67,42.3,42.31,41611,0
2014-03-04,21:00:00,42.31,42.55,42.28,42.55,95406,0
2014-03-04,22:00:00,42.54,42.79,42.54,42.66,123881,0
2014-03-05,16:00:00,42.24,42.56,42.19,42.47,81319,0
2014-03-05,17:00:00,42.42,42.69,42.01,42.25,93721,0
2014-03-05,18:00:00,42.26,42.42,42.25,42.32,179276,0
2014-03-05,19:00:00,42.33,42.35,42.3,42.32,69089,0
2014-03-05,20:00:00,42.33,42.35,42.3,42.33,81001,0
2014-03-05,21:00:00,42.33,42.34,42.13,42.18,64520,0
2014-03-05,22:00:00,42.18,42.24,42.14,42.24,111912,0
2014-03-06,16:00:00,42.4,42.66,42.12,42.37,96504,0
2014-03-06,17:00:00,42.41,42.55,42.1,42.42,353320,0
2014-03-06,18:00:00,42.42,42.43,42.25,42.33,43885,0
2014-03-06,19:00:00,42.33,42.34,42.15,42.22,102251,0
2014-03-06,20:00:00,42.21,42.33,42.06,42.19,104549,0
2014-03-06,21:00:00,42.19,42.3,42.14,42.28,48064,0
2014-03-06,22:00:00,42.28,42.43,42.24,42.43,87047,0
2014-03-07,16:00:00,42.69,42.96,42.49,42.7,219120,0
2014-03-07,17:00:00,42.7,43.33,42.66,43.09,248645,0
2014-03-07,18:00:00,43.08,43.15,42.28,42.36,128235,0
2014-03-07,19:00:00,42.35,42.52,42.22,42.46,33626,0
2014-03-07,20:00:00,42.45,42.55,42.31,42.38,61094,0
2014-03-07,21:00:00,42.35,42.39,42.17,42.26,51776,0
2014-03-07,22:00:00,42.25,42.42,42.23,42.34,160540,0
2014-03-10,15:00:00,42.39,42.7,41.99,42.57,151340,0
2014-03-10,16:00:00,42.58,43.11,42.31,42.33,282941,0
2014-03-10,17:00:00,42.32,42.72,42.14,42.57,104531,0
2014-03-10,18:00:00,42.52,42.73,42.46,42.73,42335,0
2014-03-10,19:00:00,42.73,42.73,42.44,42.52,40807,0
2014-03-10,20:00:00,42.49,42.77,42.45,42.69,202008,0
2014-03-10,21:00:00,42.69,42.93,42.62,42.84,246324,0
2014-03-11,15:00:00,42.94,43.2,42.21,42.26,96282,0
2014-03-11,16:00:00,42.29,42.54,42.08,42.44,157973,0
2014-03-11,17:00:00,42.41,42.44,42.07,42.09,34847,0
2014-03-11,18:00:00,42.1,42.23,41.94,42.15,34835,0
2014-03-11,19:00:00,42.12,42.17,41.91,42.06,58905,0
2014-03-11,20:00:00,42.05,42.05,41.53,41.67,58700,0
2014-03-11,21:00:00,41.64,41.77,41.47,41.63,147378,0
2014-03-12,15:00:00,41.35,41.45,40.6,40.99,104294,0
2014-03-12,16:00:00,40.99,41.12,40.76,41.08,117145,0
2014-03-12,17:00:00,41.04,41.22,40.98,41.03,78244,0
2014-03-12,18:00:00,41.03,41.18,40.96,41.17,57081,0
2014-03-12,19:00:00,41.2,41.25,41.14,41.21,31267,0
2014-03-12,20:00:00,41.2,41.22,41.12,41.17,74351,0
2014-03-12,21:00:00,41.18,41.29,41.1,41.27,129031,0
2014-03-13,15:00:00,41.66,41.66,41.34,41.55,37030,0
2014-03-13,16:00:00,41.56,41.58,41.37,41.37,65613,0
2014-03-13,17:00:00,41.33,41.45,41.24,41.25,39596,0
2014-03-13,18:00:00,41.23,41.24,40.5,40.6,78708,0
2014-03-13,19:00:00,40.6,40.62,40.28,40.37,70689,0
2014-03-13,20:00:00,40.39,40.53,39.92,40,180749,0
2014-03-13,21:00:00,39.98,40.24,39.98,40.13,212810,0
2014-03-14,15:00:00,39.93,40.55,39.91,40.3,112673,0
2014-03-14,16:00:00,40.34,40.68,40.32,40.37,210013,0
2014-03-14,17:00:00,40.35,40.43,39.86,40.21,97658,0
2014-03-14,18:00:00,40.17,40.36,40.05,40.2,39225,0
2014-03-14,19:00:00,40.24,40.27,40.11,40.27,38918,0
2014-03-14,20:00:00,40.27,40.29,40.13,40.16,94354,0
2014-03-14,21:00:00,40.16,40.26,40.07,40.13,142170,0
2014-03-17,15:00:00,40.4,40.5,40.29,40.38,98255,0
2014-03-17,16:00:00,40.38,40.68,40.29,40.53,98020,0
2014-03-17,17:00:00,40.55,40.67,40.36,40.54,40596,0
2014-03-17,18:00:00,40.6,40.63,40.45,40.51,85802,0
2014-03-17,19:00:00,40.53,40.54,40.45,40.5,48792,0
2014-03-17,20:00:00,40.48,40.51,40.36,40.4,99365,0
2014-03-17,21:00:00,40.4,40.42,40.37,40.4,195083,0
2014-03-18,15:00:00,40.32,40.67,40.11,40.43,46572,0
2014-03-18,16:00:00,40.43,40.46,40.2,40.37,146968,0
2014-03-18,17:00:00,40.4,40.43,40.23,40.3,81785,0
2014-03-18,18:00:00,40.32,40.36,40.19,40.27,53536,0
2014-03-18,19:00:00,40.27,40.33,40.24,40.32,127293,0
2014-03-18,20:00:00,40.32,40.46,40.29,40.36,214495,0
2014-03-18,21:00:00,40.37,40.45,40.35,40.38,174869,0
2014-03-19,15:00:00,40.74,40.88,40.27,40.3,81046,0
2014-03-19,16:00:00,40.36,40.74,40.27,40.73,278067,0
2014-03-19,17:00:00,40.71,41.08,40.7,40.79,188823,0
2014-03-19,18:00:00,40.78,40.8,40.67,40.74,63168,0
2014-03-19,19:00:00,40.75,40.77,40.65,40.77,52625,0
2014-03-19,20:00:00,40.77,40.78,40.52,40.69,89079,0
2014-03-19,21:00:00,40.72,40.74,40.32,40.48,199732,0
2014-03-20,15:00:00,40.19,40.46,40,40.1,40918,0
2014-03-20,16:00:00,40.18,40.48,40.18,40.3,166886,0
2014-03-20,17:00:00,40.3,40.32,40.21,40.3,49806,0
2014-03-20,18:00:00,40.31,40.74,40.24,40.62,88231,0
2014-03-20,19:00:00,40.66,40.7,40.51,40.52,43448,0
2014-03-20,20:00:00,40.53,40.6,40.49,40.59,23611,0
2014-03-20,21:00:00,40.57,40.61,40.52,40.57,114926,0
2014-03-21,15:00:00,40.96,40.99,40.18,40.35,176010,0
2014-03-21,16:00:00,40.31,40.33,40.22,40.3,110537,0
2014-03-21,17:00:00,40.3,40.33,40,40.16,306005,0
2014-03-21,18:00:00,40.19,40.56,40.1,40.54,50232,0
2014-03-21,19:00:00,40.53,40.53,40.4,40.4,20405,0
2014-03-21,20:00:00,40.4,40.59,40.37,40.53,38423,0
2014-03-21,21:00:00,40.52,40.55,40.1,40.12,266512,0
2014-03-24,15:00:00,40,40.47,40,40.16,52381,0
2014-03-24,16:00:00,40.05,40.11,39.4,39.5,122553,0
2014-03-24,17:00:00,39.44,39.66,39.39,39.66,92461,0
2014-03-24,18:00:00,39.64,39.8,39.64,39.72,53842,0
2014-03-24,19:00:00,39.71,39.93,39.67,39.86,50102,0
2014-03-24,20:00:00,39.87,40.09,39.87,40.01,53632,0
2014-03-24,21:00:00,40,40.44,39.97,40.43,319801,0
2014-03-25,15:00:00,40.69,41.88,40.45,41.71,121074,0
2014-03-25,16:00:00,41.69,41.72,40.97,40.98,312465,0
2014-03-25,17:00:00,40.98,41.17,40.67,40.75,114943,0
2014-03-25,18:00:00,40.74,40.77,40.46,40.74,52516,0
2014-03-25,19:00:00,40.74,40.97,40.63,40.76,65589,0
2014-03-25,20:00:00,40.75,40.83,40.61,40.66,69038,0
2014-03-25,21:00:00,40.65,40.83,40.55,40.71,160825,0
2014-03-26,15:00:00,41.04,41.25,40.85,40.98,55194,0
2014-03-26,16:00:00,40.98,41.26,40.72,40.72,177696,0
2014-03-26,17:00:00,40.69,40.8,40.47,40.5,97470,0
2014-03-26,18:00:00,40.5,40.5,39.94,40.12,67046,0
2014-03-26,19:00:00,40.12,40.18,39.51,39.78,81867,0
2014-03-26,20:00:00,39.72,39.76,39.45,39.56,355053,0
2014-03-26,21:00:00,39.54,40.14,39.48,39.53,442112,0
2014-03-27,15:00:00,39.45,39.95,39.13,39.78,138665,0
2014-03-27,16:00:00,39.78,40.34,39.63,39.91,74602,0
2014-03-27,17:00:00,39.97,40.16,39.78,40.16,109306,0
2014-03-27,18:00:00,40.11,40.32,39.9,40.29,76436,0
2014-03-27,19:00:00,40.29,40.48,40.24,40.3,41136,0
2014-03-27,20:00:00,40.3,40.44,40.22,40.28,84958,0
2014-03-27,21:00:00,40.26,40.42,40.23,40.4,138890,0
2014-03-28,15:00:00,40.6,41.44,40.4,41.4,118653,0
2014-03-28,16:00:00,41.4,42.31,41.36,42.07,193823,0
2014-03-28,17:00:00,42.08,42.2,41.47,41.66,252362,0
2014-03-28,18:00:00,41.67,41.72,41.34,41.61,61877,0
2014-03-28,19:00:00,41.61,41.89,41.56,41.85,67649,0
2014-03-28,20:00:00,41.85,41.85,41.57,41.67,94334,0
2014-03-28,21:00:00,41.66,41.77,41.58,41.66,185023,0
2014-03-31,16:00:00,41.72,42.3,41.54,42.03,162878,0
2014-03-31,17:00:00,42,42.17,41.88,41.99,93971,0
2014-03-31,18:00:00,41.99,42.15,41.92,42,74876,0
2014-03-31,19:00:00,41.99,42.17,41.99,42.05,56272,0
2014-03-31,20:00:00,42.06,42.1,41.93,42,96398,0
2014-03-31,21:00:00,42,42.11,41.95,42.06,102308,0
2014-03-31,22:00:00,42.09,42.21,41.99,42.19,190910,0
2014-04-01,16:00:00,42.34,42.69,42.21,42.55,129961,0
2014-04-01,17:00:00,42.55,42.95,42.35,42.5,317071,0
2014-04-01,18:00:00,42.48,42.53,42.05,42.12,189809,0
2014-04-01,19:00:00,42.12,42.14,41.89,41.95,33965,0
2014-04-01,20:00:00,41.93,41.95,41.6,41.61,55822,0
2014-04-01,21:00:00,41.61,42.16,41.61,42.02,89319,0
2014-04-01,22:00:00,42.04,42.38,42.01,42.34,193161,0
2014-04-02,16:00:00,42.42,42.53,41.95,41.95,31735,0
2014-04-02,17:00:00,41.97,42.29,41.95,42.1,94368,0
2014-04-02,18:00:00,42.16,42.18,42.01,42.15,37396,0
2014-04-02,19:00:00,42.16,42.16,41.83,41.89,49735,0
2014-04-02,20:00:00,41.8,42.04,41.73,42.02,56054,0
2014-04-02,21:00:00,42.03,42.09,41.92,42.08,55245,0
2014-04-02,22:00:00,42.08,42.31,42.08,42.27,89796,0
2014-04-03,16:00:00,42.3,42.38,42.1,42.27,16110,0
2014-04-03,17:00:00,42.28,42.37,41.95,42.2,56729,0
2014-04-03,18:00:00,42.11,42.3,42.1,42.18,71271,0
2014-04-03,19:00:00,42.18,42.34,42.09,42.09,190269,0
2014-04-03,20:00:00,42.08,42.15,41.91,41.99,530840,0
2014-04-03,21:00:00,41.99,42,41.43,41.55,49923,0
2014-04-03,22:00:00,41.56,41.89,41.54,41.81,62312,0
2014-04-04,16:00:00,41.83,42.03,41.59,41.61,29017,0
2014-04-04,17:00:00,41.61,42.22,41.61,41.81,172448,0
2014-04-04,18:00:00,41.78,41.82,41.21,41.48,88983,0
2014-04-04,19:00:00,41.47,41.47,41,41.08,60094,0
2014-04-04,20:00:00,41.13,41.28,40.86,41.12,67174,0
2014-04-04,21:00:00,41.17,41.21,40.81,40.93,86774,0
2014-04-04,22:00:00,40.92,40.95,40.72,40.76,196285,0
2014-04-07,16:00:00,40.64,40.86,39.89,40.01,67262,0
2014-04-07,17:00:00,40.08,40.08,39.39,39.43,167309,0
2014-04-07,18:00:00,39.43,39.48,38.36,38.37,263456,0
2014-04-07,19:00:00,38.36,38.95,38.31,38.87,300270,0
2014-04-07,20:00:00,38.9,39.04,38.2,38.42,336273,0
2014-04-07,21:00:00,38.4,39.13,38.4,39.12,250857,0
2014-04-07,22:00:00,39.11,39.48,38.85,39,434674,0
2014-04-08,16:00:00,38.92,39.77,38.89,39.31,147478,0
2014-04-08,17:00:00,39.27,39.33,38.79,38.83,260211,0
2014-04-08,18:00:00,38.8,39.37,38.6,39.16,439474,0
2014-04-08,19:00:00,39.13,39.49,39.06,39.36,201919,0
2014-04-08,20:00:00,39.33,39.67,39.33,39.55,548890,0
2014-04-08,21:00:00,39.55,39.62,39.1,39.4,147380,0
2014-04-08,22:00:00,39.4,39.53,39.21,39.41,240138,0
2014-04-09,16:00:00,39.76,39.97,39.52,39.64,14500,0
2014-04-09,17:00:00,39.55,40.02,39.42,40.02,75599,0
2014-04-09,18:00:00,40,40.42,39.96,40.07,173517,0
2014-04-09,19:00:00,40.03,40.2,39.84,40.09,89795,0
2014-04-09,20:00:00,40.08,40.2,40.05,40.19,67124,0
2014-04-09,21:00:00,40.2,40.39,40.12,40.16,288428,0
2014-04-09,22:00:00,40.15,40.55,40.11,40.43,361020,0
2014-04-10,16:00:00,40.74,41.45,40.58,41.28,136328,0
2014-04-10,17:00:00,41.28,41.69,41.15,41.25,286992,0
2014-04-10,18:00:00,41.25,41.35,40.93,41.1,139343,0
2014-04-10,19:00:00,41.11,41.12,40.63,40.65,64206,0
2014-04-10,20:00:00,40.68,40.83,40.39,40.51,54369,0
2014-04-10,21:00:00,40.53,40.73,40.27,40.35,64830,0
2014-04-10,22:00:00,40.36,40.53,40.04,40.47,223807,0
2014-04-11,16:00:00,40.1,40.58,40.01,40.31,70600,0
2014-04-11,17:00:00,40.4,40.41,39.95,40.26,93560,0
2014-04-11,18:00:00,40.18,40.35,39.98,40.07,75943,0
2014-04-11,19:00:00,40.08,40.13,39.84,39.95,120981,0
2014-04-11,20:00:00,39.94,39.94,39.56,39.58,67650,0
2014-04-11,21:00:00,39.58,39.62,39.21,39.44,123596,0
2014-04-11,22:00:00,39.44,39.71,39.35,39.43,390570,0
2014-04-14,16:00:00,39.73,39.73,39.14,39.2,44367,0
2014-04-14,17:00:00,39.17,39.78,39.17,39.77,63613,0
2014-04-14,18:00:00,39.77,39.77,39.22,39.22,40362,0
2014-04-14,19:00:00,39.25,39.44,39.21,39.22,39535,0
2014-04-14,20:00:00,39.24,39.35,39.06,39.06,49669,0
2014-04-14,21:00:00,39.07,39.16,38.88,38.95,78748,0
2014-04-14,22:00:00,38.93,38.97,38.63,38.91,241163,0
2014-04-15,16:00:00,39.05,39.17,38.62,39.17,35325,0
2014-04-15,17:00:00,39.17,39.29,38.67,38.71,131720,0
2014-04-15,18:00:00,38.69,38.69,38.25,38.33,66319,0
2014-04-15,19:00:00,38.32,38.32,37.9,38,132863,0
2014-04-15,20:00:00,37.98,38.57,37.88,38.57,110579,0
2014-04-15,21:00:00,38.58,39.03,38.45,38.94,60608,0
2014-04-15,22:00:00,38.95,39.19,38.79,39.07,132681,0
2014-04-16,16:00:00,39.29,39.29,38.68,39.16,39183,0
2014-04-16,17:00:00,39.15,39.42,38.98,39.19,56442,0
2014-04-16,18:00:00,39.17,39.46,39.11,39.28,52458,0
2014-04-16,19:00:00,39.28,39.39,39.24,39.27,47429,0
2014-04-16,20:00:00,39.26,39.39,39.18,39.35,63444,0
2014-04-16,21:00:00,39.37,39.49,39.24,39.35,72312,0
2014-04-16,22:00:00,39.34,39.46,39.3,39.42,114948,0
2014-04-17,16:00:00,39.49,39.83,39.37,39.77,118946,0
2014-04-17,17:00:00,39.79,39.95,39.62,39.84,90084,0
2014-04-17,18:00:00,39.85,39.91,39.52,39.55,38869,0
2014-04-17,19:00:00,39.55,39.61,39.4,39.51,27116,0
2014-04-17,20:00:00,39.51,39.65,39.49,39.62,22565,0
2014-04-17,21:00:00,39.62,39.64,39.55,39.58,21189,0
2014-04-17,22:00:00,39.59,39.68,39.55,39.59,64828,0
2014-04-21,16:00:00,39.42,39.53,38.98,39.46,62491,0
2014-04-21,17:00:00,39.42,39.52,38.88,39.15,73682,0
2014-04-21,18:00:00,39.15,39.51,39.09,39.47,79829,0
2014-04-21,19:00:00,39.5,39.5,39.37,39.45,26005,0
2014-04-21,20:00:00,39.45,39.45,39.13,39.17,29004,0
2014-04-21,21:00:00,39.18,39.37,39.18,39.36,51324,0
2014-04-21,22:00:00,39.35,39.37,39.23,39.31,55474,0
2014-04-22,16:00:00,39.43,39.99,39.31,39.79,191797,0
2014-04-22,17:00:00,39.76,39.97,39.58,39.96,83769,0
2014-04-22,18:00:00,39.94,40.23,39.94,40.2,46973,0
2014-04-22,19:00:00,40.19,40.29,40.02,40.14,51478,0
2014-04-22,20:00:00,40.14,40.25,40.09,40.12,46256,0
2014-04-22,21:00:00,40.12,40.32,40.11,40.3,37552,0
2014-04-22,22:00:00,40.3,40.3,40.15,40.16,137896,0
2014-04-23,16:00:00,40.3,40.87,39.94,40.63,135475,0
2014-04-23,17:00:00,40.6,41.02,40.33,40.89,125019,0
2014-04-23,18:00:00,40.89,41.11,40.76,40.9,112184,0
2014-04-23,19:00:00,40.9,40.93,40.67,40.67,55628,0
2014-04-23,20:00:00,40.67,40.67,40.45,40.61,20061,0
2014-04-23,21:00:00,40.61,40.69,40.55,40.69,30274,0
2014-04-23,22:00:00,40.65,40.86,40.62,40.77,130499,0
2014-04-24,16:00:00,41.08,41.08,40.17,40.21,26412,0
2014-04-24,17:00:00,40.23,40.75,40.12,40.55,129795,0
2014-04-24,18:00:00,40.54,40.72,40.5,40.57,31145,0
2014-04-24,19:00:00,40.58,40.78,40.46,40.78,53903,0
2014-04-24,20:00:00,40.77,40.8,40.54,40.54,31476,0
2014-04-24,21:00:00,40.54,40.74,40.54,40.69,63438,0
2014-04-24,22:00:00,40.7,40.92,40.61,40.64,136691,0
2014-04-25,16:00:00,40.66,41.1,40.54,40.6,167220,0
2014-04-25,17:00:00,40.66,40.83,40.58,40.63,123990,0
2014-04-25,18:00:00,40.62,40.82,40.51,40.66,81880,0
2014-04-25,19:00:00,40.63,40.69,40.58,40.62,32834,0
2014-04-25,20:00:00,40.6,40.68,40.6,40.67,59837,0
2014-04-25,21:00:00,40.64,40.69,40.53,40.56,53456,0
2014-04-25,22:00:00,40.57,40.59,40.3,40.39,106761,0
2014-04-28,16:00:00,40.36,40.36,39.6,39.99,131483,0
2014-04-28,17:00:00,40.04,40.2,39.84,40,86858,0
2014-04-28,18:00:00,40,40.04,39.54,39.55,79438,0
2014-04-28,19:00:00,39.5,39.52,39.23,39.28,80475,0
2014-04-28,20:00:00,39.27,39.35,39.05,39.21,86786,0
2014-04-28,21:00:00,39.19,39.47,39.07,39.34,64138,0
2014-04-28,22:00:00,39.33,39.64,39.3,39.49,158643,0
2014-04-29,16:00:00,40.19,40.98,39.7,40.88,164979,0
2014-04-29,17:00:00,40.86,40.95,40.5,40.74,173517,0
2014-04-29,18:00:00,40.73,40.79,40.6,40.72,69403,0
2014-04-29,19:00:00,40.73,40.83,40.65,40.65,45922,0
2014-04-29,20:00:00,40.68,40.75,40.57,40.65,54042,0
2014-04-29,21:00:00,40.65,40.7,40.57,40.57,45794,0
2014-04-29,22:00:00,40.58,40.82,40.57,40.79,133399,0
2014-04-30,16:00:00,40.75,40.97,40.47,40.84,86190,0
2014-04-30,17:00:00,40.75,40.91,40.58,40.75,133512,0
2014-04-30,18:00:00,40.74,40.8,40.59,40.75,28077,0
2014-04-30,19:00:00,40.78,40.86,40.66,40.68,13465,0
2014-04-30,20:00:00,40.68,40.77,40.63,40.75,14057,0
2014-04-30,21:00:00,40.74,41.34,40.68,41.29,77757,0
2014-04-30,22:00:00,41.28,41.73,41.22,41.73,208926,0
2014-05-01,16:00:00,41.66,42.1,41.43,41.94,75579,0
2014-05-01,17:00:00,41.87,42.65,41.73,42.53,170839,0
2014-05-01,18:00:00,42.52,42.65,42.15,42.47,99299,0
2014-05-01,19:00:00,42.45,42.64,42.24,42.62,162129,0
2014-05-01,20:00:00,42.59,42.59,42.25,42.3,89162,0
2014-05-01,21:00:00,42.3,42.45,42.27,42.42,122709,0
2014-05-01,22:00:00,42.42,42.77,42.32,42.75,470002,0
2014-05-02,16:00:00,42.81,43.36,42.67,43.22,192967,0
2014-05-02,17:00:00,43.21,44.07,43.21,43.57,364126,0
2014-05-02,18:00:00,43.54,44.04,43.53,43.79,236452,0
2014-05-02,19:00:00,43.78,43.86,43.5,43.52,463022,0
2014-05-02,20:00:00,43.54,43.69,43.5,43.61,228768,0
2014-05-02,21:00:00,43.61,43.79,43.55,43.7,255040,0
2014-05-02,22:00:00,43.7,43.85,43.66,43.83,517723,0
2014-05-05,16:00:00,43.71,43.86,43.25,43.48,91291,0
2014-05-05,17:00:00,43.49,44.28,43.46,44.19,174106,0
2014-05-05,18:00:00,44.15,44.21,44.02,44.02,159152,0
2014-05-05,19:00:00,44.01,44.04,43.86,43.95,69561,0
2014-05-05,20:00:00,43.93,43.98,43.63,43.64,125176,0
2014-05-05,21:00:00,43.65,43.84,43.56,43.67,164749,0
2014-05-05,22:00:00,43.68,43.75,43.5,43.6,676767,0
2014-05-06,16:00:00,43.6,46.46,43.2,45.51,587947,0
2014-05-06,17:00:00,45.48,46,45.27,45.45,664116,0
2014-05-06,18:00:00,45.5,45.85,45.35,45.45,220695,0
2014-05-06,19:00:00,45.4,45.54,45.35,45.35,70172,0
2014-05-06,20:00:00,45.36,45.47,45.01,45.12,99089,0
2014-05-06,21:00:00,45.11,45.28,44.81,45.11,179163,0
2014-05-06,22:00:00,45.11,45.55,45.04,45.44,566409,0
2014-05-07,16:00:00,45.6,47.69,45.5,47.23,381509,0
2014-05-07,17:00:00,47.22,47.41,46.57,47,385449,0
2014-05-07,18:00:00,47.02,47.3,46.88,47.2,221917,0
2014-05-07,19:00:00,47.17,47.27,47.11,47.2,198228,0
2014-05-07,20:00:00,47.19,47.63,47.18,47.6,131170,0
2014-05-07,21:00:00,47.59,48,47.43,48,143102,0
2014-05-07,22:00:00,48.01,48.34,47.93,48.03,558380,0
