Date,Time,Open,High,Low,Close,Volume,OpenInt
2014-02-10,17:00:00,25.6578,25.6578,25.5595,25.5595,1071,0
2014-02-10,18:00:00,25.5398,25.6185,25.5398,25.589,1333,0
2014-02-10,19:00:00,25.5398,25.5398,25.5398,25.5398,1474,0
2014-02-10,22:00:00,25.5103,25.5693,25.5103,25.5693,1880,0
2014-02-11,16:00:00,25.4709,25.5005,25.4709,25.5005,407,0
2014-02-11,17:00:00,25.5005,25.5005,25.5005,25.5005,678,0
2014-02-11,18:00:00,25.589,25.648,25.589,25.6381,1017,0
2014-02-11,20:00:00,25.648,25.6578,25.5496,25.5496,2034,0
2014-02-11,21:00:00,25.5299,25.5299,25.3923,25.3923,6751,0
2014-02-11,22:00:00,25.3923,25.4218,25.3923,25.4218,1932,0
2014-02-12,16:00:00,25.5005,25.5005,25.5005,25.5005,102,0
2014-02-12,17:00:00,25.4316,25.4316,25.4316,25.4316,102,0
2014-02-12,18:00:00,25.4119,25.4119,25.3628,25.3628,529,0
2014-02-12,19:00:00,25.4218,25.4218,25.4218,25.4218,813,0
2014-02-12,20:00:00,25.4316,25.4316,25.4316,25.4316,3051,0
2014-02-12,21:00:00,25.3726,25.3726,25.3726,25.3726,813,0
2014-02-12,22:00:00,25.3824,25.3824,25.3824,25.3824,102,0
2014-02-13,16:00:00,25.3333,25.3333,25.3038,25.3038,712,0
2014-02-13,18:00:00,25.3136,25.3923,25.3136,25.3136,2595,0
2014-02-13,19:00:00,25.3136,25.3431,25.3038,25.3431,2847,0
2014-02-13,20:00:00,25.3431,25.5201,25.3431,25.5005,9253,0
2014-02-13,21:00:00,25.4906,25.4906,25.4316,25.4316,712,0
2014-02-13,22:00:00,25.4218,25.4709,25.3628,25.3726,2135,0
2014-02-14,16:00:00,25.3824,25.3824,25.3628,25.3628,1424,0
2014-02-14,17:00:00,25.3628,25.3628,25.3234,25.3333,4160,0
2014-02-14,18:00:00,25.4021,25.4513,25.3726,25.4218,3610,0
2014-02-14,19:00:00,25.4218,25.4218,25.4218,25.4218,1220,0
2014-02-14,21:00:00,25.3923,25.3923,25.3923,25.3923,610,0
2014-02-14,22:00:00,25.3923,25.3923,25.3923,25.3923,610,0
2014-02-18,17:00:00,25.4218,25.4218,25.4218,25.4218,1373,0
2014-02-18,19:00:00,25.4119,25.4316,25.4119,25.4316,897,0
2014-02-18,20:00:00,25.4316,25.4316,25.4316,25.4316,3559,0
2014-02-18,21:00:00,25.4218,25.4709,25.4021,25.4709,2847,0
2014-02-18,22:00:00,25.4709,25.5988,25.4709,25.5299,2360,0
2014-02-19,16:00:00,25.4906,25.4906,25.4415,25.4906,2419,0
2014-02-19,17:00:00,25.5496,25.589,25.5201,25.589,3457,0
2014-02-19,18:00:00,25.6185,25.7561,25.6185,25.7365,11897,0
2014-02-19,19:00:00,25.7561,25.7955,25.7365,25.7758,2644,0
2014-02-19,20:00:00,25.7758,25.9135,25.7561,25.9037,6702,0
2014-02-19,21:00:00,25.9037,25.9037,25.7463,25.8151,5155,0
2014-02-19,22:00:00,25.7463,25.7758,25.6578,25.6578,2498,0
2014-02-20,16:00:00,25.4709,25.4709,25.4709,25.4709,203,0
2014-02-20,17:00:00,25.5201,25.7266,25.5201,25.7266,3457,0
2014-02-20,18:00:00,25.7266,25.9135,25.7266,25.9135,6940,0
2014-02-20,19:00:00,25.9922,26.0413,25.7955,25.9233,4118,0
2014-02-20,20:00:00,25.8151,25.8447,25.7857,25.7857,610,0
2014-02-20,21:00:00,25.8643,25.8643,25.8643,25.8643,1830,0
2014-02-20,22:00:00,25.825,25.9528,25.825,25.8447,1938,0
2014-02-21,16:00:00,25.9823,25.9823,25.9823,25.9823,203,0
2014-02-21,17:00:00,25.9823,25.9823,25.9823,25.9823,473,0
2014-02-21,18:00:00,26.0315,26.0315,25.9233,26.0315,1042,0
2014-02-21,19:00:00,26.0315,26.0315,25.943,25.943,1597,0
2014-02-21,20:00:00,25.943,25.9627,25.943,25.943,813,0
2014-02-21,21:00:00,25.9725,25.9725,25.9725,25.9725,397,0
2014-02-21,22:00:00,25.9332,25.9528,25.8348,25.8348,2460,0
2014-02-24,16:00:00,25.7955,25.7955,25.766,25.766,203,0
2014-02-24,17:00:00,25.8151,25.943,25.7561,25.7561,2611,0
2014-02-24,18:00:00,25.8053,25.9135,25.7758,25.7955,1287,0
2014-02-24,19:00:00,25.7857,25.8053,25.7857,25.8053,873,0
2014-02-24,20:00:00,25.7955,25.8151,25.766,25.7758,2229,0
2014-02-24,21:00:00,25.766,25.9233,25.766,25.9135,5754,0
2014-02-24,22:00:00,25.766,25.9922,25.766,25.8348,3254,0
2014-02-25,17:00:00,25.825,25.825,25.8053,25.825,678,0
2014-02-25,18:00:00,25.9627,25.9823,25.8938,25.9725,2256,0
2014-02-25,19:00:00,25.9528,26.002,25.943,26.002,508,0
2014-02-25,20:00:00,25.9922,26.0118,25.8447,25.8643,2796,0
2014-02-25,21:00:00,25.9135,25.9528,25.9135,25.9135,2237,0
2014-02-25,22:00:00,25.8348,25.9627,25.8348,25.8742,1431,0
2014-02-26,16:00:00,25.8742,26.0217,25.8742,26.0217,1875,0
2014-02-26,17:00:00,25.8742,26.0118,25.8742,26.0118,1807,0
2014-02-26,18:00:00,25.8742,25.9627,25.8742,25.9627,407,0
2014-02-26,19:00:00,25.9725,25.9725,25.9627,25.9627,1220,0
2014-02-26,20:00:00,25.9627,25.9725,25.9627,25.9725,610,0
2014-02-26,21:00:00,25.9627,25.9627,25.9627,25.9627,610,0
2014-02-26,22:00:00,25.9627,25.9627,25.9627,25.9627,1324,0
2014-02-27,16:00:00,25.9233,25.9233,25.9233,25.9233,102,0
2014-02-27,17:00:00,25.9233,25.9823,25.8742,25.8742,1061,0
2014-02-27,18:00:00,25.8742,25.943,25.8348,25.8643,1281,0
2014-02-27,19:00:00,25.9233,26.4741,25.9233,26.4741,11503,0
2014-02-27,20:00:00,26.0512,26.0512,26.0512,26.0512,1220,0
2014-02-27,21:00:00,26.0807,26.179,26.0708,26.179,2339,0
2014-02-27,22:00:00,26.0708,26.0708,25.9528,25.9528,1830,0
2014-02-28,16:00:00,25.9037,25.943,25.9037,25.943,310,0
2014-02-28,17:00:00,25.9922,26.0512,25.9922,26.0512,1480,0
2014-02-28,18:00:00,26.0512,26.0512,25.943,26.0118,2333,0
2014-02-28,19:00:00,25.9528,25.9528,25.884,25.8938,4271,0
2014-02-28,20:00:00,25.8938,26.1495,25.6971,25.6971,9227,0
2014-02-28,21:00:00,25.7365,25.7758,25.7365,25.766,1484,0
2014-02-28,22:00:00,25.766,25.766,25.766,25.766,2644,0
2014-03-03,16:00:00,26.061,26.061,26.061,26.061,473,0
2014-03-03,17:00:00,25.9627,25.9627,25.7758,25.7758,1119,0
2014-03-03,18:00:00,25.6775,25.8938,25.6775,25.8643,5857,0
2014-03-03,19:00:00,25.7955,25.9528,25.6775,25.7857,1727,0
2014-03-03,20:00:00,25.6971,25.7955,25.6971,25.7463,1785,0
2014-03-03,21:00:00,25.6971,25.6971,25.6873,25.6873,1220,0
2014-03-03,22:00:00,25.6873,25.7857,25.6873,25.6873,4006,0
2014-03-04,16:00:00,25.6283,25.7463,25.6283,25.7463,915,0
2014-03-04,17:00:00,25.7561,25.825,25.6971,25.8151,3181,0
2014-03-04,18:00:00,25.8151,25.8938,25.7463,25.7857,3864,0
2014-03-04,19:00:00,25.7857,25.7955,25.7758,25.7955,1119,0
2014-03-04,20:00:00,25.7168,25.766,25.707,25.766,1322,0
2014-03-04,21:00:00,25.7561,25.766,25.6971,25.6971,5707,0
2014-03-04,22:00:00,25.7561,25.7561,25.707,25.707,1220,0
2014-03-05,16:00:00,25.6873,25.6873,25.6873,25.6873,407,0
2014-03-05,17:00:00,25.7463,25.7857,25.6971,25.7168,1729,0
2014-03-05,18:00:00,25.6971,25.7463,25.6971,25.7463,1220,0
2014-03-05,19:00:00,25.766,25.9037,25.7463,25.8151,7118,0
2014-03-05,20:00:00,25.8151,25.8545,25.8151,25.8545,1119,0
2014-03-05,21:00:00,25.825,25.8348,25.7758,25.7758,2440,0
2014-03-05,22:00:00,25.8742,25.8742,25.7168,25.7365,5288,0
2014-03-06,16:00:00,25.7463,25.7463,25.7463,25.7463,676,0
2014-03-06,18:00:00,25.7463,25.8151,25.7463,25.8151,1322,0
2014-03-06,20:00:00,25.9135,25.9135,25.9135,25.9135,167678,0
2014-03-06,22:00:00,25.8447,25.8447,25.8447,25.8447,3620,0
2014-03-07,16:00:00,25.825,25.825,25.825,25.825,419,0
2014-03-07,17:00:00,25.7266,25.7266,25.7266,25.7266,1412,0
2014-03-07,22:00:00,25.766,25.8151,25.7561,25.7857,5322,0
2014-03-10,15:00:00,25.7266,25.7266,25.7266,25.7266,120,0
2014-03-10,16:00:00,25.8348,25.8348,25.8348,25.8348,158,0
2014-03-10,17:00:00,25.8151,25.8151,25.8151,25.8151,2237,0
2014-03-10,18:00:00,25.8151,25.8151,25.7561,25.8151,2034,0
2014-03-10,19:00:00,25.8545,25.884,25.7758,25.8742,4420,0
2014-03-10,20:00:00,25.8938,25.9627,25.8938,25.943,1627,0
2014-03-10,21:00:00,25.9332,25.9332,25.9233,25.9332,305,0
2014-03-11,15:00:00,25.9037,25.9037,25.8348,25.8348,2418,0
2014-03-11,19:00:00,25.9823,25.9823,25.9725,25.9725,815,0
2014-03-11,20:00:00,26.0413,26.12,26.0413,26.1102,1722,0
2014-03-11,21:00:00,26.0512,26.1003,25.9725,25.9725,1918,0
2014-03-12,16:00:00,26.09,26.09,26.05,26.05,600,0
2014-03-12,17:00:00,26.14,26.14,26.14,26.14,100,0
2014-03-12,18:00:00,26.09,26.09,26.08,26.09,429,0
2014-03-12,19:00:00,26.12,26.14,26.12,26.14,4400,0
2014-03-13,17:00:00,26.18,26.22,26.12,26.14,7800,0
2014-03-13,20:00:00,26.3,26.3,26.3,26.3,900,0
2014-03-13,21:00:00,26.28,26.28,26.22,26.25,2000,0
2014-03-14,15:00:00,26.6,26.71,26.56,26.71,992,0
2014-03-14,16:00:00,26.51,26.51,26.2,26.2,2786,0
2014-03-14,17:00:00,26.25,26.25,25.94,25.94,2300,0
2014-03-14,18:00:00,26.21,26.29,26.12,26.12,800,0
2014-03-14,19:00:00,26.12,26.41,26.12,26.41,2400,0
2014-03-14,20:00:00,26.44,26.44,26.37,26.41,3260,0
2014-03-14,21:00:00,26.42,26.69,26.31,26.69,4881,0
2014-03-17,16:00:00,26.4,26.4,26.4,26.4,600,0
2014-03-17,17:00:00,26.65,26.69,26.65,26.69,200,0
2014-03-17,19:00:00,26.61,26.66,26.6,26.62,2950,0
2014-03-17,21:00:00,26.6,26.6,26.42,26.43,4500,0
2014-03-18,16:00:00,26.63,26.63,26.39,26.42,1300,0
2014-03-18,17:00:00,26.68,26.69,26.49,26.69,1500,0
2014-03-18,18:00:00,26.61,26.61,26.34,26.41,7300,0
2014-03-18,19:00:00,26.41,26.41,26.17,26.19,3000,0
2014-03-18,20:00:00,26.22,26.3,26.19,26.22,2500,0
2014-03-18,21:00:00,26.18,26.26,26.15,26.26,13209,0
2014-03-19,15:00:00,26.36,26.36,26.36,26.36,348,0
2014-03-19,16:00:00,26.13,26.13,26.13,26.13,2200,0
2014-03-19,19:00:00,26.13,26.13,26.12,26.12,485,0
2014-03-19,20:00:00,26.14,26.14,26.08,26.08,4706,0
2014-03-19,21:00:00,26.04,26.15,26.04,26.15,500,0
2014-03-20,15:00:00,26.02,26.02,25.92,25.96,1923,0
2014-03-20,16:00:00,26.03,26.03,25.87,25.9,2690,0
2014-03-20,18:00:00,26.05,26.05,25.92,25.92,3620,0
2014-03-20,19:00:00,25.93,25.93,25.92,25.92,700,0
2014-03-20,20:00:00,25.95,25.95,25.95,25.95,1300,0
2014-03-20,21:00:00,25.85,25.92,25.85,25.92,2510,0
2014-03-21,15:00:00,25.92,25.92,25.92,25.92,926,0
2014-03-21,16:00:00,25.92,25.92,25.92,25.92,880,0
2014-03-21,18:00:00,25.88,25.92,25.82,25.92,4100,0
2014-03-21,19:00:00,25.84,25.84,25.82,25.82,1514,0
2014-03-21,20:00:00,25.99,25.99,25.98,25.98,478,0
2014-03-24,16:00:00,25.85,25.85,25.79,25.79,500,0
2014-03-24,17:00:00,25.86,25.86,25.86,25.86,560,0
2014-03-24,18:00:00,25.77,25.96,25.77,25.96,1600,0
2014-03-24,19:00:00,25.91,25.98,25.91,25.98,1800,0
2014-03-24,20:00:00,25.99,26,25.99,26,3600,0
2014-03-24,21:00:00,25.98,26.06,25.96,26,2700,0
2014-03-25,16:00:00,25.94,26.11,25.94,26.09,3485,0
2014-03-25,17:00:00,26.1,26.1,26.02,26.02,2100,0
2014-03-25,18:00:00,26,26.02,25.94,25.99,1700,0
2014-03-25,19:00:00,25.97,25.97,25.97,25.97,500,0
2014-03-25,20:00:00,25.97,25.97,25.94,25.94,800,0
2014-03-25,21:00:00,25.94,25.95,25.94,25.94,600,0
2014-03-26,15:00:00,26,26,25.86,25.86,1200,0
2014-03-26,17:00:00,25.93,25.93,25.93,25.93,200,0
2014-03-26,18:00:00,25.93,26,25.93,25.98,1700,0
2014-03-26,19:00:00,26.02,26.02,25.95,25.99,1635,0
2014-03-26,20:00:00,25.99,25.99,25.97,25.99,1600,0
2014-03-26,21:00:00,25.99,25.99,25.92,25.92,800,0
2014-03-27,15:00:00,25.92,25.92,25.92,25.92,360,0
2014-03-27,16:00:00,25.96,25.96,25.96,25.96,1600,0
2014-03-27,17:00:00,25.91,25.91,25.91,25.91,600,0
2014-03-27,18:00:00,25.97,25.97,25.97,25.97,600,0
2014-03-27,19:00:00,25.97,25.98,25.97,25.97,3750,0
2014-03-27,20:00:00,25.97,25.97,25.97,25.97,600,0
2014-03-27,21:00:00,25.97,25.98,25.89,25.89,1600,0
2014-03-28,15:00:00,25.88,25.93,25.88,25.93,700,0
2014-03-28,16:00:00,25.92,25.93,25.92,25.92,600,0
2014-03-28,17:00:00,25.92,25.96,25.9,25.9,2800,0
2014-03-28,18:00:00,25.9,25.9,25.87,25.87,400,0
2014-03-28,19:00:00,25.87,25.87,25.86,25.86,600,0
2014-03-28,20:00:00,25.83,25.97,25.82,25.83,3083,0
2014-03-28,21:00:00,25.84,25.87,25.81,25.81,2159,0
2014-03-31,16:00:00,25.96,25.96,25.84,25.85,1300,0
2014-03-31,17:00:00,25.87,25.9,25.85,25.85,900,0
2014-03-31,18:00:00,25.85,25.88,25.85,25.85,2361,0
2014-03-31,19:00:00,25.86,25.96,25.83,25.89,3759,0
2014-03-31,20:00:00,25.89,25.93,25.89,25.93,836,0
2014-03-31,21:00:00,25.9,25.93,25.89,25.89,1707,0
2014-03-31,22:00:00,25.89,25.89,25.86,25.87,1300,0
2014-04-01,18:00:00,25.92,26.07,25.92,26.03,2562,0
2014-04-01,19:00:00,26.05,26.13,26.05,26.13,1285,0
2014-04-01,20:00:00,26.13,26.14,26.1,26.1,700,0
2014-04-01,21:00:00,26.14,26.16,26.13,26.13,1310,0
2014-04-01,22:00:00,26.03,26.08,26.03,26.06,800,0
2014-04-02,16:00:00,26.06,26.06,26.06,26.06,200,0
2014-04-02,20:00:00,25.99,25.99,25.99,25.99,2818,0
2014-04-02,21:00:00,25.99,25.99,25.99,25.99,1300,0
2014-04-02,22:00:00,26.02,26.02,25.89,25.89,800,0
2014-04-03,16:00:00,25.87,25.89,25.87,25.89,200,0
2014-04-03,17:00:00,25.89,25.89,25.86,25.89,850,0
2014-04-03,18:00:00,25.86,25.86,25.85,25.85,600,0
2014-04-03,19:00:00,25.87,26.03,25.86,25.94,22061,0
2014-04-03,20:00:00,25.93,25.98,25.93,25.94,3612,0
2014-04-03,21:00:00,25.94,25.95,25.91,25.91,2812,0
2014-04-03,22:00:00,25.9,25.9,25.88,25.88,940,0
2014-04-04,16:00:00,25.99,25.99,25.99,25.99,350,0
2014-04-04,18:00:00,25.88,25.9,25.86,25.9,900,0
2014-04-04,19:00:00,25.9,25.9,25.87,25.87,600,0
2014-04-04,20:00:00,25.87,25.87,25.87,25.87,600,0
2014-04-04,21:00:00,25.86,25.93,25.86,25.86,1669,0
2014-04-04,22:00:00,25.85,25.96,25.83,25.83,1869,0
2014-04-07,17:00:00,25.89,25.89,25.89,25.89,200,0
2014-04-07,18:00:00,25.86,25.94,25.85,25.93,2790,0
2014-04-07,19:00:00,25.93,25.93,25.89,25.92,2200,0
2014-04-07,20:00:00,25.9,25.9,25.87,25.9,300,0
2014-04-07,21:00:00,25.92,26,25.88,25.91,36590,0
2014-04-07,22:00:00,25.93,25.93,25.86,25.87,3400,0
2014-04-08,17:00:00,25.88,26.01,25.87,26.01,3232,0
2014-04-08,18:00:00,26.03,26.03,25.9,25.9,3150,0
2014-04-08,19:00:00,25.96,25.96,25.96,25.96,1059,0
2014-04-08,20:00:00,25.94,25.94,25.94,25.94,400,0
2014-04-08,21:00:00,25.94,25.94,25.94,25.94,300,0
2014-04-08,22:00:00,25.93,25.97,25.93,25.97,1700,0
2014-04-09,16:00:00,26,26,25.87,25.9,4398,0
2014-04-09,20:00:00,25.98,26.01,25.98,26.01,1632,0
2014-04-10,16:00:00,26.07,26.07,26.07,26.07,172,0
2014-04-10,18:00:00,25.95,26,25.9,26,6298,0
2014-04-10,19:00:00,25.93,25.96,25.9,25.9,700,0
2014-04-10,20:00:00,25.91,25.91,25.9,25.9,1610,0
2014-04-11,16:00:00,25.94,25.94,25.87,25.87,2800,0
2014-04-11,17:00:00,25.94,25.94,25.94,25.94,876,0
2014-04-11,18:00:00,25.93,25.93,25.93,25.93,480,0
2014-04-11,20:00:00,25.91,25.91,25.9,25.9,800,0
2014-04-11,21:00:00,25.91,26.06,25.91,26.01,21400,0
2014-04-11,22:00:00,26.02,26.05,26.02,26.04,1500,0
2014-04-14,16:00:00,26.01,26.05,26.01,26.05,573,0
2014-04-14,17:00:00,25.99,25.99,25.99,25.99,563,0
2014-04-14,18:00:00,25.97,26.04,25.94,25.96,2450,0
2014-04-14,19:00:00,25.94,25.96,25.9,25.96,3175,0
2014-04-14,20:00:00,26,26,26,26,300,0
2014-04-14,21:00:00,25.95,25.95,25.92,25.92,900,0
2014-04-14,22:00:00,25.93,25.93,25.87,25.88,3888,0
2014-04-15,17:00:00,25.93,25.93,25.93,25.93,564,0
2014-04-15,18:00:00,25.92,25.93,25.91,25.93,1784,0
2014-04-15,19:00:00,25.93,25.93,25.93,25.93,100,0
2014-04-15,20:00:00,25.93,25.93,25.93,25.93,500,0
2014-04-15,22:00:00,25.93,25.94,25.9,25.9,1538,0
2014-04-16,16:00:00,25.97,25.97,25.97,25.97,1462,0
2014-04-16,18:00:00,25.97,25.97,25.89,25.93,3350,0
2014-04-17,16:00:00,25.95,25.95,25.8,25.8,895,0
2014-04-17,17:00:00,25.94,25.95,25.94,25.95,1005,0
2014-04-17,18:00:00,25.95,25.95,25.95,25.95,1000,0
2014-04-17,21:00:00,25.96,25.96,25.88,25.88,4005,0
2014-04-17,22:00:00,25.9,25.95,25.87,25.95,2770,0
2014-04-21,18:00:00,25.99,25.99,25.99,25.99,1000,0
2014-04-21,19:00:00,25.88,25.95,25.87,25.93,7700,0
2014-04-21,20:00:00,25.94,25.94,25.9,25.93,600,0
2014-04-21,21:00:00,25.9,25.9,25.86,25.87,1540,0
2014-04-21,22:00:00,25.86,25.86,25.85,25.85,1100,0
2014-04-22,17:00:00,25.92,25.92,25.92,25.92,300,0
2014-04-22,18:00:00,25.88,25.91,25.85,25.91,1050,0
2014-04-22,20:00:00,25.89,25.97,25.85,25.97,3938,0
2014-04-22,21:00:00,26.01,26.05,25.92,25.92,1000,0
2014-04-22,22:00:00,25.98,26.08,25.97,26.02,5341,0
2014-04-23,16:00:00,26.06,26.06,25.93,25.93,500,0
2014-04-23,17:00:00,26.06,26.12,26.05,26.12,3440,0
2014-04-23,18:00:00,25.89,26.13,25.89,25.91,3800,0
2014-04-23,19:00:00,25.91,25.95,25.89,25.93,3846,0
2014-04-23,20:00:00,25.93,25.93,25.91,25.93,3700,0
2014-04-23,21:00:00,25.94,25.94,25.94,25.94,100,0
2014-04-23,22:00:00,25.91,25.96,25.89,25.91,5479,0
2014-04-24,16:00:00,25.92,25.93,25.92,25.93,466,0
2014-04-24,17:00:00,25.93,25.93,25.92,25.92,800,0
2014-04-24,19:00:00,25.92,25.92,25.91,25.91,1200,0
2014-04-24,20:00:00,25.9,25.9,25.85,25.89,6063,0
2014-04-24,22:00:00,25.86,25.87,25.85,25.87,3500,0
2014-04-25,16:00:00,25.82,25.82,25.82,25.82,500,0
2014-04-25,17:00:00,25.87,25.87,25.87,25.87,800,0
2014-04-25,18:00:00,25.87,25.87,25.86,25.87,3300,0
2014-04-25,19:00:00,25.87,25.88,25.87,25.87,3295,0
2014-04-25,20:00:00,25.87,25.91,25.84,25.85,2200,0
2014-04-25,21:00:00,25.87,25.87,25.87,25.87,1820,0
2014-04-25,22:00:00,25.87,25.88,25.87,25.88,1800,0
2014-04-28,16:00:00,25.89,25.97,25.89,25.97,760,0
2014-04-28,17:00:00,25.96,25.96,25.88,25.88,2047,0
2014-04-28,18:00:00,25.88,25.9,25.87,25.9,2978,0
2014-04-28,19:00:00,25.9,25.9,25.9,25.9,3450,0
2014-04-28,20:00:00,25.94,25.94,25.94,25.94,868,0
2014-04-28,22:00:00,25.93,25.93,25.86,25.88,3037,0
2014-04-29,17:00:00,25.87,25.95,25.87,25.95,1000,0
2014-04-29,18:00:00,25.88,25.94,25.88,25.94,2532,0
2014-04-29,21:00:00,25.96,26,25.96,26,2200,0
2014-04-29,22:00:00,25.95,25.99,25.95,25.95,1285,0
2014-04-30,16:00:00,25.91,25.91,25.91,25.91,720,0
2014-04-30,17:00:00,25.9,25.9,25.82,25.87,11760,0
2014-04-30,18:00:00,25.94,25.94,25.94,25.94,400,0
2014-04-30,19:00:00,25.94,25.96,25.94,25.96,1710,0
2014-04-30,20:00:00,25.93,25.93,25.93,25.93,714,0
2014-04-30,21:00:00,25.91,25.91,25.91,25.91,100,0
2014-04-30,22:00:00,25.94,25.94,25.93,25.93,800,0
2014-05-01,17:00:00,25.94,25.94,25.9,25.9,1200,0
2014-05-01,20:00:00,25.93,25.98,25.92,25.92,25145,0
2014-05-01,21:00:00,25.95,25.97,25.95,25.97,600,0
2014-05-01,22:00:00,25.96,25.96,25.96,25.96,1400,0
2014-05-02,16:00:00,25.96,25.96,25.96,25.96,996,0
2014-05-02,17:00:00,25.97,26.12,25.97,26.1,3233,0
2014-05-02,19:00:00,26.1,26.12,26.01,26.01,3200,0
2014-05-02,20:00:00,26.12,26.19,26.1,26.15,7189,0
2014-05-02,22:00:00,26.24,26.24,26.24,26.24,100,0
2014-05-05,18:00:00,26.24,26.26,26.24,26.26,500,0
2014-05-05,19:00:00,26.29,26.53,26.29,26.48,8810,0
2014-05-05,20:00:00,26.45,26.46,26.39,26.44,2140,0
2014-05-05,21:00:00,26.49,26.49,26.45,26.45,600,0
2014-05-05,22:00:00,26.45,26.45,26.45,26.45,2190,0
2014-05-06,16:00:00,26.47,26.47,26.47,26.47,598,0
2014-05-06,17:00:00,26.22,26.22,26.22,26.22,549,0
2014-05-06,19:00:00,26.2,26.29,26.2,26.29,907,0
2014-05-06,22:00:00,26.43,26.43,26.43,26.43,1500,0
2014-05-07,16:00:00,26.18,26.18,26.18,26.18,483,0
2014-05-07,18:00:00,26.36,26.36,26.36,26.36,300,0
2014-05-07,19:00:00,26.28,26.34,26.26,26.32,7251,0
2014-05-07,20:00:00,26.28,26.29,26.23,26.25,3900,0
2014-05-07,21:00:00,26.25,26.3,26.25,26.3,24800,0
2014-05-07,22:00:00,26.33,26.33,26.25,26.25,2658,0
