Date,Time,Open,High,Low,Close,Volume,OpenInt
2014-02-10,16:00:00,6.0658,6.09568,5.93632,6.016,84743,0
2014-02-10,17:00:00,6.016,6.03592,5.97616,5.99608,169611,0
2014-02-10,18:00:00,6.00604,6.02596,5.9662,6.016,107742,0
2014-02-10,19:00:00,6.016,6.016,5.92636,5.93632,62221,0
2014-02-10,20:00:00,5.93632,5.94628,5.9164,5.93632,39602,0
2014-02-10,21:00:00,5.93632,5.94628,5.87656,5.88652,82166,0
2014-02-10,22:00:00,5.88652,5.95624,5.8666,5.95624,130704,0
2014-02-11,16:00:00,5.99608,6.04588,5.98612,6.02596,40252,0
2014-02-11,17:00:00,6.03592,6.05584,6.00604,6.04588,48632,0
2014-02-11,18:00:00,6.05584,6.07576,5.99608,6.00604,115545,0
2014-02-11,19:00:00,6.00604,6.12556,5.98612,6.09568,169391,0
2014-02-11,20:00:00,6.08572,6.22517,6.08572,6.18532,305423,0
2014-02-11,21:00:00,6.18532,6.29489,6.18532,6.27497,344342,0
2014-02-11,22:00:00,6.28493,6.41441,6.27497,6.38453,490985,0
2014-02-12,16:00:00,6.41441,6.43433,6.31481,6.36461,41732,0
2014-02-12,17:00:00,6.36461,6.37457,6.27497,6.32477,95794,0
2014-02-12,18:00:00,6.32477,6.41441,6.31481,6.37457,89328,0
2014-02-12,19:00:00,6.37457,6.39449,6.34469,6.39449,98455,0
2014-02-12,20:00:00,6.37457,6.42437,6.36461,6.41441,60520,0
2014-02-12,21:00:00,6.41441,6.50405,6.41441,6.48413,191625,0
2014-02-12,22:00:00,6.48413,6.49409,6.43433,6.45425,276734,0
2014-02-13,16:00:00,6.37457,6.42437,6.37457,6.42437,42239,0
2014-02-13,17:00:00,6.42437,6.55385,6.42437,6.55385,99072,0
2014-02-13,18:00:00,6.55385,6.57377,6.52397,6.53393,86228,0
2014-02-13,19:00:00,6.54389,6.65346,6.49409,6.61362,109683,0
2014-02-13,20:00:00,6.61362,6.62358,6.58374,6.60366,45525,0
2014-02-13,21:00:00,6.60366,6.61362,6.56381,6.56381,46370,0
2014-02-13,22:00:00,6.57377,6.57377,6.50405,6.52397,234356,0
2014-02-14,16:00:00,6.52397,6.55385,6.47417,6.53393,58154,0
2014-02-14,17:00:00,6.54389,6.57377,6.44429,6.44429,75873,0
2014-02-14,18:00:00,6.44429,6.48413,6.40445,6.43433,91216,0
2014-02-14,19:00:00,6.44429,6.47417,6.42437,6.45425,62688,0
2014-02-14,20:00:00,6.45425,6.49409,6.44429,6.49409,37107,0
2014-02-14,21:00:00,6.49409,6.50405,6.46421,6.49409,66837,0
2014-02-14,22:00:00,6.48413,6.51401,6.46421,6.49409,165891,0
2014-02-18,16:00:00,6.51401,6.51401,6.42437,6.51401,35784,0
2014-02-18,17:00:00,6.49409,6.50405,6.45425,6.47417,72461,0
2014-02-18,18:00:00,6.47417,6.47417,6.45425,6.46421,50358,0
2014-02-18,19:00:00,6.45425,6.49409,6.45425,6.47417,39056,0
2014-02-18,20:00:00,6.46421,6.47417,6.42437,6.42437,47001,0
2014-02-18,21:00:00,6.42437,6.43433,6.34469,6.34469,64844,0
2014-02-18,22:00:00,6.34469,6.38453,6.28493,6.36461,222400,0
2014-02-19,16:00:00,6.32477,6.36461,6.19528,6.26501,49586,0
2014-02-19,17:00:00,6.26501,6.26501,6.13552,6.18532,67377,0
2014-02-19,18:00:00,6.17536,6.17536,6.10564,6.1156,58277,0
2014-02-19,19:00:00,6.10564,6.10564,6.03592,6.05584,77191,0
2014-02-19,20:00:00,6.05584,6.1156,6.05584,6.10564,49389,0
2014-02-19,21:00:00,6.09568,6.12556,6.05584,6.07576,63216,0
2014-02-19,22:00:00,6.07576,6.08572,6.016,6.016,130418,0
2014-02-20,16:00:00,6.08572,6.10564,6.016,6.02596,11749,0
2014-02-20,17:00:00,6.02596,6.20525,6.00604,6.19528,65164,0
2014-02-20,18:00:00,6.17536,6.22517,6.17536,6.20525,110833,0
2014-02-20,19:00:00,6.20525,6.21521,6.14548,6.17536,134267,0
2014-02-20,20:00:00,6.17536,6.18532,6.1654,6.17536,35012,0
2014-02-20,21:00:00,6.17536,6.24509,6.17536,6.22517,67637,0
2014-02-20,22:00:00,6.22517,6.26501,6.20525,6.20525,175731,0
2014-02-21,16:00:00,6.19528,6.27497,6.19528,6.25505,42806,0
2014-02-21,17:00:00,6.28493,6.29489,6.22517,6.27497,73015,0
2014-02-21,18:00:00,6.27497,6.31481,6.27497,6.29489,63266,0
2014-02-21,19:00:00,6.28493,6.33473,6.28493,6.33473,60114,0
2014-02-21,20:00:00,6.32477,6.34469,6.32477,6.33473,23441,0
2014-02-21,21:00:00,6.32477,6.34469,6.32477,6.33473,36527,0
2014-02-21,22:00:00,6.33473,6.33473,6.32477,6.32477,43371,0
2014-02-24,16:00:00,6.30485,6.45425,6.29489,6.42437,40888,0
2014-02-24,17:00:00,6.42437,6.45425,6.42437,6.43433,84386,0
2014-02-24,18:00:00,6.42437,6.53393,6.42437,6.52397,140847,0
2014-02-24,19:00:00,6.53393,6.54389,6.45425,6.47417,52395,0
2014-02-24,20:00:00,6.46421,6.50405,6.45425,6.47417,55861,0
2014-02-24,21:00:00,6.47417,6.54389,6.47417,6.52397,118800,0
2014-02-24,22:00:00,6.52397,6.56381,6.49409,6.49409,195250,0
2014-02-25,16:00:00,6.51401,6.52397,6.39449,6.44429,55744,0
2014-02-25,17:00:00,6.44429,6.52397,6.41441,6.51401,159674,0
2014-02-25,18:00:00,6.51401,6.54389,6.48413,6.51401,53000,0
2014-02-25,19:00:00,6.51401,6.51401,6.47417,6.47417,36112,0
2014-02-25,20:00:00,6.46421,6.49409,6.42437,6.46421,78263,0
2014-02-25,21:00:00,6.47417,6.47417,6.43433,6.46421,70084,0
2014-02-25,22:00:00,6.45425,6.46421,6.42437,6.44429,131354,0
2014-02-26,16:00:00,6.46421,6.51401,6.43433,6.48413,130002,0
2014-02-26,17:00:00,6.48413,6.77298,6.48413,6.6435,401831,0
2014-02-26,18:00:00,6.65346,6.66342,6.53393,6.61362,133245,0
2014-02-26,19:00:00,6.61362,6.61362,6.53393,6.55385,62651,0
2014-02-26,20:00:00,6.55385,6.55385,6.46421,6.47417,63038,0
2014-02-26,21:00:00,6.46421,6.50405,6.39449,6.44429,85773,0
2014-02-26,22:00:00,6.44429,6.47417,6.37457,6.45425,190254,0
2014-02-27,16:00:00,6.73314,6.73314,6.22517,6.28493,147714,0
2014-02-27,17:00:00,6.28493,6.34469,6.15544,6.34469,131275,0
2014-02-27,18:00:00,6.34469,6.37457,6.32477,6.33473,80014,0
2014-02-27,19:00:00,6.33473,6.37457,6.33473,6.33473,33964,0
2014-02-27,20:00:00,6.33473,6.37457,6.30485,6.32477,65716,0
2014-02-27,21:00:00,6.33473,6.37457,6.28493,6.36461,36387,0
2014-02-27,22:00:00,6.36461,6.44429,6.34469,6.37457,178198,0
2014-02-28,16:00:00,6.43433,6.65346,6.41441,6.63354,85211,0
2014-02-28,17:00:00,6.62358,6.87258,6.62358,6.85266,372538,0
2014-02-28,18:00:00,6.8427,6.8925,6.7431,6.86262,357643,0
2014-02-28,19:00:00,6.85266,6.8925,6.7431,6.75306,199607,0
2014-02-28,20:00:00,6.75306,6.85266,6.75306,6.82278,137605,0
2014-02-28,21:00:00,6.82278,6.83274,6.78294,6.78294,131977,0
2014-02-28,22:00:00,6.78294,6.83274,6.70326,6.82278,174441,0
2014-03-03,16:00:00,6.7431,6.82278,6.58374,6.71322,109144,0
2014-03-03,17:00:00,6.72318,6.82278,6.70326,6.81282,105077,0
2014-03-03,18:00:00,6.81282,6.83274,6.72318,6.77298,112820,0
2014-03-03,19:00:00,6.77298,6.85266,6.77298,6.8427,57024,0
2014-03-03,20:00:00,6.85266,6.96223,6.8427,6.90246,161351,0
2014-03-03,21:00:00,6.90246,7.01203,6.83274,6.83274,197611,0
2014-03-03,22:00:00,6.8427,6.90246,6.7929,6.87258,249279,0
2014-03-04,16:00:00,6.9423,7.22119,6.9423,7.09171,185309,0
2014-03-04,17:00:00,7.09171,7.14151,7.09171,7.09171,182321,0
2014-03-04,18:00:00,7.09171,7.13155,6.98215,7.07179,172903,0
2014-03-04,19:00:00,7.08175,7.08175,7.01203,7.02199,105231,0
2014-03-04,20:00:00,7.02199,7.16143,7.02199,7.15147,242186,0
2014-03-04,21:00:00,7.14151,7.17139,7.09171,7.11163,105500,0
2014-03-04,22:00:00,7.12159,7.17139,7.07179,7.09171,238178,0
2014-03-05,16:00:00,7.19131,7.3706,7.15147,7.29091,152489,0
2014-03-05,17:00:00,7.31083,7.4204,7.30087,7.4204,303387,0
2014-03-05,18:00:00,7.4204,7.50008,7.41044,7.49012,227727,0
2014-03-05,19:00:00,7.48016,7.54988,7.45028,7.45028,165344,0
2014-03-05,20:00:00,7.45028,7.50008,7.45028,7.50008,88258,0
2014-03-05,21:00:00,7.50008,7.52,7.46024,7.4702,137041,0
2014-03-05,22:00:00,7.4702,7.53992,7.4702,7.52,204296,0
2014-03-06,16:00:00,7.74,7.94,7.56,7.61,301182,0
2014-03-06,17:00:00,7.61,7.62,7.47,7.59,138161,0
2014-03-06,18:00:00,7.58,7.62,7.55,7.61,105003,0
2014-03-06,19:00:00,7.61,7.63,7.5,7.6,145360,0
2014-03-06,20:00:00,7.6,7.61,7.47,7.5,122629,0
2014-03-06,21:00:00,7.49,7.6,7.49,7.57,86067,0
2014-03-06,22:00:00,7.56,7.62,7.54,7.6,263999,0
2014-03-07,16:00:00,7.64,7.64,7.49,7.52,85335,0
2014-03-07,17:00:00,7.53,7.61,7.51,7.51,108818,0
2014-03-07,18:00:00,7.51,7.51,7.46,7.5,192703,0
2014-03-07,19:00:00,7.5,7.5,7.44,7.49,89740,0
2014-03-07,20:00:00,7.49,7.49,7.48,7.49,61344,0
2014-03-07,21:00:00,7.48,7.51,7.47,7.5,236766,0
2014-03-07,22:00:00,7.5,7.52,7.48,7.48,251273,0
2014-03-10,15:00:00,7.49,7.5,7.3,7.4,95003,0
2014-03-10,16:00:00,7.42,7.43,7.32,7.35,59868,0
2014-03-10,17:00:00,7.34,7.45,7.25,7.38,59437,0
2014-03-10,18:00:00,7.38,7.41,7.35,7.39,19050,0
2014-03-10,19:00:00,7.39,7.4,7.31,7.31,64170,0
2014-03-10,20:00:00,7.32,7.37,7.32,7.33,92857,0
2014-03-10,21:00:00,7.34,7.37,7.29,7.33,196061,0
2014-03-11,15:00:00,7.43,7.48,7.26,7.26,46433,0
2014-03-11,16:00:00,7.27,7.33,7.24,7.32,79796,0
2014-03-11,17:00:00,7.33,7.35,7.28,7.3,39501,0
2014-03-11,18:00:00,7.3,7.3,7.21,7.26,114419,0
2014-03-11,19:00:00,7.25,7.26,7.11,7.21,173938,0
2014-03-11,20:00:00,7.22,7.22,7.1,7.16,89020,0
2014-03-11,21:00:00,7.15,7.16,7.1,7.1,317881,0
2014-03-12,15:00:00,6.94,6.98,6.78,6.88,156804,0
2014-03-12,16:00:00,6.88,7,6.86,7,180508,0
2014-03-12,17:00:00,7.01,7.02,6.96,6.96,79825,0
2014-03-12,18:00:00,6.94,6.98,6.91,6.97,67628,0
2014-03-12,19:00:00,6.97,7.01,6.92,6.98,60151,0
2014-03-12,20:00:00,6.98,7.01,6.95,6.96,82027,0
2014-03-12,21:00:00,6.96,6.99,6.95,6.98,193686,0
2014-03-13,15:00:00,7.05,7.12,7.02,7.05,67947,0
2014-03-13,16:00:00,7.05,7.08,6.95,6.97,86854,0
2014-03-13,17:00:00,6.96,7.01,6.92,6.95,53526,0
2014-03-13,18:00:00,6.95,6.96,6.86,6.86,92917,0
2014-03-13,19:00:00,6.86,6.92,6.81,6.92,196579,0
2014-03-13,20:00:00,6.93,6.93,6.82,6.83,55747,0
2014-03-13,21:00:00,6.83,6.86,6.78,6.86,163308,0
2014-03-14,15:00:00,6.8,6.87,6.73,6.77,24377,0
2014-03-14,16:00:00,6.74,6.85,6.73,6.77,59803,0
2014-03-14,17:00:00,6.76,6.81,6.69,6.8,47702,0
2014-03-14,18:00:00,6.8,6.8,6.76,6.76,21137,0
2014-03-14,19:00:00,6.77,6.77,6.7,6.75,25061,0
2014-03-14,20:00:00,6.75,6.77,6.7,6.7,51615,0
2014-03-14,21:00:00,6.7,6.74,6.63,6.64,277095,0
2014-03-17,15:00:00,6.67,6.9,6.66,6.71,49822,0
2014-03-17,16:00:00,6.69,6.78,6.63,6.63,165671,0
2014-03-17,17:00:00,6.65,6.69,6.63,6.68,32809,0
2014-03-17,18:00:00,6.68,6.69,6.56,6.56,96028,0
2014-03-17,19:00:00,6.58,6.6,6.5,6.56,78739,0
2014-03-17,20:00:00,6.56,6.59,6.54,6.57,57300,0
2014-03-17,21:00:00,6.58,6.64,6.54,6.64,115737,0
2014-03-18,15:00:00,6.74,6.74,6.67,6.7,44031,0
2014-03-18,16:00:00,6.71,6.73,6.67,6.7,80028,0
2014-03-18,17:00:00,6.7,6.75,6.69,6.71,31006,0
2014-03-18,18:00:00,6.71,6.71,6.64,6.69,37278,0
2014-03-18,19:00:00,6.7,6.75,6.69,6.75,55694,0
2014-03-18,20:00:00,6.74,6.83,6.73,6.81,70527,0
2014-03-18,21:00:00,6.82,6.87,6.81,6.87,190165,0
2014-03-19,15:00:00,6.85,7.05,6.85,7.01,96433,0
2014-03-19,16:00:00,6.99,7.01,6.84,6.85,89274,0
2014-03-19,17:00:00,6.85,6.85,6.72,6.77,43400,0
2014-03-19,18:00:00,6.74,6.8,6.73,6.75,41732,0
2014-03-19,19:00:00,6.74,6.78,6.7,6.72,24581,0
2014-03-19,20:00:00,6.72,6.77,6.63,6.76,76137,0
2014-03-19,21:00:00,6.75,6.78,6.66,6.75,179603,0
2014-03-20,15:00:00,6.74,6.81,6.68,6.68,22834,0
2014-03-20,16:00:00,6.68,6.77,6.68,6.69,66701,0
2014-03-20,17:00:00,6.69,6.71,6.65,6.7,37876,0
2014-03-20,18:00:00,6.7,6.7,6.6,6.69,46050,0
2014-03-20,19:00:00,6.69,6.69,6.54,6.54,61665,0
2014-03-20,20:00:00,6.56,6.58,6.5,6.54,125730,0
2014-03-20,21:00:00,6.55,6.58,6.5,6.56,225554,0
2014-03-21,15:00:00,6.65,6.65,6.5,6.52,24650,0
2014-03-21,16:00:00,6.51,6.52,6.4,6.48,109447,0
2014-03-21,17:00:00,6.49,6.62,6.45,6.61,139635,0
2014-03-21,18:00:00,6.6,6.64,6.54,6.58,84019,0
2014-03-21,19:00:00,6.57,6.58,6.56,6.57,28171,0
2014-03-21,20:00:00,6.58,6.59,6.56,6.58,23348,0
2014-03-21,21:00:00,6.58,6.59,6.55,6.59,100881,0
2014-03-24,15:00:00,6.62,6.65,6.41,6.43,24043,0
2014-03-24,16:00:00,6.42,6.42,6.22,6.24,134362,0
2014-03-24,17:00:00,6.24,6.33,6.17,6.26,122487,0
2014-03-24,18:00:00,6.25,6.29,6.24,6.28,63662,0
2014-03-24,19:00:00,6.28,6.37,6.28,6.34,46285,0
2014-03-24,20:00:00,6.33,6.35,6.32,6.34,64001,0
2014-03-24,21:00:00,6.35,6.39,6.34,6.36,156653,0
2014-03-25,15:00:00,6.4,6.45,6.38,6.43,22619,0
2014-03-25,16:00:00,6.42,6.55,6.35,6.38,195037,0
2014-03-25,17:00:00,6.35,6.42,6.34,6.36,66558,0
2014-03-25,18:00:00,6.36,6.39,6.3,6.35,46878,0
2014-03-25,19:00:00,6.35,6.37,6.34,6.36,32530,0
2014-03-25,20:00:00,6.36,6.38,6.33,6.36,29689,0
2014-03-25,21:00:00,6.36,6.39,6.34,6.37,106815,0
2014-03-26,15:00:00,6.48,6.48,6.35,6.35,17917,0
2014-03-26,16:00:00,6.34,6.42,6.21,6.21,70577,0
2014-03-26,17:00:00,6.2,6.25,6.14,6.18,44339,0
2014-03-26,18:00:00,6.17,6.2,6.15,6.18,36353,0
2014-03-26,19:00:00,6.17,6.18,6.09,6.15,36119,0
2014-03-26,20:00:00,6.15,6.15,6.07,6.08,112748,0
2014-03-26,21:00:00,6.08,6.08,5.94,5.98,426593,0
2014-03-27,15:00:00,5.97,6.05,5.85,6.05,76918,0
2014-03-27,16:00:00,6.02,6.21,6.02,6.1,76480,0
2014-03-27,17:00:00,6.1,6.1,5.99,6.04,77105,0
2014-03-27,18:00:00,6.04,6.12,6.02,6.12,47824,0
2014-03-27,19:00:00,6.11,6.15,6.06,6.1,26256,0
2014-03-27,20:00:00,6.1,6.1,6.04,6.07,35637,0
2014-03-27,21:00:00,6.08,6.09,6.03,6.08,97414,0
2014-03-28,15:00:00,6.15,6.2,6.13,6.14,20076,0
2014-03-28,16:00:00,6.15,6.24,6.11,6.22,69699,0
2014-03-28,17:00:00,6.23,6.28,6.17,6.2,79877,0
2014-03-28,18:00:00,6.2,6.21,6.15,6.15,15615,0
2014-03-28,19:00:00,6.16,6.17,6.12,6.14,41816,0
2014-03-28,20:00:00,6.14,6.14,6.06,6.09,41995,0
2014-03-28,21:00:00,6.09,6.16,6.07,6.16,64523,0
2014-03-31,16:00:00,6.26,6.36,6.19,6.34,45614,0
2014-03-31,17:00:00,6.33,6.39,6.26,6.3,39125,0
2014-03-31,18:00:00,6.29,6.32,6.25,6.25,48582,0
2014-03-31,19:00:00,6.26,6.31,6.25,6.3,30680,0
2014-03-31,20:00:00,6.29,6.3,6.24,6.25,33760,0
2014-03-31,21:00:00,6.25,6.28,6.25,6.28,15553,0
2014-03-31,22:00:00,6.27,6.34,6.27,6.3,76247,0
2014-04-01,16:00:00,6.31,6.31,6.26,6.28,35239,0
2014-04-01,17:00:00,6.28,6.55,6.28,6.5,224073,0
2014-04-01,18:00:00,6.5,6.51,6.45,6.47,87127,0
2014-04-01,19:00:00,6.47,6.47,6.4,6.4,46726,0
2014-04-01,20:00:00,6.41,6.41,6.35,6.37,35676,0
2014-04-01,21:00:00,6.37,6.4,6.37,6.39,43913,0
2014-04-01,22:00:00,6.39,6.4,6.36,6.4,98889,0
2014-04-02,16:00:00,6.39,6.45,6.36,6.37,15524,0
2014-04-02,17:00:00,6.37,6.45,6.33,6.44,40128,0
2014-04-02,18:00:00,6.44,6.46,6.39,6.4,27211,0
2014-04-02,19:00:00,6.39,6.39,6.34,6.36,42563,0
2014-04-02,20:00:00,6.37,6.4,6.32,6.38,98490,0
2014-04-02,21:00:00,6.39,6.4,6.37,6.39,21748,0
2014-04-02,22:00:00,6.38,6.39,6.33,6.35,61211,0
2014-04-03,16:00:00,6.31,6.47,6.29,6.4,15631,0
2014-04-03,17:00:00,6.41,6.49,6.27,6.29,41266,0
2014-04-03,18:00:00,6.29,6.3,6.12,6.22,69909,0
2014-04-03,19:00:00,6.22,6.23,6.07,6.09,108427,0
2014-04-03,20:00:00,6.09,6.13,6.05,6.05,82116,0
2014-04-03,21:00:00,6.06,6.13,6.05,6.1,77708,0
2014-04-03,22:00:00,6.11,6.12,6.05,6.1,169651,0
2014-04-04,16:00:00,6.16,7.03,6.16,7,652918,0
2014-04-04,17:00:00,7,7.09,6.49,6.65,1369178,0
2014-04-04,18:00:00,6.66,6.68,6.35,6.38,2734082,0
2014-04-04,19:00:00,6.37,6.46,6.3,6.36,1146782,0
2014-04-04,20:00:00,6.37,6.48,6.33,6.47,57174,0
2014-04-04,21:00:00,6.48,6.48,6.43,6.47,71844,0
2014-04-04,22:00:00,6.47,6.53,6.46,6.49,205439,0
2014-04-07,16:00:00,6.42,6.45,6.22,6.39,127722,0
2014-04-07,17:00:00,6.4,6.4,6.22,6.26,325780,0
2014-04-07,18:00:00,6.26,6.29,6.19,6.24,246455,0
2014-04-07,19:00:00,6.23,6.3,6.23,6.24,210900,0
2014-04-07,20:00:00,6.25,6.26,6.2,6.23,56060,0
2014-04-07,21:00:00,6.22,6.24,6.17,6.24,102692,0
2014-04-07,22:00:00,6.23,6.26,6.19,6.24,181357,0
2014-04-08,16:00:00,6.18,6.24,6,6.05,322062,0
2014-04-08,17:00:00,6.05,6.16,6.04,6.1,342483,0
2014-04-08,18:00:00,6.11,6.17,6.1,6.16,162007,0
2014-04-08,19:00:00,6.16,6.22,6.15,6.16,30077,0
2014-04-08,20:00:00,6.15,6.18,6.14,6.16,109795,0
2014-04-08,21:00:00,6.16,6.16,6.12,6.15,142757,0
2014-04-08,22:00:00,6.15,6.16,6.09,6.13,292804,0
2014-04-09,16:00:00,6.19,6.21,6.15,6.2,32268,0
2014-04-09,17:00:00,6.18,6.28,6.14,6.16,324262,0
2014-04-09,18:00:00,6.17,6.24,6.15,6.19,130704,0
2014-04-09,19:00:00,6.18,6.28,6.17,6.23,43503,0
2014-04-09,20:00:00,6.22,6.24,6.22,6.22,30730,0
2014-04-09,21:00:00,6.23,6.23,6.18,6.19,88246,0
2014-04-09,22:00:00,6.2,6.21,6.19,6.19,126421,0
2014-04-10,16:00:00,6.22,6.33,6.22,6.25,121311,0
2014-04-10,17:00:00,6.25,6.31,6.2,6.2,112125,0
2014-04-10,18:00:00,6.19,6.19,6.11,6.13,88553,0
2014-04-10,19:00:00,6.14,6.14,6.1,6.13,153457,0
2014-04-10,20:00:00,6.13,6.14,6.09,6.13,59473,0
2014-04-10,21:00:00,6.13,6.13,6.05,6.07,86194,0
2014-04-10,22:00:00,6.07,6.13,6.07,6.07,185727,0
2014-04-11,16:00:00,6.01,6.04,5.89,6.03,46612,0
2014-04-11,17:00:00,6.05,6.1,5.98,6.09,80311,0
2014-04-11,18:00:00,6.08,6.19,6.07,6.09,76772,0
2014-04-11,19:00:00,6.1,6.11,6.08,6.09,15060,0
2014-04-11,20:00:00,6.1,6.13,6.09,6.1,76390,0
2014-04-11,21:00:00,6.1,6.13,6.07,6.07,154665,0
2014-04-11,22:00:00,6.06,6.14,5.99,6.1,209585,0
2014-04-14,16:00:00,6.22,6.25,6.07,6.15,90699,0
2014-04-14,17:00:00,6.15,6.18,6.09,6.12,181970,0
2014-04-14,18:00:00,6.11,6.11,6.04,6.06,45858,0
2014-04-14,19:00:00,6.04,6.08,6.02,6.04,136774,0
2014-04-14,20:00:00,6.04,6.07,6.03,6.06,88796,0
2014-04-14,21:00:00,6.06,6.06,5.99,6.05,98942,0
2014-04-14,22:00:00,6.04,6.06,5.99,6.05,162024,0
2014-04-15,16:00:00,6.03,6.08,5.99,6.02,18160,0
2014-04-15,17:00:00,6.02,6.05,5.98,6.03,92037,0
2014-04-15,18:00:00,6.01,6.02,5.95,5.97,135656,0
2014-04-15,19:00:00,5.97,6,5.93,5.98,203270,0
2014-04-15,20:00:00,5.97,6.11,5.96,6.11,132284,0
2014-04-15,21:00:00,6.11,6.16,6.06,6.14,120765,0
2014-04-15,22:00:00,6.14,6.19,6.11,6.13,170936,0
2014-04-16,16:00:00,6.16,6.3,6.16,6.24,35099,0
2014-04-16,17:00:00,6.23,6.26,6.17,6.19,57538,0
2014-04-16,18:00:00,6.19,6.22,6.16,6.2,44276,0
2014-04-16,19:00:00,6.21,6.24,6.2,6.2,41392,0
2014-04-16,20:00:00,6.21,6.26,6.2,6.24,50800,0
2014-04-16,21:00:00,6.24,6.26,6.22,6.25,56534,0
2014-04-16,22:00:00,6.25,6.3,6.24,6.28,118874,0
2014-04-17,16:00:00,6.32,6.35,6.25,6.31,31015,0
2014-04-17,17:00:00,6.33,6.44,6.31,6.41,61237,0
2014-04-17,18:00:00,6.42,6.44,6.38,6.4,74972,0
2014-04-17,19:00:00,6.4,6.44,6.39,6.42,71799,0
2014-04-17,20:00:00,6.43,6.45,6.41,6.41,30979,0
2014-04-17,21:00:00,6.42,6.45,6.4,6.42,22041,0
2014-04-17,22:00:00,6.43,6.45,6.39,6.4,81208,0
2014-04-21,16:00:00,6.45,6.54,6.44,6.48,39311,0
2014-04-21,17:00:00,6.48,6.49,6.38,6.46,91112,0
2014-04-21,18:00:00,6.46,6.48,6.44,6.47,40667,0
2014-04-21,19:00:00,6.48,6.48,6.42,6.46,34661,0
2014-04-21,20:00:00,6.46,6.47,6.4,6.44,32820,0
2014-04-21,21:00:00,6.44,6.47,6.43,6.46,28145,0
2014-04-21,22:00:00,6.46,6.48,6.45,6.46,79456,0
2014-04-22,16:00:00,6.44,6.54,6.4,6.47,78317,0
2014-04-22,17:00:00,6.47,6.5,6.44,6.45,95214,0
2014-04-22,18:00:00,6.44,6.47,6.39,6.41,65140,0
2014-04-22,19:00:00,6.41,6.48,6.41,6.47,47473,0
2014-04-22,20:00:00,6.48,6.5,6.46,6.48,61350,0
2014-04-22,21:00:00,6.48,6.5,6.44,6.45,93945,0
2014-04-22,22:00:00,6.45,6.49,6.43,6.48,110844,0
2014-04-23,16:00:00,6.48,6.54,6.46,6.48,25774,0
2014-04-23,17:00:00,6.48,6.48,6.4,6.45,23761,0
2014-04-23,18:00:00,6.45,6.47,6.36,6.37,77735,0
2014-04-23,19:00:00,6.37,6.43,6.28,6.42,92480,0
2014-04-23,20:00:00,6.43,6.45,6.41,6.42,29559,0
2014-04-23,21:00:00,6.42,6.42,6.39,6.41,37062,0
2014-04-23,22:00:00,6.41,6.42,6.36,6.38,86709,0
2014-04-24,16:00:00,6.37,6.46,6.3,6.31,26900,0
2014-04-24,17:00:00,6.31,6.35,6.23,6.3,49321,0
2014-04-24,18:00:00,6.3,6.39,6.3,6.35,31274,0
2014-04-24,19:00:00,6.35,6.53,6.22,6.53,734762,0
2014-04-24,20:00:00,6.51,6.52,6.41,6.42,43355,0
2014-04-24,21:00:00,6.42,6.44,6.37,6.38,28001,0
2014-04-24,22:00:00,6.39,6.41,6.34,6.36,89824,0
2014-04-25,16:00:00,6.3,6.4,6.26,6.33,9652,0
2014-04-25,17:00:00,6.29,6.32,6.25,6.26,25301,0
2014-04-25,18:00:00,6.25,6.3,6.25,6.28,30768,0
2014-04-25,19:00:00,6.28,6.3,6.25,6.26,27565,0
2014-04-25,20:00:00,6.26,6.26,6.22,6.25,52474,0
2014-04-25,21:00:00,6.26,6.26,6.23,6.24,44383,0
2014-04-25,22:00:00,6.24,6.36,6.23,6.35,204919,0
2014-04-28,16:00:00,6.34,6.4,6.19,6.29,64544,0
2014-04-28,17:00:00,6.33,6.35,6.23,6.26,50662,0
2014-04-28,18:00:00,6.26,6.28,6.16,6.17,92904,0
2014-04-28,19:00:00,6.17,6.17,6.05,6.05,85655,0
2014-04-28,20:00:00,6.05,6.05,5.92,5.95,136461,0
2014-04-28,21:00:00,5.95,5.95,5.89,5.92,145763,0
2014-04-28,22:00:00,5.92,6.07,5.91,6.05,427712,0
2014-04-29,16:00:00,6.02,6.06,5.95,5.95,137403,0
2014-04-29,17:00:00,5.95,6.01,5.83,5.93,454589,0
2014-04-29,18:00:00,5.94,5.95,5.9,5.9,136569,0
2014-04-29,19:00:00,5.9,5.95,5.89,5.9,68770,0
2014-04-29,20:00:00,5.9,5.91,5.89,5.9,94541,0
2014-04-29,21:00:00,5.91,5.92,5.89,5.91,99433,0
2014-04-29,22:00:00,5.91,5.92,5.87,5.89,450265,0
2014-04-30,16:00:00,5.88,5.9,5.81,5.86,70176,0
2014-04-30,17:00:00,5.87,5.88,5.84,5.86,169374,0
2014-04-30,18:00:00,5.86,5.87,5.71,5.73,346642,0
2014-04-30,19:00:00,5.72,5.8,5.71,5.79,83703,0
2014-04-30,20:00:00,5.79,5.9,5.78,5.89,1072429,0
2014-04-30,21:00:00,5.88,5.95,5.85,5.91,104325,0
2014-04-30,22:00:00,5.92,6.03,5.87,5.99,348871,0
2014-05-01,16:00:00,5.98,6.02,5.91,5.98,37269,0
2014-05-01,17:00:00,5.96,6.12,5.96,6.12,101096,0
2014-05-01,18:00:00,6.12,6.22,6.11,6.19,47204,0
2014-05-01,19:00:00,6.19,6.23,6.18,6.2,46476,0
2014-05-01,20:00:00,6.2,6.22,6.14,6.14,169156,0
2014-05-01,21:00:00,6.14,6.17,6.12,6.15,90892,0
2014-05-01,22:00:00,6.15,6.19,6.13,6.17,233550,0
2014-05-02,16:00:00,6.19,6.32,6.19,6.3,74922,0
2014-05-02,17:00:00,6.31,6.38,6.3,6.35,100291,0
2014-05-02,18:00:00,6.35,6.48,6.35,6.42,186196,0
2014-05-02,19:00:00,6.42,6.42,6.4,6.4,72524,0
2014-05-02,20:00:00,6.4,6.41,6.34,6.35,91179,0
2014-05-02,21:00:00,6.35,6.35,6.31,6.31,43554,0
2014-05-02,22:00:00,6.31,6.4,6.31,6.38,181527,0
2014-05-05,16:00:00,6.34,6.34,6.23,6.27,22342,0
2014-05-05,17:00:00,6.27,6.4,6.27,6.37,114606,0
2014-05-05,18:00:00,6.37,6.37,6.27,6.27,102777,0
2014-05-05,19:00:00,6.27,6.28,6.22,6.24,26337,0
2014-05-05,20:00:00,6.23,6.23,6.18,6.19,27811,0
2014-05-05,21:00:00,6.19,6.23,6.18,6.22,52607,0
2014-05-05,22:00:00,6.22,6.23,6.19,6.2,109731,0
2014-05-06,16:00:00,6.18,6.28,6.15,6.22,34577,0
2014-05-06,17:00:00,6.22,6.25,6.17,6.18,63111,0
2014-05-06,18:00:00,6.17,6.19,6.15,6.18,43856,0
2014-05-06,19:00:00,6.18,6.19,6.15,6.16,24110,0
2014-05-06,20:00:00,6.16,6.16,6.07,6.08,52030,0
2014-05-06,21:00:00,6.08,6.08,6,6.03,115760,0
2014-05-06,22:00:00,6.03,6.06,5.99,6.01,154887,0
2014-05-07,16:00:00,6.04,6.05,5.94,5.95,36046,0
2014-05-07,17:00:00,5.95,5.96,5.79,5.79,167423,0
2014-05-07,18:00:00,5.79,5.82,5.76,5.78,55273,0
2014-05-07,19:00:00,5.78,5.78,5.72,5.74,89529,0
2014-05-07,20:00:00,5.75,5.79,5.71,5.73,124908,0
2014-05-07,21:00:00,5.71,5.78,5.67,5.76,124698,0
2014-05-07,22:00:00,5.76,5.88,5.69,5.85,362469,0
