Date,Time,Open,High,Low,Close,Volume,OpenInt
2014-02-10,16:00:00,17.69,17.76,17.37,17.58,117566,0
2014-02-10,17:00:00,17.58,17.75,17.53,17.62,101553,0
2014-02-10,18:00:00,17.61,17.8,17.57,17.75,95398,0
2014-02-10,19:00:00,17.74,18.35,17.74,18.16,317258,0
2014-02-10,20:00:00,18.18,18.3,18.1,18.3,120183,0
2014-02-10,21:00:00,18.29,18.34,18.11,18.11,81566,0
2014-02-10,22:00:00,18.1,18.38,18.05,18.37,322454,0
2014-02-11,16:00:00,18.5,18.98,18.34,18.88,304627,0
2014-02-11,17:00:00,18.88,19.31,18.82,19.11,454190,0
2014-02-11,18:00:00,19.13,19.39,19.13,19.37,165575,0
2014-02-11,19:00:00,19.38,19.73,19.34,19.7,251883,0
2014-02-11,20:00:00,19.71,19.78,19.64,19.71,156301,0
2014-02-11,21:00:00,19.71,19.78,19.7,19.72,106936,0
2014-02-11,22:00:00,19.72,19.84,19.37,19.46,1139833,0
2014-02-12,16:00:00,19.43,19.75,19.27,19.28,243853,0
2014-02-12,17:00:00,19.27,19.29,18.91,19.09,118052,0
2014-02-12,18:00:00,19.07,19.47,19.03,19.22,227541,0
2014-02-12,19:00:00,19.25,19.39,19.22,19.27,93616,0
2014-02-12,20:00:00,19.26,19.33,19.22,19.3,69616,0
2014-02-12,21:00:00,19.33,19.39,19.22,19.26,125246,0
2014-02-12,22:00:00,19.23,19.28,18.86,18.93,336487,0
2014-02-13,16:00:00,18.67,18.78,18.35,18.49,128350,0
2014-02-13,17:00:00,18.52,19.27,18.47,19.25,140035,0
2014-02-13,18:00:00,19.22,19.42,19.15,19.35,83872,0
2014-02-13,19:00:00,19.34,19.39,19.25,19.3,49898,0
2014-02-13,20:00:00,19.28,19.31,19.23,19.23,75504,0
2014-02-13,21:00:00,19.24,19.28,18.94,18.98,157238,0
2014-02-13,22:00:00,18.98,18.99,18.76,18.93,363024,0
2014-02-14,16:00:00,19,19.17,18.88,19.1,167735,0
2014-02-14,17:00:00,19.1,19.28,18.97,19.22,154177,0
2014-02-14,18:00:00,19.2,19.2,18.95,19.05,186207,0
2014-02-14,19:00:00,19.06,19.28,19.03,19.27,171586,0
2014-02-14,20:00:00,19.26,19.29,19.21,19.26,75377,0
2014-02-14,21:00:00,19.26,19.33,19.26,19.3,155687,0
2014-02-14,22:00:00,19.31,19.31,19.02,19.2,407826,0
2014-02-18,16:00:00,19.27,19.54,19.17,19.26,78154,0
2014-02-18,17:00:00,19.24,19.47,19.05,19.45,97647,0
2014-02-18,18:00:00,19.45,19.8,19.45,19.65,131617,0
2014-02-18,19:00:00,19.64,19.84,19.64,19.78,97926,0
2014-02-18,20:00:00,19.79,19.82,19.57,19.61,116268,0
2014-02-18,21:00:00,19.61,19.69,19.59,19.6,82730,0
2014-02-18,22:00:00,19.6,19.68,19.53,19.63,595682,0
2014-02-19,16:00:00,19.59,20,19.4,19.88,122191,0
2014-02-19,17:00:00,19.91,20,19.79,19.79,112987,0
2014-02-19,18:00:00,19.79,20,19.79,19.96,161410,0
2014-02-19,19:00:00,19.97,20.12,19.94,20.09,111329,0
2014-02-19,20:00:00,20.08,20.14,20,20.04,133006,0
2014-02-19,21:00:00,20.04,20.4,20,20.36,225642,0
2014-02-19,22:00:00,20.36,20.4,19.93,20,646471,0
2014-02-20,16:00:00,20.94,23.16,20.84,22.59,696049,0
2014-02-20,17:00:00,22.58,23.22,22.05,23.2,619413,0
2014-02-20,18:00:00,23.2,23.27,22.51,22.66,398980,0
2014-02-20,19:00:00,22.67,23.39,22.64,23.01,595690,0
2014-02-20,20:00:00,23.02,23.33,22.99,23.15,326208,0
2014-02-20,21:00:00,23.15,23.28,22.85,23.16,702493,0
2014-02-20,22:00:00,23.16,23.22,23.05,23.1,1177717,0
2014-02-21,16:00:00,23.4,24.09,23.3,23.45,422305,0
2014-02-21,17:00:00,23.45,23.62,22.97,23.32,729020,0
2014-02-21,18:00:00,23.31,23.48,23.03,23.39,373870,0
2014-02-21,19:00:00,23.37,23.52,23.29,23.3,431803,0
2014-02-21,20:00:00,23.28,23.37,23.16,23.36,322598,0
2014-02-21,21:00:00,23.35,23.43,23.15,23.3,524567,0
2014-02-21,22:00:00,23.31,23.35,22.64,22.68,865258,0
2014-02-24,16:00:00,22.76,23.47,22.72,23.16,230689,0
2014-02-24,17:00:00,23.18,23.51,23.07,23.27,402855,0
2014-02-24,18:00:00,23.25,23.51,23.1,23.37,316293,0
2014-02-24,19:00:00,23.39,23.61,23.33,23.46,245098,0
2014-02-24,20:00:00,23.46,23.65,23.41,23.58,195614,0
2014-02-24,21:00:00,23.58,23.62,23.48,23.61,385969,0
2014-02-24,22:00:00,23.61,23.64,23.51,23.51,856758,0
2014-02-25,16:00:00,22.3,23.02,22.11,22.67,417343,0
2014-02-25,17:00:00,22.71,22.85,22.5,22.85,247896,0
2014-02-25,18:00:00,22.85,23.36,22.81,22.88,234919,0
2014-02-25,19:00:00,22.88,23.22,22.87,23.21,158493,0
2014-02-25,20:00:00,23.23,23.46,23.18,23.45,138826,0
2014-02-25,21:00:00,23.45,23.51,23.37,23.4,225956,0
2014-02-25,22:00:00,23.39,23.42,22.91,23.1,484988,0
2014-02-26,16:00:00,23.13,23.49,22.85,23,93547,0
2014-02-26,17:00:00,23.04,23.43,22.92,22.99,128945,0
2014-02-26,18:00:00,23,23.24,23,23.03,63912,0
2014-02-26,19:00:00,23.01,23.19,23.01,23.16,47030,0
2014-02-26,20:00:00,23.16,23.2,23.03,23.04,78817,0
2014-02-26,21:00:00,23.04,23.09,22.96,23.01,150323,0
2014-02-26,22:00:00,23,23.2,22.93,23.13,232969,0
2014-02-27,16:00:00,23.03,23.23,22.71,22.86,80307,0
2014-02-27,17:00:00,22.86,22.98,22.57,22.93,103531,0
2014-02-27,18:00:00,22.94,23.3,22.89,23.3,81093,0
2014-02-27,19:00:00,23.3,23.61,23.25,23.53,168095,0
2014-02-27,20:00:00,23.53,23.56,23.42,23.5,109854,0
2014-02-27,21:00:00,23.48,23.53,23.29,23.31,160666,0
2014-02-27,22:00:00,23.32,23.52,23.32,23.43,266372,0
2014-02-28,16:00:00,23.58,23.85,23.41,23.53,50369,0
2014-02-28,17:00:00,23.49,23.69,23.39,23.67,51460,0
2014-02-28,18:00:00,23.68,23.79,23.59,23.75,69643,0
2014-02-28,19:00:00,23.76,23.9,23.72,23.85,54154,0
2014-02-28,20:00:00,23.82,24.1,23.8,23.93,193632,0
2014-02-28,21:00:00,23.91,24.17,23.89,23.99,142401,0
2014-02-28,22:00:00,23.99,24,23.71,23.85,239055,0
2014-03-03,16:00:00,23.71,24.35,23.66,24.15,140111,0
2014-03-03,17:00:00,24.15,24.24,23.8,23.83,204844,0
2014-03-03,18:00:00,23.86,24.29,23.78,24.06,108639,0
2014-03-03,19:00:00,24.04,24.07,23.9,23.97,87069,0
2014-03-03,20:00:00,23.96,24.06,23.91,23.99,95877,0
2014-03-03,21:00:00,24.01,24.03,23.75,23.75,134278,0
2014-03-03,22:00:00,23.76,23.76,23.48,23.53,288627,0
2014-03-04,16:00:00,23.98,24.12,23.55,24.1,104361,0
2014-03-04,17:00:00,24.1,24.11,23.85,23.98,168792,0
2014-03-04,18:00:00,23.96,24.02,23.86,24.01,62302,0
2014-03-04,19:00:00,24,24.03,23.94,24.03,124655,0
2014-03-04,20:00:00,24.02,24.12,23.96,24.03,124267,0
2014-03-04,21:00:00,24.03,24.06,23.97,24.04,121789,0
2014-03-04,22:00:00,24.04,24.1,23.96,24.03,522657,0
2014-03-05,16:00:00,23.78,24.03,23.73,23.84,77018,0
2014-03-05,17:00:00,23.91,23.96,23.68,23.81,83545,0
2014-03-05,18:00:00,23.85,23.85,23.55,23.57,82343,0
2014-03-05,19:00:00,23.57,23.78,23.5,23.74,120822,0
2014-03-05,20:00:00,23.72,23.81,23.7,23.71,58589,0
2014-03-05,21:00:00,23.72,23.78,23.62,23.65,89166,0
2014-03-05,22:00:00,23.64,23.71,23.52,23.58,342331,0
2014-03-06,16:00:00,23.69,23.76,23.27,23.36,67846,0
2014-03-06,17:00:00,23.37,23.57,23.32,23.47,86980,0
2014-03-06,18:00:00,23.47,23.92,23.47,23.57,126939,0
2014-03-06,19:00:00,23.59,23.86,23.53,23.7,119300,0
2014-03-06,20:00:00,23.72,23.75,23.39,23.4,315575,0
2014-03-06,21:00:00,23.4,23.44,23.25,23.37,200590,0
2014-03-06,22:00:00,23.37,23.6,23.26,23.29,511130,0
2014-03-07,16:00:00,23.32,23.35,22.86,22.97,340352,0
2014-03-07,17:00:00,22.96,22.99,22.78,22.84,339961,0
2014-03-07,18:00:00,22.84,22.9,22.57,22.73,228877,0
2014-03-07,19:00:00,22.76,23.01,22.65,22.99,195895,0
2014-03-07,20:00:00,22.99,23.53,22.86,23.5,449172,0
2014-03-07,21:00:00,23.48,24.07,23.46,23.89,311837,0
2014-03-07,22:00:00,23.89,23.92,23.63,23.68,517548,0
2014-03-10,15:00:00,23.25,23.65,23.17,23.65,125007,0
2014-03-10,16:00:00,23.65,23.65,23.3,23.41,99713,0
2014-03-10,17:00:00,23.36,23.79,23.36,23.56,70784,0
2014-03-10,18:00:00,23.55,23.69,23.39,23.69,82264,0
2014-03-10,19:00:00,23.7,23.89,23.69,23.84,176283,0
2014-03-10,20:00:00,23.83,23.99,23.78,23.96,232802,0
2014-03-10,21:00:00,23.96,23.98,23.74,23.8,283317,0
2014-03-11,15:00:00,23.86,24.03,23.61,23.89,199284,0
2014-03-11,16:00:00,23.91,24.12,23.8,23.96,340614,0
2014-03-11,17:00:00,23.96,24,23.5,23.55,108772,0
2014-03-11,18:00:00,23.56,23.57,23.35,23.55,108913,0
2014-03-11,19:00:00,23.54,23.62,23.41,23.51,85403,0
2014-03-11,20:00:00,23.53,23.57,23.24,23.26,288191,0
2014-03-11,21:00:00,23.24,23.24,22.86,22.95,656432,0
2014-03-12,15:00:00,22.94,23.22,22.63,23.14,162341,0
2014-03-12,16:00:00,23.15,23.46,23.1,23.44,90264,0
2014-03-12,17:00:00,23.44,23.81,23.37,23.61,179060,0
2014-03-12,18:00:00,23.64,23.71,23.54,23.56,51318,0
2014-03-12,19:00:00,23.57,23.68,23.43,23.64,55215,0
2014-03-12,20:00:00,23.63,23.77,23.58,23.59,120372,0
2014-03-12,21:00:00,23.59,23.73,23.58,23.69,270400,0
2014-03-13,15:00:00,23.72,24.07,23.52,23.74,267051,0
2014-03-13,16:00:00,23.7,24.01,23.69,23.78,182495,0
2014-03-13,17:00:00,23.78,24.05,23.78,23.96,243257,0
2014-03-13,18:00:00,23.97,24,23.39,23.44,235691,0
2014-03-13,19:00:00,23.42,23.79,23.29,23.62,163057,0
2014-03-13,20:00:00,23.63,23.74,23.56,23.61,90793,0
2014-03-13,21:00:00,23.61,23.74,23.35,23.63,348371,0
2014-03-14,15:00:00,23.76,24,23.61,23.79,116020,0
2014-03-14,16:00:00,23.83,24,23.69,23.71,53892,0
2014-03-14,17:00:00,23.7,23.73,23.37,23.5,114984,0
2014-03-14,18:00:00,23.5,23.57,23.41,23.53,102745,0
2014-03-14,19:00:00,23.55,23.71,23.53,23.6,70062,0
2014-03-14,20:00:00,23.58,23.64,23.45,23.48,161625,0
2014-03-14,21:00:00,23.49,23.62,23.41,23.58,309420,0
2014-03-17,15:00:00,23.83,24.67,23.75,24.34,198975,0
2014-03-17,16:00:00,24.35,24.84,24.28,24.75,343185,0
2014-03-17,17:00:00,24.72,24.85,24.49,24.79,294881,0
2014-03-17,18:00:00,24.79,24.98,24.6,24.73,117255,0
2014-03-17,19:00:00,24.71,24.96,24.63,24.92,78920,0
2014-03-17,20:00:00,24.93,25,24.74,24.94,220416,0
2014-03-17,21:00:00,24.96,25,24.8,24.9,334493,0
2014-03-18,15:00:00,24.84,24.98,24.67,24.8,86977,0
2014-03-18,16:00:00,24.8,25.09,24.69,25.06,230532,0
2014-03-18,17:00:00,25.09,25.54,25.07,25.49,260442,0
2014-03-18,18:00:00,25.49,25.62,25.27,25.59,173422,0
2014-03-18,19:00:00,25.6,25.84,25.48,25.55,123210,0
2014-03-18,20:00:00,25.56,25.68,25.45,25.57,158628,0
2014-03-18,21:00:00,25.58,25.59,25.19,25.32,409632,0
2014-03-19,15:00:00,25.3,25.65,25.09,25.53,273646,0
2014-03-19,16:00:00,25.55,25.99,25.47,25.96,327617,0
2014-03-19,17:00:00,25.96,26.22,25.3,25.5,225182,0
2014-03-19,18:00:00,25.5,25.89,25.47,25.77,82009,0
2014-03-19,19:00:00,25.82,25.94,25.77,25.88,71790,0
2014-03-19,20:00:00,25.85,25.85,25.67,25.73,123281,0
2014-03-19,21:00:00,25.73,25.79,25.3,25.47,452117,0
2014-03-20,15:00:00,25.34,25.74,25,25.4,177756,0
2014-03-20,16:00:00,25.41,25.95,25.41,25.66,232837,0
2014-03-20,17:00:00,25.64,26.1,25.45,26.1,346811,0
2014-03-20,18:00:00,26.1,26.31,25.9,26.22,228914,0
2014-03-20,19:00:00,26.21,26.22,25.68,25.8,107414,0
2014-03-20,20:00:00,25.8,25.82,25.58,25.58,78591,0
2014-03-20,21:00:00,25.56,25.63,25.36,25.39,354271,0
2014-03-21,15:00:00,25.33,25.88,25.3,25.7,145223,0
2014-03-21,16:00:00,25.69,26.08,25.63,25.98,111275,0
2014-03-21,17:00:00,26.01,26.28,25.97,26.14,93941,0
2014-03-21,18:00:00,26.15,26.25,25.9,25.95,99939,0
2014-03-21,19:00:00,25.95,25.97,25.88,25.92,99574,0
2014-03-21,20:00:00,25.92,25.94,25.71,25.74,94059,0
2014-03-21,21:00:00,25.75,25.77,25.4,25.45,638433,0
2014-03-24,15:00:00,25.62,26.14,25.56,25.79,130361,0
2014-03-24,16:00:00,25.79,25.82,25.15,25.36,91321,0
2014-03-24,17:00:00,25.29,25.31,24.93,25.13,91285,0
2014-03-24,18:00:00,25.12,25.21,25.02,25.18,76830,0
2014-03-24,19:00:00,25.16,25.42,25.14,25.42,56287,0
2014-03-24,20:00:00,25.42,25.46,25.26,25.26,53362,0
2014-03-24,21:00:00,25.26,25.36,25.12,25.14,692630,0
2014-03-25,15:00:00,25.26,25.75,25.26,25.61,52922,0
2014-03-25,16:00:00,25.67,25.71,25.4,25.48,80570,0
2014-03-25,17:00:00,25.48,25.81,25.46,25.67,39158,0
2014-03-25,18:00:00,25.68,25.68,25.44,25.58,58184,0
2014-03-25,19:00:00,25.57,25.68,25.49,25.68,54456,0
2014-03-25,20:00:00,25.67,25.77,25.55,25.69,58270,0
2014-03-25,21:00:00,25.68,25.79,25.64,25.77,301374,0
2014-03-26,15:00:00,26.13,26.53,25.98,26.19,69188,0
2014-03-26,16:00:00,26.17,26.25,25.76,25.95,188948,0
2014-03-26,17:00:00,25.94,26.38,25.94,26.35,93076,0
2014-03-26,18:00:00,26.34,26.5,26.29,26.39,74542,0
2014-03-26,19:00:00,26.4,26.44,25.91,26.03,91708,0
2014-03-26,20:00:00,26.03,26.04,25.86,25.97,74632,0
2014-03-26,21:00:00,25.96,25.97,25.73,25.75,247196,0
2014-03-27,15:00:00,25.82,26.58,25.75,26.37,297409,0
2014-03-27,16:00:00,26.35,27.15,26.32,26.92,428661,0
2014-03-27,17:00:00,26.9,27,26.69,26.83,131334,0
2014-03-27,18:00:00,26.83,26.91,26.68,26.79,121574,0
2014-03-27,19:00:00,26.78,26.85,26.7,26.71,109044,0
2014-03-27,20:00:00,26.72,26.84,26.63,26.81,129276,0
2014-03-27,21:00:00,26.82,27.08,26.77,26.99,513937,0
2014-03-28,15:00:00,27.21,27.21,26.7,26.98,196797,0
2014-03-28,16:00:00,26.98,27.31,26.91,27.31,127893,0
2014-03-28,17:00:00,27.31,27.47,27.11,27.19,618689,0
2014-03-28,18:00:00,27.21,27.24,27.05,27.06,46220,0
2014-03-28,19:00:00,27.07,27.15,26.81,27.1,63605,0
2014-03-28,20:00:00,27.09,27.11,26.89,27.05,63845,0
2014-03-28,21:00:00,27.04,27.12,26.87,26.96,189602,0
2014-03-31,16:00:00,27.2,27.32,26.91,27.32,71114,0
2014-03-31,17:00:00,27.3,27.59,27.22,27.39,228347,0
2014-03-31,18:00:00,27.39,27.4,26.94,27.18,107153,0
2014-03-31,19:00:00,27.18,27.53,27.16,27.45,102656,0
2014-03-31,20:00:00,27.45,27.5,27.36,27.39,46295,0
2014-03-31,21:00:00,27.41,27.5,27.39,27.45,78640,0
2014-03-31,22:00:00,27.43,27.51,27.37,27.41,227851,0
2014-04-01,16:00:00,27.49,27.88,27.25,27.64,185620,0
2014-04-01,17:00:00,27.65,27.71,27.08,27.2,115688,0
2014-04-01,18:00:00,27.19,27.25,26.91,26.97,96616,0
2014-04-01,19:00:00,26.98,27.17,26.98,27.08,104342,0
2014-04-01,20:00:00,27.06,27.14,26.99,27.08,109200,0
2014-04-01,21:00:00,27.09,27.18,27.05,27.13,127416,0
2014-04-01,22:00:00,27.14,27.2,27.07,27.18,307532,0
2014-04-02,16:00:00,27.19,27.57,27,27.08,90198,0
2014-04-02,17:00:00,27.1,27.44,27.08,27.23,156882,0
2014-04-02,18:00:00,27.23,27.25,26.97,27,122715,0
2014-04-02,19:00:00,27.02,27.03,26.95,26.96,92398,0
2014-04-02,20:00:00,26.98,27.25,26.97,27.21,251010,0
2014-04-02,21:00:00,27.21,27.3,27.19,27.25,196901,0
2014-04-02,22:00:00,27.26,27.39,27.21,27.25,303951,0
2014-04-03,16:00:00,27.32,27.38,27.05,27.24,152702,0
2014-04-03,17:00:00,27.27,27.28,26.73,26.86,89204,0
2014-04-03,18:00:00,26.84,27.07,26.72,26.81,66575,0
2014-04-03,19:00:00,26.77,26.85,26.72,26.73,145221,0
2014-04-03,20:00:00,26.73,26.81,26.62,26.64,121402,0
2014-04-03,21:00:00,26.67,26.79,26.52,26.65,89804,0
2014-04-03,22:00:00,26.66,26.71,26.6,26.66,281544,0
2014-04-04,16:00:00,26.95,27,26.29,26.47,220125,0
2014-04-04,17:00:00,26.47,26.92,26.39,26.7,230467,0
2014-04-04,18:00:00,26.71,26.76,26.18,26.21,178220,0
2014-04-04,19:00:00,26.21,26.21,25.74,25.92,263082,0
2014-04-04,20:00:00,25.91,26.07,25.8,25.96,281848,0
2014-04-04,21:00:00,25.95,25.99,25.79,25.99,145330,0
2014-04-04,22:00:00,25.96,26.09,25.9,26.03,420745,0
2014-04-07,16:00:00,26.07,26.09,25.35,25.85,92456,0
2014-04-07,17:00:00,25.85,25.91,25.47,25.55,116240,0
2014-04-07,18:00:00,25.55,25.62,25.29,25.37,170745,0
2014-04-07,19:00:00,25.35,25.48,25.33,25.4,64123,0
2014-04-07,20:00:00,25.4,25.41,24.91,25.01,153360,0
2014-04-07,21:00:00,24.99,25.28,24.99,25.24,160432,0
2014-04-07,22:00:00,25.25,25.4,25.12,25.14,304454,0
2014-04-08,16:00:00,25.62,26.52,25.6,26.26,235295,0
2014-04-08,17:00:00,26.25,26.34,25.79,25.96,227631,0
2014-04-08,18:00:00,25.96,26.19,25.92,26.11,176751,0
2014-04-08,19:00:00,26.07,26.42,26.03,26.38,124138,0
2014-04-08,20:00:00,26.38,26.74,26.3,26.69,94214,0
2014-04-08,21:00:00,26.71,26.71,26.47,26.65,123248,0
2014-04-08,22:00:00,26.67,27,26.67,26.88,262153,0
2014-04-09,16:00:00,26.82,27.13,26.63,26.66,82728,0
2014-04-09,17:00:00,26.63,27.24,26.55,27.17,204438,0
2014-04-09,18:00:00,27.2,27.39,27.1,27.16,194022,0
2014-04-09,19:00:00,27.19,27.41,27.09,27.31,57665,0
2014-04-09,20:00:00,27.32,27.43,27.24,27.43,44154,0
2014-04-09,21:00:00,27.44,27.72,27.4,27.42,87983,0
2014-04-09,22:00:00,27.41,27.67,27.41,27.59,187019,0
2014-04-10,16:00:00,27.68,27.95,27.31,27.93,54175,0
2014-04-10,17:00:00,27.92,28.09,27.66,27.67,211670,0
2014-04-10,18:00:00,27.66,27.77,27.4,27.51,86626,0
2014-04-10,19:00:00,27.49,27.53,27.26,27.26,44460,0
2014-04-10,20:00:00,27.28,27.36,27,27.1,90928,0
2014-04-10,21:00:00,27.09,27.17,26.82,26.87,72715,0
2014-04-10,22:00:00,26.87,26.88,26.61,26.71,303180,0
2014-04-11,16:00:00,26.45,26.99,26.05,26.93,184790,0
2014-04-11,17:00:00,26.97,27.25,26.69,27.2,132315,0
2014-04-11,18:00:00,27.2,27.27,27.1,27.2,54224,0
2014-04-11,19:00:00,27.25,27.26,27.13,27.22,30213,0
2014-04-11,20:00:00,27.25,27.25,27,27.1,49691,0
2014-04-11,21:00:00,27.07,27.07,26.6,26.72,40834,0
2014-04-11,22:00:00,26.72,26.87,26.6,26.67,157109,0
2014-04-14,16:00:00,26.85,27.04,26.7,26.8,78834,0
2014-04-14,17:00:00,26.83,28.23,26.79,28.23,230259,0
2014-04-14,18:00:00,28.26,28.34,27.88,27.98,101987,0
2014-04-14,19:00:00,27.95,28.04,27.79,27.83,45252,0
2014-04-14,20:00:00,27.83,27.83,27.51,27.58,61502,0
2014-04-14,21:00:00,27.57,27.62,27.46,27.47,52768,0
2014-04-14,22:00:00,27.44,27.51,27.18,27.48,194979,0
2014-04-15,16:00:00,28.69,28.83,28.04,28.64,386976,0
2014-04-15,17:00:00,28.65,28.74,27.53,27.82,300426,0
2014-04-15,18:00:00,27.78,28.29,27.67,28.01,172083,0
2014-04-15,19:00:00,27.99,28.22,27.63,27.73,106782,0
2014-04-15,20:00:00,27.7,28.47,27.57,28.44,112751,0
2014-04-15,21:00:00,28.46,28.54,28.21,28.39,84243,0
2014-04-15,22:00:00,28.38,28.55,28.25,28.3,277725,0
2014-04-16,16:00:00,28.57,28.57,27.9,28,141124,0
2014-04-16,17:00:00,28,28.34,27.82,28.22,134406,0
2014-04-16,18:00:00,28.25,28.57,28.16,28.33,129811,0
2014-04-16,19:00:00,28.33,28.4,28.03,28.03,68420,0
2014-04-16,20:00:00,28.02,28.04,27.84,27.97,56031,0
2014-04-16,21:00:00,27.98,28.17,27.92,28.11,71297,0
2014-04-16,22:00:00,28.11,28.22,28.02,28.21,203017,0
2014-04-17,16:00:00,28.36,28.5,28,28.01,60837,0
2014-04-17,17:00:00,28.02,28.29,27.82,28.08,145620,0
2014-04-17,18:00:00,28.1,28.14,27.74,27.82,96975,0
2014-04-17,19:00:00,27.84,28.04,27.79,27.9,51128,0
2014-04-17,20:00:00,27.9,28.14,27.84,28.03,113184,0
2014-04-17,21:00:00,28.01,28.17,27.94,28.09,117630,0
2014-04-17,22:00:00,28.11,28.28,28.06,28.13,92822,0
2014-04-21,16:00:00,28.06,28.74,27.93,28.66,177527,0
2014-04-21,17:00:00,28.7,28.79,28.35,28.55,234282,0
2014-04-21,18:00:00,28.57,28.65,28.44,28.59,132595,0
2014-04-21,19:00:00,28.6,28.71,28.5,28.68,67262,0
2014-04-21,20:00:00,28.69,28.82,28.42,28.5,136210,0
2014-04-21,21:00:00,28.5,28.7,28.4,28.59,162017,0
2014-04-21,22:00:00,28.59,28.62,28.35,28.45,208458,0
2014-04-22,16:00:00,28.49,28.73,28.19,28.73,93443,0
2014-04-22,17:00:00,28.73,29.15,28.67,29.1,327866,0
2014-04-22,18:00:00,29.07,29.14,28.87,29.11,150930,0
2014-04-22,19:00:00,29.11,29.22,28.92,28.93,73810,0
2014-04-22,20:00:00,28.96,28.97,28.88,28.95,113204,0
2014-04-22,21:00:00,28.96,29.03,28.84,28.99,134235,0
2014-04-22,22:00:00,28.98,29.34,28.98,29.17,301092,0
2014-04-23,16:00:00,29.23,29.39,28.83,29.2,86330,0
2014-04-23,17:00:00,29.23,29.37,28.89,29.13,251292,0
2014-04-23,18:00:00,29.13,29.61,29.13,29.53,93169,0
2014-04-23,19:00:00,29.52,29.52,28.81,28.95,203351,0
2014-04-23,20:00:00,28.95,29.03,28.74,28.78,87060,0
2014-04-23,21:00:00,28.78,28.93,28.63,28.72,153483,0
2014-04-23,22:00:00,28.74,28.83,28.67,28.8,409717,0
2014-04-24,16:00:00,28.93,28.94,28.04,28.23,136585,0
2014-04-24,17:00:00,28.25,28.33,27.79,28.04,204636,0
2014-04-24,18:00:00,28.04,28.47,28.03,28.29,109731,0
2014-04-24,19:00:00,28.3,28.56,28.27,28.36,80177,0
2014-04-24,20:00:00,28.35,28.41,28.12,28.2,177226,0
2014-04-24,21:00:00,28.19,28.24,27.9,27.95,155356,0
2014-04-24,22:00:00,27.94,28.21,27.87,27.93,403095,0
2014-04-25,16:00:00,27.41,27.41,25.46,26.43,525214,0
2014-04-25,17:00:00,26.42,27.5,25.82,25.95,554650,0
2014-04-25,18:00:00,25.93,26.83,25.75,26.68,210777,0
2014-04-25,19:00:00,26.67,26.69,26.18,26.25,104279,0
2014-04-25,20:00:00,26.18,26.21,25.12,25.14,212004,0
2014-04-25,21:00:00,25.12,25.72,25.1,25.4,168486,0
2014-04-25,22:00:00,25.38,26.09,25.38,26.03,341754,0
2014-04-28,16:00:00,26.36,26.94,26.04,26.86,148024,0
2014-04-28,17:00:00,26.88,27.26,26.85,26.87,211382,0
2014-04-28,18:00:00,26.87,26.96,26.41,26.42,139123,0
2014-04-28,19:00:00,26.41,26.44,26.11,26.11,65289,0
2014-04-28,20:00:00,26.11,26.13,25.74,25.99,122066,0
2014-04-28,21:00:00,25.99,26.33,25.89,26.19,99057,0
2014-04-28,22:00:00,26.19,26.19,26.07,26.15,420614,0
2014-04-29,16:00:00,26.33,27.05,26.33,26.9,68696,0
2014-04-29,17:00:00,26.9,27.05,26.39,26.52,204631,0
2014-04-29,18:00:00,26.53,26.67,26.18,26.42,120880,0
2014-04-29,19:00:00,26.44,26.74,26.3,26.3,307623,0
2014-04-29,20:00:00,26.29,26.34,26,26.17,120624,0
2014-04-29,21:00:00,26.2,26.2,25.84,25.94,156196,0
2014-04-29,22:00:00,25.94,25.95,25.62,25.67,427288,0
2014-04-30,16:00:00,25.46,25.77,25.11,25.24,148791,0
2014-04-30,17:00:00,25.22,25.59,25.15,25.59,143924,0
2014-04-30,18:00:00,25.59,25.91,25.47,25.88,107270,0
2014-04-30,19:00:00,25.89,26.12,25.85,25.93,123361,0
2014-04-30,20:00:00,25.92,26.31,25.89,26.08,136373,0
2014-04-30,21:00:00,26.06,26.32,25.95,26.25,91923,0
2014-04-30,22:00:00,26.25,26.45,26.03,26.42,309331,0
2014-05-01,16:00:00,26.41,26.6,25.79,25.85,52810,0
2014-05-01,17:00:00,25.91,26.27,25.68,26.18,98419,0
2014-05-01,18:00:00,26.19,26.3,25.98,25.99,82694,0
2014-05-01,19:00:00,25.99,25.99,25.65,25.65,98866,0
2014-05-01,20:00:00,25.66,25.75,25.34,25.35,88388,0
2014-05-01,21:00:00,25.37,25.45,25.15,25.16,85651,0
2014-05-01,22:00:00,25.17,25.47,25.12,25.46,273617,0
2014-05-02,16:00:00,25.53,25.9,25.3,25.88,61200,0
2014-05-02,17:00:00,25.88,26.24,25.74,25.99,158315,0
2014-05-02,18:00:00,26,26.15,25.91,26.15,131041,0
2014-05-02,19:00:00,26.14,26.26,26.07,26.21,68982,0
2014-05-02,20:00:00,26.21,26.27,26.03,26.04,127810,0
2014-05-02,21:00:00,26.03,26.25,25.99,26.25,158451,0
2014-05-02,22:00:00,26.23,26.3,26.05,26.05,430999,0
2014-05-05,16:00:00,25.93,26.08,25.42,26.06,126424,0
2014-05-05,17:00:00,26.08,26.48,26.02,26.4,117824,0
2014-05-05,18:00:00,26.41,26.41,26.05,26.07,100207,0
2014-05-05,19:00:00,26.1,26.3,26.02,26.02,144776,0
2014-05-05,20:00:00,26,26.14,25.91,26.1,56166,0
2014-05-05,21:00:00,26.13,26.25,26.06,26.1,75007,0
2014-05-05,22:00:00,26.09,26.16,26.04,26.07,182675,0
2014-05-06,16:00:00,26.19,26.28,25.82,26.19,27190,0
2014-05-06,17:00:00,26.19,26.19,25.73,25.78,189103,0
2014-05-06,18:00:00,25.78,25.99,25.69,25.88,62816,0
2014-05-06,19:00:00,25.88,26.04,25.79,25.94,116560,0
2014-05-06,20:00:00,25.95,26.09,25.79,25.8,86857,0
2014-05-06,21:00:00,25.78,25.78,25.54,25.63,98078,0
2014-05-06,22:00:00,25.63,25.74,25.6,25.63,193926,0
2014-05-07,16:00:00,25.83,26.1,25.64,25.73,102425,0
2014-05-07,17:00:00,25.74,25.81,25.18,25.64,98911,0
2014-05-07,18:00:00,25.63,26.15,25.53,26.07,71217,0
2014-05-07,19:00:00,26.07,26.24,26,26.15,196602,0
2014-05-07,20:00:00,26.16,26.65,26.13,26.5,147652,0
2014-05-07,21:00:00,26.48,26.89,26.45,26.82,299405,0
2014-05-07,22:00:00,26.82,27.35,26.82,27.33,567947,0
