Date,Time,Open,High,Low,Close,Volume,OpenInt
2014-02-10,16:00:00,62.029,62.404,62.029,62.365,25044,0
2014-02-10,17:00:00,62.325,62.622,62.236,62.345,53230,0
2014-02-10,18:00:00,62.345,62.414,62.048,62.068,37407,0
2014-02-10,19:00:00,62.058,62.128,61.93,61.999,22767,0
2014-02-10,20:00:00,62.029,62.246,61.979,62.246,41910,0
2014-02-10,21:00:00,62.246,62.276,62.197,62.276,49186,0
2014-02-10,22:00:00,62.276,62.306,62.137,62.197,101477,0
2014-02-11,16:00:00,62.226,62.721,62.048,62.652,28992,0
2014-02-11,17:00:00,62.642,62.642,62.276,62.454,52423,0
2014-02-11,18:00:00,62.503,62.77,62.434,62.77,41673,0
2014-02-11,19:00:00,62.78,62.869,62.721,62.869,30262,0
2014-02-11,20:00:00,62.869,62.939,62.859,62.869,26426,0
2014-02-11,21:00:00,62.859,62.939,62.82,62.869,27767,0
2014-02-11,22:00:00,62.889,62.998,62.632,62.652,100553,0
2014-02-12,16:00:00,63.057,63.364,62.988,63.364,35256,0
2014-02-12,17:00:00,63.324,63.393,63.206,63.275,63926,0
2014-02-12,18:00:00,63.295,63.374,63.126,63.324,37257,0
2014-02-12,19:00:00,63.324,63.364,63.166,63.295,39999,0
2014-02-12,20:00:00,63.295,63.364,63.225,63.344,28668,0
2014-02-12,21:00:00,63.334,63.384,63.285,63.384,41642,0
2014-02-12,22:00:00,63.374,63.374,63.235,63.344,131115,0
2014-02-13,16:00:00,63.136,63.314,62.909,63.235,38436,0
2014-02-13,17:00:00,63.225,63.512,63.225,63.433,45281,0
2014-02-13,18:00:00,63.433,63.7,63.403,63.601,47518,0
2014-02-13,19:00:00,63.601,63.71,63.512,63.68,23909,0
2014-02-13,20:00:00,63.69,63.888,63.67,63.888,54756,0
2014-02-13,21:00:00,63.878,63.937,63.769,63.928,63794,0
2014-02-13,22:00:00,63.937,64.125,63.937,63.997,160724,0
2014-02-14,16:00:00,63.967,64.046,63.799,64.036,22101,0
2014-02-14,17:00:00,64.046,64.402,64.036,64.293,48376,0
2014-02-14,18:00:00,64.274,64.323,64.106,64.185,45258,0
2014-02-14,19:00:00,64.175,64.264,64.106,64.264,32749,0
2014-02-14,20:00:00,64.284,64.422,64.264,64.412,48925,0
2014-02-14,21:00:00,64.402,64.412,64.175,64.293,52765,0
2014-02-14,22:00:00,64.274,64.353,64.165,64.224,129428,0
2014-02-18,16:00:00,64.363,64.689,64.343,64.689,72538,0
2014-02-18,17:00:00,64.689,64.827,64.521,64.798,54372,0
2014-02-18,18:00:00,64.778,64.976,64.699,64.857,67382,0
2014-02-18,19:00:00,64.857,64.996,64.798,64.986,71141,0
2014-02-18,20:00:00,64.986,65.015,64.64,64.689,46352,0
2014-02-18,21:00:00,64.689,64.798,64.649,64.738,47268,0
2014-02-18,22:00:00,64.729,64.808,64.699,64.719,101680,0
2014-02-19,16:00:00,64.462,64.729,64.353,64.729,37001,0
2014-02-19,17:00:00,64.659,64.699,64.452,64.64,43482,0
2014-02-19,18:00:00,64.63,64.699,64.61,64.63,76381,0
2014-02-19,19:00:00,64.59,64.679,64.56,64.61,83037,0
2014-02-19,20:00:00,64.61,64.719,64.58,64.659,32892,0
2014-02-19,21:00:00,64.669,64.818,64.452,64.481,115964,0
2014-02-19,22:00:00,64.481,64.56,64.353,64.471,135305,0
2014-02-20,16:00:00,64.541,64.63,64.363,64.412,39086,0
2014-02-20,17:00:00,64.392,64.916,64.382,64.867,98638,0
2014-02-20,18:00:00,64.818,64.847,64.481,64.61,31878,0
2014-02-20,19:00:00,64.6,64.748,64.56,64.699,31841,0
2014-02-20,20:00:00,64.689,64.768,64.649,64.729,23528,0
2014-02-20,21:00:00,64.729,64.778,64.689,64.748,33739,0
2014-02-20,22:00:00,64.729,64.758,64.531,64.531,175068,0
2014-02-21,16:00:00,64.333,64.531,64.086,64.531,29479,0
2014-02-21,17:00:00,64.521,64.521,64.412,64.501,45647,0
2014-02-21,18:00:00,64.511,64.541,64.412,64.541,35579,0
2014-02-21,19:00:00,64.531,64.6,64.462,64.59,20196,0
2014-02-21,20:00:00,64.6,64.699,64.58,64.659,27410,0
2014-02-21,21:00:00,64.64,64.679,64.471,64.62,75459,0
2014-02-21,22:00:00,64.6,64.659,64.531,64.541,93010,0
2014-02-24,16:00:00,64.788,65.144,64.61,64.818,73178,0
2014-02-24,17:00:00,64.818,65.025,64.679,64.758,78453,0
2014-02-24,18:00:00,64.768,64.946,64.679,64.907,53724,0
2014-02-24,19:00:00,64.907,64.966,64.758,64.778,33440,0
2014-02-24,20:00:00,64.758,64.837,64.738,64.798,19842,0
2014-02-24,21:00:00,64.818,64.936,64.719,64.877,56839,0
2014-02-24,22:00:00,64.877,64.926,64.818,64.867,157851,0
2014-02-25,16:00:00,65.193,65.549,64.916,65.045,56555,0
2014-02-25,17:00:00,65.035,65.332,64.946,65.263,97360,0
2014-02-25,18:00:00,65.253,65.282,65.104,65.174,48179,0
2014-02-25,19:00:00,65.174,65.223,65.134,65.184,30648,0
2014-02-25,20:00:00,65.184,65.193,65.134,65.134,35596,0
2014-02-25,21:00:00,65.134,65.144,64.936,64.956,72420,0
2014-02-25,22:00:00,64.946,64.986,64.729,64.818,164826,0
2014-02-26,16:00:00,64.936,65.154,64.689,64.729,34852,0
2014-02-26,17:00:00,64.738,65.292,64.738,65.184,65632,0
2014-02-26,18:00:00,65.184,65.193,65.015,65.085,35361,0
2014-02-26,19:00:00,65.085,65.104,64.827,64.986,28406,0
2014-02-26,20:00:00,65.005,65.015,64.837,64.847,25981,0
2014-02-26,21:00:00,64.857,64.867,64.758,64.857,28395,0
2014-02-26,22:00:00,64.857,65.025,64.798,64.946,96853,0
2014-02-27,16:00:00,65.005,65.005,64.382,64.551,72358,0
2014-02-27,17:00:00,64.58,64.956,64.58,64.926,48426,0
2014-02-27,18:00:00,64.916,65.085,64.788,64.857,27839,0
2014-02-27,19:00:00,64.867,64.966,64.788,64.907,31298,0
2014-02-27,20:00:00,64.877,64.986,64.857,64.966,36761,0
2014-02-27,21:00:00,64.956,64.986,64.877,64.966,44734,0
2014-02-27,22:00:00,64.956,65.223,64.956,65.144,138446,0
2014-02-28,16:00:00,65.273,65.579,65.104,65.579,44174,0
2014-02-28,17:00:00,65.53,65.708,65.47,65.589,59518,0
2014-02-28,18:00:00,65.569,65.599,65.441,65.559,66043,0
2014-02-28,19:00:00,65.559,65.589,65.451,65.569,57926,0
2014-02-28,20:00:00,65.569,65.737,65.53,65.698,70128,0
2014-02-28,21:00:00,65.658,65.757,65.431,65.441,62646,0
2014-02-28,22:00:00,65.451,65.451,65.174,65.243,114597,0
2014-03-03,16:00:00,64.768,64.976,64.501,64.837,86748,0
2014-03-03,17:00:00,64.857,64.857,64.511,64.58,71962,0
2014-03-03,18:00:00,64.551,64.551,64.115,64.135,83841,0
2014-03-03,19:00:00,64.135,64.165,63.908,63.908,60161,0
2014-03-03,20:00:00,63.928,64.274,63.928,64.254,42442,0
2014-03-03,21:00:00,64.264,64.343,64.224,64.284,64934,0
2014-03-03,22:00:00,64.293,64.452,64.195,64.442,162958,0
2014-03-04,16:00:00,64.818,65.065,64.56,64.936,39549,0
2014-03-04,17:00:00,64.916,65.025,64.61,64.689,38008,0
2014-03-04,18:00:00,64.679,64.837,64.63,64.818,42802,0
2014-03-04,19:00:00,64.827,64.956,64.818,64.897,29211,0
2014-03-04,20:00:00,64.907,64.916,64.788,64.857,46168,0
2014-03-04,21:00:00,64.847,64.867,64.758,64.818,46744,0
2014-03-04,22:00:00,64.837,64.837,64.521,64.59,277685,0
2014-03-05,16:00:00,64.867,64.897,64.392,64.758,37184,0
2014-03-05,17:00:00,64.778,65.134,64.63,64.758,64213,0
2014-03-05,18:00:00,64.758,65.055,64.758,65.045,34860,0
2014-03-05,19:00:00,65.015,65.065,64.907,65.045,21022,0
2014-03-05,20:00:00,65.035,65.065,64.986,65.065,17206,0
2014-03-05,21:00:00,65.065,65.134,65.005,65.045,34659,0
2014-03-05,22:00:00,65.045,65.055,64.907,64.996,110781,0
2014-03-06,16:00:00,65.322,65.549,65.203,65.243,38368,0
2014-03-06,17:00:00,65.253,65.411,65.223,65.292,31749,0
2014-03-06,18:00:00,65.302,65.302,65.104,65.134,26424,0
2014-03-06,19:00:00,65.114,65.174,65.035,65.095,36822,0
2014-03-06,20:00:00,65.095,65.104,64.966,64.976,24038,0
2014-03-06,21:00:00,64.956,65.015,64.887,64.946,57114,0
2014-03-06,22:00:00,64.996,65.164,64.976,65.134,73293,0
2014-03-07,16:00:00,64.837,64.936,64.541,64.857,64727,0
2014-03-07,17:00:00,64.837,64.907,64.729,64.887,49053,0
2014-03-07,18:00:00,64.887,64.887,64.531,64.729,34384,0
2014-03-07,19:00:00,64.729,64.837,64.669,64.788,18721,0
2014-03-07,20:00:00,64.778,64.798,64.64,64.738,24121,0
2014-03-07,21:00:00,64.748,64.758,64.57,64.719,24228,0
2014-03-07,22:00:00,64.699,64.738,64.452,64.63,91010,0
2014-03-10,15:00:00,64.422,64.778,64.145,64.699,38480,0
2014-03-10,16:00:00,64.62,64.63,64.284,64.333,61045,0
2014-03-10,17:00:00,64.343,64.402,64.293,64.353,35473,0
2014-03-10,18:00:00,64.323,64.412,64.303,64.402,44317,0
2014-03-10,19:00:00,64.392,64.481,64.392,64.442,23760,0
2014-03-10,20:00:00,64.452,64.57,64.412,64.531,41541,0
2014-03-10,21:00:00,64.531,64.57,64.432,64.462,134803,0
2014-03-11,15:00:00,64.531,64.689,64.363,64.689,19201,0
2014-03-11,16:00:00,64.699,65.114,64.659,65.075,57589,0
2014-03-11,17:00:00,65.085,65.184,64.996,65.055,48770,0
2014-03-11,18:00:00,65.055,65.055,64.907,64.926,34742,0
2014-03-11,19:00:00,64.916,65.015,64.798,65.015,32205,0
2014-03-11,20:00:00,65.005,65.154,64.926,65.055,39280,0
2014-03-11,21:00:00,65.055,65.164,64.986,65.114,106737,0
2014-03-12,15:00:00,64.719,64.818,64.481,64.59,20194,0
2014-03-12,16:00:00,64.58,64.887,64.501,64.887,51880,0
2014-03-12,17:00:00,64.956,65.025,64.916,64.966,28961,0
2014-03-12,18:00:00,64.996,65.134,64.946,65.134,23231,0
2014-03-12,19:00:00,65.114,65.174,65.015,65.015,31395,0
2014-03-12,20:00:00,65.005,65.085,64.976,64.976,27329,0
2014-03-12,21:00:00,64.996,65.193,64.946,65.193,55891,0
2014-03-13,15:00:00,65.52,65.648,65.243,65.302,14312,0
2014-03-13,16:00:00,65.292,65.401,65.085,65.085,34216,0
2014-03-13,17:00:00,65.085,65.114,64.847,64.907,51756,0
2014-03-13,18:00:00,64.907,64.946,64.748,64.778,38201,0
2014-03-13,19:00:00,64.768,64.936,64.689,64.887,67287,0
2014-03-13,20:00:00,64.887,64.907,64.59,64.59,35959,0
2014-03-13,21:00:00,64.6,64.778,64.511,64.778,79368,0
2014-03-14,15:00:00,64.471,64.669,64.402,64.511,23469,0
2014-03-14,16:00:00,64.511,64.551,64.125,64.145,46104,0
2014-03-14,17:00:00,64.135,64.313,64.007,64.274,36975,0
2014-03-14,18:00:00,64.254,64.254,64.135,64.175,25719,0
2014-03-14,19:00:00,64.185,64.195,64.086,64.086,26138,0
2014-03-14,20:00:00,64.106,64.155,64.036,64.036,22957,0
2014-03-14,21:00:00,64.036,64.185,64.036,64.175,94971,0
2014-03-17,15:00:00,64.531,64.887,64.363,64.877,39331,0
2014-03-17,16:00:00,64.877,64.946,64.778,64.808,32916,0
2014-03-17,17:00:00,64.778,64.877,64.709,64.798,35843,0
2014-03-17,18:00:00,64.798,64.976,64.738,64.946,34243,0
2014-03-17,19:00:00,64.936,64.936,64.827,64.837,14802,0
2014-03-17,20:00:00,64.837,64.847,64.699,64.719,31789,0
2014-03-17,21:00:00,64.719,64.719,64.57,64.62,92710,0
2014-03-18,15:00:00,64.729,64.907,64.659,64.738,21749,0
2014-03-18,16:00:00,64.719,64.808,64.64,64.649,39445,0
2014-03-18,17:00:00,64.669,64.748,64.481,64.481,43942,0
2014-03-18,18:00:00,64.471,64.521,64.442,64.462,27282,0
2014-03-18,19:00:00,64.452,64.481,64.214,64.244,50910,0
2014-03-18,20:00:00,64.254,64.293,64.204,64.224,40186,0
2014-03-18,21:00:00,64.244,64.313,64.204,64.254,85500,0
2014-03-19,15:00:00,64.066,64.106,63.848,63.947,37283,0
2014-03-19,16:00:00,63.928,64.106,63.868,63.987,65352,0
2014-03-19,17:00:00,64.026,64.106,63.957,64.017,24830,0
2014-03-19,18:00:00,64.076,64.175,64.066,64.175,19537,0
2014-03-19,19:00:00,64.175,64.264,64.145,64.204,31842,0
2014-03-19,20:00:00,64.214,64.214,63.7,63.769,80319,0
2014-03-19,21:00:00,63.759,63.848,63.473,63.759,142175,0
2014-03-20,15:00:00,63.611,63.73,63.482,63.532,47593,0
2014-03-20,16:00:00,63.591,64.155,63.522,64.026,84203,0
2014-03-20,17:00:00,63.987,64.145,63.918,64.106,81119,0
2014-03-20,18:00:00,64.125,67.191,64.066,64.155,53439,0
2014-03-20,19:00:00,64.165,64.195,64.096,64.185,38296,0
2014-03-20,20:00:00,64.185,64.234,64.175,64.185,40127,0
2014-03-20,21:00:00,64.185,64.234,64.056,64.125,120625,0
2014-03-21,15:00:00,64.293,64.491,64.284,64.402,44197,0
2014-03-21,16:00:00,64.382,64.56,64.303,64.56,63073,0
2014-03-21,17:00:00,64.541,64.58,64.481,64.56,91417,0
2014-03-21,18:00:00,64.56,64.56,64.471,64.471,39250,0
2014-03-21,19:00:00,64.452,64.57,64.382,64.442,64648,0
2014-03-21,20:00:00,64.442,64.531,64.323,64.531,54654,0
2014-03-21,21:00:00,64.531,64.551,64.422,64.422,241793,0
2014-03-24,15:00:00,64.501,64.758,64.501,64.729,50447,0
2014-03-24,16:00:00,64.738,64.758,64.531,64.6,49190,0
2014-03-24,17:00:00,64.551,64.659,64.422,64.551,56697,0
2014-03-24,18:00:00,64.551,64.57,64.432,64.442,26233,0
2014-03-24,19:00:00,64.432,64.818,64.432,64.818,58671,0
2014-03-24,20:00:00,64.818,64.857,64.679,64.689,75080,0
2014-03-24,21:00:00,64.689,64.916,64.64,64.907,98830,0
2014-03-25,15:00:00,65.223,65.282,65.124,65.154,28433,0
2014-03-25,16:00:00,65.164,65.292,65.055,65.095,59383,0
2014-03-25,17:00:00,65.075,65.213,65.075,65.144,44848,0
2014-03-25,18:00:00,65.134,65.312,65.124,65.302,34800,0
2014-03-25,19:00:00,65.292,65.401,65.223,65.352,43215,0
2014-03-25,20:00:00,65.352,65.46,65.342,65.362,64395,0
2014-03-25,21:00:00,65.371,65.52,65.371,65.401,78792,0
2014-03-26,15:00:00,65.48,65.589,65.332,65.46,28866,0
2014-03-26,16:00:00,65.451,65.658,65.421,65.579,35545,0
2014-03-26,17:00:00,65.559,65.915,65.559,65.915,45358,0
2014-03-26,18:00:00,65.905,65.965,65.797,65.866,37539,0
2014-03-26,19:00:00,65.866,65.905,65.51,65.559,28647,0
2014-03-26,20:00:00,65.54,65.569,65.431,65.47,16461,0
2014-03-26,21:00:00,65.5,65.599,65.391,65.549,90126,0
2014-03-27,15:00:00,65.619,65.846,65.48,65.797,24392,0
2014-03-27,16:00:00,65.777,65.965,65.688,65.787,52892,0
2014-03-27,17:00:00,65.807,65.816,65.54,65.569,33396,0
2014-03-27,18:00:00,65.579,65.658,65.342,65.362,70227,0
2014-03-27,19:00:00,65.322,65.401,65.114,65.213,56987,0
2014-03-27,20:00:00,65.213,65.421,65.213,65.391,44544,0
2014-03-27,21:00:00,65.391,65.629,65.371,65.629,98999,0
2014-03-28,15:00:00,65.856,65.905,65.777,65.856,24252,0
2014-03-28,16:00:00,65.856,66.083,65.856,66.064,38160,0
2014-03-28,17:00:00,66.034,66.074,65.846,65.856,29662,0
2014-03-28,18:00:00,65.876,65.915,65.787,65.826,25537,0
2014-03-28,19:00:00,65.826,65.826,65.688,65.737,33725,0
2014-03-28,20:00:00,65.727,65.757,65.559,65.668,35829,0
2014-03-28,21:00:00,65.668,65.777,65.609,65.718,142399,0
2014-03-31,16:00:00,66.222,66.499,66.202,66.449,41399,0
2014-03-31,17:00:00,66.469,66.578,66.4,66.4,46912,0
2014-03-31,18:00:00,66.36,66.44,66.261,66.261,31175,0
2014-03-31,19:00:00,66.271,66.479,66.261,66.479,28354,0
2014-03-31,20:00:00,66.469,66.489,66.341,66.341,29283,0
2014-03-31,21:00:00,66.341,66.43,66.321,66.39,42951,0
2014-03-31,22:00:00,66.38,66.43,66.212,66.271,74899,0
2014-04-01,16:00:00,66.38,66.578,66.261,66.509,21403,0
2014-04-01,17:00:00,66.499,66.538,66.38,66.479,40168,0
2014-04-01,18:00:00,66.41,66.519,66.4,66.519,34044,0
2014-04-01,19:00:00,66.529,66.637,66.499,66.538,34155,0
2014-04-01,20:00:00,66.519,66.558,66.489,66.489,23086,0
2014-04-01,21:00:00,66.489,66.489,66.311,66.43,57170,0
2014-04-01,22:00:00,66.41,66.538,66.291,66.331,163889,0
2014-04-02,16:00:00,66.519,66.558,66.212,66.261,28235,0
2014-04-02,17:00:00,66.261,66.311,66.113,66.202,38135,0
2014-04-02,18:00:00,66.212,66.242,66.163,66.212,23775,0
2014-04-02,19:00:00,66.222,66.271,66.182,66.232,18292,0
2014-04-02,20:00:00,66.232,66.232,66.123,66.182,29046,0
2014-04-02,21:00:00,66.182,66.252,66.163,66.212,82572,0
2014-04-02,22:00:00,66.202,66.459,66.172,66.38,179361,0
2014-04-03,16:00:00,66.459,66.499,66.281,66.4,37952,0
2014-04-03,17:00:00,66.38,66.4,66.024,66.034,42012,0
2014-04-03,18:00:00,66.074,66.093,65.925,66.034,31754,0
2014-04-03,19:00:00,66.034,66.103,65.866,65.945,28662,0
2014-04-03,20:00:00,65.935,66.222,65.935,66.163,36389,0
2014-04-03,21:00:00,66.143,66.242,66.083,66.133,23307,0
2014-04-03,22:00:00,66.133,66.281,66.093,66.163,125706,0
2014-04-04,16:00:00,66.608,66.697,66.499,66.657,32675,0
2014-04-04,17:00:00,66.657,66.835,66.578,66.776,31737,0
2014-04-04,18:00:00,66.786,66.825,66.697,66.746,29790,0
2014-04-04,19:00:00,66.726,66.766,66.618,66.756,39485,0
2014-04-04,20:00:00,66.736,66.746,66.588,66.637,53564,0
2014-04-04,21:00:00,66.637,66.697,66.519,66.548,41136,0
2014-04-04,22:00:00,66.538,66.796,66.538,66.776,96364,0
2014-04-07,16:00:00,66.578,67.122,66.578,67.102,38146,0
2014-04-07,17:00:00,67.112,67.29,66.993,67.201,131091,0
2014-04-07,18:00:00,67.191,67.241,66.835,67.013,45419,0
2014-04-07,19:00:00,67.023,67.241,67.023,67.231,76148,0
2014-04-07,20:00:00,67.231,67.29,67.112,67.241,68483,0
2014-04-07,21:00:00,67.231,67.349,67.181,67.32,84868,0
2014-04-07,22:00:00,67.32,67.369,67.142,67.152,164266,0
2014-04-08,16:00:00,67.399,67.438,67.102,67.191,35942,0
2014-04-08,17:00:00,67.171,67.607,67.171,67.607,79111,0
2014-04-08,18:00:00,67.607,68.012,67.607,67.883,109204,0
2014-04-08,19:00:00,67.864,67.943,67.844,67.913,59253,0
2014-04-08,20:00:00,67.923,68.081,67.864,67.953,78062,0
2014-04-08,21:00:00,67.943,68.032,67.864,67.913,81058,0
2014-04-08,22:00:00,67.913,68.042,67.874,67.972,139352,0
2014-04-09,16:00:00,67.785,68.16,67.745,68.081,44434,0
2014-04-09,17:00:00,68.061,68.477,68.061,68.328,113365,0
2014-04-09,18:00:00,68.269,68.447,68.2,68.279,53279,0
2014-04-09,19:00:00,68.269,68.586,68.259,68.506,62286,0
2014-04-09,20:00:00,68.526,68.595,68.427,68.437,39827,0
2014-04-09,21:00:00,68.437,68.724,68.437,68.615,43425,0
2014-04-09,22:00:00,68.595,68.615,68.477,68.526,93975,0
2014-04-10,16:00:00,68.338,68.388,67.963,68.052,28891,0
2014-04-10,17:00:00,68.071,68.259,67.943,68.131,66426,0
2014-04-10,18:00:00,68.101,68.16,67.953,67.953,74981,0
2014-04-10,19:00:00,67.953,68.012,67.775,67.775,54564,0
2014-04-10,20:00:00,67.804,67.913,67.755,67.913,75246,0
2014-04-10,21:00:00,67.893,67.903,67.666,67.745,57494,0
2014-04-10,22:00:00,67.735,67.883,67.626,67.765,156199,0
2014-04-11,16:00:00,67.428,67.715,67.339,67.656,71293,0
2014-04-11,17:00:00,67.656,67.804,67.31,67.755,60591,0
2014-04-11,18:00:00,67.745,67.775,67.379,67.379,27646,0
2014-04-11,19:00:00,67.448,67.577,67.419,67.448,26536,0
2014-04-11,20:00:00,67.478,67.498,67.3,67.498,38572,0
2014-04-11,21:00:00,67.498,67.557,67.399,67.557,43694,0
2014-04-11,22:00:00,67.557,67.715,67.527,67.607,118155,0
2014-04-14,16:00:00,67.972,68.022,67.448,67.587,56662,0
2014-04-14,17:00:00,67.567,68.042,67.537,67.963,47228,0
2014-04-14,18:00:00,67.963,67.992,67.745,67.824,46956,0
2014-04-14,19:00:00,67.814,67.963,67.814,67.963,22556,0
2014-04-14,20:00:00,67.923,67.943,67.874,67.913,28825,0
2014-04-14,21:00:00,67.903,67.953,67.844,67.913,30384,0
2014-04-14,22:00:00,67.923,67.943,67.804,67.883,118498,0
2014-04-15,16:00:00,67.587,67.943,67.458,67.874,29525,0
2014-04-15,17:00:00,67.913,68.081,67.785,68.022,40059,0
2014-04-15,18:00:00,67.982,67.982,67.666,67.715,43773,0
2014-04-15,19:00:00,67.696,67.785,67.656,67.745,35175,0
2014-04-15,20:00:00,67.735,67.913,67.696,67.913,52390,0
2014-04-15,21:00:00,67.943,68.131,67.854,68.042,61990,0
2014-04-15,22:00:00,68.022,68.141,67.913,67.963,119134,0
2014-04-16,16:00:00,68.111,68.23,67.992,68.131,24569,0
2014-04-16,17:00:00,68.081,68.23,67.765,67.883,130657,0
2014-04-16,18:00:00,67.923,68.091,67.874,67.923,37407,0
2014-04-16,19:00:00,67.943,68.022,67.913,68.012,34204,0
2014-04-16,20:00:00,68.022,68.2,68.002,68.18,48493,0
2014-04-16,21:00:00,68.19,68.2,68.071,68.17,39695,0
2014-04-16,22:00:00,68.16,68.368,68.141,68.289,130554,0
2014-04-17,16:00:00,68.417,68.516,68.338,68.427,12399,0
2014-04-17,17:00:00,68.398,68.417,68.269,68.348,24849,0
2014-04-17,18:00:00,68.348,68.388,68.259,68.289,21710,0
2014-04-17,19:00:00,68.309,68.338,68.249,68.279,28101,0
2014-04-17,20:00:00,68.299,68.398,68.299,68.388,33021,0
2014-04-17,21:00:00,68.388,68.388,68.23,68.269,61537,0
2014-04-17,22:00:00,68.289,68.497,68.289,68.467,59511,0
2014-04-21,16:00:00,68.378,68.566,68.279,68.566,43745,0
2014-04-21,17:00:00,68.556,68.823,68.536,68.823,83550,0
2014-04-21,18:00:00,68.793,68.793,68.635,68.684,38413,0
2014-04-21,19:00:00,68.675,68.694,68.615,68.675,16949,0
2014-04-21,20:00:00,68.655,68.754,68.586,68.605,24067,0
2014-04-21,21:00:00,68.595,68.605,68.516,68.576,35250,0
2014-04-21,22:00:00,68.566,68.566,68.447,68.497,61138,0
2014-04-22,16:00:00,68.734,68.823,68.259,68.516,33362,0
2014-04-22,17:00:00,68.497,68.615,68.16,68.239,48726,0
2014-04-22,18:00:00,68.259,68.506,68.22,68.388,37553,0
2014-04-22,19:00:00,68.378,68.417,68.309,68.338,29848,0
2014-04-22,20:00:00,68.358,68.457,68.269,68.388,20957,0
2014-04-22,21:00:00,68.378,68.388,68.249,68.249,34018,0
2014-04-22,22:00:00,68.249,68.388,68.23,68.368,73578,0
2014-04-23,16:00:00,68.309,68.328,67.963,67.982,33353,0
2014-04-23,17:00:00,67.963,68.269,67.923,68.15,52999,0
2014-04-23,18:00:00,68.19,68.477,68.19,68.388,51892,0
2014-04-23,19:00:00,68.378,68.467,68.319,68.447,25744,0
2014-04-23,20:00:00,68.447,68.457,68.348,68.348,21616,0
2014-04-23,21:00:00,68.358,68.427,68.328,68.417,29906,0
2014-04-23,22:00:00,68.408,68.417,68.21,68.269,119195,0
2014-04-24,16:00:00,68.388,68.506,68.249,68.269,21308,0
2014-04-24,17:00:00,68.259,68.299,68.16,68.289,41243,0
2014-04-24,18:00:00,68.289,68.378,68.2,68.23,35621,0
2014-04-24,19:00:00,68.23,68.239,68.141,68.16,39363,0
2014-04-24,20:00:00,68.17,68.18,68.061,68.081,37233,0
2014-04-24,21:00:00,68.101,68.15,68.042,68.121,33998,0
2014-04-24,22:00:00,68.111,68.22,68.091,68.16,71115,0
2014-04-25,16:00:00,68.15,68.22,68.081,68.121,16772,0
2014-04-25,17:00:00,68.101,68.17,67.844,67.844,33865,0
2014-04-25,18:00:00,67.844,67.883,67.735,67.864,38813,0
2014-04-25,19:00:00,67.854,67.883,67.765,67.874,24905,0
2014-04-25,20:00:00,67.854,67.883,67.735,67.814,79087,0
2014-04-25,21:00:00,67.814,67.844,67.735,67.814,53059,0
2014-04-25,22:00:00,67.814,67.972,67.775,67.923,66249,0
2014-04-28,16:00:00,68.17,68.239,67.903,68.012,38803,0
2014-04-28,17:00:00,68.032,68.249,67.992,68.131,64106,0
2014-04-28,18:00:00,68.131,68.17,68.002,68.002,50013,0
2014-04-28,19:00:00,68.002,68.002,67.903,67.963,41547,0
2014-04-28,20:00:00,67.953,67.963,67.735,67.864,57022,0
2014-04-28,21:00:00,67.864,68.042,67.844,68.022,46963,0
2014-04-28,22:00:00,68.052,68.23,68.012,68.19,146896,0
2014-04-29,16:00:00,68.4,68.6,68.37,68.54,75301,0
2014-04-29,17:00:00,68.54,68.59,68.42,68.44,87115,0
2014-04-29,18:00:00,68.44,68.51,68.39,68.42,43478,0
2014-04-29,19:00:00,68.42,68.53,68.39,68.49,47155,0
2014-04-29,20:00:00,68.49,68.57,68.46,68.57,66176,0
2014-04-29,21:00:00,68.55,68.63,68.54,68.63,35067,0
2014-04-29,22:00:00,68.62,68.65,68.52,68.61,119807,0
2014-04-30,16:00:00,68.49,68.79,68.41,68.42,38937,0
2014-04-30,17:00:00,68.42,68.69,68.42,68.63,90833,0
2014-04-30,18:00:00,68.66,68.95,68.66,68.87,51603,0
2014-04-30,19:00:00,68.85,68.96,68.8,68.95,31300,0
2014-04-30,20:00:00,68.93,68.93,68.82,68.86,25001,0
2014-04-30,21:00:00,68.81,69.19,68.81,69.15,51078,0
2014-04-30,22:00:00,69.13,69.17,68.94,68.94,113176,0
2014-05-01,16:00:00,68.91,69.01,68.63,68.69,26862,0
2014-05-01,17:00:00,68.7,68.73,68.59,68.63,39968,0
2014-05-01,18:00:00,68.68,68.78,68.61,68.76,35192,0
2014-05-01,19:00:00,68.76,68.82,68.69,68.73,23691,0
2014-05-01,20:00:00,68.71,68.71,68.54,68.64,36146,0
2014-05-01,21:00:00,68.66,68.76,68.66,68.72,49179,0
2014-05-01,22:00:00,68.72,68.75,68.49,68.72,125099,0
2014-05-02,16:00:00,68.46,68.78,68.36,68.7,32880,0
2014-05-02,17:00:00,68.67,68.96,68.66,68.83,62873,0
2014-05-02,18:00:00,68.81,68.87,68.72,68.82,34371,0
2014-05-02,19:00:00,68.82,68.84,68.78,68.83,15951,0
2014-05-02,20:00:00,68.83,68.87,68.7,68.71,37347,0
2014-05-02,21:00:00,68.71,68.83,68.7,68.82,20607,0
2014-05-02,22:00:00,68.82,68.82,68.68,68.71,72740,0
2014-05-05,16:00:00,68.55,68.59,68.37,68.5,22018,0
2014-05-05,17:00:00,68.5,68.63,68.35,68.48,44310,0
2014-05-05,18:00:00,68.52,68.64,68.46,68.55,24772,0
2014-05-05,19:00:00,68.52,68.52,68.45,68.46,26730,0
2014-05-05,20:00:00,68.46,68.51,68.39,68.41,43589,0
2014-05-05,21:00:00,68.39,68.6,68.38,68.57,42241,0
2014-05-05,22:00:00,68.57,68.73,68.55,68.71,65298,0
2014-05-06,16:00:00,68.99,68.99,68.67,68.69,22928,0
2014-05-06,17:00:00,68.68,68.9,68.68,68.81,45936,0
2014-05-06,18:00:00,68.8,68.83,68.63,68.8,36474,0
2014-05-06,19:00:00,68.8,68.85,68.73,68.78,16576,0
2014-05-06,20:00:00,68.77,68.8,68.72,68.78,23195,0
2014-05-06,21:00:00,68.77,68.83,68.71,68.81,21367,0
2014-05-06,22:00:00,68.8,68.95,68.8,68.92,84316,0
2014-05-07,16:00:00,68.83,68.92,68.75,68.83,18905,0
2014-05-07,17:00:00,68.85,68.88,68.6,68.71,33941,0
2014-05-07,18:00:00,68.74,68.86,68.66,68.84,19746,0
2014-05-07,19:00:00,68.86,68.98,68.82,68.92,32758,0
2014-05-07,20:00:00,68.91,69.09,68.91,68.93,38864,0
2014-05-07,21:00:00,68.93,68.95,68.83,68.83,33134,0
2014-05-07,22:00:00,68.83,69.01,68.81,68.9,67273,0
