Date,Time,Open,High,Low,Close,Volume,OpenInt
2014-02-10,16:00:00,64.16,64.17,64.05,64.14,9750,0
2014-02-10,17:00:00,64.07,64.26,64.06,64.11,11460,0
2014-02-10,18:00:00,64.11,64.4,64.11,64.35,6300,0
2014-02-10,19:00:00,64.36,64.36,64.23,64.32,4275,0
2014-02-10,20:00:00,64.32,64.45,64.3,64.43,13305,0
2014-02-10,21:00:00,64.41,64.5,64.41,64.46,18961,0
2014-02-10,22:00:00,64.5,64.5,64.4,64.48,25002,0
2014-02-11,16:00:00,64.54,64.73,64.54,64.73,11946,0
2014-02-11,17:00:00,64.78,65.02,64.77,65.01,10045,0
2014-02-11,18:00:00,65.02,65.3,64.93,65.15,16848,0
2014-02-11,19:00:00,65.05,65.21,64.99,65.21,16391,0
2014-02-11,20:00:00,65.23,65.26,65.15,65.25,8098,0
2014-02-11,21:00:00,65.21,65.31,65.21,65.29,11890,0
2014-02-11,22:00:00,65.31,65.33,65.18,65.19,18219,0
2014-02-12,16:00:00,65.49,65.7,65.46,65.68,16954,0
2014-02-12,17:00:00,65.67,65.69,65.46,65.57,32066,0
2014-02-12,18:00:00,65.6,65.75,65.54,65.57,16864,0
2014-02-12,19:00:00,65.66,65.75,65.57,65.71,8050,0
2014-02-12,20:00:00,65.65,65.82,65.65,65.77,8421,0
2014-02-12,21:00:00,65.77,65.82,65.77,65.81,6635,0
2014-02-12,22:00:00,65.81,65.88,65.79,65.88,11408,0
2014-02-13,16:00:00,65.19,65.39,65.19,65.36,35230,0
2014-02-13,17:00:00,65.36,65.85,65.36,65.83,18032,0
2014-02-13,18:00:00,65.82,66.04,65.8,66.03,8287,0
2014-02-13,19:00:00,66.03,66.1,65.99,66.04,5891,0
2014-02-13,20:00:00,66.09,66.14,66.09,66.13,3336,0
2014-02-13,21:00:00,66.16,66.24,66.15,66.24,8942,0
2014-02-13,22:00:00,66.23,66.26,66.15,66.19,30303,0
2014-02-14,16:00:00,66.3,66.43,66.27,66.42,7168,0
2014-02-14,17:00:00,66.49,66.63,66.4,66.52,11803,0
2014-02-14,18:00:00,66.48,66.48,66.25,66.35,7680,0
2014-02-14,19:00:00,66.38,66.43,66.36,66.4,6884,0
2014-02-14,20:00:00,66.41,66.45,66.35,66.38,14036,0
2014-02-14,21:00:00,66.36,66.51,66.36,66.45,20569,0
2014-02-14,22:00:00,66.43,66.49,66.38,66.44,8983,0
2014-02-18,16:00:00,68.99,69.16,68.91,69.04,25223,0
2014-02-18,17:00:00,68.99,69.19,68.85,69.19,13479,0
2014-02-18,18:00:00,69.19,69.92,69.16,69.67,33891,0
2014-02-18,19:00:00,69.7,69.8,69.7,69.8,11713,0
2014-02-18,20:00:00,69.76,69.79,69.71,69.71,16521,0
2014-02-18,21:00:00,69.72,69.75,69.69,69.72,21873,0
2014-02-18,22:00:00,69.73,69.85,69.72,69.75,20847,0
2014-02-19,16:00:00,68.77,68.9,68.76,68.9,10828,0
2014-02-19,17:00:00,68.89,69.12,68.87,68.88,13695,0
2014-02-19,18:00:00,68.89,69.09,68.83,68.89,10243,0
2014-02-19,19:00:00,68.84,68.86,68.69,68.77,14589,0
2014-02-19,20:00:00,68.72,68.91,68.72,68.86,6585,0
2014-02-19,21:00:00,68.87,68.87,68.59,68.68,13391,0
2014-02-19,22:00:00,68.7,68.74,68.5,68.59,18574,0
2014-02-20,16:00:00,69.13,69.27,68.98,69.16,9458,0
2014-02-20,17:00:00,69.12,69.26,69.06,69.1,9570,0
2014-02-20,18:00:00,69.1,69.17,69.05,69.13,9366,0
2014-02-20,19:00:00,69.12,69.26,69.11,69.23,3462,0
2014-02-20,20:00:00,69.27,69.27,69.23,69.23,4659,0
2014-02-20,21:00:00,69.25,69.32,69.23,69.32,4649,0
2014-02-20,22:00:00,69.29,69.33,69.22,69.22,12818,0
2014-02-21,16:00:00,69.07,69.25,69,69.24,13977,0
2014-02-21,17:00:00,69.25,69.28,68.98,69.07,10745,0
2014-02-21,18:00:00,68.99,68.99,68.58,68.66,13093,0
2014-02-21,19:00:00,68.63,68.64,68.5,68.58,6151,0
2014-02-21,20:00:00,68.63,68.67,68.55,68.64,5206,0
2014-02-21,21:00:00,68.58,68.61,68.54,68.59,5636,0
2014-02-21,22:00:00,68.63,68.65,68.52,68.52,10073,0
2014-02-24,16:00:00,68.51,68.57,68.31,68.56,7428,0
2014-02-24,17:00:00,68.5,68.78,68.47,68.72,8459,0
2014-02-24,18:00:00,68.71,68.9,68.65,68.9,12086,0
2014-02-24,19:00:00,68.95,68.95,68.94,68.94,1050,0
2014-02-24,20:00:00,68.95,69.05,68.91,68.97,24452,0
2014-02-24,21:00:00,68.98,69.05,68.95,69.02,6963,0
2014-02-24,22:00:00,68.97,68.99,68.83,68.83,20258,0
2014-02-25,16:00:00,69.4,69.45,69.27,69.27,18657,0
2014-02-25,17:00:00,69.27,69.3,69.01,69.23,11440,0
2014-02-25,18:00:00,69.26,69.47,69.13,69.19,11247,0
2014-02-25,19:00:00,69.08,69.25,69.06,69.1,13115,0
2014-02-25,20:00:00,69.18,69.18,69.02,69.03,5890,0
2014-02-25,21:00:00,68.98,69.04,68.98,69.04,8735,0
2014-02-25,22:00:00,69.02,69.04,68.95,69.04,16354,0
2014-02-26,16:00:00,68.64,68.67,68.21,68.35,7334,0
2014-02-26,17:00:00,68.4,68.56,68.28,68.34,13294,0
2014-02-26,18:00:00,68.34,68.63,68.32,68.47,13517,0
2014-02-26,19:00:00,68.5,68.6,68.44,68.5,2118,0
2014-02-26,20:00:00,68.42,68.49,68.38,68.41,6356,0
2014-02-26,21:00:00,68.44,68.54,68.34,68.41,7925,0
2014-02-26,22:00:00,68.39,68.5,68.35,68.5,8096,0
2014-02-27,16:00:00,68.29,68.5,68.25,68.37,5383,0
2014-02-27,17:00:00,68.46,68.6,68.43,68.49,12644,0
2014-02-27,18:00:00,68.59,68.88,68.56,68.61,9814,0
2014-02-27,19:00:00,68.62,68.66,68.58,68.59,3700,0
2014-02-27,20:00:00,68.58,68.83,68.58,68.8,11286,0
2014-02-27,21:00:00,68.82,68.82,68.72,68.77,3814,0
2014-02-27,22:00:00,68.77,68.89,68.66,68.84,18919,0
2014-02-28,16:00:00,68.92,68.92,68.77,68.84,9754,0
2014-02-28,17:00:00,68.85,68.95,68.8,68.85,10012,0
2014-02-28,18:00:00,68.86,68.89,68.52,68.8,25334,0
2014-02-28,19:00:00,68.75,68.88,68.75,68.81,11993,0
2014-02-28,20:00:00,68.81,68.95,68.81,68.95,176762,0
2014-02-28,21:00:00,68.94,69.01,68.84,68.84,16732,0
2014-02-28,22:00:00,68.79,69,68.62,68.97,75644,0
2014-03-03,16:00:00,67.53,67.57,67.42,67.47,68422,0
2014-03-03,17:00:00,67.43,67.45,67.28,67.38,29880,0
2014-03-03,18:00:00,67.43,67.46,67.26,67.26,9770,0
2014-03-03,19:00:00,67.12,67.17,66.99,66.99,7986,0
2014-03-03,20:00:00,67.04,67.15,67.02,67.14,9510,0
2014-03-03,21:00:00,67.13,67.13,67,67.11,12402,0
2014-03-03,22:00:00,67.11,67.11,66.97,67.08,27463,0
2014-03-04,16:00:00,68.03,68.08,68.01,68.02,7972,0
2014-03-04,17:00:00,68.01,68.09,67.91,68.07,14165,0
2014-03-04,18:00:00,68.05,68.05,67.56,67.75,17912,0
2014-03-04,19:00:00,67.77,67.82,67.7,67.76,4094,0
2014-03-04,20:00:00,67.79,67.84,67.78,67.81,10910,0
2014-03-04,21:00:00,67.8,67.93,67.8,67.93,16035,0
2014-03-04,22:00:00,67.94,67.97,67.89,67.94,21871,0
2014-03-05,16:00:00,67.58,67.68,67.49,67.68,16418,0
2014-03-05,17:00:00,67.78,67.83,67.58,67.69,14036,0
2014-03-05,18:00:00,67.75,67.75,67.27,67.43,22257,0
2014-03-05,19:00:00,67.43,67.43,67.35,67.42,8061,0
2014-03-05,20:00:00,67.46,67.54,67.41,67.53,12397,0
2014-03-05,21:00:00,67.55,67.61,67.49,67.5,11439,0
2014-03-05,22:00:00,67.54,67.55,67.35,67.53,14898,0
2014-03-06,16:00:00,67.48,67.59,67.42,67.55,14043,0
2014-03-06,17:00:00,67.55,67.62,67.48,67.62,18051,0
2014-03-06,18:00:00,67.59,67.81,67.59,67.72,8485,0
2014-03-06,19:00:00,67.73,67.88,67.73,67.87,6028,0
2014-03-06,20:00:00,67.85,67.85,67.73,67.73,3000,0
2014-03-06,21:00:00,67.71,67.78,67.7,67.74,6867,0
2014-03-06,22:00:00,67.72,67.74,67.66,67.72,14644,0
2014-03-07,16:00:00,68.14,68.16,67.78,67.78,8288,0
2014-03-07,17:00:00,67.72,67.85,67.23,67.37,10427,0
2014-03-07,18:00:00,67.39,67.42,67.18,67.3,5384,0
2014-03-07,19:00:00,67.37,67.41,67.31,67.39,3922,0
2014-03-07,20:00:00,67.38,67.4,67.38,67.4,2500,0
2014-03-07,21:00:00,67.41,67.44,67.32,67.38,7156,0
2014-03-07,22:00:00,67.36,67.46,67.33,67.42,11025,0
2014-03-10,15:00:00,66.17,66.35,66.06,66.33,32756,0
2014-03-10,16:00:00,66.32,66.32,66.04,66.24,10010,0
2014-03-10,17:00:00,66.25,66.31,66.11,66.13,19443,0
2014-03-10,18:00:00,66.13,66.34,65.98,66.17,20121,0
2014-03-10,19:00:00,66.17,66.26,66.09,66.19,3133,0
2014-03-10,20:00:00,66.2,66.25,66.14,66.23,8234,0
2014-03-10,21:00:00,66.23,66.34,66.22,66.32,18385,0
2014-03-11,15:00:00,66.52,66.57,66.41,66.48,11677,0
2014-03-11,16:00:00,66.54,66.94,66.49,66.9,8565,0
2014-03-11,17:00:00,66.94,66.99,66.83,66.83,8108,0
2014-03-11,18:00:00,66.75,66.8,66.63,66.69,5270,0
2014-03-11,19:00:00,66.58,66.59,66.53,66.55,4483,0
2014-03-11,20:00:00,66.65,66.65,66.5,66.58,4891,0
2014-03-11,21:00:00,66.45,66.54,66.44,66.51,13424,0
2014-03-12,15:00:00,66.77,66.79,66.69,66.76,11311,0
2014-03-12,16:00:00,66.8,66.98,66.74,66.98,10853,0
2014-03-12,17:00:00,66.98,67.17,66.94,66.99,24897,0
2014-03-12,18:00:00,66.98,67.04,66.87,66.95,3959,0
2014-03-12,19:00:00,67,67,66.91,66.93,4565,0
2014-03-12,20:00:00,66.96,66.98,66.88,66.88,5036,0
2014-03-12,21:00:00,66.88,67.04,66.86,67.02,13697,0
2014-03-13,15:00:00,66.88,66.94,66.78,66.79,7812,0
2014-03-13,16:00:00,66.81,66.81,66.43,66.46,7900,0
2014-03-13,17:00:00,66.49,66.59,66.45,66.55,5472,0
2014-03-13,18:00:00,66.58,66.58,66.25,66.28,3856,0
2014-03-13,19:00:00,66.08,66.17,65.96,66.08,14166,0
2014-03-13,20:00:00,66.02,66.1,65.93,65.95,8544,0
2014-03-13,21:00:00,65.98,65.99,65.85,65.87,13326,0
2014-03-14,15:00:00,63.95,64.13,63.82,64.13,24967,0
2014-03-14,16:00:00,64.18,64.86,64.18,64.41,12364,0
2014-03-14,17:00:00,64.51,64.9,64.46,64.86,7067,0
2014-03-14,18:00:00,64.88,64.88,64.51,64.63,23432,0
2014-03-14,19:00:00,64.73,64.76,64.65,64.71,6144,0
2014-03-14,20:00:00,64.73,64.75,64.67,64.67,13406,0
2014-03-14,21:00:00,64.7,64.76,64.67,64.68,14686,0
2014-03-17,15:00:00,65.24,65.44,65.23,65.38,25895,0
2014-03-17,16:00:00,65.5,65.62,65.49,65.5,5745,0
2014-03-17,17:00:00,65.54,65.58,65.37,65.55,8312,0
2014-03-17,18:00:00,65.58,65.66,65.52,65.54,7755,0
2014-03-17,19:00:00,65.5,65.59,65.42,65.42,4800,0
2014-03-17,20:00:00,65.54,65.55,65.45,65.53,7759,0
2014-03-17,21:00:00,65.51,65.54,65.48,65.51,18792,0
2014-03-18,15:00:00,65.14,65.21,65.01,65.13,15336,0
2014-03-18,16:00:00,65.14,65.37,65.12,65.17,12613,0
2014-03-18,17:00:00,65.15,65.28,65.08,65.16,15278,0
2014-03-18,18:00:00,65.2,65.3,65.1,65.29,7996,0
2014-03-18,19:00:00,65.29,65.48,65.29,65.42,10688,0
2014-03-18,20:00:00,65.42,65.53,65.41,65.52,11176,0
2014-03-18,21:00:00,65.53,66.18,65.47,65.5,46752,0
2014-03-19,15:00:00,65.94,66.05,65.91,66.04,6331,0
2014-03-19,16:00:00,66.07,66.08,65.99,66,9059,0
2014-03-19,17:00:00,65.96,66.1,65.94,66.02,11027,0
2014-03-19,18:00:00,65.99,66.02,65.86,65.91,10148,0
2014-03-19,19:00:00,65.91,65.98,65.86,65.94,6320,0
2014-03-19,20:00:00,65.94,65.94,65.45,65.45,28664,0
2014-03-19,21:00:00,65.51,65.51,65.1,65.44,14056,0
2014-03-20,15:00:00,64.58,64.7,64.57,64.57,8338,0
2014-03-20,16:00:00,64.58,64.75,64.56,64.56,13127,0
2014-03-20,17:00:00,64.54,64.63,64.46,64.52,9480,0
2014-03-20,18:00:00,64.63,64.76,64.6,64.67,7579,0
2014-03-20,19:00:00,64.74,64.74,64.65,64.69,5771,0
2014-03-20,20:00:00,64.73,64.82,64.65,64.79,14444,0
2014-03-20,21:00:00,64.77,64.79,64.7,64.73,14705,0
2014-03-21,15:00:00,64.33,64.35,63.5,64.12,53496,0
2014-03-21,16:00:00,64.1,64.31,63.99,64.31,22145,0
2014-03-21,17:00:00,64.31,64.41,64.23,64.32,11286,0
2014-03-21,18:00:00,64.35,64.37,63.92,64.06,20568,0
2014-03-21,19:00:00,64.07,64.07,63.92,63.93,2856,0
2014-03-21,20:00:00,63.94,63.98,63.79,63.84,9578,0
2014-03-21,21:00:00,63.84,63.84,63.7,63.75,15510,0
2014-03-24,15:00:00,63.32,63.39,63.16,63.37,15130,0
2014-03-24,16:00:00,63.33,63.4,63.02,63.05,42388,0
2014-03-24,17:00:00,63,63.33,62.9,63.2,40898,0
2014-03-24,18:00:00,63.15,63.55,63.09,63.2,9971,0
2014-03-24,19:00:00,63.22,63.42,63.22,63.42,6053,0
2014-03-24,20:00:00,63.49,63.52,63.33,63.36,10280,0
2014-03-24,21:00:00,63.37,63.52,63.3,63.33,16918,0
2014-03-25,15:00:00,63.75,63.82,63.71,63.82,12363,0
2014-03-25,16:00:00,63.8,63.82,63.57,63.59,11776,0
2014-03-25,17:00:00,63.59,63.65,63.37,63.42,21881,0
2014-03-25,18:00:00,63.4,63.6,63.38,63.6,7272,0
2014-03-25,19:00:00,63.61,63.89,63.61,63.8,9665,0
2014-03-25,20:00:00,63.78,63.78,63.72,63.72,6012,0
2014-03-25,21:00:00,63.74,63.8,63.65,63.7,15256,0
2014-03-26,15:00:00,62.77,62.93,62.69,62.77,18692,0
2014-03-26,16:00:00,62.78,62.78,62.41,62.47,25054,0
2014-03-26,17:00:00,62.54,62.75,62.54,62.7,13900,0
2014-03-26,18:00:00,62.67,62.84,62.64,62.78,7453,0
2014-03-26,19:00:00,62.7,62.82,62.56,62.62,8784,0
2014-03-26,20:00:00,62.63,62.67,62.48,62.63,5576,0
2014-03-26,21:00:00,62.59,62.6,62.47,62.51,14088,0
2014-03-27,15:00:00,63.38,63.44,63.22,63.25,15963,0
2014-03-27,16:00:00,63.25,63.52,63.23,63.45,14221,0
2014-03-27,17:00:00,63.51,63.63,63.42,63.42,13686,0
2014-03-27,18:00:00,63.4,63.41,63.19,63.27,14755,0
2014-03-27,19:00:00,63.25,63.27,63.17,63.25,6947,0
2014-03-27,20:00:00,63.25,63.26,63.2,63.22,7098,0
2014-03-27,21:00:00,63.22,63.27,63.18,63.26,16197,0
2014-03-28,15:00:00,62.56,62.67,62.52,62.54,17537,0
2014-03-28,16:00:00,62.52,62.65,62.14,62.65,46615,0
2014-03-28,17:00:00,62.66,62.71,62.24,62.4,43285,0
2014-03-28,18:00:00,62.4,62.61,62.31,62.32,33050,0
2014-03-28,19:00:00,62.32,62.34,62.23,62.27,17001,0
2014-03-28,20:00:00,62.25,62.34,62.21,62.34,16170,0
2014-03-28,21:00:00,62.34,62.39,62.3,62.36,28405,0
2014-03-31,16:00:00,63.28,63.5,63.22,63.49,32399,0
2014-03-31,17:00:00,63.49,63.77,63.42,63.61,24268,0
2014-03-31,18:00:00,63.62,63.67,63.36,63.67,15926,0
2014-03-31,19:00:00,63.68,63.85,63.66,63.83,23218,0
2014-03-31,20:00:00,63.85,63.92,63.79,63.82,31549,0
2014-03-31,21:00:00,63.83,63.87,63.77,63.82,38322,0
2014-03-31,22:00:00,63.82,63.86,63.75,63.85,43624,0
2014-04-01,16:00:00,63.28,63.34,63.16,63.25,10163,0
2014-04-01,17:00:00,63.29,63.43,63.05,63.38,18863,0
2014-04-01,18:00:00,63.36,63.38,63.21,63.31,17141,0
2014-04-01,19:00:00,63.19,63.32,63.14,63.29,5527,0
2014-04-01,20:00:00,63.26,63.38,63.22,63.36,18649,0
2014-04-01,21:00:00,63.35,63.37,63.21,63.26,11277,0
2014-04-01,22:00:00,63.26,63.3,63.21,63.22,21988,0
2014-04-02,16:00:00,63.94,63.96,63.83,63.83,7552,0
2014-04-02,17:00:00,63.89,64.03,63.82,63.9,20647,0
2014-04-02,18:00:00,63.93,63.93,63.76,63.85,8804,0
2014-04-02,19:00:00,63.79,63.95,63.79,63.84,3000,0
2014-04-02,20:00:00,63.92,63.97,63.83,63.91,5755,0
2014-04-02,21:00:00,63.92,63.93,63.85,63.93,12122,0
2014-04-02,22:00:00,63.94,64.22,63.89,64.21,38115,0
2014-04-03,16:00:00,63.58,63.67,63.53,63.56,6290,0
2014-04-03,17:00:00,63.58,63.59,63.32,63.47,15982,0
2014-04-03,18:00:00,63.49,63.49,63.36,63.4,5259,0
2014-04-03,19:00:00,63.37,63.46,63.32,63.39,5019,0
2014-04-03,20:00:00,63.34,63.47,63.34,63.41,12062,0
2014-04-03,21:00:00,63.36,63.43,63.29,63.35,7526,0
2014-04-03,22:00:00,63.38,63.52,63.34,63.49,13276,0
2014-04-04,16:00:00,63.51,63.52,63.22,63.22,19063,0
2014-04-04,17:00:00,63.16,63.53,63.16,63.3,24320,0
2014-04-04,18:00:00,63.33,63.42,63.23,63.27,18896,0
2014-04-04,19:00:00,63.27,63.27,63.11,63.14,7677,0
2014-04-04,20:00:00,63.14,63.2,63.04,63.11,7352,0
2014-04-04,21:00:00,63.08,63.08,62.92,62.95,19133,0
2014-04-04,22:00:00,62.95,63.03,62.91,62.92,13597,0
2014-04-07,16:00:00,62.91,62.95,62.72,62.8,5533,0
2014-04-07,17:00:00,62.81,62.86,62.32,62.32,12918,0
2014-04-07,18:00:00,62.36,62.51,62.33,62.33,8940,0
2014-04-07,19:00:00,62.33,62.36,62.21,62.24,13134,0
2014-04-07,20:00:00,62.3,62.31,62.16,62.17,7116,0
2014-04-07,21:00:00,62.13,62.16,62.05,62.16,18232,0
2014-04-07,22:00:00,62.19,62.24,62.11,62.14,15285,0
2014-04-08,16:00:00,60.58,60.65,60.46,60.61,36195,0
2014-04-08,17:00:00,60.62,60.79,60.19,60.23,25345,0
2014-04-08,18:00:00,60.3,60.75,60.28,60.67,25853,0
2014-04-08,19:00:00,60.73,60.81,60.73,60.75,6732,0
2014-04-08,20:00:00,60.76,60.85,60.73,60.84,5884,0
2014-04-08,21:00:00,60.84,60.84,60.67,60.71,14126,0
2014-04-08,22:00:00,60.73,60.8,60.68,60.79,29980,0
2014-04-09,16:00:00,61.32,61.32,60.99,61.06,49567,0
2014-04-09,17:00:00,61.08,61.19,61.05,61.15,14608,0
2014-04-09,18:00:00,61.12,61.13,60.95,61.03,23845,0
2014-04-09,19:00:00,61.04,61.08,61,61.02,12254,0
2014-04-09,20:00:00,61.03,61.08,60.98,60.98,7088,0
2014-04-09,21:00:00,61,61.42,61,61.38,14570,0
2014-04-09,22:00:00,61.38,61.56,61.38,61.56,40617,0
2014-04-10,16:00:00,61.34,61.35,61.1,61.1,17400,0
2014-04-10,17:00:00,61.1,61.2,60.81,60.81,14875,0
2014-04-10,18:00:00,60.74,60.74,60.34,60.54,19836,0
2014-04-10,19:00:00,60.58,60.6,60.33,60.45,10056,0
2014-04-10,20:00:00,60.33,60.42,60.19,60.31,6491,0
2014-04-10,21:00:00,60.31,60.38,60.16,60.16,8630,0
2014-04-10,22:00:00,60.05,60.12,60,60,19325,0
2014-04-11,16:00:00,59.87,59.96,59.74,59.76,36424,0
2014-04-11,17:00:00,59.77,60.06,59.48,60.06,21823,0
2014-04-11,18:00:00,60.02,60.15,59.99,60.02,9207,0
2014-04-11,19:00:00,60.04,60.09,60.01,60.08,7075,0
2014-04-11,20:00:00,60.07,60.07,59.99,60.05,2800,0
2014-04-11,21:00:00,59.96,60.04,59.73,59.81,13036,0
2014-04-11,22:00:00,59.79,59.85,59.67,59.68,19444,0
2014-04-14,16:00:00,59.42,59.48,59.34,59.34,6158,0
2014-04-14,17:00:00,59.45,59.85,59.41,59.85,12602,0
2014-04-14,18:00:00,59.89,59.89,59.63,59.75,12702,0
2014-04-14,19:00:00,59.75,59.8,59.75,59.77,4789,0
2014-04-14,20:00:00,59.77,59.77,59.66,59.66,20282,0
2014-04-14,21:00:00,59.64,59.69,59.57,59.57,8697,0
2014-04-14,22:00:00,59.51,59.71,59.45,59.7,21186,0
2014-04-15,16:00:00,60.22,60.42,60.21,60.21,9664,0
2014-04-15,17:00:00,60.19,60.2,59.95,60,16057,0
2014-04-15,18:00:00,59.99,60.05,59.85,59.96,13507,0
2014-04-15,19:00:00,59.8,59.83,59.7,59.7,6972,0
2014-04-15,20:00:00,59.7,59.96,59.7,59.96,9233,0
2014-04-15,21:00:00,60.03,60.2,60,60.15,8991,0
2014-04-15,22:00:00,60.16,60.33,60.06,60.28,16156,0
2014-04-16,16:00:00,60.86,60.89,60.58,60.64,7310,0
2014-04-16,17:00:00,60.65,60.85,60.65,60.7,5443,0
2014-04-16,18:00:00,60.61,61.11,60.61,60.96,6057,0
2014-04-16,19:00:00,61.06,61.06,60.87,60.88,3605,0
2014-04-16,20:00:00,60.86,60.95,60.82,60.87,7064,0
2014-04-16,21:00:00,60.86,60.94,60.86,60.94,6567,0
2014-04-16,22:00:00,60.98,61.09,60.95,61.09,8636,0
2014-04-17,16:00:00,61.8,61.97,61.78,61.97,29792,0
2014-04-17,17:00:00,62.05,62.15,61.85,62.1,21049,0
2014-04-17,18:00:00,62.06,62.25,62.05,62.2,14800,0
2014-04-17,19:00:00,62.14,62.16,62.06,62.15,8300,0
2014-04-17,20:00:00,62.18,62.36,62.18,62.29,6101,0
2014-04-17,21:00:00,62.34,62.36,62.27,62.29,9449,0
2014-04-17,22:00:00,62.3,62.38,62.27,62.29,10528,0
2014-04-21,16:00:00,62.17,62.27,61.96,62.2,18492,0
2014-04-21,17:00:00,62.21,62.24,62.09,62.14,24763,0
2014-04-21,18:00:00,62.13,62.24,62.13,62.18,28286,0
2014-04-21,19:00:00,62.19,62.25,62.18,62.22,5599,0
2014-04-21,20:00:00,62.21,62.22,62.15,62.2,17665,0
2014-04-21,21:00:00,62.2,62.3,62.17,62.28,19324,0
2014-04-21,22:00:00,62.28,62.35,62.28,62.34,11248,0
2014-04-22,16:00:00,62.76,62.8,62.69,62.8,6800,0
2014-04-22,17:00:00,62.74,62.74,62.56,62.64,9444,0
2014-04-22,18:00:00,62.67,62.68,62.47,62.5,5400,0
2014-04-22,19:00:00,62.55,62.59,62.5,62.52,3070,0
2014-04-22,20:00:00,62.58,62.58,62.45,62.46,15056,0
2014-04-22,21:00:00,62.44,62.49,62.36,62.45,37428,0
2014-04-22,22:00:00,62.44,62.45,62.36,62.45,47619,0
2014-04-23,16:00:00,62.34,62.34,62.19,62.32,10045,0
2014-04-23,17:00:00,62.27,62.49,62.27,62.48,6864,0
2014-04-23,18:00:00,62.49,62.53,62.42,62.52,4363,0
2014-04-23,19:00:00,62.5,62.52,62.47,62.52,6396,0
2014-04-23,20:00:00,62.53,62.55,62.5,62.5,5045,0
2014-04-23,21:00:00,62.42,62.5,62.42,62.5,4060,0
2014-04-23,22:00:00,62.48,62.57,62.48,62.51,10175,0
2014-04-24,16:00:00,62.21,62.23,61.88,62.05,7345,0
2014-04-24,17:00:00,62.1,62.37,62.06,62.37,5100,0
2014-04-24,18:00:00,62.4,62.61,62.4,62.59,5681,0
2014-04-24,19:00:00,62.58,62.59,62.55,62.57,7636,0
2014-04-24,20:00:00,62.57,62.58,62.48,62.5,5834,0
2014-04-24,21:00:00,62.46,62.51,62.41,62.41,8103,0
2014-04-24,22:00:00,62.44,62.48,62.41,62.48,16376,0
2014-04-25,16:00:00,63,63.11,62.89,62.9,28857,0
2014-04-25,17:00:00,62.87,62.92,62.76,62.85,13908,0
2014-04-25,18:00:00,62.82,62.82,62.54,62.73,17905,0
2014-04-25,19:00:00,62.67,62.76,62.66,62.7,8503,0
2014-04-25,20:00:00,62.68,62.69,62.66,62.66,13052,0
2014-04-25,21:00:00,62.66,62.74,62.6,62.7,22243,0
2014-04-25,22:00:00,62.72,62.81,62.7,62.8,19594,0
2014-04-28,16:00:00,62.69,62.75,62.56,62.61,15906,0
2014-04-28,17:00:00,62.71,62.85,62.61,62.61,7225,0
2014-04-28,18:00:00,62.62,62.63,62.45,62.53,11572,0
2014-04-28,19:00:00,62.52,62.54,62.47,62.54,6600,0
2014-04-28,20:00:00,62.46,62.46,62.37,62.42,9555,0
2014-04-28,21:00:00,62.39,62.59,62.38,62.56,8538,0
2014-04-28,22:00:00,62.56,62.72,62.56,62.68,17783,0
2014-04-29,16:00:00,62.77,62.96,62.77,62.89,8907,0
2014-04-29,17:00:00,62.9,63.07,62.89,63.07,3803,0
2014-04-29,18:00:00,63.08,63.12,62.98,63.08,6048,0
2014-04-29,19:00:00,63.12,63.16,63.09,63.12,3156,0
2014-04-29,20:00:00,63.15,63.15,63.09,63.11,3550,0
2014-04-29,21:00:00,63.14,63.16,63.12,63.15,5873,0
2014-04-29,22:00:00,63.15,63.16,62.99,63.07,14829,0
2014-04-30,16:00:00,62.41,62.61,62.39,62.44,17182,0
2014-04-30,17:00:00,62.42,62.47,62.26,62.35,25714,0
2014-04-30,18:00:00,62.34,62.55,62.33,62.5,33551,0
2014-04-30,19:00:00,62.52,62.54,62.46,62.46,5037,0
2014-04-30,20:00:00,62.46,62.46,62.42,62.43,8000,0
2014-04-30,21:00:00,62.42,62.64,62.38,62.64,16200,0
2014-04-30,22:00:00,62.64,62.68,62.53,62.67,39966,0
2014-05-01,16:00:00,63.43,63.49,63.4,63.43,14124,0
2014-05-01,17:00:00,63.48,63.87,63.47,63.79,24123,0
2014-05-01,18:00:00,63.79,63.96,63.79,63.94,10878,0
2014-05-01,19:00:00,63.95,63.95,63.84,63.87,3941,0
2014-05-01,20:00:00,63.88,63.88,63.77,63.82,1570,0
2014-05-01,21:00:00,63.83,63.91,63.75,63.83,9522,0
2014-05-01,22:00:00,63.83,63.92,63.78,63.92,21703,0
2014-05-02,16:00:00,63.76,63.87,63.69,63.76,7300,0
2014-05-02,17:00:00,63.77,63.9,63.74,63.79,4600,0
2014-05-02,18:00:00,63.74,63.86,63.7,63.77,4020,0
2014-05-02,19:00:00,63.74,63.79,63.69,63.79,5605,0
2014-05-02,20:00:00,63.78,63.78,63.69,63.69,4489,0
2014-05-02,21:00:00,63.7,63.78,63.69,63.75,6868,0
2014-05-02,22:00:00,63.78,63.85,63.75,63.8,18194,0
2014-05-05,16:00:00,63.51,63.51,63.44,63.51,3210,0
2014-05-05,17:00:00,63.63,63.85,63.63,63.85,6713,0
2014-05-05,18:00:00,63.85,63.91,63.81,63.81,4706,0
2014-05-05,19:00:00,63.88,63.91,63.85,63.89,1800,0
2014-05-05,20:00:00,63.87,63.89,63.82,63.88,2789,0
2014-05-05,21:00:00,63.91,63.91,63.82,63.9,3918,0
2014-05-05,22:00:00,63.91,63.95,63.72,63.94,16624,0
2014-05-06,16:00:00,64.07,64.21,63.99,64.16,8074,0
2014-05-06,17:00:00,64.04,64.22,64.04,64.22,6220,0
2014-05-06,18:00:00,64.21,64.35,64.17,64.34,18640,0
2014-05-06,19:00:00,64.25,64.35,64.25,64.31,2758,0
2014-05-06,20:00:00,64.28,64.35,64.2,64.27,5143,0
2014-05-06,21:00:00,64.23,64.35,64.18,64.3,11293,0
2014-05-06,22:00:00,64.28,64.36,64.22,64.22,14360,0
2014-05-07,16:00:00,63.94,64.01,63.83,63.84,7404,0
2014-05-07,17:00:00,63.92,63.98,63.59,63.81,8597,0
2014-05-07,18:00:00,63.75,64.11,63.75,64.06,9019,0
2014-05-07,19:00:00,64,64.08,64,64.02,2700,0
2014-05-07,20:00:00,64,64.09,64,64.05,3394,0
2014-05-07,21:00:00,64.05,64.09,64.01,64.05,5350,0
2014-05-07,22:00:00,64.05,64.11,64.01,64.08,15255,0
