Date,Time,Open,High,Low,Close,Volume,OpenInt
2014-02-10,16:00:00,21.9136,22.0123,21.9136,21.9432,9824,0
2014-02-10,17:00:00,21.9333,21.9333,21.8543,21.884,5339,0
2014-02-10,18:00:00,21.8741,21.8938,21.8444,21.8938,7215,0
2014-02-10,19:00:00,21.8741,21.9037,21.8741,21.9037,4567,0
2014-02-10,20:00:00,21.9136,21.9235,21.884,21.9136,3413,0
2014-02-10,21:00:00,21.9136,22.0222,21.8938,22.0025,12305,0
2014-02-10,22:00:00,22.0025,22.0913,21.9926,22.0815,18371,0
2014-02-11,16:00:00,22.0815,22.1012,22.0815,22.0815,2728,0
2014-02-11,17:00:00,22.0815,22.1012,22.0716,22.0716,3028,0
2014-02-11,18:00:00,22.0815,22.1308,22.0617,22.1308,2545,0
2014-02-11,19:00:00,22.1308,22.1802,22.1308,22.1802,5745,0
2014-02-11,20:00:00,22.1901,22.2493,22.1703,22.2395,14450,0
2014-02-11,21:00:00,22.2395,22.3876,22.2197,22.3284,29886,0
2014-02-11,22:00:00,22.3284,22.4271,22.3284,22.3777,13168,0
2014-02-12,16:00:00,22.4172,22.6246,22.4172,22.5851,13300,0
2014-02-12,17:00:00,22.5357,22.5555,22.4468,22.4765,3250,0
2014-02-12,18:00:00,22.4666,22.4666,22.4172,22.4172,2185,0
2014-02-12,19:00:00,22.4271,22.4666,22.4271,22.4567,13983,0
2014-02-12,20:00:00,22.4666,22.4666,22.437,22.4666,5453,0
2014-02-12,21:00:00,22.4666,22.4765,22.4172,22.4172,7604,0
2014-02-12,22:00:00,22.4567,22.4765,22.4271,22.4271,2121,0
2014-02-13,16:00:00,22.2987,22.2987,22.2889,22.2889,405,0
2014-02-13,17:00:00,22.3481,22.4864,22.3382,22.4864,7142,0
2014-02-13,18:00:00,22.4567,22.4962,22.4567,22.4864,4154,0
2014-02-13,19:00:00,22.4765,22.5061,22.4765,22.5061,2705,0
2014-02-13,20:00:00,22.5259,22.5555,22.5061,22.5555,6491,0
2014-02-13,21:00:00,22.5654,22.5851,22.5456,22.5456,6236,0
2014-02-13,22:00:00,22.5654,22.6246,22.5456,22.6246,11922,0
2014-02-14,16:00:00,22.6444,22.7925,22.5752,22.6444,1114,0
2014-02-14,17:00:00,22.6542,22.6839,22.6246,22.6641,11854,0
2014-02-14,18:00:00,22.6147,22.6246,22.6147,22.6246,2633,0
2014-02-14,19:00:00,22.6641,22.6641,22.6246,22.6246,2167,0
2014-02-14,20:00:00,22.6246,22.6542,22.5752,22.595,3600,0
2014-02-14,21:00:00,22.595,22.6444,22.5851,22.6049,5756,0
2014-02-14,22:00:00,22.6444,22.6542,22.5851,22.5851,4905,0
2014-02-18,16:00:00,22.6147,22.832,22.6147,22.7234,7487,0
2014-02-18,17:00:00,22.7234,22.7234,22.6147,22.6542,15579,0
2014-02-18,18:00:00,22.6542,22.7826,22.6542,22.7234,6442,0
2014-02-18,19:00:00,22.7332,22.7629,22.6641,22.6641,3888,0
2014-02-18,20:00:00,22.7135,22.7135,22.6542,22.6839,2761,0
2014-02-18,21:00:00,22.674,22.6937,22.6444,22.6444,4896,0
2014-02-18,22:00:00,22.6542,22.7036,22.6147,22.6147,8397,0
2014-02-19,16:00:00,22.5555,22.6049,22.5456,22.6049,3431,0
2014-02-19,17:00:00,22.6147,22.6542,22.5456,22.5851,8677,0
2014-02-19,18:00:00,22.5555,22.5752,22.4962,22.4962,4402,0
2014-02-19,19:00:00,22.4765,22.4962,22.358,22.3876,7636,0
2014-02-19,20:00:00,22.3678,22.437,22.3678,22.3777,2894,0
2014-02-19,21:00:00,22.3678,22.4074,22.2889,22.2889,5908,0
2014-02-19,22:00:00,22.2889,22.2987,22.0913,22.0913,9393,0
2014-02-20,16:00:00,22.0518,22.2098,22.0518,22.2098,6130,0
2014-02-20,17:00:00,21.9926,22.1506,21.9827,22.121,5894,0
2014-02-20,18:00:00,22.1308,22.1506,22.0815,22.0815,5450,0
2014-02-20,19:00:00,22.0815,22.1111,22.0716,22.0716,9255,0
2014-02-20,20:00:00,22.0716,22.0716,22.0617,22.0617,6344,0
2014-02-20,21:00:00,22.0716,22.0716,22.0518,22.0518,8116,0
2014-02-20,22:00:00,22.042,22.0716,22.0321,22.0518,12096,0
2014-02-21,16:00:00,22.1407,22.1407,22.0913,22.121,3223,0
2014-02-21,17:00:00,22.121,22.1506,22.121,22.1506,3828,0
2014-02-21,18:00:00,22.1407,22.1901,22.1308,22.1407,6908,0
2014-02-21,19:00:00,22.1407,22.1802,22.1308,22.1605,3639,0
2014-02-21,20:00:00,22.1703,22.1901,22.1605,22.1605,6896,0
2014-02-21,21:00:00,22.1605,22.1703,22.121,22.121,9086,0
2014-02-21,22:00:00,22.121,22.1506,22.1111,22.1111,8081,0
2014-02-24,16:00:00,22.1901,22.3284,22.1901,22.2889,5965,0
2014-02-24,17:00:00,22.2987,22.3185,22.2592,22.3185,15945,0
2014-02-24,18:00:00,22.2987,22.3678,22.279,22.3481,8010,0
2014-02-24,19:00:00,22.358,22.4074,22.3382,22.3777,5367,0
2014-02-24,20:00:00,22.3777,22.3777,22.3086,22.3284,7434,0
2014-02-24,21:00:00,22.3185,22.3678,22.3185,22.3481,5573,0
2014-02-24,22:00:00,22.3481,22.358,22.2592,22.2592,12400,0
2014-02-25,16:00:00,22.3382,22.3481,22.2296,22.2296,5392,0
2014-02-25,17:00:00,22.1802,22.2592,22.1802,22.2592,5886,0
2014-02-25,18:00:00,22.2395,22.358,22.2395,22.3481,5999,0
2014-02-25,19:00:00,22.3481,22.3481,22.2691,22.2691,10748,0
2014-02-25,20:00:00,22.2889,22.3185,22.2889,22.3086,1721,0
2014-02-25,21:00:00,22.3086,22.3086,22.2098,22.2493,12415,0
2014-02-25,22:00:00,22.2493,22.2592,22.2098,22.2395,8559,0
2014-02-26,16:00:00,22.2493,22.3678,22.2493,22.2592,7953,0
2014-02-26,17:00:00,22.2395,22.3382,22.2296,22.3284,16866,0
2014-02-26,18:00:00,22.3284,22.3382,22.3086,22.3185,5742,0
2014-02-26,19:00:00,22.3086,22.4074,22.2987,22.3876,16693,0
2014-02-26,20:00:00,22.3678,22.3975,22.358,22.3975,10284,0
2014-02-26,21:00:00,22.3678,22.3975,22.3382,22.3975,5772,0
2014-02-26,22:00:00,22.3777,22.4468,22.358,22.4468,17831,0
2014-02-27,16:00:00,22.4468,22.4468,22.4468,22.4468,1823,0
2014-02-27,17:00:00,22.437,22.4468,22.4074,22.4271,17853,0
2014-02-27,18:00:00,22.4468,22.516,22.4468,22.4864,5363,0
2014-02-27,19:00:00,22.4765,22.5259,22.4468,22.4666,5105,0
2014-02-27,20:00:00,22.4962,22.5851,22.4962,22.5654,5931,0
2014-02-27,21:00:00,22.516,22.5259,22.4765,22.4962,5065,0
2014-02-27,22:00:00,22.4962,22.5654,22.4864,22.5654,13916,0
2014-02-28,16:00:00,22.5259,22.6147,22.516,22.6147,6290,0
2014-02-28,17:00:00,22.6641,22.7826,22.6542,22.7727,11109,0
2014-02-28,18:00:00,22.7431,22.8024,22.7431,22.7925,3664,0
2014-02-28,19:00:00,22.8024,22.832,22.7629,22.832,16384,0
2014-02-28,20:00:00,22.7925,22.832,22.7431,22.7629,26976,0
2014-02-28,21:00:00,22.7234,22.753,22.7036,22.7036,6475,0
2014-02-28,22:00:00,22.6641,22.7332,22.6147,22.674,6633,0
2014-03-03,16:00:00,22.437,22.5851,22.3876,22.437,3947,0
2014-03-03,17:00:00,22.4172,22.437,22.3678,22.3876,2143,0
2014-03-03,18:00:00,22.3975,22.437,22.3876,22.3975,13230,0
2014-03-03,19:00:00,22.3678,22.4271,22.3481,22.4271,2988,0
2014-03-03,20:00:00,22.4074,22.4172,22.3876,22.4172,3915,0
2014-03-03,21:00:00,22.4468,22.4864,22.4172,22.4864,3355,0
2014-03-03,22:00:00,22.4666,22.4666,22.4074,22.4567,3544,0
2014-03-04,16:00:00,22.6345,22.7925,22.6345,22.7925,4721,0
2014-03-04,17:00:00,22.7925,22.8616,22.7234,22.8419,6082,0
2014-03-04,18:00:00,22.8616,22.8616,22.832,22.8419,608,0
2014-03-04,19:00:00,22.8517,22.8616,22.832,22.8616,2179,0
2014-03-04,20:00:00,22.9011,22.9011,22.8517,22.8517,1570,0
2014-03-04,21:00:00,22.832,22.8616,22.7925,22.8221,8188,0
2014-03-04,22:00:00,22.8517,22.8814,22.8419,22.8715,6860,0
2014-03-05,16:00:00,22.8517,22.9406,22.8517,22.9307,9747,0
2014-03-05,17:00:00,22.9505,22.99,22.9505,22.9801,11672,0
2014-03-05,18:00:00,22.9801,22.9999,22.9604,22.9604,6177,0
2014-03-05,19:00:00,22.9505,22.9702,22.9209,22.9604,3777,0
2014-03-05,20:00:00,22.9702,23.0098,22.9702,22.99,15572,0
2014-03-05,21:00:00,22.9999,23.0098,22.9702,22.9999,15600,0
2014-03-05,22:00:00,22.9801,23.0493,22.9604,23.0493,10145,0
2014-03-06,16:00:00,23.0789,23.1875,22.9801,23.1678,13303,0
2014-03-06,17:00:00,23.1678,23.1875,23.1579,23.1678,8322,0
2014-03-06,18:00:00,23.1875,23.2171,23.1678,23.2073,2601,0
2014-03-06,19:00:00,23.2171,23.2369,23.1776,23.2369,4249,0
2014-03-06,20:00:00,23.2369,23.2468,23.1974,23.2073,3568,0
2014-03-06,21:00:00,23.2073,23.2073,23.1875,23.1974,5755,0
2014-03-06,22:00:00,23.1875,23.2566,23.1776,23.227,22744,0
2014-03-07,16:00:00,23.4937,23.5331,23.3752,23.5035,12889,0
2014-03-07,17:00:00,23.4541,23.5233,23.4541,23.464,6391,0
2014-03-07,18:00:00,23.464,23.464,23.3554,23.4146,7245,0
2014-03-07,19:00:00,23.3752,23.4443,23.3653,23.4146,8276,0
2014-03-07,20:00:00,23.4443,23.4443,23.4146,23.4443,6418,0
2014-03-07,21:00:00,23.4146,23.4443,23.3949,23.3949,9502,0
2014-03-07,22:00:00,23.4146,23.4541,23.4048,23.4541,14846,0
2014-03-10,15:00:00,23.464,23.5233,23.306,23.4146,4295,0
2014-03-10,16:00:00,23.4146,23.4146,23.306,23.3455,13753,0
2014-03-10,17:00:00,23.3159,23.3653,23.2665,23.3455,33072,0
2014-03-10,18:00:00,23.3356,23.4048,23.3356,23.3752,4576,0
2014-03-10,19:00:00,23.4146,23.4245,23.3455,23.3949,4987,0
2014-03-10,20:00:00,23.385,23.4344,23.3455,23.4048,11707,0
2014-03-10,21:00:00,23.4245,23.4838,23.4245,23.4739,8022,0
2014-03-11,15:00:00,23.43,23.43,23.29,23.3,6850,0
2014-03-11,16:00:00,23.3,23.38,23.29,23.36,16100,0
2014-03-11,17:00:00,23.38,23.39,23.29,23.3,10427,0
2014-03-11,18:00:00,23.29,23.3,23.27,23.3,9301,0
2014-03-11,19:00:00,23.3,23.35,23.29,23.3,15633,0
2014-03-11,20:00:00,23.32,23.32,23.29,23.3,8445,0
2014-03-11,21:00:00,23.29,23.33,23.27,23.27,3975,0
2014-03-12,15:00:00,23.1,23.18,23.06,23.08,11107,0
2014-03-12,16:00:00,23.07,23.15,23.07,23.15,8528,0
2014-03-12,17:00:00,23.14,23.15,23.12,23.15,21946,0
2014-03-12,18:00:00,23.15,23.15,23.13,23.15,3984,0
2014-03-12,19:00:00,23.15,23.15,23.13,23.15,3119,0
2014-03-12,20:00:00,23.13,23.15,23.13,23.15,1750,0
2014-03-12,21:00:00,23.14,23.15,23.13,23.15,7856,0
2014-03-13,15:00:00,23.26,23.28,23.24,23.28,4335,0
2014-03-13,16:00:00,23.25,23.25,23.15,23.15,8216,0
2014-03-13,17:00:00,23.14,23.18,23.1,23.1,15988,0
2014-03-13,18:00:00,23.11,23.11,23.07,23.08,5459,0
2014-03-13,19:00:00,23.02,23.03,22.96,23.03,1559,0
2014-03-13,20:00:00,23.03,23.03,22.98,22.99,13807,0
2014-03-13,21:00:00,22.99,23.02,22.96,23.01,18360,0
2014-03-14,15:00:00,22.99,23.09,22.99,23.05,6071,0
2014-03-14,16:00:00,23.05,23.1,23.04,23.04,8666,0
2014-03-14,17:00:00,23,23.03,22.9,23.03,8833,0
2014-03-14,18:00:00,23.04,23.05,22.96,22.98,7876,0
2014-03-14,19:00:00,22.99,23.04,22.97,23,18354,0
2014-03-14,20:00:00,22.98,23.01,22.95,22.95,15866,0
2014-03-14,21:00:00,22.93,22.96,22.91,22.91,25080,0
2014-03-17,15:00:00,23.04,23.17,23.04,23.15,2100,0
2014-03-17,16:00:00,23.19,23.19,23.1,23.1,3792,0
2014-03-17,17:00:00,23.08,23.08,22.99,23.01,14812,0
2014-03-17,18:00:00,23.03,23.05,22.99,23.02,15363,0
2014-03-17,19:00:00,23.01,23.1,23.01,23.05,12957,0
2014-03-17,20:00:00,23.05,23.05,23.05,23.05,3200,0
2014-03-17,21:00:00,23.03,23.1,23.02,23.07,23737,0
2014-03-18,15:00:00,23.11,23.16,23.11,23.15,1200,0
2014-03-18,16:00:00,23.15,23.19,23.14,23.14,14878,0
2014-03-18,17:00:00,23.14,23.18,23.13,23.18,3588,0
2014-03-18,18:00:00,23.18,23.19,23.15,23.17,2300,0
2014-03-18,19:00:00,23.16,23.22,23.14,23.22,10824,0
2014-03-18,20:00:00,23.21,23.25,23.18,23.25,15303,0
2014-03-18,21:00:00,23.22,23.25,23.19,23.24,11637,0
2014-03-19,15:00:00,23.29,23.29,23.21,23.27,1908,0
2014-03-19,16:00:00,23.31,23.31,23.28,23.28,3600,0
2014-03-19,17:00:00,23.28,23.3,23.26,23.27,3985,0
2014-03-19,18:00:00,23.26,23.31,23.22,23.25,9091,0
2014-03-19,19:00:00,23.29,23.3,23.24,23.29,2310,0
2014-03-19,20:00:00,23.27,23.46,23.27,23.4,22736,0
2014-03-19,21:00:00,23.41,23.41,23.23,23.36,15296,0
2014-03-20,15:00:00,23.29,23.46,23.29,23.42,5308,0
2014-03-20,16:00:00,23.44,23.66,23.44,23.6,14075,0
2014-03-20,17:00:00,23.59,23.65,23.54,23.63,12501,0
2014-03-20,18:00:00,23.6,23.78,23.6,23.77,31263,0
2014-03-20,19:00:00,23.77,23.87,23.75,23.86,26505,0
2014-03-20,20:00:00,23.86,23.86,23.79,23.79,12525,0
2014-03-20,21:00:00,23.79,23.85,23.75,23.85,26942,0
2014-03-21,15:00:00,23.95,23.95,23.89,23.9,9133,0
2014-03-21,16:00:00,23.95,24,23.92,23.96,22140,0
2014-03-21,17:00:00,23.99,24.07,23.97,24.02,24880,0
2014-03-21,18:00:00,24.02,24.05,23.97,24,13478,0
2014-03-21,19:00:00,24,24.05,23.96,24,45261,0
2014-03-21,20:00:00,24.02,24.04,23.97,24.01,16134,0
2014-03-21,21:00:00,24.03,24.06,23.99,24.05,28272,0
2014-03-24,15:00:00,24.05,24.08,23.98,23.99,4530,0
2014-03-24,16:00:00,23.96,23.96,23.84,23.89,8680,0
2014-03-24,17:00:00,23.88,23.91,23.84,23.89,8409,0
2014-03-24,18:00:00,23.88,23.91,23.85,23.89,7200,0
2014-03-24,19:00:00,23.89,23.95,23.88,23.93,4948,0
2014-03-24,20:00:00,23.93,24,23.93,23.99,9825,0
2014-03-24,21:00:00,23.99,24.04,23.99,24,10087,0
2014-03-25,15:00:00,24.06,24.14,24.02,24.04,3124,0
2014-03-25,16:00:00,24.03,24.09,23.96,24,8862,0
2014-03-25,17:00:00,23.99,24,23.94,23.97,3234,0
2014-03-25,18:00:00,23.92,23.98,23.88,23.93,10693,0
2014-03-25,19:00:00,23.93,24.03,23.9,24.03,7350,0
2014-03-25,20:00:00,23.98,24.07,23.97,24.03,11973,0
2014-03-25,21:00:00,24.03,24.05,23.98,23.99,20068,0
2014-03-26,15:00:00,24.08,24.13,24,24.03,3950,0
2014-03-26,16:00:00,24.01,24.06,23.92,23.93,16589,0
2014-03-26,17:00:00,23.94,23.99,23.94,23.98,6545,0
2014-03-26,18:00:00,23.98,23.98,23.93,23.93,2413,0
2014-03-26,19:00:00,23.98,23.98,23.87,23.87,6688,0
2014-03-26,20:00:00,23.87,23.89,23.83,23.87,6635,0
2014-03-26,21:00:00,23.87,23.88,23.8,23.83,7359,0
2014-03-27,15:00:00,23.88,23.89,23.75,23.75,8700,0
2014-03-27,16:00:00,23.73,23.84,23.71,23.73,5987,0
2014-03-27,17:00:00,23.73,23.73,23.65,23.68,6302,0
2014-03-27,18:00:00,23.68,23.69,23.63,23.64,19520,0
2014-03-27,19:00:00,23.64,23.64,23.59,23.6,7326,0
2014-03-27,20:00:00,23.61,23.62,23.57,23.6,4550,0
2014-03-27,21:00:00,23.59,23.62,23.56,23.6,13948,0
2014-03-28,15:00:00,23.67,23.71,23.57,23.7,17574,0
2014-03-28,16:00:00,23.72,23.78,23.72,23.75,7256,0
2014-03-28,17:00:00,23.75,23.8,23.75,23.77,10631,0
2014-03-28,18:00:00,23.71,23.77,23.71,23.75,6860,0
2014-03-28,19:00:00,23.75,23.75,23.67,23.72,9050,0
2014-03-28,20:00:00,23.71,23.73,23.66,23.66,7705,0
2014-03-28,21:00:00,23.68,23.72,23.62,23.69,17343,0
2014-03-31,16:00:00,23.97,23.97,23.85,23.87,11173,0
2014-03-31,17:00:00,23.9,23.97,23.88,23.94,8179,0
2014-03-31,18:00:00,23.95,24,23.92,23.99,12620,0
2014-03-31,19:00:00,23.99,24.03,23.97,24.01,5300,0
2014-03-31,20:00:00,23.98,24.05,23.98,24,7293,0
2014-03-31,21:00:00,23.99,24.06,23.99,24.02,9204,0
2014-03-31,22:00:00,24.06,24.08,24.03,24.07,12899,0
2014-04-01,16:00:00,24.13,24.15,24.05,24.08,11257,0
2014-04-01,17:00:00,24.08,24.14,24.08,24.12,6697,0
2014-04-01,18:00:00,24.13,24.16,24.1,24.11,7685,0
2014-04-01,19:00:00,24.13,24.17,24.1,24.17,13177,0
2014-04-01,20:00:00,24.17,24.2,24.15,24.19,14603,0
2014-04-01,21:00:00,24.22,24.24,24.18,24.24,3922,0
2014-04-01,22:00:00,24.24,24.32,24.24,24.32,18364,0
2014-04-02,16:00:00,24.32,24.39,24.28,24.32,11486,0
2014-04-02,17:00:00,24.3,24.36,24.29,24.36,8575,0
2014-04-02,18:00:00,24.36,24.38,24.32,24.37,9674,0
2014-04-02,19:00:00,24.38,24.44,24.31,24.31,30011,0
2014-04-02,20:00:00,24.32,24.32,24.26,24.26,5620,0
2014-04-02,21:00:00,24.26,24.31,24.24,24.26,10068,0
2014-04-02,22:00:00,24.26,24.31,24.25,24.27,14090,0
2014-04-03,16:00:00,24.26,24.32,24.23,24.32,4673,0
2014-04-03,17:00:00,24.25,24.28,24.14,24.2,5665,0
2014-04-03,18:00:00,24.15,24.21,24.12,24.18,7605,0
2014-04-03,19:00:00,24.19,24.25,24.15,24.23,48849,0
2014-04-03,20:00:00,24.2,24.28,24.17,24.17,55829,0
2014-04-03,21:00:00,24.16,24.18,24.07,24.1,13890,0
2014-04-03,22:00:00,24.09,24.1,24.02,24.02,28131,0
2014-04-04,16:00:00,24.12,24.12,24.08,24.08,6787,0
2014-04-04,17:00:00,24.08,24.09,24.04,24.04,13724,0
2014-04-04,18:00:00,24.06,24.06,23.86,23.87,15098,0
2014-04-04,19:00:00,23.83,23.9,23.79,23.83,52697,0
2014-04-04,20:00:00,23.84,23.88,23.73,23.73,7801,0
2014-04-04,21:00:00,23.74,23.75,23.67,23.67,7067,0
2014-04-04,22:00:00,23.67,23.68,23.58,23.58,8650,0
2014-04-07,16:00:00,23.58,23.68,23.37,23.52,38435,0
2014-04-07,17:00:00,23.5,23.52,23.38,23.38,76672,0
2014-04-07,18:00:00,23.38,23.42,23.22,23.22,15412,0
2014-04-07,19:00:00,23.26,23.26,23.17,23.21,5756,0
2014-04-07,20:00:00,23.2,23.2,23.15,23.15,2195,0
2014-04-07,21:00:00,23.15,23.16,23.13,23.13,9408,0
2014-04-07,22:00:00,23.13,23.17,23.07,23.13,13443,0
2014-04-08,16:00:00,23.17,23.27,23.1,23.1,20399,0
2014-04-08,17:00:00,23.11,23.18,23,23.18,17661,0
2014-04-08,18:00:00,23.17,23.3,23.17,23.27,7189,0
2014-04-08,19:00:00,23.24,23.26,23.18,23.21,3480,0
2014-04-08,20:00:00,23.24,23.28,23.24,23.28,2446,0
2014-04-08,21:00:00,23.24,23.28,23.16,23.17,5672,0
2014-04-08,22:00:00,23.19,23.32,23.18,23.32,23273,0
2014-04-09,16:00:00,23.31,23.36,23.28,23.32,2915,0
2014-04-09,17:00:00,23.24,23.32,23.23,23.24,2954,0
2014-04-09,18:00:00,23.29,23.31,23.22,23.31,2404,0
2014-04-09,19:00:00,23.3,23.34,23.28,23.34,3587,0
2014-04-09,20:00:00,23.34,23.34,23.29,23.29,1380,0
2014-04-09,21:00:00,23.31,23.4,23.31,23.36,11147,0
2014-04-09,22:00:00,23.35,23.41,23.33,23.41,14699,0
2014-04-10,16:00:00,23.45,23.45,23.28,23.28,12290,0
2014-04-10,17:00:00,23.29,23.32,23.2,23.2,8632,0
2014-04-10,18:00:00,23.2,23.21,23.14,23.15,11666,0
2014-04-10,19:00:00,23.14,23.14,23,23.01,8374,0
2014-04-10,20:00:00,23.05,23.05,22.98,23.02,7960,0
2014-04-10,21:00:00,23.05,23.05,23.03,23.03,1045,0
2014-04-10,22:00:00,22.97,22.99,22.94,22.95,19627,0
2014-04-11,16:00:00,22.73,22.75,22.6,22.74,16138,0
2014-04-11,17:00:00,22.72,22.87,22.67,22.82,10676,0
2014-04-11,18:00:00,22.81,22.89,22.79,22.79,7456,0
2014-04-11,19:00:00,22.8,22.8,22.7,22.72,6116,0
2014-04-11,20:00:00,22.73,22.76,22.67,22.7,6642,0
2014-04-11,21:00:00,22.7,22.72,22.63,22.65,9078,0
2014-04-11,22:00:00,22.66,22.68,22.64,22.64,2650,0
2014-04-14,16:00:00,22.86,22.86,22.76,22.77,4900,0
2014-04-14,17:00:00,22.71,22.83,22.7,22.78,33771,0
2014-04-14,18:00:00,22.78,22.81,22.74,22.75,16553,0
2014-04-14,19:00:00,22.75,22.75,22.72,22.75,3440,0
2014-04-14,20:00:00,22.74,22.77,22.74,22.77,3015,0
2014-04-14,21:00:00,22.77,22.78,22.73,22.73,4725,0
2014-04-14,22:00:00,22.73,22.75,22.59,22.74,27867,0
2014-04-15,16:00:00,22.76,22.91,22.76,22.91,2950,0
2014-04-15,17:00:00,22.86,22.87,22.66,22.71,2310,0
2014-04-15,18:00:00,22.69,22.78,22.67,22.71,1700,0
2014-04-15,19:00:00,22.62,22.69,22.62,22.65,5282,0
2014-04-15,20:00:00,22.62,22.75,22.6,22.75,1400,0
2014-04-15,21:00:00,22.74,22.81,22.71,22.8,3825,0
2014-04-15,22:00:00,22.8,22.85,22.76,22.8,6200,0
2014-04-16,16:00:00,22.89,22.89,22.83,22.85,5875,0
2014-04-16,17:00:00,22.84,22.85,22.78,22.82,14844,0
2014-04-16,18:00:00,22.82,22.91,22.8,22.84,9631,0
2014-04-16,19:00:00,22.87,22.92,22.84,22.87,9694,0
2014-04-16,20:00:00,22.87,22.89,22.84,22.84,5650,0
2014-04-16,21:00:00,22.84,22.89,22.84,22.89,5475,0
2014-04-16,22:00:00,22.86,22.93,22.84,22.87,5947,0
2014-04-17,16:00:00,22.9,22.95,22.87,22.92,7946,0
2014-04-17,17:00:00,22.92,22.93,22.89,22.92,24666,0
2014-04-17,18:00:00,22.92,22.95,22.91,22.94,5709,0
2014-04-17,19:00:00,22.93,22.94,22.92,22.92,3808,0
2014-04-17,20:00:00,22.93,23,22.93,22.99,9869,0
2014-04-17,21:00:00,22.99,22.99,22.95,22.95,6702,0
2014-04-17,22:00:00,23,23,22.95,22.97,11628,0
2014-04-21,16:00:00,23,23.01,23,23,2204,0
2014-04-21,17:00:00,23,23,22.89,22.91,3813,0
2014-04-21,18:00:00,22.95,22.98,22.93,22.98,4950,0
2014-04-21,19:00:00,22.97,23,22.95,22.97,3185,0
2014-04-21,20:00:00,22.98,22.98,22.96,22.97,5941,0
2014-04-21,21:00:00,22.95,22.97,22.92,22.92,2276,0
2014-04-21,22:00:00,22.94,23.05,22.92,23.05,20695,0
2014-04-22,16:00:00,23.06,23.06,23.01,23.04,2355,0
2014-04-22,17:00:00,23.07,23.13,23.05,23.05,9992,0
2014-04-22,18:00:00,23.09,23.12,23.09,23.12,2100,0
2014-04-22,19:00:00,23.14,23.16,23.12,23.16,6880,0
2014-04-22,20:00:00,23.14,23.23,23.13,23.23,5237,0
2014-04-22,21:00:00,23.24,23.24,23.22,23.24,4415,0
2014-04-22,22:00:00,23.24,23.27,23.21,23.27,16143,0
2014-04-23,16:00:00,23.28,23.29,23.19,23.29,4502,0
2014-04-23,17:00:00,23.27,23.29,23.21,23.27,6977,0
2014-04-23,18:00:00,23.29,23.29,23.25,23.27,5818,0
2014-04-23,19:00:00,23.3,23.3,23.26,23.3,7320,0
2014-04-23,20:00:00,23.31,23.31,23.27,23.29,1961,0
2014-04-23,21:00:00,23.28,23.3,23.27,23.27,1770,0
2014-04-23,22:00:00,23.28,23.3,23.28,23.29,3950,0
2014-04-24,16:00:00,23.31,23.33,23.06,23.12,9176,0
2014-04-24,17:00:00,23.09,23.2,23.08,23.1,4200,0
2014-04-24,18:00:00,23.17,23.2,23.17,23.18,2202,0
2014-04-24,19:00:00,23.16,23.17,23.13,23.13,2101,0
2014-04-24,20:00:00,23.14,23.18,23.08,23.08,3393,0
2014-04-24,21:00:00,23.06,23.08,23.05,23.05,2650,0
2014-04-24,22:00:00,23.05,23.07,23.05,23.07,4378,0
2014-04-25,16:00:00,23.02,23.02,22.88,22.89,3126,0
2014-04-25,17:00:00,22.88,22.93,22.88,22.92,4788,0
2014-04-25,18:00:00,22.91,22.91,22.82,22.87,5037,0
2014-04-25,19:00:00,22.89,22.89,22.85,22.85,10395,0
2014-04-25,20:00:00,22.87,22.87,22.84,22.86,1856,0
2014-04-25,21:00:00,22.84,22.89,22.83,22.89,6945,0
2014-04-25,22:00:00,22.88,22.93,22.87,22.93,8367,0
2014-04-28,16:00:00,22.9,22.9,22.81,22.83,11047,0
2014-04-28,17:00:00,22.83,22.93,22.83,22.87,12496,0
2014-04-28,18:00:00,22.87,22.87,22.7,22.7,18787,0
2014-04-28,19:00:00,22.67,22.7,22.65,22.65,5373,0
2014-04-28,20:00:00,22.63,22.63,22.48,22.6,12832,0
2014-04-28,21:00:00,22.6,22.64,22.56,22.58,11341,0
2014-04-28,22:00:00,22.61,22.64,22.56,22.56,26478,0
2014-04-29,16:00:00,22.64,22.75,22.64,22.75,4500,0
2014-04-29,17:00:00,22.73,22.73,22.64,22.69,21700,0
2014-04-29,18:00:00,22.69,22.69,22.65,22.65,8163,0
2014-04-29,19:00:00,22.69,22.71,22.65,22.7,6403,0
2014-04-29,20:00:00,22.69,22.71,22.66,22.7,6197,0
2014-04-29,21:00:00,22.72,22.72,22.61,22.61,16179,0
2014-04-29,22:00:00,22.63,22.63,22.59,22.62,19743,0
2014-04-30,16:00:00,22.63,22.63,22.56,22.56,3765,0
2014-04-30,17:00:00,22.55,22.67,22.55,22.67,3042,0
2014-04-30,18:00:00,22.66,22.66,22.6,22.65,7014,0
2014-04-30,19:00:00,22.63,22.64,22.61,22.62,6470,0
2014-04-30,20:00:00,22.63,22.65,22.6,22.65,7721,0
2014-04-30,21:00:00,22.64,22.65,22.61,22.65,7520,0
2014-04-30,22:00:00,22.65,22.7,22.65,22.66,9893,0
2014-05-01,16:00:00,22.69,22.69,22.58,22.58,5400,0
2014-05-01,17:00:00,22.56,22.63,22.48,22.62,8762,0
2014-05-01,18:00:00,22.64,22.71,22.6,22.69,6420,0
2014-05-01,19:00:00,22.69,22.73,22.67,22.69,7600,0
2014-05-01,20:00:00,22.72,22.73,22.64,22.64,4843,0
2014-05-01,21:00:00,22.62,22.68,22.61,22.61,7225,0
2014-05-01,22:00:00,22.63,22.69,22.61,22.68,8227,0
2014-05-02,16:00:00,22.69,22.76,22.69,22.76,2105,0
2014-05-02,17:00:00,22.76,22.88,22.7,22.74,11369,0
2014-05-02,18:00:00,22.74,22.76,22.69,22.75,2758,0
2014-05-02,19:00:00,22.71,22.75,22.69,22.7,5948,0
2014-05-02,20:00:00,22.7,22.7,22.61,22.61,3125,0
2014-05-02,21:00:00,22.6,22.65,22.6,22.62,1800,0
2014-05-02,22:00:00,22.61,22.63,22.57,22.61,7230,0
2014-05-05,16:00:00,22.5,22.53,22.41,22.42,4800,0
2014-05-05,17:00:00,22.47,22.53,22.44,22.51,7287,0
2014-05-05,18:00:00,22.5,22.55,22.5,22.54,3626,0
2014-05-05,19:00:00,22.55,22.57,22.52,22.52,10657,0
2014-05-05,20:00:00,22.55,22.55,22.53,22.53,3424,0
2014-05-05,21:00:00,22.52,22.53,22.51,22.53,8046,0
2014-05-05,22:00:00,22.56,22.57,22.53,22.57,2799,0
2014-05-06,16:00:00,22.53,22.53,22.46,22.49,1970,0
2014-05-06,17:00:00,22.47,22.47,22.46,22.46,4222,0
2014-05-06,18:00:00,22.45,22.46,22.4,22.43,15909,0
2014-05-06,19:00:00,22.43,22.43,22.42,22.42,4838,0
2014-05-06,20:00:00,22.43,22.43,22.35,22.36,14662,0
2014-05-06,21:00:00,22.35,22.35,22.32,22.33,9199,0
2014-05-06,22:00:00,22.36,22.38,22.33,22.37,9341,0
2014-05-07,16:00:00,22.42,22.47,22.41,22.44,4306,0
2014-05-07,17:00:00,22.43,22.44,22.28,22.37,17193,0
2014-05-07,18:00:00,22.37,22.49,22.37,22.49,4624,0
2014-05-07,19:00:00,22.49,22.51,22.46,22.46,3533,0
2014-05-07,20:00:00,22.47,22.52,22.47,22.5,6839,0
2014-05-07,21:00:00,22.49,22.54,22.49,22.54,3666,0
2014-05-07,22:00:00,22.53,22.53,22.49,22.52,3537,0
