Date,Time,Open,High,Low,Close,Volume,OpenInt
2014-02-10,16:00:00,18.1725,18.2412,18.1431,18.1431,5008,0
2014-02-10,17:00:00,18.1529,18.2314,18.1529,18.2019,12528,0
2014-02-10,18:00:00,18.1823,18.251,18.1823,18.2412,8204,0
2014-02-10,19:00:00,18.251,18.251,18.2117,18.2117,8261,0
2014-02-10,20:00:00,18.2412,18.251,18.2215,18.2215,8730,0
2014-02-10,21:00:00,18.2412,18.2902,18.2215,18.2608,6766,0
2014-02-10,22:00:00,18.2706,18.2706,18.1921,18.2608,17252,0
2014-02-11,16:00:00,18.1823,18.2706,18.1725,18.2706,12214,0
2014-02-11,17:00:00,18.1921,18.2804,18.1627,18.2706,12286,0
2014-02-11,18:00:00,18.2706,18.2902,18.2706,18.2804,7762,0
2014-02-11,19:00:00,18.2902,18.4569,18.2902,18.3589,28424,0
2014-02-11,20:00:00,18.4275,18.4373,18.3883,18.4373,7675,0
2014-02-11,21:00:00,18.3883,18.4275,18.3883,18.4079,8398,0
2014-02-11,22:00:00,18.3883,18.4569,18.3883,18.4275,14559,0
2014-02-12,16:00:00,18.44,18.49,18.41,18.49,5268,0
2014-02-12,17:00:00,18.5,18.5,18.44,18.45,3950,0
2014-02-12,18:00:00,18.44,18.46,18.41,18.42,16881,0
2014-02-12,19:00:00,18.41,18.45,18.41,18.41,24781,0
2014-02-12,20:00:00,18.44,18.45,18.43,18.45,2044,0
2014-02-12,21:00:00,18.42,18.44,18.4,18.4,2470,0
2014-02-12,22:00:00,18.44,18.45,18.4,18.41,11856,0
2014-02-13,16:00:00,18.42,18.43,18.4,18.41,5346,0
2014-02-13,17:00:00,18.4,18.43,18.4,18.4,5707,0
2014-02-13,18:00:00,18.41,18.43,18.4,18.41,16768,0
2014-02-13,19:00:00,18.41,18.43,18.41,18.41,5000,0
2014-02-13,20:00:00,18.41,18.43,18.41,18.43,13602,0
2014-02-13,21:00:00,18.43,18.45,18.42,18.43,18708,0
2014-02-13,22:00:00,18.43,18.46,18.4,18.46,25083,0
2014-02-14,16:00:00,18.46,18.49,18.46,18.48,1479,0
2014-02-14,17:00:00,18.48,18.5,18.46,18.5,7385,0
2014-02-14,18:00:00,18.47,18.57,18.45,18.54,8616,0
2014-02-14,19:00:00,18.58,18.58,18.54,18.54,4500,0
2014-02-14,20:00:00,18.54,18.56,18.51,18.52,3766,0
2014-02-14,21:00:00,18.52,18.56,18.48,18.52,8404,0
2014-02-14,22:00:00,18.53,18.55,18.5,18.5,19184,0
2014-02-18,16:00:00,18.43,18.55,18.43,18.55,11496,0
2014-02-18,17:00:00,18.49,18.55,18.49,18.51,10667,0
2014-02-18,18:00:00,18.55,18.55,18.51,18.55,5450,0
2014-02-18,19:00:00,18.55,18.55,18.51,18.54,3004,0
2014-02-18,20:00:00,18.51,18.6,18.51,18.59,7363,0
2014-02-18,21:00:00,18.59,18.6,18.55,18.6,10500,0
2014-02-18,22:00:00,18.6,18.63,18.54,18.63,4699,0
2014-02-19,16:00:00,18.54,18.58,18.52,18.55,6900,0
2014-02-19,17:00:00,18.56,18.67,18.56,18.66,23714,0
2014-02-19,18:00:00,18.65,18.77,18.63,18.75,14186,0
2014-02-19,19:00:00,18.75,18.75,18.65,18.68,7700,0
2014-02-19,20:00:00,18.68,18.73,18.6,18.72,9510,0
2014-02-19,21:00:00,18.71,18.71,18.65,18.67,9466,0
2014-02-19,22:00:00,18.67,18.67,18.49,18.55,15546,0
2014-02-20,16:00:00,18.52,18.62,18.52,18.58,2750,0
2014-02-20,17:00:00,18.56,18.69,18.56,18.68,13430,0
2014-02-20,18:00:00,18.71,18.72,18.63,18.67,16662,0
2014-02-20,19:00:00,18.67,18.71,18.66,18.7,4625,0
2014-02-20,20:00:00,18.7,18.73,18.65,18.71,13991,0
2014-02-20,21:00:00,18.7,18.7,18.54,18.64,23464,0
2014-02-20,22:00:00,18.62,18.68,18.58,18.68,9691,0
2014-02-21,16:00:00,18.7,18.75,18.66,18.71,14484,0
2014-02-21,17:00:00,18.74,18.77,18.7,18.73,6926,0
2014-02-21,18:00:00,18.73,18.76,18.66,18.72,13149,0
2014-02-21,19:00:00,18.71,18.73,18.67,18.73,5303,0
2014-02-21,20:00:00,18.7,18.76,18.7,18.75,2373,0
2014-02-21,21:00:00,18.75,18.76,18.67,18.75,11848,0
2014-02-21,22:00:00,18.73,18.76,18.68,18.69,5104,0
2014-02-24,16:00:00,18.78,18.78,18.69,18.78,4500,0
2014-02-24,17:00:00,18.77,18.82,18.75,18.75,8678,0
2014-02-24,18:00:00,18.79,18.81,18.69,18.81,13396,0
2014-02-24,19:00:00,18.81,18.81,18.79,18.79,1537,0
2014-02-24,20:00:00,18.83,18.83,18.78,18.82,4980,0
2014-02-24,21:00:00,18.83,18.83,18.79,18.81,2898,0
2014-02-24,22:00:00,18.81,18.82,18.76,18.8,10516,0
2014-02-25,16:00:00,18.76,18.81,18.74,18.75,1500,0
2014-02-25,17:00:00,18.76,18.76,18.63,18.7,10578,0
2014-02-25,18:00:00,18.69,18.77,18.55,18.68,34102,0
2014-02-25,19:00:00,18.68,18.71,18.6,18.7,6524,0
2014-02-25,20:00:00,18.68,18.68,18.67,18.68,996,0
2014-02-25,21:00:00,18.68,18.68,18.63,18.66,10222,0
2014-02-25,22:00:00,18.65,18.69,18.62,18.69,10073,0
2014-02-26,16:00:00,18.66,18.69,18.6,18.63,3411,0
2014-02-26,17:00:00,18.63,18.63,18.58,18.58,3240,0
2014-02-26,18:00:00,18.63,18.66,18.62,18.65,7794,0
2014-02-26,19:00:00,18.63,18.66,18.62,18.66,6100,0
2014-02-26,20:00:00,18.65,18.67,18.65,18.67,2586,0
2014-02-26,21:00:00,18.66,18.67,18.65,18.67,5800,0
2014-02-26,22:00:00,18.67,18.7,18.63,18.7,8216,0
2014-02-27,16:00:00,18.71,18.71,18.69,18.71,5039,0
2014-02-27,17:00:00,18.71,18.72,18.68,18.68,8256,0
2014-02-27,18:00:00,18.71,18.71,18.67,18.71,1698,0
2014-02-27,19:00:00,18.67,18.72,18.65,18.72,5450,0
2014-02-27,20:00:00,18.73,18.74,18.65,18.73,1290,0
2014-02-27,21:00:00,18.76,18.77,18.67,18.77,4530,0
2014-02-27,22:00:00,18.77,18.81,18.75,18.81,4707,0
2014-02-28,16:00:00,18.8,18.82,18.76,18.81,1735,0
2014-02-28,17:00:00,18.82,18.87,18.78,18.86,19683,0
2014-02-28,18:00:00,18.86,18.87,18.82,18.87,13241,0
2014-02-28,19:00:00,18.84,18.84,18.82,18.82,7341,0
2014-02-28,20:00:00,18.86,18.86,18.81,18.81,5580,0
2014-02-28,21:00:00,18.81,18.85,18.75,18.8,9700,0
2014-02-28,22:00:00,18.75,18.8,18.66,18.75,27492,0
2014-03-03,16:00:00,18.76,18.76,18.71,18.72,5238,0
2014-03-03,17:00:00,18.71,18.72,18.64,18.71,15914,0
2014-03-03,18:00:00,18.7,18.7,18.67,18.67,4953,0
2014-03-03,19:00:00,18.67,18.72,18.65,18.71,3600,0
2014-03-03,20:00:00,18.69,18.7,18.63,18.7,13057,0
2014-03-03,21:00:00,18.7,18.75,18.67,18.75,4040,0
2014-03-03,22:00:00,18.74,18.85,18.72,18.85,16969,0
2014-03-04,16:00:00,18.87,18.87,18.85,18.87,2440,0
2014-03-04,17:00:00,18.87,18.94,18.87,18.94,6882,0
2014-03-04,18:00:00,18.95,18.97,18.91,18.96,5950,0
2014-03-04,19:00:00,18.94,18.99,18.94,18.99,9980,0
2014-03-04,20:00:00,18.98,19,18.95,18.99,7576,0
2014-03-04,21:00:00,18.98,19,18.93,18.99,11153,0
2014-03-04,22:00:00,18.99,19,18.97,19,5261,0
2014-03-05,16:00:00,18.98,19,18.98,19,2000,0
2014-03-05,17:00:00,19,19,18.99,19,5249,0
2014-03-05,18:00:00,19,19.01,18.98,18.99,10691,0
2014-03-05,19:00:00,19.01,19.01,18.93,18.95,7495,0
2014-03-05,20:00:00,18.94,18.97,18.93,18.96,8590,0
2014-03-05,21:00:00,18.97,18.99,18.93,18.97,10332,0
2014-03-05,22:00:00,18.93,18.98,18.87,18.89,17365,0
2014-03-06,16:00:00,18.97,19.01,18.97,19.01,2870,0
2014-03-06,17:00:00,19.01,19.01,18.93,18.96,7015,0
2014-03-06,18:00:00,18.9,18.96,18.89,18.96,7806,0
2014-03-06,19:00:00,18.9,18.9,18.83,18.89,24189,0
2014-03-06,20:00:00,18.87,18.9,18.87,18.88,2562,0
2014-03-06,21:00:00,18.88,18.9,18.83,18.9,7150,0
2014-03-06,22:00:00,18.91,18.91,18.84,18.86,9517,0
2014-03-07,16:00:00,18.89,18.94,18.79,18.89,1966,0
2014-03-07,17:00:00,18.89,18.92,18.79,18.87,5200,0
2014-03-07,18:00:00,18.85,18.88,18.76,18.86,6743,0
2014-03-07,19:00:00,18.89,18.89,18.83,18.89,2910,0
2014-03-07,20:00:00,18.88,18.89,18.73,18.85,11138,0
2014-03-07,21:00:00,18.86,18.86,18.75,18.86,4822,0
2014-03-07,22:00:00,18.86,18.88,18.77,18.83,9187,0
2014-03-10,15:00:00,18.75,18.79,18.65,18.65,6384,0
2014-03-10,16:00:00,18.66,18.69,18.62,18.62,6838,0
2014-03-10,17:00:00,18.67,18.68,18.62,18.66,8275,0
2014-03-10,18:00:00,18.67,18.77,18.65,18.7,7883,0
2014-03-10,19:00:00,18.69,18.77,18.69,18.77,1788,0
2014-03-10,20:00:00,18.72,18.77,18.71,18.77,2100,0
2014-03-10,21:00:00,18.75,18.84,18.74,18.84,12620,0
2014-03-11,15:00:00,18.74,18.79,18.74,18.74,2720,0
2014-03-11,16:00:00,18.75,18.81,18.74,18.81,5003,0
2014-03-11,17:00:00,18.75,18.84,18.75,18.82,18233,0
2014-03-11,18:00:00,18.76,18.83,18.76,18.77,9670,0
2014-03-11,19:00:00,18.76,18.77,18.76,18.77,3547,0
2014-03-11,20:00:00,18.76,18.81,18.76,18.76,10200,0
2014-03-11,21:00:00,18.78,18.83,18.75,18.83,15367,0
2014-03-12,15:00:00,18.82,18.83,18.8,18.82,6520,0
2014-03-12,16:00:00,18.81,18.81,18.78,18.81,7417,0
2014-03-12,17:00:00,18.79,18.9,18.79,18.9,12015,0
2014-03-12,18:00:00,18.89,18.89,18.87,18.87,2650,0
2014-03-12,19:00:00,18.89,18.89,18.84,18.84,3500,0
2014-03-12,20:00:00,18.84,18.9,18.84,18.9,8756,0
2014-03-12,21:00:00,18.9,18.9,18.8,18.89,10165,0
2014-03-13,15:00:00,18.92,18.92,18.86,18.89,4950,0
2014-03-13,16:00:00,18.86,18.88,18.77,18.86,5838,0
2014-03-13,17:00:00,18.86,18.88,18.86,18.87,1750,0
2014-03-13,18:00:00,18.86,18.89,18.86,18.88,3857,0
2014-03-13,19:00:00,18.86,18.9,18.85,18.87,16439,0
2014-03-13,20:00:00,18.87,18.94,18.87,18.9,20455,0
2014-03-13,21:00:00,18.88,18.9,18.86,18.9,7671,0
2014-03-14,15:00:00,18.75,18.83,18.75,18.79,12738,0
2014-03-14,16:00:00,18.81,18.82,18.79,18.81,4110,0
2014-03-14,17:00:00,18.79,18.8,18.75,18.8,5806,0
2014-03-14,18:00:00,18.82,18.83,18.8,18.83,1900,0
2014-03-14,19:00:00,18.8,18.86,18.8,18.86,3190,0
2014-03-14,20:00:00,18.83,18.85,18.81,18.81,3251,0
2014-03-14,21:00:00,18.8,18.86,18.8,18.85,8175,0
2014-03-17,15:00:00,18.9,18.9,18.9,18.9,2050,0
2014-03-17,16:00:00,18.91,18.93,18.9,18.93,5623,0
2014-03-17,17:00:00,18.9,18.93,18.9,18.92,4334,0
2014-03-17,18:00:00,18.89,18.95,18.89,18.95,2450,0
2014-03-17,19:00:00,18.95,18.97,18.92,18.94,3585,0
2014-03-17,20:00:00,18.95,18.96,18.91,18.94,2142,0
2014-03-17,21:00:00,18.93,18.99,18.93,18.98,5309,0
2014-03-18,16:00:00,19,19.01,18.98,18.99,11018,0
2014-03-18,17:00:00,19,19.05,19,19.03,13307,0
2014-03-18,18:00:00,19.05,19.05,19.01,19.01,8495,0
2014-03-18,19:00:00,19.01,19.05,19.01,19.02,5330,0
2014-03-18,20:00:00,19.02,19.05,19.01,19.05,4349,0
2014-03-18,21:00:00,19.04,19.05,19.04,19.04,6475,0
2014-03-19,15:00:00,18.98,18.98,18.98,18.98,450,0
2014-03-19,16:00:00,19,19,19,19,5500,0
2014-03-19,17:00:00,19,19.01,18.97,18.97,3680,0
2014-03-19,18:00:00,19,19.02,19,19.02,4400,0
2014-03-19,19:00:00,19.01,19.01,18.97,18.97,3532,0
2014-03-19,20:00:00,18.97,18.97,18.95,18.96,1775,0
2014-03-19,21:00:00,18.9,18.92,18.8,18.9,8447,0
2014-03-20,15:00:00,18.93,18.93,18.71,18.75,4051,0
2014-03-20,16:00:00,18.75,18.79,18.71,18.73,12941,0
2014-03-20,17:00:00,18.71,18.74,18.71,18.71,5400,0
2014-03-20,18:00:00,18.74,18.75,18.73,18.74,8209,0
2014-03-20,19:00:00,18.75,18.77,18.73,18.75,10590,0
2014-03-20,20:00:00,18.75,18.76,18.72,18.72,2190,0
2014-03-20,21:00:00,18.72,18.74,18.71,18.74,15416,0
2014-03-21,15:00:00,18.92,18.95,18.88,18.91,12106,0
2014-03-21,16:00:00,18.9,18.9,18.85,18.89,4522,0
2014-03-21,17:00:00,18.86,18.88,18.84,18.85,7278,0
2014-03-21,18:00:00,18.88,18.88,18.88,18.88,735,0
2014-03-21,19:00:00,18.89,18.89,18.86,18.87,3223,0
2014-03-21,20:00:00,18.86,18.89,18.84,18.88,5012,0
2014-03-21,21:00:00,18.88,18.89,18.85,18.87,4176,0
2014-03-24,15:00:00,18.92,18.92,18.9,18.91,2107,0
2014-03-24,16:00:00,18.86,18.88,18.85,18.85,5445,0
2014-03-24,17:00:00,18.85,18.86,18.79,18.83,11043,0
2014-03-24,18:00:00,18.83,18.83,18.76,18.79,9180,0
2014-03-24,19:00:00,18.78,18.79,18.69,18.79,27002,0
2014-03-24,20:00:00,18.76,18.82,18.75,18.77,9718,0
2014-03-24,21:00:00,18.77,18.83,18.75,18.77,8981,0
2014-03-25,15:00:00,18.84,18.89,18.76,18.79,6962,0
2014-03-25,16:00:00,18.79,18.79,18.74,18.78,11078,0
2014-03-25,17:00:00,18.75,18.78,18.73,18.73,7623,0
2014-03-25,18:00:00,18.78,18.78,18.78,18.78,200,0
2014-03-25,19:00:00,18.77,18.77,18.75,18.77,8772,0
2014-03-25,20:00:00,18.74,18.77,18.74,18.77,4202,0
2014-03-25,21:00:00,18.77,18.78,18.75,18.78,10611,0
2014-03-26,15:00:00,18.84,18.84,18.79,18.8,6134,0
2014-03-26,16:00:00,18.79,18.8,18.77,18.78,20176,0
2014-03-26,17:00:00,18.79,18.79,18.77,18.79,13986,0
2014-03-26,18:00:00,18.79,18.79,18.77,18.79,4990,0
2014-03-26,19:00:00,18.77,18.79,18.77,18.79,5644,0
2014-03-26,20:00:00,18.77,18.79,18.77,18.78,4805,0
2014-03-26,21:00:00,18.75,18.78,18.74,18.77,12650,0
2014-03-27,15:00:00,18.73,18.83,18.73,18.8,4425,0
2014-03-27,17:00:00,18.81,18.83,18.81,18.82,3750,0
2014-03-27,18:00:00,18.82,18.83,18.79,18.79,4855,0
2014-03-27,19:00:00,18.79,18.85,18.79,18.81,7942,0
2014-03-27,20:00:00,18.81,18.9,18.81,18.84,38796,0
2014-03-27,21:00:00,18.87,18.96,18.86,18.96,17097,0
2014-03-28,15:00:00,18.97,19,18.89,18.99,7300,0
2014-03-28,16:00:00,18.95,18.97,18.92,18.92,5160,0
2014-03-28,17:00:00,18.92,18.92,18.89,18.89,16583,0
2014-03-28,18:00:00,18.89,19.02,18.89,18.96,30701,0
2014-03-28,19:00:00,18.96,18.98,18.95,18.95,3595,0
2014-03-28,20:00:00,18.95,18.96,18.85,18.89,9963,0
2014-03-28,21:00:00,18.89,18.92,18.85,18.9,15692,0
2014-03-31,16:00:00,18.97,18.97,18.9,18.94,2400,0
2014-03-31,17:00:00,18.99,18.99,18.96,18.98,9307,0
2014-03-31,18:00:00,18.98,19,18.98,19,3800,0
2014-03-31,19:00:00,18.99,19.07,18.98,19,18201,0
2014-03-31,20:00:00,19.02,19.04,18.99,18.99,11847,0
2014-03-31,21:00:00,18.99,19.03,18.97,19.03,4701,0
2014-03-31,22:00:00,18.98,19.01,18.95,18.96,6597,0
2014-04-01,16:00:00,18.95,18.98,18.93,18.95,7819,0
2014-04-01,17:00:00,18.96,18.96,18.93,18.93,4666,0
2014-04-01,18:00:00,18.92,18.95,18.89,18.9,9023,0
2014-04-01,19:00:00,18.91,18.91,18.89,18.91,11908,0
2014-04-01,20:00:00,18.93,18.93,18.89,18.92,3250,0
2014-04-01,21:00:00,18.9,18.93,18.9,18.92,7100,0
2014-04-01,22:00:00,18.92,18.97,18.9,18.95,16018,0
2014-04-02,16:00:00,19.05,19.05,18.88,18.88,24941,0
2014-04-02,17:00:00,18.89,18.89,18.78,18.79,20480,0
2014-04-02,18:00:00,18.8,18.86,18.8,18.86,4578,0
2014-04-02,19:00:00,18.86,18.89,18.86,18.89,3200,0
2014-04-02,20:00:00,18.89,18.91,18.89,18.91,6309,0
2014-04-02,21:00:00,18.91,18.93,18.88,18.92,7355,0
2014-04-02,22:00:00,18.93,18.97,18.88,18.94,6812,0
2014-04-03,16:00:00,18.84,18.89,18.84,18.87,5903,0
2014-04-03,17:00:00,18.88,18.93,18.87,18.92,12184,0
2014-04-03,18:00:00,18.93,18.93,18.92,18.92,5759,0
2014-04-03,19:00:00,18.91,18.91,18.91,18.91,1100,0
2014-04-03,20:00:00,18.92,18.94,18.9,18.92,8529,0
2014-04-03,21:00:00,18.92,18.93,18.92,18.92,8580,0
2014-04-03,22:00:00,18.93,18.97,18.92,18.97,7760,0
2014-04-04,16:00:00,18.95,18.95,18.85,18.87,4133,0
2014-04-04,17:00:00,18.87,19.01,18.87,18.97,6496,0
2014-04-04,18:00:00,18.97,19.01,18.96,18.98,11018,0
2014-04-04,19:00:00,18.97,18.98,18.97,18.98,1115,0
2014-04-04,20:00:00,18.97,18.97,18.96,18.96,1100,0
2014-04-04,21:00:00,18.98,18.98,18.95,18.95,3498,0
2014-04-04,22:00:00,18.97,18.98,18.95,18.98,8791,0
2014-04-07,16:00:00,18.89,18.96,18.86,18.94,9075,0
2014-04-07,17:00:00,18.94,18.94,18.9,18.9,3320,0
2014-04-07,18:00:00,18.87,18.92,18.84,18.86,8565,0
2014-04-07,19:00:00,18.89,18.89,18.85,18.86,8514,0
2014-04-07,20:00:00,18.89,18.89,18.84,18.85,8993,0
2014-04-07,21:00:00,18.86,18.88,18.81,18.81,10098,0
2014-04-07,22:00:00,18.81,18.9,18.79,18.9,11333,0
2014-04-08,16:00:00,18.83,18.89,18.82,18.82,3375,0
2014-04-08,17:00:00,18.83,18.85,18.79,18.8,5108,0
2014-04-08,18:00:00,18.84,18.88,18.84,18.87,2940,0
2014-04-08,19:00:00,18.88,18.95,18.88,18.92,3835,0
2014-04-08,20:00:00,18.96,18.96,18.92,18.96,7900,0
2014-04-08,21:00:00,18.96,18.98,18.92,18.95,8715,0
2014-04-08,22:00:00,18.98,19.01,18.94,19.01,10844,0
2014-04-09,16:00:00,19,19,18.94,18.94,3738,0
2014-04-09,17:00:00,18.94,18.99,18.92,18.96,3100,0
2014-04-09,18:00:00,18.96,19,18.96,19,5526,0
2014-04-09,19:00:00,18.99,19,18.96,19,3245,0
2014-04-09,21:00:00,18.99,19,18.99,18.99,2360,0
2014-04-09,22:00:00,19.01,19.03,18.98,19.03,19797,0
2014-04-10,16:00:00,19.04,19.11,19.04,19.1,4000,0
2014-04-10,17:00:00,19.12,19.13,19.06,19.13,6612,0
2014-04-10,18:00:00,19.11,19.11,19.07,19.11,2973,0
2014-04-10,19:00:00,19.09,19.09,19.02,19.02,7755,0
2014-04-10,20:00:00,19.02,19.03,18.9,19,23683,0
2014-04-10,21:00:00,19.02,19.02,18.96,18.96,6778,0
2014-04-10,22:00:00,19,19,18.95,18.99,7186,0
2014-04-11,16:00:00,18.88,18.91,18.87,18.91,3566,0
2014-04-11,17:00:00,18.91,18.96,18.91,18.96,2414,0
2014-04-11,18:00:00,18.96,18.96,18.92,18.93,939,0
2014-04-11,19:00:00,18.93,18.93,18.91,18.93,1900,0
2014-04-11,20:00:00,18.93,18.93,18.92,18.92,3360,0
2014-04-11,21:00:00,18.93,18.93,18.9,18.9,2600,0
2014-04-11,22:00:00,18.93,18.96,18.93,18.96,5691,0
2014-04-14,16:00:00,18.98,18.98,18.93,18.93,4575,0
2014-04-14,17:00:00,18.93,18.98,18.93,18.98,8419,0
2014-04-14,18:00:00,18.95,19.01,18.95,19.01,3725,0
2014-04-14,19:00:00,19.01,19.01,18.98,18.99,3644,0
2014-04-14,20:00:00,19,19,19,19,200,0
2014-04-14,21:00:00,18.98,18.98,18.95,18.96,9805,0
2014-04-14,22:00:00,18.96,18.97,18.93,18.97,3102,0
2014-04-15,16:00:00,18.95,19.02,18.95,18.99,5680,0
2014-04-15,17:00:00,18.98,18.98,18.94,18.94,3304,0
2014-04-15,18:00:00,18.95,18.95,18.91,18.91,3809,0
2014-04-15,19:00:00,18.88,18.9,18.86,18.9,7378,0
2014-04-15,20:00:00,18.9,18.95,18.88,18.95,7393,0
2014-04-15,21:00:00,18.94,18.98,18.88,18.96,6615,0
2014-04-15,22:00:00,18.94,19.04,18.94,19.04,6633,0
2014-04-16,16:00:00,19.04,19.04,18.98,18.98,5936,0
2014-04-16,17:00:00,19,19.05,19,19.05,2832,0
2014-04-16,18:00:00,19.04,19.04,19.02,19.02,1900,0
2014-04-16,19:00:00,19.02,19.02,19.02,19.02,3500,0
2014-04-16,20:00:00,19.04,19.04,19.02,19.04,1500,0
2014-04-16,21:00:00,19.06,19.07,19.06,19.07,600,0
2014-04-16,22:00:00,19.06,19.07,19.05,19.07,3509,0
2014-04-17,16:00:00,19.07,19.1,19.07,19.1,1645,0
2014-04-17,17:00:00,19.08,19.19,19.08,19.18,17697,0
2014-04-17,18:00:00,19.16,19.19,19.14,19.14,5220,0
2014-04-17,19:00:00,19.14,19.18,19.11,19.11,8431,0
2014-04-17,20:00:00,19.11,19.13,19.07,19.07,3050,0
2014-04-17,21:00:00,19.08,19.12,19.08,19.09,3080,0
2014-04-17,22:00:00,19.08,19.13,19.07,19.09,5244,0
2014-04-21,16:00:00,19.19,19.19,19.08,19.08,1514,0
2014-04-21,17:00:00,19.12,19.18,19.12,19.18,3584,0
2014-04-21,18:00:00,19.19,19.19,19.15,19.15,5213,0
2014-04-21,19:00:00,19.17,19.17,19.13,19.13,5446,0
2014-04-21,20:00:00,19.16,19.16,19.12,19.15,2420,0
2014-04-21,21:00:00,19.14,19.17,19.12,19.14,5400,0
2014-04-21,22:00:00,19.13,19.14,19.09,19.12,20320,0
2014-04-22,16:00:00,19.14,19.14,19.13,19.13,600,0
2014-04-22,17:00:00,19.16,19.17,19.14,19.17,4125,0
2014-04-22,18:00:00,19.17,19.17,19.16,19.17,3819,0
2014-04-22,19:00:00,19.16,19.17,19.16,19.17,1800,0
2014-04-22,20:00:00,19.17,19.17,19.17,19.17,1500,0
2014-04-22,21:00:00,19.16,19.16,19.16,19.16,1700,0
2014-04-22,22:00:00,19.16,19.16,19.12,19.15,13287,0
2014-04-23,16:00:00,19.18,19.2,19.18,19.2,2575,0
2014-04-23,17:00:00,19.2,19.2,19.18,19.2,8930,0
2014-04-23,18:00:00,19.2,19.2,19.19,19.2,8756,0
2014-04-23,19:00:00,19.2,19.2,19.12,19.14,19651,0
2014-04-23,20:00:00,19.14,19.16,19.14,19.16,7473,0
2014-04-23,21:00:00,19.16,19.19,19.15,19.16,12281,0
2014-04-23,22:00:00,19.16,19.2,19.16,19.2,42517,0
2014-04-24,16:00:00,19.16,19.17,19.16,19.17,6100,0
2014-04-24,17:00:00,19.16,19.16,19.15,19.16,6411,0
2014-04-24,18:00:00,19.15,19.18,19.15,19.18,10477,0
2014-04-24,19:00:00,19.18,19.21,19.16,19.21,9948,0
2014-04-24,20:00:00,19.19,19.21,19.19,19.19,13255,0
2014-04-24,21:00:00,19.21,19.21,19.16,19.19,15078,0
2014-04-24,22:00:00,19.19,19.2,19.15,19.2,11458,0
2014-04-25,16:00:00,19.2,19.2,19.2,19.2,582,0
2014-04-25,17:00:00,19.21,19.23,19.21,19.23,6279,0
2014-04-25,18:00:00,19.22,19.22,19.21,19.22,7454,0
2014-04-25,19:00:00,19.22,19.22,19.22,19.22,3469,0
2014-04-25,20:00:00,19.21,19.21,19.19,19.2,4715,0
2014-04-25,21:00:00,19.2,19.2,19.2,19.2,4260,0
2014-04-25,22:00:00,19.19,19.22,19.19,19.22,8455,0
2014-04-28,16:00:00,19.23,19.24,19.21,19.22,2100,0
2014-04-28,17:00:00,19.22,19.26,19.21,19.23,12828,0
2014-04-28,18:00:00,19.26,19.5,19.23,19.26,8806,0
2014-04-28,19:00:00,19.25,19.25,19.22,19.23,6950,0
2014-04-28,20:00:00,19.24,19.24,19.18,19.19,7299,0
2014-04-28,21:00:00,19.19,19.21,19.15,19.2,9657,0
2014-04-28,22:00:00,19.21,19.22,19.2,19.22,8860,0
2014-04-29,16:00:00,19.23,19.25,19.22,19.22,14932,0
2014-04-29,17:00:00,19.25,19.29,19.23,19.26,8157,0
2014-04-29,18:00:00,19.27,19.28,19.25,19.26,6728,0
2014-04-29,19:00:00,19.28,19.3,19.26,19.28,11117,0
2014-04-29,20:00:00,19.27,19.3,19.26,19.27,16952,0
2014-04-29,21:00:00,19.3,19.3,19.26,19.28,5802,0
2014-04-29,22:00:00,19.28,19.29,19.26,19.26,20703,0
2014-04-30,16:00:00,19.27,19.32,19.27,19.3,4400,0
2014-04-30,17:00:00,19.31,19.34,19.29,19.34,12771,0
2014-04-30,18:00:00,19.32,19.36,19.29,19.3,6483,0
2014-04-30,19:00:00,19.35,19.38,19.35,19.36,9367,0
2014-04-30,20:00:00,19.37,19.37,19.34,19.35,6148,0
2014-04-30,21:00:00,19.34,19.36,19.26,19.3,25519,0
2014-04-30,22:00:00,19.29,19.35,19.27,19.35,12998,0
2014-05-01,16:00:00,19.37,19.37,19.28,19.34,8532,0
2014-05-01,17:00:00,19.34,19.34,19.3,19.3,12997,0
2014-05-01,18:00:00,19.34,19.36,19.34,19.35,1485,0
2014-05-01,19:00:00,19.34,19.37,19.34,19.37,2500,0
2014-05-01,20:00:00,19.36,19.38,19.36,19.36,4604,0
2014-05-01,21:00:00,19.38,19.38,19.37,19.37,800,0
2014-05-01,22:00:00,19.38,19.39,19.37,19.38,6155,0
2014-05-02,16:00:00,19.36,19.36,19.33,19.34,4237,0
2014-05-02,17:00:00,19.38,19.38,19.36,19.38,3073,0
2014-05-02,18:00:00,19.39,19.4,19.39,19.4,1926,0
2014-05-02,19:00:00,19.37,19.37,19.35,19.35,2523,0
2014-05-02,20:00:00,19.33,19.34,19.32,19.34,4291,0
2014-05-02,21:00:00,19.32,19.33,19.32,19.33,3182,0
2014-05-02,22:00:00,19.32,19.35,19.32,19.35,11868,0
2014-05-05,16:00:00,19.32,19.32,19.29,19.31,2500,0
2014-05-05,17:00:00,19.32,19.33,19.32,19.33,2650,0
2014-05-05,18:00:00,19.34,19.34,19.33,19.34,6145,0
2014-05-05,19:00:00,19.34,19.36,19.33,19.34,13642,0
2014-05-05,20:00:00,19.35,19.38,19.35,19.38,4904,0
2014-05-05,21:00:00,19.37,19.38,19.35,19.37,13623,0
2014-05-05,22:00:00,19.37,19.4,19.32,19.4,26937,0
2014-05-06,16:00:00,19.4,19.4,19.39,19.4,3125,0
2014-05-06,17:00:00,19.38,19.4,19.38,19.4,4609,0
2014-05-06,18:00:00,19.4,19.4,19.37,19.39,9236,0
2014-05-06,19:00:00,19.39,19.46,19.39,19.44,29144,0
2014-05-06,20:00:00,19.41,19.44,19.38,19.42,14689,0
2014-05-06,21:00:00,19.4,19.42,19.4,19.41,2850,0
2014-05-06,22:00:00,19.41,19.44,19.4,19.44,17891,0
2014-05-07,16:00:00,19.44,19.45,19.44,19.45,2990,0
2014-05-07,17:00:00,19.45,19.49,19.45,19.49,10152,0
2014-05-07,18:00:00,19.48,19.49,19.48,19.49,22044,0
2014-05-07,19:00:00,19.48,19.5,19.45,19.49,25064,0
2014-05-07,20:00:00,19.5,19.5,19.48,19.49,9031,0
2014-05-07,21:00:00,19.49,19.5,19.48,19.5,9900,0
2014-05-07,22:00:00,19.48,19.61,19.48,19.6,16490,0
