Date,Time,Open,High,Low,Close,Volume,OpenInt
2014-02-10,16:00:00,108.75,108.91,107.78,108.63,69994,0
2014-02-10,17:00:00,108.58,109.06,108.51,108.79,152892,0
2014-02-10,18:00:00,108.79,109.12,108.71,109.02,109110,0
2014-02-10,19:00:00,109,109.21,108.89,109.1,92097,0
2014-02-10,20:00:00,109.11,109.29,109.02,109.07,84513,0
2014-02-10,21:00:00,109.07,109.48,108.99,109.48,119821,0
2014-02-10,22:00:00,109.48,109.6,109.11,109.28,329818,0
2014-02-11,16:00:00,109.05,109.36,108.82,109.08,54960,0
2014-02-11,17:00:00,109.12,109.34,108.84,108.97,297101,0
2014-02-11,18:00:00,108.97,109.74,108.69,109.5,135575,0
2014-02-11,19:00:00,109.54,109.56,109.28,109.28,127412,0
2014-02-11,20:00:00,109.32,109.71,109.32,109.43,142289,0
2014-02-11,21:00:00,109.43,109.68,109.02,109.26,120987,0
2014-02-11,22:00:00,109.32,109.52,108.9,109.01,330031,0
2014-02-12,16:00:00,109.09,109.49,108.45,109.49,51437,0
2014-02-12,17:00:00,109.52,109.57,108.4,109.08,176248,0
2014-02-12,18:00:00,109.1,109.41,108.77,108.89,73819,0
2014-02-12,19:00:00,108.86,109.4,108.77,109.32,48266,0
2014-02-12,20:00:00,109.29,109.65,109.29,109.49,45830,0
2014-02-12,21:00:00,109.48,109.62,109.17,109.37,60220,0
2014-02-12,22:00:00,109.37,109.49,109.22,109.49,186174,0
2014-02-13,16:00:00,108.84,110.04,108.84,109.79,84771,0
2014-02-13,17:00:00,109.81,110.36,109.8,110.27,141788,0
2014-02-13,18:00:00,110.26,110.41,109.99,110.26,74591,0
2014-02-13,19:00:00,110.26,110.38,110.09,110.38,38763,0
2014-02-13,20:00:00,110.41,110.6,110.34,110.46,95122,0
2014-02-13,21:00:00,110.5,110.57,109.92,109.99,95184,0
2014-02-13,22:00:00,109.97,110.09,109.36,109.47,346427,0
2014-02-14,16:00:00,109.11,110.28,109.11,110.18,39168,0
2014-02-14,17:00:00,110.19,110.31,109.95,110.17,75567,0
2014-02-14,18:00:00,110.21,110.59,110.07,110.15,50197,0
2014-02-14,19:00:00,110.2,110.2,109.88,110.11,41979,0
2014-02-14,20:00:00,110.11,110.31,110.1,110.24,27862,0
2014-02-14,21:00:00,110.23,110.54,110.19,110.41,62297,0
2014-02-14,22:00:00,110.42,110.49,110.21,110.32,167317,0
2014-02-18,16:00:00,109.96,110.36,109.48,110.19,48441,0
2014-02-18,17:00:00,110.19,110.26,109.21,109.59,417830,0
2014-02-18,18:00:00,109.65,110.04,109.55,109.55,99469,0
2014-02-18,19:00:00,109.62,109.85,109.51,109.65,91091,0
2014-02-18,20:00:00,109.72,109.78,109.5,109.78,77965,0
2014-02-18,21:00:00,109.78,109.99,109.7,109.82,42546,0
2014-02-18,22:00:00,109.83,110.71,109.76,110.68,442589,0
2014-02-19,16:00:00,110.29,110.83,109.94,110.64,36419,0
2014-02-19,17:00:00,110.52,111.31,110.52,111.07,139453,0
2014-02-19,18:00:00,111.07,111.18,110.85,110.87,46125,0
2014-02-19,19:00:00,110.86,111,110.54,110.8,43590,0
2014-02-19,20:00:00,110.79,111.32,110.77,110.85,53128,0
2014-02-19,21:00:00,110.86,111.04,110.46,110.72,99417,0
2014-02-19,22:00:00,110.71,110.84,109.84,110.2,280154,0
2014-02-20,16:00:00,110.22,111.09,109.86,110.01,45747,0
2014-02-20,17:00:00,109.99,110.17,109.4,109.57,185952,0
2014-02-20,18:00:00,109.64,110.18,109.64,109.94,86029,0
2014-02-20,19:00:00,109.95,110.39,109.79,110.14,90058,0
2014-02-20,20:00:00,110.14,110.16,109.76,109.8,54652,0
2014-02-20,21:00:00,109.8,110.03,109.54,110.02,59553,0
2014-02-20,22:00:00,110.05,110.24,109.99,110.02,481680,0
2014-02-21,16:00:00,110.59,110.77,109.66,110.64,40100,0
2014-02-21,17:00:00,110.65,110.88,110.53,110.76,128044,0
2014-02-21,18:00:00,110.79,111.04,110.73,110.83,99250,0
2014-02-21,19:00:00,110.81,110.85,110.48,110.59,90519,0
2014-02-21,20:00:00,110.62,110.71,110.5,110.71,29523,0
2014-02-21,21:00:00,110.68,110.82,110.33,110.34,68718,0
2014-02-21,22:00:00,110.31,110.39,110.09,110.27,579133,0
2014-02-24,16:00:00,110.05,110.81,110.02,110.66,31421,0
2014-02-24,17:00:00,110.66,110.89,110.38,110.66,128988,0
2014-02-24,18:00:00,110.6,110.7,110.36,110.44,114157,0
2014-02-24,19:00:00,110.37,110.87,110.37,110.76,60544,0
2014-02-24,20:00:00,110.71,110.82,110.64,110.65,57100,0
2014-02-24,21:00:00,110.66,110.8,110.61,110.62,55093,0
2014-02-24,22:00:00,110.6,110.67,109.96,109.99,475766,0
2014-02-25,16:00:00,110.03,110.72,109.61,110.47,98709,0
2014-02-25,17:00:00,110.59,111.3,110.38,111.3,135242,0
2014-02-25,18:00:00,111.23,111.35,110.88,111.06,100406,0
2014-02-25,19:00:00,111.06,111.88,110.99,111.8,254688,0
2014-02-25,20:00:00,111.83,112.07,111.56,111.85,133240,0
2014-02-25,21:00:00,111.85,111.98,111.6,111.82,73594,0
2014-02-25,22:00:00,111.89,111.89,111.24,111.45,349932,0
2014-02-26,16:00:00,111.93,112.29,111.04,111.04,240937,0
2014-02-26,17:00:00,111.1,111.55,110.74,111.16,165081,0
2014-02-26,18:00:00,111.19,111.23,110.89,111.03,82708,0
2014-02-26,19:00:00,111.02,111.08,110.34,110.45,67091,0
2014-02-26,20:00:00,110.45,111.1,110.37,110.97,75512,0
2014-02-26,21:00:00,111.01,111.05,110.74,110.77,57316,0
2014-02-26,22:00:00,110.81,110.88,110.5,110.76,175673,0
2014-02-27,16:00:00,110.79,111.6,110.75,111.07,63771,0
2014-02-27,17:00:00,110.97,110.98,110.22,110.31,113654,0
2014-02-27,18:00:00,110.31,110.46,109.63,109.72,82931,0
2014-02-27,19:00:00,109.72,109.84,109.17,109.25,67313,0
2014-02-27,20:00:00,109.23,109.66,109.1,109.65,90338,0
2014-02-27,21:00:00,109.65,109.77,109.43,109.72,51789,0
2014-02-27,22:00:00,109.72,110.32,109.62,110.29,413273,0
2014-02-28,16:00:00,109.99,110.8,109.95,110.67,69199,0
2014-02-28,17:00:00,110.73,111.33,110.54,111.32,124109,0
2014-02-28,18:00:00,111.33,111.35,110.77,111.22,198305,0
2014-02-28,19:00:00,111.23,111.42,111.08,111.42,66348,0
2014-02-28,20:00:00,111.41,111.67,111.41,111.65,54939,0
2014-02-28,21:00:00,111.6,111.93,111.47,111.81,117810,0
2014-02-28,22:00:00,111.79,112.31,111.26,111.78,634208,0
2014-03-03,16:00:00,111.41,112.19,111.34,111.91,93009,0
2014-03-03,17:00:00,111.97,112.06,110.61,110.73,123498,0
2014-03-03,18:00:00,110.77,111.22,110.34,111.06,100402,0
2014-03-03,19:00:00,111.01,111.32,110.88,111.21,66017,0
2014-03-03,20:00:00,111.16,111.55,111.16,111.45,72456,0
2014-03-03,21:00:00,111.57,111.67,111.24,111.25,57968,0
2014-03-03,22:00:00,111.25,111.55,110.95,111.52,304925,0
2014-03-04,16:00:00,112.84,112.86,112.07,112.62,65631,0
2014-03-04,17:00:00,112.72,113.32,112.55,113.23,172668,0
2014-03-04,18:00:00,113.23,113.4,112.96,113.1,123288,0
2014-03-04,19:00:00,113.07,113.11,112.63,112.66,76118,0
2014-03-04,20:00:00,112.69,112.85,112.55,112.78,95463,0
2014-03-04,21:00:00,112.73,112.73,111.94,112.07,133500,0
2014-03-04,22:00:00,112.12,113.03,111.91,112.93,597209,0
2014-03-05,16:00:00,112.94,113.01,112.34,112.62,32390,0
2014-03-05,17:00:00,112.77,112.95,112.19,112.32,98636,0
2014-03-05,18:00:00,112.22,112.37,111.13,111.13,129517,0
2014-03-05,19:00:00,111.15,111.29,110.52,111.19,167790,0
2014-03-05,20:00:00,111.27,111.52,111.23,111.43,112247,0
2014-03-05,21:00:00,111.39,111.73,111.33,111.52,153715,0
2014-03-05,22:00:00,111.52,112.38,111.49,112.34,398300,0
2014-03-06,16:00:00,112.29,112.53,111.62,111.97,34044,0
2014-03-06,17:00:00,111.96,112,110.96,111.49,166211,0
2014-03-06,18:00:00,111.49,112.12,111.49,112.05,77024,0
2014-03-06,19:00:00,112.02,112.23,111.4,111.42,81327,0
2014-03-06,20:00:00,111.43,111.63,111.36,111.54,103025,0
2014-03-06,21:00:00,111.57,111.94,111.49,111.94,96508,0
2014-03-06,22:00:00,111.97,112.33,111.63,111.79,403153,0
2014-03-07,16:00:00,111.79,111.79,110.1,110.1,107181,0
2014-03-07,17:00:00,110.11,110.73,110.07,110.35,168160,0
2014-03-07,18:00:00,110.36,110.36,109.94,110.32,90132,0
2014-03-07,19:00:00,110.32,110.32,109.91,109.97,117535,0
2014-03-07,20:00:00,109.93,11,109.53,109.8,111654,0
2014-03-07,21:00:00,109.77,110.16,109.67,110.1,97985,0
2014-03-07,22:00:00,110.12,110.4,109.87,110.3,857127,0
2014-03-10,15:00:00,110.21,110.42,109.95,110.26,58935,0
2014-03-10,16:00:00,110.28,110.28,109.75,109.92,92992,0
2014-03-10,17:00:00,109.88,110.01,109.38,109.44,71721,0
2014-03-10,18:00:00,109.45,109.79,109.33,109.53,104784,0
2014-03-10,19:00:00,109.5,109.61,109.3,109.41,70674,0
2014-03-10,20:00:00,109.39,109.69,109.32,109.59,136301,0
2014-03-10,21:00:00,109.58,110.15,109.49,110.04,317435,0
2014-03-11,15:00:00,110.87,111.51,110.59,111.51,84711,0
2014-03-11,16:00:00,111.45,112.7,111.45,112.7,253114,0
2014-03-11,17:00:00,112.68,113.06,112.16,112.37,240649,0
2014-03-11,18:00:00,112.35,112.44,111.86,112.1,142601,0
2014-03-11,19:00:00,112.09,112.37,111.98,112.31,94680,0
2014-03-11,20:00:00,112.27,112.31,112.05,112.1,99648,0
2014-03-11,21:00:00,112.1,112.49,111.86,112.26,578741,0
2014-03-12,15:00:00,111.52,112.35,111.52,112.26,76562,0
2014-03-12,16:00:00,112.2,112.26,111.58,111.65,137920,0
2014-03-12,17:00:00,111.65,111.75,111.02,111.02,135684,0
2014-03-12,18:00:00,111.08,111.29,110.95,111.1,87133,0
2014-03-12,19:00:00,111.09,111.11,110.82,111.03,102081,0
2014-03-12,20:00:00,111.03,111.1,110.87,110.87,106402,0
2014-03-12,21:00:00,110.85,111.03,110.8,110.92,471349,0
2014-03-13,15:00:00,111.25,111.25,110.37,110.61,30953,0
2014-03-13,16:00:00,110.61,110.83,110.13,110.54,98945,0
2014-03-13,17:00:00,110.54,110.67,110.41,110.55,67988,0
2014-03-13,18:00:00,110.59,110.81,110.41,110.74,65080,0
2014-03-13,19:00:00,110.77,110.98,110.54,110.95,71662,0
2014-03-13,20:00:00,110.94,110.97,110.64,110.78,69168,0
2014-03-13,21:00:00,110.74,111,110.53,111,334838,0
2014-03-14,15:00:00,110.94,112.14,110.94,111.19,45687,0
2014-03-14,16:00:00,111.34,111.53,111.17,111.23,59430,0
2014-03-14,17:00:00,111.15,111.35,110.98,111.28,99260,0
2014-03-14,18:00:00,111.31,111.31,111.01,111.09,40275,0
2014-03-14,19:00:00,111.11,111.2,110.82,110.98,49187,0
2014-03-14,20:00:00,111,111.09,110.9,110.95,52705,0
2014-03-14,21:00:00,110.9,111.3,110.76,111.2,219550,0
2014-03-17,15:00:00,112.11,112.11,111.39,111.77,56307,0
2014-03-17,16:00:00,111.79,112.35,111.67,111.8,108255,0
2014-03-17,17:00:00,111.73,111.81,111.02,111.26,90101,0
2014-03-17,18:00:00,111.25,111.85,111.15,111.85,112783,0
2014-03-17,19:00:00,111.85,111.85,111.46,111.59,44020,0
2014-03-17,20:00:00,111.56,111.76,111.5,111.59,56969,0
2014-03-17,21:00:00,111.62,111.64,111.41,111.54,352318,0
2014-03-18,15:00:00,111.59,111.86,111.22,111.78,44370,0
2014-03-18,16:00:00,111.9,112.51,111.82,111.92,118846,0
2014-03-18,17:00:00,111.94,112.24,111.84,112.2,129956,0
2014-03-18,18:00:00,112.18,112.51,112.18,112.5,50632,0
2014-03-18,19:00:00,112.5,112.55,112.4,112.43,61176,0
2014-03-18,20:00:00,112.43,112.47,112.33,112.43,76413,0
2014-03-18,21:00:00,112.4,112.62,112.12,112.55,234467,0
2014-03-19,15:00:00,112.72,113.78,112.64,113.5,101989,0
2014-03-19,16:00:00,113.51,113.57,112.89,112.94,102475,0
2014-03-19,17:00:00,112.94,113.09,112.8,112.87,112439,0
2014-03-19,18:00:00,112.88,112.94,112.23,112.3,131231,0
2014-03-19,19:00:00,112.32,112.52,112.1,112.36,163058,0
2014-03-19,20:00:00,112.31,112.36,110.94,111.5,331099,0
2014-03-19,21:00:00,111.51,111.51,110.73,111.35,510939,0
2014-03-20,15:00:00,110.81,111.34,109.86,109.86,143151,0
2014-03-20,16:00:00,109.86,110.56,109.85,110.41,235531,0
2014-03-20,17:00:00,110.42,110.93,110.26,110.93,77127,0
2014-03-20,18:00:00,110.92,111.64,110.89,111.6,101972,0
2014-03-20,19:00:00,111.64,111.72,111.37,111.48,76997,0
2014-03-20,20:00:00,111.49,111.96,111.27,111.93,84542,0
2014-03-20,21:00:00,111.93,112.22,111.52,112.19,409222,0
2014-03-21,15:00:00,113.21,113.47,112.02,113.34,960400,0
2014-03-21,16:00:00,113.34,113.83,112.96,113.53,124038,0
2014-03-21,17:00:00,113.62,113.69,113.16,113.3,75767,0
2014-03-21,18:00:00,113.34,113.58,113.12,113.36,84191,0
2014-03-21,19:00:00,113.34,113.38,112.85,113.02,85982,0
2014-03-21,20:00:00,113.02,113.23,112.76,113.08,97165,0
2014-03-21,21:00:00,113.03,113.47,112.94,113.29,2003466,0
2014-03-24,15:00:00,113.25,113.48,112.21,112.38,119219,0
2014-03-24,16:00:00,112.29,112.45,111.61,111.61,128330,0
2014-03-24,17:00:00,111.61,112.12,111.54,111.88,125412,0
2014-03-24,18:00:00,111.89,111.97,111.72,111.97,75040,0
2014-03-24,19:00:00,111.96,112.33,111.96,112.29,85111,0
2014-03-24,20:00:00,112.29,112.61,112.25,112.4,107590,0
2014-03-24,21:00:00,112.45,112.8,112.29,112.51,238805,0
2014-03-25,15:00:00,112.64,113.31,112.42,112.7,47633,0
2014-03-25,16:00:00,112.64,112.77,112.27,112.44,72390,0
2014-03-25,17:00:00,112.52,112.73,112.28,112.5,71151,0
2014-03-25,18:00:00,112.45,112.63,112.23,112.53,53272,0
2014-03-25,19:00:00,112.57,112.93,112.47,112.87,36228,0
2014-03-25,20:00:00,112.87,113.03,112.74,113.01,66822,0
2014-03-25,21:00:00,113,113.39,112.9,112.98,273310,0
2014-03-26,15:00:00,112.81,113.26,112.2,112.2,17405,0
2014-03-26,16:00:00,112.24,112.32,111.61,111.95,47237,0
2014-03-26,17:00:00,111.95,112.31,111.72,112.06,75976,0
2014-03-26,18:00:00,112.03,112.32,111.89,112.2,49367,0
2014-03-26,19:00:00,112.19,112.25,111.55,111.62,56922,0
2014-03-26,20:00:00,111.66,112.24,111.52,112.24,62399,0
2014-03-26,21:00:00,112.25,112.27,111.69,111.69,477892,0
2014-03-27,15:00:00,111.69,112.55,111.69,111.96,92231,0
2014-03-27,16:00:00,111.84,112.43,111.55,111.93,99514,0
2014-03-27,17:00:00,111.95,111.95,111.39,111.91,98823,0
2014-03-27,18:00:00,111.87,112.66,111.71,112.66,99151,0
2014-03-27,19:00:00,112.65,112.99,112.64,112.81,106804,0
2014-03-27,20:00:00,112.82,112.82,112.29,112.59,114249,0
2014-03-27,21:00:00,112.6,113.11,112.42,113.04,401511,0
2014-03-28,15:00:00,113.38,113.92,113.38,113.65,46908,0
2014-03-28,16:00:00,113.65,114.14,113.41,113.93,101097,0
2014-03-28,17:00:00,114.08,114.11,113.53,113.69,51152,0
2014-03-28,18:00:00,113.74,114.01,113.64,113.83,44170,0
2014-03-28,19:00:00,113.89,114.05,113.73,114.05,37402,0
2014-03-28,20:00:00,114.05,114.19,113.55,113.61,73004,0
2014-03-28,21:00:00,113.65,113.9,113.43,113.89,437519,0
2014-03-31,16:00:00,114.2,114.46,113.2,113.56,75915,0
2014-03-31,17:00:00,113.62,114.42,113.55,114.17,99984,0
2014-03-31,18:00:00,114.26,114.55,114.14,114.55,61933,0
2014-03-31,19:00:00,114.66,114.94,114.59,114.9,54617,0
2014-03-31,20:00:00,114.9,115.2,114.9,115.09,101683,0
2014-03-31,21:00:00,115.1,115.13,114.83,114.9,97090,0
2014-03-31,22:00:00,114.86,114.87,114.29,114.53,1289094,0
2014-04-01,16:00:00,114.58,114.71,114,114.34,71715,0
2014-04-01,17:00:00,114.39,114.56,113.86,113.89,98686,0
2014-04-01,18:00:00,113.9,114.32,113.82,114.2,114811,0
2014-04-01,19:00:00,114.17,114.8,114.06,114.8,63691,0
2014-04-01,20:00:00,114.76,115.32,114.75,115.32,71823,0
2014-04-01,21:00:00,115.32,115.45,115.09,115.36,97512,0
2014-04-01,22:00:00,115.36,115.76,115.23,115.71,542620,0
2014-04-02,16:00:00,115.42,115.82,115.07,115.19,63003,0
2014-04-02,17:00:00,115.2,115.45,114.9,115.21,142802,0
2014-04-02,18:00:00,115.22,115.85,115.17,115.83,101618,0
2014-04-02,19:00:00,115.79,116.25,115.71,116.03,101115,0
2014-04-02,20:00:00,116.04,116.04,115.55,115.72,131200,0
2014-04-02,21:00:00,115.68,115.73,115.16,115.42,90237,0
2014-04-02,22:00:00,115.38,115.73,115.38,115.5,149896,0
2014-04-03,16:00:00,115.69,115.69,114.84,115.02,78230,0
2014-04-03,17:00:00,114.95,115.63,114.85,115.42,102627,0
2014-04-03,18:00:00,115.42,115.83,115.3,115.79,66073,0
2014-04-03,19:00:00,115.81,115.92,115.56,115.64,64159,0
2014-04-03,20:00:00,115.6,115.7,115.44,115.44,104569,0
2014-04-03,21:00:00,115.49,115.51,115.21,115.36,163223,0
2014-04-03,22:00:00,115.41,115.61,115.32,115.5,232603,0
2014-04-04,16:00:00,114.79,116.17,114.79,116.16,33125,0
2014-04-04,17:00:00,116.07,116.9,116.02,116.77,94850,0
2014-04-04,18:00:00,116.81,117,116.53,116.66,104216,0
2014-04-04,19:00:00,116.66,116.68,116.22,116.38,80624,0
2014-04-04,20:00:00,116.38,116.64,116.27,116.36,89766,0
2014-04-04,21:00:00,116.36,116.67,116.12,116.63,111688,0
2014-04-04,22:00:00,116.61,116.83,116.25,116.31,464563,0
2014-04-07,16:00:00,116.2,116.94,115.64,116.94,484229,0
2014-04-07,17:00:00,116.85,117.13,116.7,116.83,166548,0
2014-04-07,18:00:00,116.83,117.4,116.72,117.1,151671,0
2014-04-07,19:00:00,117.11,117.37,116.94,117.37,111442,0
2014-04-07,20:00:00,117.39,117.45,116.9,116.9,124032,0
2014-04-07,21:00:00,116.89,117,116.72,116.81,164222,0
2014-04-07,22:00:00,116.79,117.08,116.4,116.57,851065,0
2014-04-08,16:00:00,116.57,117.04,115.97,117.04,94553,0
2014-04-08,17:00:00,117.04,117.16,116.19,116.63,190383,0
2014-04-08,18:00:00,116.62,117.29,116.52,117.29,145926,0
2014-04-08,19:00:00,117.3,117.31,116.93,117.07,78111,0
2014-04-08,20:00:00,117,117.18,116.87,117.08,72805,0
2014-04-08,21:00:00,117.1,117.17,116.86,117.17,62517,0
2014-04-08,22:00:00,117.15,117.41,117.06,117.26,242373,0
2014-04-09,16:00:00,117.28,117.49,116.34,116.4,58262,0
2014-04-09,17:00:00,116.4,116.74,116.17,116.17,324703,0
2014-04-09,18:00:00,116.19,116.5,116.03,116.38,94381,0
2014-04-09,19:00:00,116.4,116.41,116.07,116.3,57735,0
2014-04-09,20:00:00,116.3,116.38,116.01,116.06,49936,0
2014-04-09,21:00:00,116.13,117.04,116.13,116.35,318084,0
2014-04-09,22:00:00,116.38,116.42,116.06,116.26,420572,0
2014-04-10,16:00:00,116.61,117.28,116.07,116.66,93205,0
2014-04-10,17:00:00,116.66,116.78,116.04,116.04,144738,0
2014-04-10,18:00:00,115.96,116.11,115.73,115.78,133975,0
2014-04-10,19:00:00,115.78,115.83,115.1,115.15,114784,0
2014-04-10,20:00:00,115.11,115.61,115.1,115.38,87665,0
2014-04-10,21:00:00,115.37,115.6,114.65,114.69,87800,0
2014-04-10,22:00:00,114.68,114.73,114.23,114.45,627094,0
2014-04-11,16:00:00,113.96,115.69,113.86,115.68,201956,0
2014-04-11,17:00:00,115.66,115.95,115.43,115.86,276434,0
2014-04-11,18:00:00,115.81,116,115.33,115.36,132888,0
2014-04-11,19:00:00,115.36,115.51,115.1,115.2,94456,0
2014-04-11,20:00:00,115.26,115.88,115.14,115.59,122964,0
2014-04-11,21:00:00,115.63,115.8,115.28,115.66,130434,0
2014-04-11,22:00:00,115.61,115.89,115.33,115.35,660591,0
2014-04-14,16:00:00,115.76,116.47,115.49,115.54,98576,0
2014-04-14,17:00:00,115.54,115.8,115.31,115.53,117625,0
2014-04-14,18:00:00,115.6,115.75,115.32,115.37,138952,0
2014-04-14,19:00:00,115.34,115.58,115.18,115.18,80339,0
2014-04-14,20:00:00,115.2,115.3,114.97,115.07,79645,0
2014-04-14,21:00:00,115.04,115.1,114.59,114.72,86500,0
2014-04-14,22:00:00,114.68,115.58,114.24,115.44,412344,0
2014-04-15,16:00:00,115.48,116.45,115.35,116.24,92579,0
2014-04-15,17:00:00,116.2,116.3,115.6,115.77,107396,0
2014-04-15,18:00:00,115.72,116.34,115.6,116.29,128071,0
2014-04-15,19:00:00,116.28,116.64,115.98,116.42,165315,0
2014-04-15,20:00:00,116.42,117.07,116.3,116.49,215157,0
2014-04-15,21:00:00,116.45,117.04,116.43,116.77,133647,0
2014-04-15,22:00:00,116.76,116.83,116.5,116.79,675073,0
2014-04-16,16:00:00,117.11,117.55,116.05,116.28,153575,0
2014-04-16,17:00:00,116.28,116.47,115.91,116.19,185111,0
2014-04-16,18:00:00,116.19,116.31,115.89,115.98,148340,0
2014-04-16,19:00:00,116,116.69,115.97,116.39,150261,0
2014-04-16,20:00:00,116.38,116.76,116.34,116.57,134624,0
2014-04-16,21:00:00,116.58,116.79,116.35,116.69,169014,0
2014-04-16,22:00:00,116.68,116.97,116.68,116.89,576638,0
2014-04-17,16:00:00,116.54,117.12,116.34,116.37,175553,0
2014-04-17,17:00:00,116.2,116.9,116.2,116.76,124566,0
2014-04-17,18:00:00,116.74,116.86,116.48,116.74,40828,0
2014-04-17,19:00:00,116.78,116.85,116.48,116.62,112700,0
2014-04-17,20:00:00,116.65,116.86,116.55,116.68,61292,0
2014-04-17,21:00:00,116.71,116.99,116.6,116.9,82489,0
2014-04-17,22:00:00,116.89,117.43,116.85,117.43,266021,0
2014-04-21,16:00:00,117.78,118,117.12,117.24,40683,0
2014-04-21,17:00:00,117.27,118,117.19,117.83,111838,0
2014-04-21,18:00:00,117.89,118.24,117.57,117.64,110937,0
2014-04-21,19:00:00,117.72,117.73,117.44,117.72,80416,0
2014-04-21,20:00:00,117.69,117.77,117.47,117.54,61516,0
2014-04-21,21:00:00,117.59,117.63,117.29,117.39,123013,0
2014-04-21,22:00:00,117.44,117.66,117.34,117.57,220026,0
2014-04-22,16:00:00,117.55,117.99,117.32,117.82,39457,0
2014-04-22,17:00:00,117.75,117.93,117.06,117.49,121483,0
2014-04-22,18:00:00,117.45,117.78,117.31,117.53,77507,0
2014-04-22,19:00:00,117.59,117.93,117.47,117.89,125444,0
2014-04-22,20:00:00,117.9,118.24,117.88,118.15,108157,0
2014-04-22,21:00:00,118.16,118.26,118,118.17,53117,0
2014-04-22,22:00:00,118.14,118.15,117.91,118.01,243300,0
2014-04-23,16:00:00,118.02,118.5,117.08,117.21,70858,0
2014-04-23,17:00:00,117.11,117.8,117.11,117.42,155213,0
2014-04-23,18:00:00,117.45,117.64,117.26,117.51,70767,0
2014-04-23,19:00:00,117.58,117.74,117.45,117.48,51990,0
2014-04-23,20:00:00,117.49,117.56,117.16,117.16,67980,0
2014-04-23,21:00:00,117.17,117.27,116.96,117.27,51657,0
2014-04-23,22:00:00,117.28,117.38,117.03,117.37,939488,0
2014-04-24,16:00:00,117.52,118.25,117.02,117.89,56375,0
2014-04-24,17:00:00,117.84,118.02,117.66,117.88,151162,0
2014-04-24,18:00:00,117.87,118.21,117.86,118.17,83332,0
2014-04-24,19:00:00,118.24,118.36,118.13,118.3,30110,0
2014-04-24,20:00:00,118.31,118.35,117.66,117.69,84867,0
2014-04-24,21:00:00,117.7,117.97,117.67,117.81,69436,0
2014-04-24,22:00:00,117.81,118.23,117.79,118.22,260986,0
2014-04-25,16:00:00,118.12,118.38,117.57,117.57,32331,0
2014-04-25,17:00:00,117.57,117.89,117.51,117.52,87172,0
2014-04-25,18:00:00,117.56,117.65,117.33,117.5,64534,0
2014-04-25,19:00:00,117.41,117.51,117.31,117.38,30801,0
2014-04-25,20:00:00,117.37,117.37,116.98,117.22,96083,0
2014-04-25,21:00:00,117.2,117.61,117.16,117.55,78929,0
2014-04-25,22:00:00,117.54,117.64,117.33,117.37,269863,0
2014-04-28,16:00:00,118.1,118.46,117.67,118.2,56075,0
2014-04-28,17:00:00,118.17,118.31,117.83,117.97,115128,0
2014-04-28,18:00:00,117.97,118.04,117.32,117.35,49274,0
2014-04-28,19:00:00,117.36,117.94,117.32,117.55,52691,0
2014-04-28,20:00:00,117.47,117.7,117.11,117.53,79320,0
2014-04-28,21:00:00,117.53,117.84,117.4,117.76,56228,0
2014-04-28,22:00:00,117.76,118.46,117.76,118.3,1491632,0
2014-04-29,16:00:00,118.05,118.41,117.77,118.08,52106,0
2014-04-29,17:00:00,118.03,118.07,117.39,117.71,96367,0
2014-04-29,18:00:00,117.71,118.18,117.61,117.76,105819,0
2014-04-29,19:00:00,117.76,117.76,117.38,117.41,53210,0
2014-04-29,20:00:00,117.41,117.71,117.22,117.69,83853,0
2014-04-29,21:00:00,117.65,117.74,117.44,117.59,74162,0
2014-04-29,22:00:00,117.65,117.84,117.4,117.53,253168,0
2014-04-30,16:00:00,118.29,118.98,117.7,118.06,75315,0
2014-04-30,17:00:00,118.05,118.19,117.05,117.38,126433,0
2014-04-30,18:00:00,117.39,117.59,117.11,117.4,64084,0
2014-04-30,19:00:00,117.37,117.37,116.74,116.75,490286,0
2014-04-30,20:00:00,116.76,116.94,116.56,116.73,105652,0
2014-04-30,21:00:00,116.73,117.18,116.65,117.11,279535,0
2014-04-30,22:00:00,117.11,117.35,116.75,117.14,2786122,0
2014-05-01,16:00:00,117.33,117.33,116.52,116.95,96714,0
2014-05-01,17:00:00,116.96,117.34,116.47,116.99,127364,0
2014-05-01,18:00:00,117.04,117.66,117.01,117.53,74115,0
2014-05-01,19:00:00,117.54,117.77,117.48,117.57,111237,0
2014-05-01,20:00:00,117.59,118.21,117.59,117.69,76706,0
2014-05-01,21:00:00,117.68,117.91,117.48,117.55,98336,0
2014-05-01,22:00:00,117.57,118.37,117.43,118.23,795915,0
2014-05-02,16:00:00,117.93,118.72,117.82,118.45,129330,0
2014-05-02,17:00:00,118.52,118.97,118.19,118.38,214644,0
2014-05-02,18:00:00,118.36,118.38,117.57,117.57,210958,0
2014-05-02,19:00:00,117.57,117.69,117.2,117.67,254293,0
2014-05-02,20:00:00,117.61,117.74,117.23,117.55,90101,0
2014-05-02,21:00:00,117.52,117.81,117.4,117.62,123751,0
2014-05-02,22:00:00,117.65,117.92,117.32,117.85,851184,0
2014-05-05,16:00:00,117.49,118.02,117.23,117.55,136989,0
2014-05-05,17:00:00,117.62,118.03,117.52,117.97,131033,0
2014-05-05,18:00:00,117.99,118.05,117.64,117.83,143230,0
2014-05-05,19:00:00,117.84,118.17,117.73,118.1,72930,0
2014-05-05,20:00:00,118.1,118.11,117.8,117.8,55007,0
2014-05-05,21:00:00,117.79,117.98,117.72,117.95,60372,0
2014-05-05,22:00:00,117.95,117.99,117.56,117.8,260107,0
2014-05-06,16:00:00,117.63,117.9,117.28,117.42,83417,0
2014-05-06,17:00:00,117.43,117.64,117.25,117.47,126262,0
2014-05-06,18:00:00,117.5,117.78,117.37,117.63,296021,0
2014-05-06,19:00:00,117.65,117.76,117.27,117.27,62399,0
2014-05-06,20:00:00,117.27,117.33,117.02,117.02,86425,0
2014-05-06,21:00:00,116.97,117.28,116.97,116.97,95628,0
2014-05-06,22:00:00,117.03,117.29,116.91,117.06,573366,0
2014-05-07,16:00:00,117.74,118.87,117.22,118.7,77710,0
2014-05-07,17:00:00,118.83,118.94,118.25,118.4,138713,0
2014-05-07,18:00:00,118.42,118.81,118.24,118.69,72925,0
2014-05-07,19:00:00,118.63,118.81,118.28,118.39,65241,0
2014-05-07,20:00:00,118.39,118.66,118.21,118.21,54875,0
2014-05-07,21:00:00,118.2,118.62,118.16,118.3,92096,0
2014-05-07,22:00:00,118.3,118.82,118.09,118.7,601446,0
