Date,Time,Open,High,Low,Close,Volume,OpenInt
2014-02-10,16:00:00,10.46,10.56,10.36,10.53,117708,0
2014-02-10,17:00:00,10.53,10.54,10.36,10.43,230133,0
2014-02-10,18:00:00,10.43,10.5,10.4,10.46,113519,0
2014-02-10,19:00:00,10.45,10.48,10.23,10.36,687248,0
2014-02-10,20:00:00,10.36,10.37,10.25,10.32,206356,0
2014-02-10,21:00:00,10.32,10.41,10.29,10.4,271709,0
2014-02-10,22:00:00,10.4,10.46,10.37,10.39,555420,0
2014-02-11,16:00:00,10.45,10.53,10.42,10.43,100863,0
2014-02-11,17:00:00,10.43,10.5,10.4,10.4,135359,0
2014-02-11,18:00:00,10.4,10.45,10.37,10.44,140358,0
2014-02-11,19:00:00,10.45,10.54,10.44,10.54,160779,0
2014-02-11,20:00:00,10.53,10.59,10.52,10.53,125934,0
2014-02-11,21:00:00,10.53,10.58,10.51,10.57,103596,0
2014-02-11,22:00:00,10.58,10.6,10.49,10.52,513117,0
2014-02-12,16:00:00,10.6,10.72,10.57,10.57,136900,0
2014-02-12,17:00:00,10.58,10.58,10.47,10.48,206460,0
2014-02-12,18:00:00,10.48,10.51,10.37,10.42,252295,0
2014-02-12,19:00:00,10.42,10.42,10.27,10.27,292790,0
2014-02-12,20:00:00,10.28,10.29,10.21,10.21,338152,0
2014-02-12,21:00:00,10.22,10.4,10.21,10.35,406530,0
2014-02-12,22:00:00,10.35,10.36,10.3,10.34,597407,0
2014-02-13,16:00:00,10.2,10.32,10.1,10.31,132483,0
2014-02-13,17:00:00,10.31,10.41,10.28,10.37,159157,0
2014-02-13,18:00:00,10.38,10.5,10.38,10.43,145145,0
2014-02-13,19:00:00,10.44,10.49,10.41,10.45,119216,0
2014-02-13,20:00:00,10.46,10.51,10.45,10.51,113191,0
2014-02-13,21:00:00,10.51,10.58,10.5,10.55,115382,0
2014-02-13,22:00:00,10.56,10.56,10.52,10.53,308925,0
2014-02-14,16:00:00,10.51,10.56,10.39,10.54,57739,0
2014-02-14,17:00:00,10.56,10.56,10.41,10.45,133825,0
2014-02-14,18:00:00,10.45,10.57,10.42,10.53,156881,0
2014-02-14,19:00:00,10.53,10.59,10.52,10.58,66236,0
2014-02-14,20:00:00,10.58,10.62,10.55,10.6,175174,0
2014-02-14,21:00:00,10.6,10.62,10.58,10.59,83485,0
2014-02-14,22:00:00,10.58,10.63,10.58,10.61,363333,0
2014-02-18,16:00:00,10.62,10.83,10.62,10.72,112345,0
2014-02-18,17:00:00,10.72,10.73,10.62,10.63,187200,0
2014-02-18,18:00:00,10.63,10.68,10.56,10.56,117090,0
2014-02-18,19:00:00,10.57,10.63,10.56,10.57,98798,0
2014-02-18,20:00:00,10.57,10.58,10.51,10.54,169439,0
2014-02-18,21:00:00,10.54,10.66,10.54,10.63,129465,0
2014-02-18,22:00:00,10.63,10.65,10.58,10.59,281999,0
2014-02-19,16:00:00,10.54,10.62,10.45,10.49,42953,0
2014-02-19,17:00:00,10.5,10.62,10.42,10.62,73659,0
2014-02-19,18:00:00,10.62,10.8,10.59,10.72,153866,0
2014-02-19,19:00:00,10.72,10.75,10.65,10.71,78941,0
2014-02-19,20:00:00,10.7,10.75,10.69,10.72,72302,0
2014-02-19,21:00:00,10.72,10.75,10.63,10.66,115307,0
2014-02-19,22:00:00,10.65,10.65,10.49,10.51,334804,0
2014-02-20,16:00:00,10.5,10.66,10.5,10.52,104838,0
2014-02-20,17:00:00,10.52,10.6,10.49,10.53,168705,0
2014-02-20,18:00:00,10.53,10.64,10.53,10.61,107259,0
2014-02-20,19:00:00,10.61,10.63,10.56,10.58,79551,0
2014-02-20,20:00:00,10.59,10.65,10.59,10.64,101860,0
2014-02-20,21:00:00,10.63,10.73,10.6,10.69,121078,0
2014-02-20,22:00:00,10.69,10.73,10.68,10.71,269280,0
2014-02-21,16:00:00,10.75,10.79,10.64,10.64,215639,0
2014-02-21,17:00:00,10.65,10.69,10.6,10.66,101647,0
2014-02-21,18:00:00,10.65,10.83,10.65,10.8,142339,0
2014-02-21,19:00:00,10.8,10.86,10.79,10.84,116644,0
2014-02-21,20:00:00,10.84,10.85,10.8,10.85,81151,0
2014-02-21,21:00:00,10.84,10.85,10.77,10.8,120543,0
2014-02-21,22:00:00,10.8,10.85,10.76,10.79,310756,0
2014-02-24,16:00:00,10.84,10.97,10.84,10.93,118647,0
2014-02-24,17:00:00,10.93,11.09,10.88,11.08,291364,0
2014-02-24,18:00:00,11.07,11.2,11.02,11.17,256033,0
2014-02-24,19:00:00,11.18,11.21,11.14,11.15,125871,0
2014-02-24,20:00:00,11.14,11.23,11.14,11.22,100047,0
2014-02-24,21:00:00,11.21,11.23,11.12,11.16,202090,0
2014-02-24,22:00:00,11.16,11.18,11.1,11.11,765531,0
2014-02-25,16:00:00,11.12,11.15,10.98,11.03,139862,0
2014-02-25,17:00:00,11.02,11.04,10.94,11.01,134508,0
2014-02-25,18:00:00,11.02,11.15,11.01,11.14,151515,0
2014-02-25,19:00:00,11.13,11.18,11.11,11.11,105353,0
2014-02-25,20:00:00,11.12,11.17,11.11,11.14,61136,0
2014-02-25,21:00:00,11.15,11.17,11.08,11.09,99570,0
2014-02-25,22:00:00,11.09,11.13,11.02,11.12,345613,0
2014-02-26,16:00:00,11.12,11.14,11,11.04,147402,0
2014-02-26,17:00:00,11.05,11.16,11.03,11.04,207206,0
2014-02-26,18:00:00,11.04,11.12,11.03,11.05,263318,0
2014-02-26,19:00:00,11.04,11.12,11.03,11.04,130982,0
2014-02-26,20:00:00,11.03,11.21,11.01,11.15,218758,0
2014-02-26,21:00:00,11.14,11.15,11.06,11.12,188251,0
2014-02-26,22:00:00,11.11,11.16,11.07,11.15,303848,0
2014-02-27,16:00:00,11.14,11.34,11.1,11.34,242882,0
2014-02-27,17:00:00,11.34,11.47,11.1,11.45,407990,0
2014-02-27,18:00:00,11.46,11.52,11.4,11.44,163842,0
2014-02-27,19:00:00,11.45,11.5,11.44,11.5,87450,0
2014-02-27,20:00:00,11.49,11.63,11.48,11.63,215369,0
2014-02-27,21:00:00,11.64,11.78,11.61,11.75,337998,0
2014-02-27,22:00:00,11.76,12.08,11.74,12.07,2303109,0
2014-02-28,16:00:00,12.08,12.09,11.74,11.84,552207,0
2014-02-28,17:00:00,11.84,11.85,11.66,11.73,688936,0
2014-02-28,18:00:00,11.73,11.74,11.56,11.64,390229,0
2014-02-28,19:00:00,11.64,11.75,11.63,11.75,231156,0
2014-02-28,20:00:00,11.75,11.86,11.72,11.82,452792,0
2014-02-28,21:00:00,11.83,11.84,11.53,11.6,468184,0
2014-02-28,22:00:00,11.6,11.64,11.44,11.62,943171,0
2014-03-03,16:00:00,11.4,11.48,11.23,11.4,331680,0
2014-03-03,17:00:00,11.4,11.4,11.21,11.25,559234,0
2014-03-03,18:00:00,11.26,11.28,11.01,11.01,780906,0
2014-03-03,19:00:00,11.01,11.16,10.94,11.14,440950,0
2014-03-03,20:00:00,11.14,11.22,11.1,11.21,150724,0
2014-03-03,21:00:00,11.21,11.33,11.18,11.28,336478,0
2014-03-03,22:00:00,11.29,11.31,11.25,11.3,619517,0
2014-03-04,16:00:00,11.47,11.61,11.45,11.52,711352,0
2014-03-04,17:00:00,11.53,11.53,11.45,11.47,468181,0
2014-03-04,18:00:00,11.48,11.54,11.46,11.47,290062,0
2014-03-04,19:00:00,11.47,11.71,11.46,11.61,545415,0
2014-03-04,20:00:00,11.61,11.61,11.5,11.51,188508,0
2014-03-04,21:00:00,11.52,11.6,11.5,11.58,206784,0
2014-03-04,22:00:00,11.58,11.58,11.45,11.47,975155,0
2014-03-05,16:00:00,11.5,11.56,11.45,11.55,119940,0
2014-03-05,17:00:00,11.55,11.62,11.48,11.62,510981,0
2014-03-05,18:00:00,11.61,11.62,11.43,11.44,329665,0
2014-03-05,19:00:00,11.43,11.49,11.4,11.49,235113,0
2014-03-05,20:00:00,11.49,11.6,11.44,11.6,768252,0
2014-03-05,21:00:00,11.6,11.71,11.51,11.58,501499,0
2014-03-05,22:00:00,11.59,11.73,11.48,11.61,2205664,0
2014-03-06,16:00:00,11.66,12.35,11.54,11.9,1291297,0
2014-03-06,17:00:00,11.9,12,11.79,11.88,1066169,0
2014-03-06,18:00:00,11.88,12.02,11.84,11.87,715796,0
2014-03-06,19:00:00,11.87,12.09,11.68,12.01,1130168,0
2014-03-06,20:00:00,12.01,12.13,11.93,12.1,681220,0
2014-03-06,21:00:00,12.1,12.33,12.1,12.18,1108806,0
2014-03-06,22:00:00,12.18,12.2,12.07,12.09,1381800,0
2014-03-07,16:00:00,12.16,12.28,12.14,12.27,333010,0
2014-03-07,17:00:00,12.27,12.59,12.25,12.52,1103720,0
2014-03-07,18:00:00,12.51,12.52,12.33,12.4,347141,0
2014-03-07,19:00:00,12.39,12.51,12.35,12.42,597326,0
2014-03-07,20:00:00,12.41,12.46,12.22,12.25,425786,0
2014-03-07,21:00:00,12.25,12.26,11.92,12.08,968407,0
2014-03-07,22:00:00,12.08,12.16,12,12.08,1230690,0
2014-03-10,15:00:00,12.07,12.07,11.88,12,213777,0
2014-03-10,16:00:00,11.98,11.99,11.75,11.87,356424,0
2014-03-10,17:00:00,11.88,11.96,11.83,11.87,248722,0
2014-03-10,18:00:00,11.86,11.87,11.78,11.83,201668,0
2014-03-10,19:00:00,11.83,11.84,11.75,11.79,246399,0
2014-03-10,20:00:00,11.78,11.81,11.75,11.79,276862,0
2014-03-10,21:00:00,11.78,11.81,11.72,11.8,1455680,0
2014-03-11,15:00:00,13.76,14,13.38,13.67,4146751,0
2014-03-11,16:00:00,13.66,14,13.4,13.74,3486096,0
2014-03-11,17:00:00,13.75,14.15,13.71,13.91,3229803,0
2014-03-11,18:00:00,13.92,13.94,13.57,13.8,1745867,0
2014-03-11,19:00:00,13.8,13.84,13.61,13.82,925617,0
2014-03-11,20:00:00,13.83,13.9,13.54,13.75,979311,0
2014-03-11,21:00:00,13.76,13.79,13.63,13.75,2352496,0
2014-03-12,15:00:00,13.67,13.71,13.37,13.56,772239,0
2014-03-12,16:00:00,13.55,13.77,13.52,13.72,690222,0
2014-03-12,17:00:00,13.72,13.82,13.72,13.76,312645,0
2014-03-12,18:00:00,13.75,14.34,13.72,14.17,1856003,0
2014-03-12,19:00:00,14.16,14.32,14.11,14.14,1266538,0
2014-03-12,20:00:00,14.15,14.58,14.1,14.27,1749070,0
2014-03-12,21:00:00,14.26,14.28,13.95,14.01,1939445,0
2014-03-13,15:00:00,14.02,14.03,13.66,13.74,441021,0
2014-03-13,16:00:00,13.75,13.85,13.68,13.79,316966,0
2014-03-13,17:00:00,13.79,13.89,13.72,13.79,423314,0
2014-03-13,18:00:00,13.79,13.8,13.65,13.65,363483,0
2014-03-13,19:00:00,13.65,13.75,13.52,13.75,507027,0
2014-03-13,20:00:00,13.75,13.87,13.73,13.79,832141,0
2014-03-13,21:00:00,13.79,13.95,13.75,13.83,1320960,0
2014-03-14,15:00:00,13.94,14.14,13.65,13.68,371542,0
2014-03-14,16:00:00,13.69,13.72,13.47,13.49,1106595,0
2014-03-14,17:00:00,13.49,13.8,13.4,13.75,349006,0
2014-03-14,18:00:00,13.75,13.76,13.64,13.73,244047,0
2014-03-14,19:00:00,13.73,13.87,13.73,13.78,220069,0
2014-03-14,20:00:00,13.78,13.94,13.76,13.85,311843,0
2014-03-14,21:00:00,13.85,13.89,13.78,13.82,679479,0
2014-03-17,15:00:00,13.97,14.12,13.91,13.95,229942,0
2014-03-17,16:00:00,13.93,14.13,13.9,14.01,470346,0
2014-03-17,17:00:00,14.01,14.13,13.98,14.13,321952,0
2014-03-17,18:00:00,14.13,14.2,14.09,14.18,251675,0
2014-03-17,19:00:00,14.17,14.25,14.14,14.24,234749,0
2014-03-17,20:00:00,14.24,14.3,14.18,14.22,338834,0
2014-03-17,21:00:00,14.21,14.23,14.01,14.1,765992,0
2014-03-18,15:00:00,14.14,14.31,14,14.25,261745,0
2014-03-18,16:00:00,14.26,14.54,14.17,14.31,595462,0
2014-03-18,17:00:00,14.31,14.36,14.27,14.3,303363,0
2014-03-18,18:00:00,14.31,14.32,14.2,14.25,370683,0
2014-03-18,19:00:00,14.26,14.36,14.24,14.34,308588,0
2014-03-18,20:00:00,14.34,14.46,14.31,14.45,670659,0
2014-03-18,21:00:00,14.44,14.52,14.32,14.39,1279723,0
2014-03-19,15:00:00,14.43,14.49,14.21,14.25,194738,0
2014-03-19,16:00:00,14.25,14.47,14.05,14.38,521129,0
2014-03-19,17:00:00,14.37,14.4,14.2,14.24,159610,0
2014-03-19,18:00:00,14.22,14.43,14.22,14.43,181927,0
2014-03-19,19:00:00,14.43,14.45,14.31,14.43,376034,0
2014-03-19,20:00:00,14.42,14.44,14.33,14.38,302992,0
2014-03-19,21:00:00,14.38,14.38,14.19,14.32,702894,0
2014-03-20,15:00:00,14.28,14.39,14.07,14.13,112337,0
2014-03-20,16:00:00,14.14,14.32,14.11,14.24,279455,0
2014-03-20,17:00:00,14.25,14.25,14.15,14.22,220400,0
2014-03-20,18:00:00,14.21,14.26,14.16,14.25,146942,0
2014-03-20,19:00:00,14.26,14.28,14.17,14.19,128304,0
2014-03-20,20:00:00,14.19,14.2,14.13,14.16,246770,0
2014-03-20,21:00:00,14.16,14.25,14.14,14.21,639450,0
2014-03-21,15:00:00,14.3,14.32,14.05,14.05,406074,0
2014-03-21,16:00:00,14.06,14.08,13.89,13.91,815401,0
2014-03-21,17:00:00,13.91,14.07,13.89,14,219319,0
2014-03-21,18:00:00,14,14.06,13.99,14.04,194516,0
2014-03-21,19:00:00,14.04,14.06,13.96,14.02,296628,0
2014-03-21,20:00:00,14.01,14.05,13.87,13.88,262423,0
2014-03-21,21:00:00,13.87,13.9,13.71,13.77,1493169,0
2014-03-24,15:00:00,13.81,13.94,13.75,13.9,358461,0
2014-03-24,16:00:00,13.89,13.89,13.49,13.58,459022,0
2014-03-24,17:00:00,13.57,13.57,13.29,13.36,614368,0
2014-03-24,18:00:00,13.36,13.47,13.35,13.4,261704,0
2014-03-24,19:00:00,13.41,13.69,13.4,13.69,452934,0
2014-03-24,20:00:00,13.69,13.8,13.68,13.76,210377,0
2014-03-24,21:00:00,13.76,13.85,13.71,13.83,594337,0
2014-03-25,15:00:00,13.89,13.99,13.8,13.9,251808,0
2014-03-25,16:00:00,13.89,13.91,13.6,13.63,318579,0
2014-03-25,17:00:00,13.63,13.7,13.54,13.6,201470,0
2014-03-25,18:00:00,13.6,13.74,13.53,13.68,287648,0
2014-03-25,19:00:00,13.68,13.74,13.66,13.7,120871,0
2014-03-25,20:00:00,13.7,13.72,13.58,13.6,169512,0
2014-03-25,21:00:00,13.6,13.72,13.6,13.66,447662,0
2014-03-26,15:00:00,13.7,13.7,13.29,13.37,441603,0
2014-03-26,16:00:00,13.37,13.47,13.21,13.24,343739,0
2014-03-26,17:00:00,13.23,13.29,13.13,13.17,322796,0
2014-03-26,18:00:00,13.17,13.24,13.06,13.16,350816,0
2014-03-26,19:00:00,13.16,13.17,12.95,13,447661,0
2014-03-26,20:00:00,12.98,13.29,12.83,13.29,571582,0
2014-03-26,21:00:00,13.27,13.29,13.09,13.09,936197,0
2014-03-27,15:00:00,13.03,13.12,12.98,12.99,454598,0
2014-03-27,16:00:00,12.99,13.09,12.85,13.06,628121,0
2014-03-27,17:00:00,13.07,13.08,12.83,12.89,194533,0
2014-03-27,18:00:00,12.9,12.95,12.84,12.88,140477,0
2014-03-27,19:00:00,12.89,12.94,12.85,12.9,110240,0
2014-03-27,20:00:00,12.9,12.91,12.81,12.85,138676,0
2014-03-27,21:00:00,12.85,12.95,12.83,12.93,439850,0
2014-03-28,15:00:00,12.97,13.2,12.83,12.83,191713,0
2014-03-28,16:00:00,12.83,12.96,12.83,12.95,547239,0
2014-03-28,17:00:00,12.95,12.96,12.88,12.96,294154,0
2014-03-28,18:00:00,12.96,13.12,12.9,13.12,341797,0
2014-03-28,19:00:00,13.12,13.14,13.04,13.11,353682,0
2014-03-28,20:00:00,13.1,13.14,12.95,13.12,502606,0
2014-03-28,21:00:00,13.12,13.18,13.03,13.04,615020,0
2014-03-31,16:00:00,13.11,13.43,13.11,13.42,169652,0
2014-03-31,17:00:00,13.44,13.56,13.25,13.47,395170,0
2014-03-31,18:00:00,13.48,13.48,13.32,13.37,177703,0
2014-03-31,19:00:00,13.37,13.42,13.29,13.3,410956,0
2014-03-31,20:00:00,13.3,13.3,13.18,13.2,220353,0
2014-03-31,21:00:00,13.2,13.28,13.19,13.25,197036,0
2014-03-31,22:00:00,13.25,13.27,13.16,13.2,652721,0
2014-04-01,16:00:00,13.45,13.62,13.37,13.45,348404,0
2014-04-01,17:00:00,13.45,13.51,13.3,13.41,410222,0
2014-04-01,18:00:00,13.41,13.48,13.25,13.25,174902,0
2014-04-01,19:00:00,13.27,13.31,13.23,13.25,146319,0
2014-04-01,20:00:00,13.25,13.28,13.2,13.22,139105,0
2014-04-01,21:00:00,13.23,13.25,13.19,13.25,166604,0
2014-04-01,22:00:00,13.25,13.27,13.17,13.23,777830,0
2014-04-02,16:00:00,13.1,13.24,13.03,13.06,224636,0
2014-04-02,17:00:00,13.05,13.26,13.05,13.26,176825,0
2014-04-02,18:00:00,13.26,13.27,13.17,13.18,144838,0
2014-04-02,19:00:00,13.17,13.27,13.14,13.26,154720,0
2014-04-02,20:00:00,13.26,13.31,13.19,13.2,176818,0
2014-04-02,21:00:00,13.2,13.28,13.2,13.28,163557,0
2014-04-02,22:00:00,13.29,13.35,13.26,13.27,424125,0
2014-04-03,16:00:00,13.3,13.37,13.21,13.28,73879,0
2014-04-03,17:00:00,13.29,13.31,13.05,13.11,384811,0
2014-04-03,18:00:00,13.12,13.13,13.03,13.03,122458,0
2014-04-03,19:00:00,13.03,13.05,12.86,12.89,251841,0
2014-04-03,20:00:00,12.88,12.91,12.76,12.78,208871,0
2014-04-03,21:00:00,12.78,12.79,12.7,12.79,312528,0
2014-04-03,22:00:00,12.79,13.01,12.78,12.92,832298,0
2014-04-04,16:00:00,13.06,13.07,12.86,12.91,142020,0
2014-04-04,17:00:00,12.92,13.1,12.89,12.9,430840,0
2014-04-04,18:00:00,12.91,12.93,12.79,12.79,756796,0
2014-04-04,19:00:00,12.79,12.82,12.66,12.68,373145,0
2014-04-04,20:00:00,12.68,12.72,12.61,12.69,196363,0
2014-04-04,21:00:00,12.71,12.72,12.56,12.6,264782,0
2014-04-04,22:00:00,12.6,12.6,12.51,12.54,729084,0
2014-04-07,16:00:00,12.52,12.52,12.14,12.31,366893,0
2014-04-07,17:00:00,12.31,12.36,12.08,12.17,501905,0
2014-04-07,18:00:00,12.16,12.23,12.06,12.06,263889,0
2014-04-07,19:00:00,12.06,12.13,11.99,12.1,240352,0
2014-04-07,20:00:00,12.09,12.11,11.99,12.04,241505,0
2014-04-07,21:00:00,12.02,12.18,12,12.18,395234,0
2014-04-07,22:00:00,12.18,12.27,12.11,12.19,1188790,0
2014-04-08,16:00:00,12.22,12.34,12.14,12.21,248821,0
2014-04-08,17:00:00,12.21,12.29,12.02,12.18,259165,0
2014-04-08,18:00:00,12.18,12.31,12.17,12.29,236847,0
2014-04-08,19:00:00,12.29,12.37,12.27,12.34,128796,0
2014-04-08,20:00:00,12.34,12.39,12.32,12.36,137467,0
2014-04-08,21:00:00,12.36,12.37,12.21,12.21,162524,0
2014-04-08,22:00:00,12.21,12.34,12.21,12.28,388471,0
2014-04-09,16:00:00,12.32,12.66,12.32,12.61,183078,0
2014-04-09,17:00:00,12.59,12.63,12.38,12.4,316749,0
2014-04-09,18:00:00,12.4,12.43,12.35,12.4,118428,0
2014-04-09,19:00:00,12.4,12.47,12.32,12.43,131894,0
2014-04-09,20:00:00,12.44,12.46,12.41,12.42,122005,0
2014-04-09,21:00:00,12.42,12.63,12.42,12.55,266011,0
2014-04-09,22:00:00,12.56,12.59,12.5,12.58,465991,0
2014-04-10,16:00:00,12.62,12.73,12.54,12.59,137810,0
2014-04-10,17:00:00,12.6,12.6,12.21,12.21,259022,0
2014-04-10,18:00:00,12.2,12.27,12.09,12.11,315854,0
2014-04-10,19:00:00,12.11,12.18,12.02,12.15,278540,0
2014-04-10,20:00:00,12.15,12.17,12.05,12.15,177243,0
2014-04-10,21:00:00,12.15,12.23,12.05,12.07,227711,0
2014-04-10,22:00:00,12.08,12.24,12,12.17,837811,0
2014-04-11,16:00:00,12.05,12.14,11.89,12.11,126185,0
2014-04-11,17:00:00,12.1,12.3,11.91,12.25,240359,0
2014-04-11,18:00:00,12.25,12.27,12.11,12.2,186774,0
2014-04-11,19:00:00,12.2,12.25,12.15,12.22,202426,0
2014-04-11,20:00:00,12.24,12.24,12.15,12.16,222645,0
2014-04-11,21:00:00,12.17,12.2,12.06,12.12,308584,0
2014-04-11,22:00:00,12.12,12.21,12.11,12.12,569930,0
2014-04-14,16:00:00,12.24,12.42,12.18,12.23,74454,0
2014-04-14,17:00:00,12.23,12.35,12.18,12.3,292286,0
2014-04-14,18:00:00,12.3,12.31,12.14,12.17,141753,0
2014-04-14,19:00:00,12.17,12.24,12.14,12.18,295255,0
2014-04-14,20:00:00,12.19,12.19,12.04,12.05,105937,0
2014-04-14,21:00:00,12.05,12.08,11.95,11.96,200064,0
2014-04-14,22:00:00,11.95,12.02,11.85,12,624789,0
2014-04-15,16:00:00,12.08,12.14,11.96,12.09,69274,0
2014-04-15,17:00:00,12.09,12.11,11.66,11.68,314438,0
2014-04-15,18:00:00,11.68,11.69,11.51,11.55,455972,0
2014-04-15,19:00:00,11.55,11.55,11.42,11.47,221108,0
2014-04-15,20:00:00,11.47,11.66,11.44,11.58,377221,0
2014-04-15,21:00:00,11.59,11.67,11.51,11.63,454281,0
2014-04-15,22:00:00,11.64,11.67,11.54,11.67,535167,0
2014-04-16,16:00:00,11.79,11.87,11.56,11.64,200611,0
2014-04-16,17:00:00,11.62,11.69,11.47,11.48,327002,0
2014-04-16,18:00:00,11.47,11.5,11.36,11.48,309390,0
2014-04-16,19:00:00,11.48,11.59,11.45,11.46,468426,0
2014-04-16,20:00:00,11.46,11.58,11.43,11.55,223889,0
2014-04-16,21:00:00,11.55,11.69,11.52,11.68,267800,0
2014-04-16,22:00:00,11.69,11.7,11.63,11.68,687549,0
2014-04-17,16:00:00,11.61,11.76,11.49,11.57,83295,0
2014-04-17,17:00:00,11.57,11.81,11.55,11.77,383186,0
2014-04-17,18:00:00,11.78,11.8,11.6,11.65,346685,0
2014-04-17,19:00:00,11.65,11.68,11.54,11.56,239194,0
2014-04-17,20:00:00,11.55,11.87,11.55,11.72,746288,0
2014-04-17,21:00:00,11.72,11.73,11.67,11.69,217110,0
2014-04-17,22:00:00,11.69,11.76,11.65,11.72,430283,0
2014-04-21,16:00:00,11.75,11.77,11.66,11.76,141755,0
2014-04-21,17:00:00,11.76,11.98,11.66,11.96,1104259,0
2014-04-21,18:00:00,11.96,12.24,11.96,12.15,1042730,0
2014-04-21,19:00:00,12.16,12.31,12.1,12.17,822185,0
2014-04-21,20:00:00,12.17,12.22,12.09,12.15,545358,0
2014-04-21,21:00:00,12.16,12.24,12.08,12.12,467582,0
2014-04-21,22:00:00,12.13,12.16,12.05,12.14,725865,0
2014-04-22,16:00:00,12.21,12.6,12.21,12.41,135038,0
2014-04-22,17:00:00,12.4,12.52,12.37,12.51,206274,0
2014-04-22,18:00:00,12.51,12.53,12.45,12.45,155083,0
2014-04-22,19:00:00,12.46,12.53,12.44,12.51,208314,0
2014-04-22,20:00:00,12.52,12.62,12.48,12.59,337917,0
2014-04-22,21:00:00,12.58,12.61,12.51,12.53,299298,0
2014-04-22,22:00:00,12.53,12.63,12.52,12.56,672907,0
2014-04-23,16:00:00,12.57,12.6,12.39,12.42,108971,0
2014-04-23,17:00:00,12.41,12.45,12.25,12.38,174723,0
2014-04-23,18:00:00,12.39,12.47,12.27,12.47,184006,0
2014-04-23,19:00:00,12.47,12.47,12.38,12.41,86927,0
2014-04-23,20:00:00,12.4,12.43,12.37,12.38,149427,0
2014-04-23,21:00:00,12.38,12.43,12.27,12.4,230624,0
2014-04-23,22:00:00,12.4,12.42,12.33,12.35,751142,0
2014-04-24,16:00:00,12.33,12.4,12.14,12.25,136784,0
2014-04-24,17:00:00,12.25,12.43,12.23,12.4,189119,0
2014-04-24,18:00:00,12.4,12.59,12.39,12.43,174319,0
2014-04-24,19:00:00,12.43,12.46,12.34,12.45,155455,0
2014-04-24,20:00:00,12.45,12.47,12.3,12.3,162738,0
2014-04-24,21:00:00,12.31,12.34,12.27,12.28,127246,0
2014-04-24,22:00:00,12.29,12.3,12.25,12.28,316823,0
2014-04-25,16:00:00,12.18,12.21,12.02,12.07,191159,0
2014-04-25,17:00:00,12.07,12.08,11.82,11.83,230735,0
2014-04-25,18:00:00,11.82,11.97,11.79,11.82,120257,0
2014-04-25,19:00:00,11.83,11.91,11.76,11.77,232671,0
2014-04-25,20:00:00,11.76,11.77,11.68,11.7,141530,0
2014-04-25,21:00:00,11.7,11.72,11.61,11.62,143935,0
2014-04-25,22:00:00,11.64,11.7,11.59,11.69,539108,0
2014-04-28,16:00:00,11.69,11.73,11.31,11.34,285490,0
2014-04-28,17:00:00,11.34,11.59,11.28,11.53,748057,0
2014-04-28,18:00:00,11.53,11.56,11.47,11.48,941045,0
2014-04-28,19:00:00,11.48,11.54,11.48,11.5,816160,0
2014-04-28,20:00:00,11.5,11.51,11.3,11.34,656498,0
2014-04-28,21:00:00,11.33,11.42,11.3,11.35,144671,0
2014-04-28,22:00:00,11.35,11.52,11.35,11.42,424930,0
2014-04-29,16:00:00,11.52,11.76,11.49,11.65,123426,0
2014-04-29,17:00:00,11.65,11.69,11.43,11.54,562633,0
2014-04-29,18:00:00,11.53,11.73,11.53,11.63,195451,0
2014-04-29,19:00:00,11.63,11.85,11.62,11.72,249078,0
2014-04-29,20:00:00,11.72,11.74,11.65,11.68,271063,0
2014-04-29,21:00:00,11.68,11.81,11.68,11.79,139724,0
2014-04-29,22:00:00,11.8,11.81,11.71,11.78,419419,0
2014-04-30,16:00:00,11.78,11.89,11.71,11.79,90850,0
2014-04-30,17:00:00,11.79,11.9,11.71,11.87,150558,0
2014-04-30,18:00:00,11.87,11.9,11.75,11.76,160244,0
2014-04-30,19:00:00,11.77,11.79,11.7,11.74,133679,0
2014-04-30,20:00:00,11.74,11.78,11.72,11.78,200806,0
2014-04-30,21:00:00,11.78,11.84,11.7,11.82,284887,0
2014-04-30,22:00:00,11.83,11.85,11.74,11.82,857543,0
2014-05-01,16:00:00,11.06,11.42,10.65,11.04,1267481,0
2014-05-01,17:00:00,11.05,11.66,11,11.61,1774589,0
2014-05-01,18:00:00,11.6,11.82,11.49,11.52,1064024,0
2014-05-01,19:00:00,11.52,11.63,11.26,11.36,1015448,0
2014-05-01,20:00:00,11.37,11.48,11.24,11.24,534476,0
2014-05-01,21:00:00,11.25,11.4,11.21,11.31,515437,0
2014-05-01,22:00:00,11.31,11.47,11.3,11.38,1060588,0
2014-05-02,16:00:00,11.47,11.59,11.4,11.49,163076,0
2014-05-02,17:00:00,11.48,11.63,11.45,11.57,288248,0
2014-05-02,18:00:00,11.57,11.75,11.56,11.69,279950,0
2014-05-02,19:00:00,11.7,11.75,11.63,11.71,185629,0
2014-05-02,20:00:00,11.71,11.71,11.57,11.6,126228,0
2014-05-02,21:00:00,11.6,11.6,11.54,11.56,188939,0
2014-05-02,22:00:00,11.55,11.56,11.48,11.51,479766,0
2014-05-05,16:00:00,11.41,11.41,11.22,11.35,152138,0
2014-05-05,17:00:00,11.35,11.44,11.24,11.32,208453,0
2014-05-05,18:00:00,11.33,11.34,11.22,11.24,168985,0
2014-05-05,19:00:00,11.24,11.4,11.2,11.37,227645,0
2014-05-05,20:00:00,11.36,11.36,11.2,11.3,194022,0
2014-05-05,21:00:00,11.3,11.37,11.29,11.35,166406,0
2014-05-05,22:00:00,11.35,11.38,11.3,11.37,582223,0
2014-05-06,16:00:00,11.31,11.36,11.2,11.35,90016,0
2014-05-06,17:00:00,11.34,11.37,11.24,11.25,145557,0
2014-05-06,18:00:00,11.24,11.27,11.21,11.22,192130,0
2014-05-06,19:00:00,11.22,11.22,11.08,11.1,101086,0
2014-05-06,20:00:00,11.1,11.11,10.99,11,188941,0
2014-05-06,21:00:00,11,11.05,10.98,11.03,168375,0
2014-05-06,22:00:00,11.03,11.07,11,11.05,502075,0
2014-05-07,16:00:00,11.05,11.17,10.99,10.99,175226,0
2014-05-07,17:00:00,10.99,11.03,10.83,10.84,279260,0
2014-05-07,18:00:00,10.83,10.87,10.63,10.81,337465,0
2014-05-07,19:00:00,10.79,10.84,10.77,10.8,246663,0
2014-05-07,20:00:00,10.8,10.83,10.66,10.67,131060,0
2014-05-07,21:00:00,10.66,10.9,10.66,10.87,246603,0
2014-05-07,22:00:00,10.87,10.9,10.79,10.89,383493,0
