Date,Time,Open,High,Low,Close,Volume,OpenInt
2014-02-10,16:00:00,63.4234,63.9011,63.1448,63.7916,62012,0
2014-02-10,17:00:00,63.8513,63.8713,63.6324,63.7717,98809,0
2014-02-10,18:00:00,63.7518,64.0802,63.7518,63.9807,129773,0
2014-02-10,19:00:00,63.9807,64.1798,63.9708,64.1101,72701,0
2014-02-10,20:00:00,64.12,64.4684,64.0703,64.4186,139197,0
2014-02-10,21:00:00,64.4385,64.548,64.339,64.339,225233,0
2014-02-10,22:00:00,64.3489,64.4584,64.339,64.3788,567985,0
2014-02-11,16:00:00,64.2992,64.4684,64.0802,64.2992,66805,0
2014-02-11,17:00:00,64.2693,64.5181,64.1997,64.5181,83174,0
2014-02-11,18:00:00,64.5082,64.8167,64.4982,64.7769,60790,0
2014-02-11,19:00:00,64.7868,64.8366,64.6276,64.7868,172730,0
2014-02-11,20:00:00,64.7868,64.9859,64.7769,64.8565,149573,0
2014-02-11,21:00:00,64.8366,64.8565,64.7371,64.7868,54378,0
2014-02-11,22:00:00,64.7669,64.8067,64.6077,64.6574,208685,0
2014-02-12,16:00:00,64.6873,64.757,64.3191,64.757,74326,0
2014-02-12,17:00:00,64.757,64.7669,64.2096,64.2395,112809,0
2014-02-12,18:00:00,64.2494,64.2992,63.9907,64.0902,101329,0
2014-02-12,19:00:00,64.1001,64.1997,64.0404,64.1499,63711,0
2014-02-12,20:00:00,64.14,64.3788,64.14,64.3091,57360,0
2014-02-12,21:00:00,64.2992,64.3091,63.8812,64.0305,139781,0
2014-02-12,22:00:00,64.0106,64.1599,63.9907,64.13,194577,0
2014-02-13,16:00:00,64,64.27,63.67,64.06,79585,0
2014-02-13,17:00:00,64.01,64.56,64,64.55,91075,0
2014-02-13,18:00:00,64.57,64.66,64.44,64.48,73081,0
2014-02-13,19:00:00,64.46,64.54,64.35,64.5,48309,0
2014-02-13,20:00:00,64.48,64.53,64.38,64.42,59019,0
2014-02-13,21:00:00,64.42,64.46,64.32,64.42,101508,0
2014-02-13,22:00:00,64.42,64.42,64.34,64.38,236051,0
2014-02-14,16:00:00,64.4,64.47,64.1,64.46,54682,0
2014-02-14,17:00:00,64.46,64.84,64.39,64.72,88837,0
2014-02-14,18:00:00,64.72,64.95,64.59,64.86,57100,0
2014-02-14,19:00:00,64.91,65,64.79,64.87,75675,0
2014-02-14,20:00:00,64.87,65.07,64.84,65.04,96014,0
2014-02-14,21:00:00,65.05,65.28,64.98,65.24,127495,0
2014-02-14,22:00:00,65.24,65.3,65.17,65.3,251410,0
2014-02-18,16:00:00,65.73,65.73,65.17,65.28,130980,0
2014-02-18,17:00:00,65.25,65.34,65.02,65.11,86480,0
2014-02-18,18:00:00,65.07,65.35,65.04,65.24,63588,0
2014-02-18,19:00:00,65.26,65.35,65.24,65.27,55363,0
2014-02-18,20:00:00,65.29,65.6,65.23,65.54,238541,0
2014-02-18,21:00:00,65.55,65.61,65.42,65.43,266346,0
2014-02-18,22:00:00,65.44,65.5,65.36,65.46,423656,0
2014-02-19,16:00:00,65.47,65.67,65.32,65.44,40882,0
2014-02-19,17:00:00,65.48,65.61,65.38,65.43,82447,0
2014-02-19,18:00:00,65.42,65.52,65.36,65.43,95015,0
2014-02-19,19:00:00,65.42,65.58,65.38,65.53,317400,0
2014-02-19,20:00:00,65.54,65.69,65.54,65.66,61537,0
2014-02-19,21:00:00,65.66,66.08,65.59,65.79,387291,0
2014-02-19,22:00:00,65.8,65.83,65.55,65.56,365042,0
2014-02-20,16:00:00,65.72,65.99,65.56,65.61,40850,0
2014-02-20,17:00:00,65.58,66.05,65.45,66.03,73572,0
2014-02-20,18:00:00,66.04,66.19,66.01,66.06,69578,0
2014-02-20,19:00:00,66.07,66.35,66.05,66.22,59010,0
2014-02-20,20:00:00,66.22,66.31,66.1,66.1,74730,0
2014-02-20,21:00:00,66.1,66.32,66.04,66.31,80695,0
2014-02-20,22:00:00,66.32,66.44,66.26,66.27,376041,0
2014-02-21,16:00:00,66.4,66.61,66.27,66.54,63528,0
2014-02-21,17:00:00,66.5,66.79,66.49,66.7,154373,0
2014-02-21,18:00:00,66.68,66.8,66.58,66.71,67640,0
2014-02-21,19:00:00,66.69,66.8,66.56,66.57,51719,0
2014-02-21,20:00:00,66.57,66.66,66.43,66.46,68900,0
2014-02-21,21:00:00,66.45,66.47,66.21,66.26,69139,0
2014-02-21,22:00:00,66.25,66.34,66.12,66.15,163423,0
2014-02-24,16:00:00,66.33,66.94,66.33,66.9,70209,0
2014-02-24,17:00:00,66.93,67.25,66.88,67.23,125384,0
2014-02-24,18:00:00,67.23,67.53,67.14,67.51,111372,0
2014-02-24,19:00:00,67.51,67.64,67.51,67.62,105429,0
2014-02-24,20:00:00,67.62,67.62,67.47,67.51,90856,0
2014-02-24,21:00:00,67.51,67.65,67.5,67.53,93379,0
2014-02-24,22:00:00,67.52,67.55,67.38,67.44,311511,0
2014-02-25,16:00:00,67.33,67.41,67,67.23,51398,0
2014-02-25,17:00:00,67.21,67.59,67.18,67.39,116532,0
2014-02-25,18:00:00,67.4,67.66,67.27,67.38,77924,0
2014-02-25,19:00:00,67.36,67.42,67.26,67.3,75299,0
2014-02-25,20:00:00,67.29,67.51,67.23,67.38,56554,0
2014-02-25,21:00:00,67.43,67.44,67.28,67.32,172690,0
2014-02-25,22:00:00,67.29,67.34,67.12,67.32,199924,0
2014-02-26,16:00:00,67.47,67.55,67.2,67.31,45877,0
2014-02-26,17:00:00,67.34,67.95,67.34,67.66,162449,0
2014-02-26,18:00:00,67.67,67.95,67.64,67.86,156054,0
2014-02-26,19:00:00,67.86,67.99,67.77,67.81,137673,0
2014-02-26,20:00:00,67.81,67.82,67.49,67.49,77490,0
2014-02-26,21:00:00,67.49,67.51,67.21,67.32,69281,0
2014-02-26,22:00:00,67.32,67.46,67.18,67.43,226019,0
2014-02-27,16:00:00,67.26,67.65,67.19,67.32,69083,0
2014-02-27,17:00:00,67.35,67.5,67.02,67.41,106311,0
2014-02-27,18:00:00,67.41,67.68,67.39,67.67,78504,0
2014-02-27,19:00:00,67.65,67.7,67.53,67.61,67363,0
2014-02-27,20:00:00,67.59,67.77,67.55,67.7,65830,0
2014-02-27,21:00:00,67.68,67.71,67.51,67.6,66249,0
2014-02-27,22:00:00,67.6,67.77,67.55,67.75,225940,0
2014-02-28,16:00:00,67.75,67.75,67.2,67.44,119877,0
2014-02-28,17:00:00,67.41,68.11,67.4,67.98,91157,0
2014-02-28,18:00:00,68,68.52,67.88,68.5,97768,0
2014-02-28,19:00:00,68.5,68.56,68.36,68.39,103257,0
2014-02-28,20:00:00,68.37,68.48,68.34,68.34,53872,0
2014-02-28,21:00:00,68.33,68.34,67.86,67.9,83842,0
2014-02-28,22:00:00,67.9,68.15,67.62,67.98,278171,0
2014-03-03,16:00:00,67.73,67.84,67.29,67.76,115147,0
2014-03-03,17:00:00,67.71,68.11,67.55,68.11,205608,0
2014-03-03,18:00:00,68.1,68.11,67.66,67.67,102080,0
2014-03-03,19:00:00,67.68,67.82,67.49,67.82,52091,0
2014-03-03,20:00:00,67.8,67.99,67.75,67.92,70211,0
2014-03-03,21:00:00,67.93,68.12,67.87,68,91691,0
2014-03-03,22:00:00,68.01,68.12,67.9,68.12,288985,0
2014-03-04,16:00:00,68.6,69.41,68.56,69.03,142495,0
2014-03-04,17:00:00,69.06,69.11,68.8,68.85,152255,0
2014-03-04,18:00:00,68.85,68.85,68.57,68.63,151881,0
2014-03-04,19:00:00,68.64,69.01,68.64,68.75,81522,0
2014-03-04,20:00:00,68.78,68.81,68.63,68.66,69328,0
2014-03-04,21:00:00,68.63,68.66,68.48,68.64,83733,0
2014-03-04,22:00:00,68.63,68.7,68.54,68.65,286504,0
2014-03-05,16:00:00,68.63,68.78,68.23,68.38,89830,0
2014-03-05,17:00:00,68.42,68.42,68.22,68.28,126160,0
2014-03-05,18:00:00,68.27,68.37,68.26,68.31,67591,0
2014-03-05,19:00:00,68.3,68.39,68.29,68.32,66519,0
2014-03-05,20:00:00,68.32,68.36,68.28,68.31,65133,0
2014-03-05,21:00:00,68.32,68.39,68.18,68.2,50094,0
2014-03-05,22:00:00,68.18,68.31,68.14,68.23,284150,0
2014-03-06,16:00:00,68.27,68.53,68.21,68.44,36709,0
2014-03-06,17:00:00,68.45,68.6,68.37,68.5,64932,0
2014-03-06,18:00:00,68.52,68.52,68.4,68.52,54792,0
2014-03-06,19:00:00,68.53,68.59,68.34,68.36,39363,0
2014-03-06,20:00:00,68.36,68.42,68.29,68.33,49297,0
2014-03-06,21:00:00,68.31,68.47,68.3,68.4,52034,0
2014-03-06,22:00:00,68.39,68.43,68.19,68.27,210987,0
2014-03-07,16:00:00,68.44,68.59,68.18,68.25,33056,0
2014-03-07,17:00:00,68.25,68.4,68.08,68.27,70719,0
2014-03-07,18:00:00,68.28,68.3,68.04,68.3,60808,0
2014-03-07,19:00:00,68.32,68.38,68.16,68.16,34994,0
2014-03-07,20:00:00,68.16,68.21,68.06,68.19,40953,0
2014-03-07,21:00:00,68.18,68.4,68.16,68.34,41783,0
2014-03-07,22:00:00,68.35,68.42,68.19,68.42,153154,0
2014-03-10,15:00:00,68.43,68.8,68.39,68.51,91063,0
2014-03-10,16:00:00,68.52,68.67,68.47,68.6,54145,0
2014-03-10,17:00:00,68.56,68.69,68.49,68.56,61915,0
2014-03-10,18:00:00,68.52,68.58,68.42,68.53,56005,0
2014-03-10,19:00:00,68.52,68.65,68.4,68.5,52585,0
2014-03-10,20:00:00,68.49,68.57,68.33,68.41,66927,0
2014-03-10,21:00:00,68.41,68.54,68.34,68.49,341632,0
2014-03-11,15:00:00,68.54,68.59,68.32,68.56,32981,0
2014-03-11,16:00:00,68.56,68.76,68.41,68.65,62845,0
2014-03-11,17:00:00,68.67,68.74,68.53,68.61,56208,0
2014-03-11,18:00:00,68.58,68.63,68.36,68.53,69394,0
2014-03-11,19:00:00,68.54,68.56,68.44,68.53,74187,0
2014-03-11,20:00:00,68.53,68.58,68.23,68.23,118311,0
2014-03-11,21:00:00,68.23,68.4,68.12,68.39,199585,0
2014-03-12,15:00:00,67.03,68.31,66.88,68.21,140687,0
2014-03-12,16:00:00,68.17,68.24,67.81,68.06,86519,0
2014-03-12,17:00:00,68.04,68.14,67.97,68.05,130194,0
2014-03-12,18:00:00,68.06,68.23,68.04,68.22,83014,0
2014-03-12,19:00:00,68.22,68.22,67.9,68.02,99493,0
2014-03-12,20:00:00,68.02,68.13,67.93,68.12,117299,0
2014-03-12,21:00:00,68.13,68.2,67.94,68.15,594488,0
2014-03-13,15:00:00,68.28,68.42,68.04,68.2,80060,0
2014-03-13,16:00:00,68.17,68.48,68.12,68.19,333572,0
2014-03-13,17:00:00,68.18,68.48,68.16,68.2,110568,0
2014-03-13,18:00:00,68.21,68.35,67.91,68,83674,0
2014-03-13,19:00:00,67.99,68.08,67.8,68.03,117922,0
2014-03-13,20:00:00,68.04,68.04,67.76,67.86,100351,0
2014-03-13,21:00:00,67.85,68,67.69,67.92,371651,0
2014-03-14,15:00:00,67.88,68.32,67.82,68.16,92610,0
2014-03-14,16:00:00,68.15,68.43,68.06,68.23,121924,0
2014-03-14,17:00:00,68.22,68.43,68.17,68.4,87992,0
2014-03-14,18:00:00,68.39,68.47,68.3,68.38,73241,0
2014-03-14,19:00:00,68.4,68.52,68.28,68.45,136968,0
2014-03-14,20:00:00,68.46,68.52,68.26,68.31,79098,0
2014-03-14,21:00:00,68.26,68.46,68.23,68.38,242752,0
2014-03-17,15:00:00,68.82,69.44,68.74,69.18,183895,0
2014-03-17,16:00:00,69.16,69.26,68.77,68.78,72495,0
2014-03-17,17:00:00,68.76,68.86,68.64,68.77,39267,0
2014-03-17,18:00:00,68.8,68.91,68.78,68.89,49944,0
2014-03-17,19:00:00,68.91,68.91,68.52,68.55,51628,0
2014-03-17,20:00:00,68.56,68.85,68.56,68.73,67701,0
2014-03-17,21:00:00,68.73,68.77,68.62,68.75,206202,0
2014-03-18,15:00:00,68.88,68.88,68.51,68.8,31573,0
2014-03-18,16:00:00,68.84,68.92,68.5,68.5,103236,0
2014-03-18,17:00:00,68.51,68.7,68.4,68.58,67675,0
2014-03-18,18:00:00,68.62,68.63,68.42,68.63,56114,0
2014-03-18,19:00:00,68.6,68.75,68.56,68.66,83333,0
2014-03-18,20:00:00,68.66,68.68,68.59,68.61,56640,0
2014-03-18,21:00:00,68.62,68.64,68.46,68.58,238600,0
2014-03-19,15:00:00,68.4,68.63,68.1,68.61,53039,0
2014-03-19,16:00:00,68.6,68.7,68.51,68.66,81705,0
2014-03-19,17:00:00,68.65,68.85,68.65,68.7,60569,0
2014-03-19,18:00:00,68.69,68.71,68.44,68.46,56164,0
2014-03-19,19:00:00,68.46,68.48,68.35,68.41,74118,0
2014-03-19,20:00:00,68.43,68.43,68.03,68.15,109286,0
2014-03-19,21:00:00,68.15,68.19,67.71,67.98,410280,0
2014-03-20,15:00:00,67.98,68.57,67.61,67.61,66948,0
2014-03-20,16:00:00,67.64,67.92,67.62,67.88,194694,0
2014-03-20,17:00:00,67.92,67.94,67.63,67.74,127684,0
2014-03-20,18:00:00,67.75,68.1,67.72,68.1,46928,0
2014-03-20,19:00:00,68.1,68.11,67.93,68.04,67358,0
2014-03-20,20:00:00,68.04,68.08,67.96,67.96,67446,0
2014-03-20,21:00:00,67.97,68.05,67.9,68.02,303644,0
2014-03-21,15:00:00,67.94,68.39,67.91,68.23,286703,0
2014-03-21,16:00:00,68.24,68.39,68.15,68.38,129383,0
2014-03-21,17:00:00,68.38,68.66,68.36,68.6,97780,0
2014-03-21,18:00:00,68.6,68.61,68.32,68.32,73649,0
2014-03-21,19:00:00,68.33,68.36,68.24,68.29,72362,0
2014-03-21,20:00:00,68.28,68.33,68.07,68.07,88357,0
2014-03-21,21:00:00,68.07,68.15,67.57,67.63,1366456,0
2014-03-24,15:00:00,68.03,68.67,67.76,68.2,52560,0
2014-03-24,16:00:00,68.19,68.28,67.9,68.19,100668,0
2014-03-24,17:00:00,68.16,68.17,67.98,68.05,69646,0
2014-03-24,18:00:00,68.05,68.18,67.91,67.96,62250,0
2014-03-24,19:00:00,67.98,68.22,67.98,68.22,61574,0
2014-03-24,20:00:00,68.23,68.28,67.87,67.9,81222,0
2014-03-24,21:00:00,67.91,68.15,67.76,67.91,871763,0
2014-03-25,15:00:00,68.2,68.52,67.95,68.42,193596,0
2014-03-25,16:00:00,68.42,68.6,68.23,68.4,162088,0
2014-03-25,17:00:00,68.4,68.49,68.26,68.32,87740,0
2014-03-25,18:00:00,68.34,68.66,68.25,68.66,86608,0
2014-03-25,19:00:00,68.66,68.69,68.48,68.49,60748,0
2014-03-25,20:00:00,68.48,68.5,68.16,68.18,76006,0
2014-03-25,21:00:00,68.18,68.33,68.17,68.24,297938,0
2014-03-26,15:00:00,68.65,68.65,68.3,68.4,28978,0
2014-03-26,16:00:00,68.36,68.6,68.22,68.34,44752,0
2014-03-26,17:00:00,68.34,68.69,68.33,68.62,47494,0
2014-03-26,18:00:00,68.6,68.79,68.51,68.79,44714,0
2014-03-26,19:00:00,68.78,68.8,68.51,68.58,61690,0
2014-03-26,20:00:00,68.55,68.74,68.51,68.67,42256,0
2014-03-26,21:00:00,68.7,68.7,68.31,68.34,147395,0
2014-03-27,15:00:00,68.54,69.27,68.31,69.02,67300,0
2014-03-27,16:00:00,68.98,69.11,68.4,68.4,150845,0
2014-03-27,17:00:00,68.41,68.49,68.2,68.33,74296,0
2014-03-27,18:00:00,68.33,68.41,68.18,68.4,80815,0
2014-03-27,19:00:00,68.43,68.49,68.18,68.19,76598,0
2014-03-27,20:00:00,68.18,68.25,68,68.25,124317,0
2014-03-27,21:00:00,68.22,68.22,68,68.17,178507,0
2014-03-28,15:00:00,68.27,68.45,68.2,68.32,60118,0
2014-03-28,16:00:00,68.32,68.32,68.06,68.22,60472,0
2014-03-28,17:00:00,68.28,68.38,68.15,68.37,46027,0
2014-03-28,18:00:00,68.39,68.42,68.25,68.3,52638,0
2014-03-28,19:00:00,68.28,68.28,68.04,68.06,42306,0
2014-03-28,20:00:00,68.07,68.08,67.95,68.03,39794,0
2014-03-28,21:00:00,68.04,68.17,67.97,68.11,155010,0
2014-03-31,16:00:00,68.55,68.56,67.94,68.33,41720,0
2014-03-31,17:00:00,68.34,68.55,68.28,68.51,79293,0
2014-03-31,18:00:00,68.51,68.59,68.47,68.55,51909,0
2014-03-31,19:00:00,68.55,68.81,68.55,68.78,34649,0
2014-03-31,20:00:00,68.78,68.93,68.78,68.84,61253,0
2014-03-31,21:00:00,68.85,68.98,68.83,68.95,53286,0
2014-03-31,22:00:00,68.95,69.1,68.86,69.07,1555308,0
2014-04-01,16:00:00,68.9,68.99,68.62,68.65,31997,0
2014-04-01,17:00:00,68.62,68.72,68.18,68.22,112663,0
2014-04-01,18:00:00,68.22,68.46,68.22,68.41,72973,0
2014-04-01,19:00:00,68.39,68.46,68.28,68.36,52770,0
2014-04-01,20:00:00,68.34,68.42,68.29,68.39,46320,0
2014-04-01,21:00:00,68.41,68.5,68.39,68.44,69755,0
2014-04-01,22:00:00,68.43,68.56,68.35,68.56,316860,0
2014-04-02,16:00:00,68.4,68.6,68.18,68.3,48077,0
2014-04-02,17:00:00,68.33,68.82,68.24,68.81,77645,0
2014-04-02,18:00:00,68.82,68.86,68.66,68.77,70893,0
2014-04-02,19:00:00,68.75,68.81,68.63,68.7,47206,0
2014-04-02,20:00:00,68.73,68.77,68.52,68.68,52477,0
2014-04-02,21:00:00,68.68,68.75,68.47,68.53,85115,0
2014-04-02,22:00:00,68.52,68.7,68.47,68.57,174579,0
2014-04-03,16:00:00,68.84,68.86,68.43,68.84,29021,0
2014-04-03,17:00:00,68.83,68.85,68.52,68.66,76008,0
2014-04-03,18:00:00,68.68,68.69,68.44,68.45,52643,0
2014-04-03,19:00:00,68.45,68.69,68.44,68.64,45426,0
2014-04-03,20:00:00,68.64,68.76,68.6,68.6,44955,0
2014-04-03,21:00:00,68.6,68.67,68.52,68.6,66769,0
2014-04-03,22:00:00,68.6,68.72,68.54,68.65,175430,0
2014-04-04,16:00:00,68.82,69,68.63,68.71,35247,0
2014-04-04,17:00:00,68.68,68.84,68.65,68.73,127993,0
2014-04-04,18:00:00,68.72,68.8,68.43,68.52,133291,0
2014-04-04,19:00:00,68.5,68.54,68.23,68.27,93505,0
2014-04-04,20:00:00,68.28,68.4,68.03,68.07,86376,0
2014-04-04,21:00:00,68.06,68.21,68.04,68.08,145657,0
2014-04-04,22:00:00,68.1,68.18,67.95,67.96,404313,0
2014-04-07,16:00:00,67.95,68.37,67.65,68.29,32430,0
2014-04-07,17:00:00,68.25,68.46,68.18,68.4,117615,0
2014-04-07,18:00:00,68.37,68.52,68.31,68.38,94922,0
2014-04-07,19:00:00,68.39,68.47,68.25,68.38,100717,0
2014-04-07,20:00:00,68.35,68.35,68.14,68.28,72280,0
2014-04-07,21:00:00,68.27,68.37,68.1,68.15,79725,0
2014-04-07,22:00:00,68.16,68.49,68.15,68.32,321976,0
2014-04-08,16:00:00,68.15,68.37,67.93,68.28,65212,0
2014-04-08,17:00:00,68.29,68.38,68.1,68.27,101028,0
2014-04-08,18:00:00,68.28,68.7,68.28,68.67,73348,0
2014-04-08,19:00:00,68.66,68.67,68.45,68.57,86086,0
2014-04-08,20:00:00,68.57,68.84,68.53,68.79,50364,0
2014-04-08,21:00:00,68.79,68.79,68.62,68.67,81580,0
2014-04-08,22:00:00,68.67,68.75,68.59,68.68,226258,0
2014-04-09,16:00:00,69.04,69.4,69.02,69.02,73204,0
2014-04-09,17:00:00,69.03,69.12,68.78,68.96,88065,0
2014-04-09,18:00:00,68.93,69.02,68.87,68.96,76053,0
2014-04-09,19:00:00,68.95,69.03,68.82,68.84,55700,0
2014-04-09,20:00:00,68.85,68.86,68.67,68.67,47386,0
2014-04-09,21:00:00,68.67,68.88,68.67,68.82,51121,0
2014-04-09,22:00:00,68.82,69.06,68.77,69.06,304429,0
2014-04-10,16:00:00,68.96,69.34,68.86,69.23,53724,0
2014-04-10,17:00:00,69.24,69.42,69.02,69.02,68786,0
2014-04-10,18:00:00,69.01,69.04,68.88,68.92,83673,0
2014-04-10,19:00:00,68.92,69,68.62,68.62,85719,0
2014-04-10,20:00:00,68.63,68.71,68.36,68.62,111129,0
2014-04-10,21:00:00,68.61,68.7,68.25,68.28,107252,0
2014-04-10,22:00:00,68.28,68.47,68.15,68.22,316784,0
2014-04-11,16:00:00,68.2,68.53,68,68.3,52281,0
2014-04-11,17:00:00,68.29,68.41,68.01,68.16,66950,0
2014-04-11,18:00:00,68.18,68.18,67.95,68.03,65034,0
2014-04-11,19:00:00,68.07,68.1,67.88,67.94,58718,0
2014-04-11,20:00:00,67.95,68.15,67.88,67.95,128336,0
2014-04-11,21:00:00,67.96,68.05,67.88,67.98,80956,0
2014-04-11,22:00:00,67.97,68.03,67.83,67.92,251951,0
2014-04-14,16:00:00,68.18,68.64,68.1,68.21,55460,0
2014-04-14,17:00:00,68.2,68.36,68.12,68.23,63347,0
2014-04-14,18:00:00,68.22,68.31,68.15,68.22,42316,0
2014-04-14,19:00:00,68.24,68.52,68.24,68.46,62470,0
2014-04-14,20:00:00,68.45,68.56,68.4,68.4,45776,0
2014-04-14,21:00:00,68.39,68.41,68.2,68.24,50362,0
2014-04-14,22:00:00,68.23,68.35,68.02,68.33,205086,0
2014-04-15,16:00:00,68.44,68.74,68.44,68.67,23702,0
2014-04-15,17:00:00,68.66,68.67,68.11,68.3,97573,0
2014-04-15,18:00:00,68.26,68.44,68.15,68.23,55523,0
2014-04-15,19:00:00,68.25,68.25,68.06,68.13,77063,0
2014-04-15,20:00:00,68.14,68.22,68.07,68.17,70883,0
2014-04-15,21:00:00,68.2,68.52,68.16,68.44,116144,0
2014-04-15,22:00:00,68.44,68.55,68.34,68.44,231599,0
2014-04-16,16:00:00,68.76,69.03,68.7,68.76,52334,0
2014-04-16,17:00:00,68.8,69.22,68.7,69.15,73599,0
2014-04-16,18:00:00,69.11,69.25,69.05,69.17,33676,0
2014-04-16,19:00:00,69.18,69.23,68.93,69.02,41128,0
2014-04-16,20:00:00,68.99,69.04,68.88,68.98,27592,0
2014-04-16,21:00:00,68.99,69.06,68.93,69.06,46231,0
2014-04-16,22:00:00,69.03,69.14,69,69.08,130303,0
2014-04-17,16:00:00,69.04,69.23,68.88,68.88,19131,0
2014-04-17,17:00:00,68.93,69.12,68.65,69.07,66235,0
2014-04-17,18:00:00,69.08,69.11,68.99,69.07,35897,0
2014-04-17,19:00:00,69.06,69.16,68.96,69,25777,0
2014-04-17,20:00:00,69.01,69.13,69,69.06,21961,0
2014-04-17,21:00:00,69.07,69.16,69.05,69.16,24037,0
2014-04-17,22:00:00,69.17,69.25,69.1,69.18,64477,0
2014-04-21,16:00:00,69.05,69.41,68.7,69.26,44616,0
2014-04-21,17:00:00,69.3,69.72,69.24,69.48,101483,0
2014-04-21,18:00:00,69.49,69.6,69.41,69.41,59472,0
2014-04-21,19:00:00,69.4,69.4,69.13,69.23,54521,0
2014-04-21,20:00:00,69.23,69.47,69.23,69.42,35706,0
2014-04-21,21:00:00,69.4,69.46,69.3,69.3,50806,0
2014-04-21,22:00:00,69.32,69.35,69.18,69.3,145578,0
2014-04-22,16:00:00,69.42,69.42,69.01,69.04,73193,0
2014-04-22,17:00:00,69.02,69.05,68.42,68.48,217483,0
2014-04-22,18:00:00,68.5,68.82,68.48,68.74,94895,0
2014-04-22,19:00:00,68.73,68.82,68.58,68.77,71468,0
2014-04-22,20:00:00,68.78,68.83,68.69,68.72,73332,0
2014-04-22,21:00:00,68.73,68.77,68.69,68.72,106236,0
2014-04-22,22:00:00,68.71,68.74,68.47,68.53,236284,0
2014-04-23,16:00:00,68.69,68.71,68.41,68.55,73455,0
2014-04-23,17:00:00,68.5,68.59,68.44,68.5,165376,0
2014-04-23,18:00:00,68.49,68.53,68.38,68.43,85754,0
2014-04-23,19:00:00,68.43,68.55,68.4,68.5,84718,0
2014-04-23,20:00:00,68.5,68.54,68.41,68.41,134299,0
2014-04-23,21:00:00,68.4,68.5,68.11,68.44,271243,0
2014-04-23,22:00:00,68.46,68.5,68.43,68.43,266354,0
2014-04-24,16:00:00,68.7,68.74,68.31,68.31,66663,0
2014-04-24,17:00:00,68.33,68.54,68.32,68.32,78221,0
2014-04-24,18:00:00,68.33,68.5,68.26,68.4,56856,0
2014-04-24,19:00:00,68.39,68.48,68.37,68.43,57648,0
2014-04-24,20:00:00,68.42,68.47,68.28,68.29,71361,0
2014-04-24,21:00:00,68.3,68.42,68.28,68.41,112352,0
2014-04-24,22:00:00,68.42,68.47,68.28,68.42,311745,0
2014-04-25,16:00:00,68.45,68.56,68.3,68.46,79342,0
2014-04-25,17:00:00,68.47,68.68,68.44,68.53,68095,0
2014-04-25,18:00:00,68.52,68.6,68.35,68.6,48251,0
2014-04-25,19:00:00,68.55,68.72,68.48,68.7,54839,0
2014-04-25,20:00:00,68.7,68.73,68.64,68.68,46504,0
2014-04-25,21:00:00,68.7,68.7,68.56,68.63,33681,0
2014-04-25,22:00:00,68.64,68.8,68.61,68.71,201716,0
2014-04-28,16:00:00,68.98,69.48,68.91,69.32,89303,0
2014-04-28,17:00:00,69.33,69.61,69.3,69.59,173817,0
2014-04-28,18:00:00,69.6,69.75,69.54,69.57,96435,0
2014-04-28,19:00:00,69.56,69.66,69.53,69.6,102595,0
2014-04-28,20:00:00,69.58,69.6,69.23,69.38,155542,0
2014-04-28,21:00:00,69.38,69.45,69.28,69.39,177801,0
2014-04-28,22:00:00,69.4,69.73,69.4,69.56,297873,0
2014-04-29,16:00:00,69.56,69.85,69.25,69.53,105436,0
2014-04-29,17:00:00,69.55,69.66,69.41,69.66,100026,0
2014-04-29,18:00:00,69.66,69.67,69.38,69.38,81269,0
2014-04-29,19:00:00,69.36,69.45,69.3,69.37,56025,0
2014-04-29,20:00:00,69.35,69.36,68.94,69.19,140221,0
2014-04-29,21:00:00,69.22,69.22,69.03,69.03,99679,0
2014-04-29,22:00:00,69.04,69.14,68.92,69.05,274036,0
2014-04-30,16:00:00,69.2,69.39,69.06,69.35,72285,0
2014-04-30,17:00:00,69.34,69.4,69.05,69.12,129234,0
2014-04-30,18:00:00,69.1,69.15,69.03,69.15,114221,0
2014-04-30,19:00:00,69.16,69.27,69.06,69.08,136567,0
2014-04-30,20:00:00,69.08,69.09,68.76,68.83,142995,0
2014-04-30,21:00:00,68.82,68.97,68.61,68.87,228380,0
2014-04-30,22:00:00,68.88,69.08,68.73,69.01,1263845,0
2014-05-01,16:00:00,68.99,69.05,68.02,68.23,144386,0
2014-05-01,17:00:00,68.21,68.28,67.64,67.65,280039,0
2014-05-01,18:00:00,67.65,67.8,67.5,67.7,319222,0
2014-05-01,19:00:00,67.7,67.96,67.64,67.9,177024,0
2014-05-01,20:00:00,67.91,68.3,67.86,68.18,240060,0
2014-05-01,21:00:00,68.17,68.19,67.93,67.96,188853,0
2014-05-01,22:00:00,67.98,68.17,67.95,68.07,356062,0
2014-05-02,16:00:00,68.05,68.24,67.56,67.61,71335,0
2014-05-02,17:00:00,67.59,68.2,67.57,68.11,191936,0
2014-05-02,18:00:00,68.11,68.32,68.09,68.23,195082,0
2014-05-02,19:00:00,68.25,68.43,68.23,68.34,107229,0
2014-05-02,20:00:00,68.35,68.49,68.29,68.43,74244,0
2014-05-02,21:00:00,68.4,68.48,68.36,68.45,71003,0
2014-05-02,22:00:00,68.46,68.59,68.44,68.54,343498,0
2014-05-05,16:00:00,68.04,68.16,67.72,68.04,75628,0
2014-05-05,17:00:00,68.05,68.32,67.77,68.28,97447,0
2014-05-05,18:00:00,68.29,68.41,68.11,68.15,44711,0
2014-05-05,19:00:00,68.16,68.19,68.03,68.03,42491,0
2014-05-05,20:00:00,68.06,68.2,68.06,68.11,33636,0
2014-05-05,21:00:00,68.11,68.28,68.04,68.2,51846,0
2014-05-05,22:00:00,68.2,68.21,68.06,68.15,248555,0
2014-05-06,16:00:00,68.14,68.27,67.77,68,22416,0
2014-05-06,17:00:00,67.91,68.14,67.86,67.98,50878,0
2014-05-06,18:00:00,67.97,68.1,67.96,68.02,51344,0
2014-05-06,19:00:00,68.01,68.02,67.88,67.92,19837,0
2014-05-06,20:00:00,67.93,67.93,67.72,67.74,45435,0
2014-05-06,21:00:00,67.74,67.83,67.67,67.77,83301,0
2014-05-06,22:00:00,67.78,67.88,67.7,67.72,241692,0
2014-05-07,16:00:00,67.83,68.11,67.76,68.01,60497,0
2014-05-07,17:00:00,68,68.04,67.75,68,128990,0
2014-05-07,18:00:00,68.01,68.23,67.98,68.14,90527,0
2014-05-07,19:00:00,68.11,68.17,68.02,68.1,62174,0
2014-05-07,20:00:00,68.13,68.27,68.09,68.11,58026,0
2014-05-07,21:00:00,68.1,68.29,68.08,68.16,58392,0
2014-05-07,22:00:00,68.17,68.19,67.92,68.04,537437,0
