Date,Time,Open,High,Low,Close,Volume,OpenInt
2014-02-10,16:00:00,10.332,10.382,10.332,10.382,30327,0
2014-02-10,17:00:00,10.382,10.391,10.293,10.293,78700,0
2014-02-10,18:00:00,10.293,10.342,10.254,10.283,38559,0
2014-02-10,19:00:00,10.283,10.283,10.244,10.264,109681,0
2014-02-10,20:00:00,10.274,10.283,10.254,10.254,29964,0
2014-02-10,21:00:00,10.254,10.274,10.254,10.264,42166,0
2014-02-10,22:00:00,10.264,10.264,10.234,10.234,268620,0
2014-02-11,16:00:00,10.332,10.362,10.332,10.352,112633,0
2014-02-11,17:00:00,10.352,10.401,10.342,10.382,172271,0
2014-02-11,18:00:00,10.382,10.411,10.362,10.391,51485,0
2014-02-11,19:00:00,10.391,10.421,10.372,10.391,71426,0
2014-02-11,20:00:00,10.391,10.421,10.362,10.391,71605,0
2014-02-11,21:00:00,10.382,10.391,10.342,10.372,147951,0
2014-02-11,22:00:00,10.372,10.382,10.342,10.362,336727,0
2014-02-12,16:00:00,10.716,10.784,10.696,10.696,309412,0
2014-02-12,17:00:00,10.706,10.706,10.549,10.578,436637,0
2014-02-12,18:00:00,10.578,10.706,10.578,10.617,107786,0
2014-02-12,19:00:00,10.607,10.666,10.607,10.666,51662,0
2014-02-12,20:00:00,10.666,10.716,10.657,10.676,42871,0
2014-02-12,21:00:00,10.676,10.696,10.657,10.666,68076,0
2014-02-12,22:00:00,10.666,10.706,10.666,10.696,110528,0
2014-02-13,16:00:00,10.529,10.568,10.509,10.549,82107,0
2014-02-13,17:00:00,10.539,10.598,10.529,10.568,72948,0
2014-02-13,18:00:00,10.549,10.558,10.539,10.539,15603,0
2014-02-13,19:00:00,10.549,10.568,10.549,10.549,33817,0
2014-02-13,20:00:00,10.568,10.607,10.549,10.578,30706,0
2014-02-13,21:00:00,10.588,10.598,10.549,10.558,91382,0
2014-02-13,22:00:00,10.568,10.588,10.558,10.588,112734,0
2014-02-14,16:00:00,10.941,10.961,10.932,10.951,109197,0
2014-02-14,17:00:00,10.961,11.03,10.961,10.991,269233,0
2014-02-14,18:00:00,10.991,11,10.951,10.961,155381,0
2014-02-14,19:00:00,10.951,10.971,10.882,10.902,165542,0
2014-02-14,20:00:00,10.902,10.961,10.892,10.951,100923,0
2014-02-14,21:00:00,10.941,10.981,10.922,10.981,72020,0
2014-02-14,22:00:00,10.981,10.991,10.961,10.971,177433,0
2014-02-18,16:00:00,10.951,11,10.941,10.951,41005,0
2014-02-18,17:00:00,10.951,10.981,10.922,10.951,72738,0
2014-02-18,18:00:00,10.951,10.961,10.882,10.882,32420,0
2014-02-18,19:00:00,10.873,10.882,10.833,10.853,38079,0
2014-02-18,20:00:00,10.853,10.863,10.824,10.853,95555,0
2014-02-18,21:00:00,10.853,10.902,10.843,10.853,103848,0
2014-02-18,22:00:00,10.853,10.873,10.853,10.853,51206,0
2014-02-19,16:00:00,10.912,10.971,10.912,10.971,31029,0
2014-02-19,17:00:00,10.961,11.059,10.961,11.049,47874,0
2014-02-19,18:00:00,11.03,11.04,10.971,10.971,36176,0
2014-02-19,19:00:00,10.961,11.01,10.951,10.971,49300,0
2014-02-19,20:00:00,10.971,11.01,10.971,11,27346,0
2014-02-19,21:00:00,10.991,11.01,10.981,10.981,69543,0
2014-02-19,22:00:00,10.981,10.991,10.941,10.951,55958,0
2014-02-20,16:00:00,10.833,10.863,10.814,10.863,51673,0
2014-02-20,17:00:00,10.853,10.961,10.853,10.932,60387,0
2014-02-20,18:00:00,10.941,10.951,10.863,10.873,45204,0
2014-02-20,19:00:00,10.873,10.882,10.863,10.882,41438,0
2014-02-20,20:00:00,10.882,10.922,10.882,10.922,22369,0
2014-02-20,21:00:00,10.912,10.922,10.882,10.922,21309,0
2014-02-20,22:00:00,10.912,10.932,10.902,10.902,66544,0
2014-02-21,16:00:00,10.941,11,10.932,11,48160,0
2014-02-21,17:00:00,11,11.04,11,11.02,67427,0
2014-02-21,18:00:00,11.01,11.01,10.951,10.971,32719,0
2014-02-21,19:00:00,10.961,10.971,10.941,10.971,13395,0
2014-02-21,20:00:00,10.971,10.991,10.951,10.971,32983,0
2014-02-21,21:00:00,10.971,10.981,10.932,10.981,44832,0
2014-02-21,22:00:00,10.981,10.981,10.912,10.922,51803,0
2014-02-24,16:00:00,10.941,11,10.941,10.991,20464,0
2014-02-24,17:00:00,10.991,11.049,10.981,11.02,28305,0
2014-02-24,18:00:00,11.02,11.089,11.02,11.049,50667,0
2014-02-24,19:00:00,11.049,11.089,10.981,10.991,77908,0
2014-02-24,20:00:00,10.991,11,10.971,10.991,59134,0
2014-02-24,21:00:00,10.981,11.01,10.981,10.991,118144,0
2014-02-24,22:00:00,10.991,11,10.971,10.991,144752,0
2014-02-25,16:00:00,10.912,10.951,10.912,10.922,8425,0
2014-02-25,17:00:00,10.922,10.922,10.873,10.882,31978,0
2014-02-25,18:00:00,10.882,10.922,10.863,10.873,75952,0
2014-02-25,19:00:00,10.873,10.882,10.853,10.853,10385,0
2014-02-25,20:00:00,10.853,10.873,10.853,10.873,11505,0
2014-02-25,21:00:00,10.853,10.863,10.824,10.833,15760,0
2014-02-25,22:00:00,10.824,10.873,10.824,10.853,59154,0
2014-02-26,16:00:00,10.833,10.853,10.765,10.774,105024,0
2014-02-26,17:00:00,10.784,10.814,10.784,10.794,23675,0
2014-02-26,18:00:00,10.794,10.804,10.686,10.696,66409,0
2014-02-26,19:00:00,10.696,10.755,10.696,10.735,53771,0
2014-02-26,20:00:00,10.725,10.745,10.706,10.706,79869,0
2014-02-26,21:00:00,10.706,10.725,10.676,10.706,75048,0
2014-02-26,22:00:00,10.706,10.716,10.696,10.696,124117,0
2014-02-27,16:00:00,10.647,10.657,10.617,10.647,87915,0
2014-02-27,17:00:00,10.657,10.666,10.607,10.627,63007,0
2014-02-27,18:00:00,10.617,10.686,10.617,10.647,82844,0
2014-02-27,19:00:00,10.647,10.676,10.617,10.676,68805,0
2014-02-27,20:00:00,10.676,10.686,10.657,10.666,38693,0
2014-02-27,21:00:00,10.657,10.666,10.647,10.666,49098,0
2014-02-27,22:00:00,10.666,10.686,10.657,10.676,108028,0
2014-02-28,16:00:00,10.716,10.765,10.706,10.755,33063,0
2014-02-28,17:00:00,10.735,10.765,10.725,10.745,32594,0
2014-02-28,18:00:00,10.735,10.804,10.725,10.804,101511,0
2014-02-28,19:00:00,10.794,10.804,10.774,10.794,17366,0
2014-02-28,20:00:00,10.804,10.824,10.794,10.814,14439,0
2014-02-28,21:00:00,10.814,10.833,10.804,10.814,29423,0
2014-02-28,22:00:00,10.824,10.824,10.716,10.725,75459,0
2014-03-03,16:00:00,10.539,10.588,10.529,10.549,53656,0
2014-03-03,17:00:00,10.558,10.568,10.529,10.558,75307,0
2014-03-03,18:00:00,10.549,10.549,10.342,10.362,64816,0
2014-03-03,19:00:00,10.362,10.401,10.362,10.391,170781,0
2014-03-03,20:00:00,10.382,10.509,10.372,10.441,88741,0
2014-03-03,21:00:00,10.441,10.46,10.411,10.441,41235,0
2014-03-03,22:00:00,10.45,10.45,10.382,10.382,118751,0
2014-03-04,16:00:00,10.588,10.617,10.588,10.617,12716,0
2014-03-04,17:00:00,10.617,10.617,10.539,10.598,96715,0
2014-03-04,18:00:00,10.598,10.617,10.499,10.549,98491,0
2014-03-04,19:00:00,10.558,10.588,10.558,10.578,6711,0
2014-03-04,20:00:00,10.588,10.588,10.558,10.568,19890,0
2014-03-04,21:00:00,10.558,10.568,10.519,10.558,25080,0
2014-03-04,22:00:00,10.549,10.578,10.519,10.558,67724,0
2014-03-05,16:00:00,10.657,10.657,10.627,10.637,55498,0
2014-03-05,17:00:00,10.637,10.686,10.617,10.657,264973,0
2014-03-05,18:00:00,10.657,10.696,10.598,10.627,53199,0
2014-03-05,19:00:00,10.627,10.657,10.607,10.657,20114,0
2014-03-05,20:00:00,10.666,10.666,10.647,10.657,13745,0
2014-03-05,21:00:00,10.647,10.686,10.637,10.657,53656,0
2014-03-05,22:00:00,10.647,10.686,10.647,10.686,92485,0
2014-03-06,16:00:00,10.981,11,10.794,10.981,140225,0
2014-03-06,17:00:00,10.981,10.991,10.912,10.941,57300,0
2014-03-06,18:00:00,10.941,10.971,10.892,10.951,87099,0
2014-03-06,19:00:00,10.951,10.961,10.882,10.961,147230,0
2014-03-06,20:00:00,10.961,10.971,10.941,10.961,73253,0
2014-03-06,21:00:00,10.961,10.981,10.932,10.981,46193,0
2014-03-06,22:00:00,10.971,10.991,10.951,10.971,96258,0
2014-03-07,16:00:00,11.059,11.079,11.02,11.059,54541,0
2014-03-07,17:00:00,11.059,11.099,11.01,11.089,106242,0
2014-03-07,18:00:00,11.069,11.089,11.04,11.069,53357,0
2014-03-07,19:00:00,11.059,11.108,11.059,11.089,34400,0
2014-03-07,20:00:00,11.089,11.108,11.069,11.108,37696,0
2014-03-07,21:00:00,11.108,11.118,11.079,11.108,35901,0
2014-03-07,22:00:00,11.108,11.118,11.069,11.099,123649,0
2014-03-10,15:00:00,10.941,10.971,10.941,10.951,20587,0
2014-03-10,16:00:00,10.941,10.941,10.833,10.833,38114,0
2014-03-10,17:00:00,10.843,10.922,10.843,10.902,30966,0
2014-03-10,18:00:00,10.902,10.951,10.873,10.922,49669,0
2014-03-10,19:00:00,10.912,10.941,10.912,10.932,21105,0
2014-03-10,20:00:00,10.922,10.951,10.922,10.941,17106,0
2014-03-10,21:00:00,10.941,10.981,10.932,10.932,72490,0
2014-03-11,15:00:00,10.922,10.961,10.922,10.922,51742,0
2014-03-11,16:00:00,10.922,10.991,10.922,10.971,61734,0
2014-03-11,17:00:00,10.981,10.981,10.922,10.922,15732,0
2014-03-11,18:00:00,10.922,10.922,10.824,10.833,34720,0
2014-03-11,19:00:00,10.824,10.892,10.824,10.873,19580,0
2014-03-11,20:00:00,10.863,10.882,10.843,10.853,30444,0
2014-03-11,21:00:00,10.843,10.853,10.794,10.794,97175,0
2014-03-12,15:00:00,10.686,10.686,10.617,10.627,19187,0
2014-03-12,16:00:00,10.647,10.666,10.607,10.657,37670,0
2014-03-12,17:00:00,10.657,10.824,10.657,10.814,43411,0
2014-03-12,18:00:00,10.824,10.853,10.725,10.833,75321,0
2014-03-12,19:00:00,10.843,10.843,10.735,10.784,44040,0
2014-03-12,20:00:00,10.794,10.824,10.784,10.794,23568,0
2014-03-12,21:00:00,10.794,10.794,10.696,10.725,125923,0
2014-03-13,15:00:00,10.784,10.804,10.765,10.784,13775,0
2014-03-13,16:00:00,10.794,10.794,10.686,10.686,46386,0
2014-03-13,17:00:00,10.676,10.706,10.627,10.657,92074,0
2014-03-13,18:00:00,10.657,10.657,10.519,10.519,77741,0
2014-03-13,19:00:00,10.519,10.549,10.49,10.49,60234,0
2014-03-13,20:00:00,10.48,10.49,10.441,10.441,33000,0
2014-03-13,21:00:00,10.45,10.48,10.411,10.46,133619,0
2014-03-14,15:00:00,10.382,10.499,10.382,10.49,76046,0
2014-03-14,16:00:00,10.48,10.549,10.48,10.519,25281,0
2014-03-14,17:00:00,10.529,10.716,10.519,10.666,37383,0
2014-03-14,18:00:00,10.657,10.657,10.519,10.558,40770,0
2014-03-14,19:00:00,10.558,10.558,10.48,10.509,30495,0
2014-03-14,20:00:00,10.499,10.519,10.47,10.47,63098,0
2014-03-14,21:00:00,10.47,10.499,10.47,10.48,77238,0
2014-03-17,15:00:00,10.824,10.892,10.814,10.863,43002,0
2014-03-17,16:00:00,10.863,10.882,10.824,10.853,113140,0
2014-03-17,17:00:00,10.853,10.922,10.853,10.912,66403,0
2014-03-17,18:00:00,10.922,10.941,10.892,10.892,65187,0
2014-03-17,19:00:00,10.902,10.932,10.902,10.922,49748,0
2014-03-17,20:00:00,10.922,10.941,10.892,10.932,62694,0
2014-03-17,21:00:00,10.941,10.951,10.912,10.922,143969,0
2014-03-18,15:00:00,11.03,11.049,11,11.01,38069,0
2014-03-18,16:00:00,11.01,11.04,10.991,11.02,46865,0
2014-03-18,17:00:00,11.02,11.049,11.01,11.04,51429,0
2014-03-18,18:00:00,11.04,11.049,11.02,11.04,25091,0
2014-03-18,19:00:00,11.049,11.049,11.02,11.02,21727,0
2014-03-18,20:00:00,11.03,11.04,11.01,11.04,53412,0
2014-03-18,21:00:00,11.04,11.049,11.02,11.049,93750,0
2014-03-19,15:00:00,10.971,10.971,10.932,10.932,34374,0
2014-03-19,16:00:00,10.932,10.941,10.892,10.912,44739,0
2014-03-19,17:00:00,10.902,10.932,10.892,10.902,67627,0
2014-03-19,18:00:00,10.902,10.922,10.843,10.863,55137,0
2014-03-19,19:00:00,10.863,10.892,10.843,10.843,36263,0
2014-03-19,20:00:00,10.853,10.882,10.804,10.833,53967,0
2014-03-19,21:00:00,10.824,10.833,10.725,10.725,112861,0
2014-03-20,15:00:00,10.794,10.833,10.774,10.774,18938,0
2014-03-20,16:00:00,10.774,10.853,10.765,10.843,14442,0
2014-03-20,17:00:00,10.843,10.843,10.804,10.814,29430,0
2014-03-20,18:00:00,10.804,10.873,10.755,10.755,24818,0
2014-03-20,19:00:00,10.755,10.814,10.755,10.794,30326,0
2014-03-20,20:00:00,10.784,10.804,10.784,10.784,11670,0
2014-03-20,21:00:00,10.794,10.833,10.784,10.814,56257,0
2014-03-21,15:00:00,10.814,10.814,10.765,10.794,28697,0
2014-03-21,16:00:00,10.784,10.833,10.784,10.824,44316,0
2014-03-21,17:00:00,10.833,10.833,10.765,10.765,110151,0
2014-03-21,18:00:00,10.765,10.765,10.696,10.696,15901,0
2014-03-21,19:00:00,10.696,10.706,10.686,10.686,14479,0
2014-03-21,20:00:00,10.686,10.696,10.627,10.647,36756,0
2014-03-21,21:00:00,10.637,10.676,10.588,10.588,669072,0
2014-03-24,15:00:00,10.637,10.647,10.588,10.588,19744,0
2014-03-24,16:00:00,10.588,10.588,10.48,10.509,58554,0
2014-03-24,17:00:00,10.509,10.568,10.49,10.529,31257,0
2014-03-24,18:00:00,10.529,10.558,10.47,10.519,32793,0
2014-03-24,19:00:00,10.509,10.529,10.49,10.519,25162,0
2014-03-24,20:00:00,10.519,10.549,10.509,10.549,34976,0
2014-03-24,21:00:00,10.549,10.578,10.519,10.539,72309,0
2014-03-26,15:00:00,10.902,10.951,10.892,10.951,41514,0
2014-03-26,16:00:00,10.941,10.951,10.912,10.922,22874,0
2014-03-26,17:00:00,10.922,10.951,10.892,10.922,31392,0
2014-03-26,18:00:00,10.912,10.941,10.882,10.902,43376,0
2014-03-26,19:00:00,10.892,10.951,10.892,10.941,26427,0
2014-03-26,20:00:00,10.932,10.941,10.892,10.902,56577,0
2014-03-26,21:00:00,10.912,10.922,10.873,10.882,95845,0
2014-03-27,15:00:00,10.902,10.912,10.873,10.902,11334,0
2014-03-27,16:00:00,10.902,10.922,10.863,10.892,7222,0
2014-03-27,17:00:00,10.873,10.902,10.863,10.902,7747,0
2014-03-27,18:00:00,10.892,10.892,10.833,10.853,15633,0
2014-03-27,19:00:00,10.863,10.882,10.843,10.863,13641,0
2014-03-27,20:00:00,10.863,10.882,10.833,10.863,42413,0
2014-03-27,21:00:00,10.853,10.873,10.833,10.843,66312,0
2014-03-28,15:00:00,11.02,11.04,11.01,11.03,22710,0
2014-03-28,16:00:00,11.03,11.04,11.01,11.02,33347,0
2014-03-28,17:00:00,11.02,11.069,11.02,11.069,60915,0
2014-03-28,18:00:00,11.079,11.108,11.059,11.079,9381,0
2014-03-28,19:00:00,11.079,11.089,11,11.01,48781,0
2014-03-28,20:00:00,11.03,11.049,11,11.049,43610,0
2014-03-28,21:00:00,11.04,11.069,11.02,11.069,49895,0
2014-03-31,16:00:00,11.374,11.393,11.305,11.374,70094,0
2014-03-31,17:00:00,11.374,11.374,11.275,11.295,347723,0
2014-03-31,18:00:00,11.295,11.305,11.246,11.256,150024,0
2014-03-31,19:00:00,11.266,11.315,11.266,11.295,14485,0
2014-03-31,20:00:00,11.295,11.305,11.275,11.275,25041,0
2014-03-31,21:00:00,11.285,11.315,11.275,11.295,65608,0
2014-03-31,22:00:00,11.285,11.305,11.275,11.295,91757,0
2014-04-01,16:00:00,11.393,11.403,11.295,11.383,124597,0
2014-04-01,17:00:00,11.383,11.393,11.324,11.374,52774,0
2014-04-01,18:00:00,11.374,11.393,11.344,11.354,57606,0
2014-04-01,19:00:00,11.354,11.383,11.324,11.354,17045,0
2014-04-01,20:00:00,11.354,11.374,11.344,11.374,18460,0
2014-04-01,21:00:00,11.374,11.383,11.364,11.374,18413,0
2014-04-01,22:00:00,11.383,11.383,11.324,11.334,191670,0
2014-04-02,16:00:00,11.315,11.315,11.246,11.285,48934,0
2014-04-02,17:00:00,11.275,11.285,11.246,11.266,45562,0
2014-04-02,18:00:00,11.266,11.275,11.158,11.167,26993,0
2014-04-02,19:00:00,11.158,11.197,11.158,11.167,69268,0
2014-04-02,20:00:00,11.167,11.187,11.167,11.187,17638,0
2014-04-02,21:00:00,11.187,11.207,11.177,11.207,24717,0
2014-04-02,22:00:00,11.207,11.207,11.138,11.177,132342,0
2014-04-03,16:00:00,11.236,11.236,11.197,11.236,6560,0
2014-04-03,17:00:00,11.236,11.246,11.167,11.207,56825,0
2014-04-03,18:00:00,11.207,11.216,11.138,11.138,32416,0
2014-04-03,19:00:00,11.158,11.187,11.158,11.158,17867,0
2014-04-03,20:00:00,11.167,11.207,11.167,11.187,7308,0
2014-04-03,21:00:00,11.197,11.197,11.118,11.187,24201,0
2014-04-03,22:00:00,11.187,11.226,11.177,11.187,107019,0
2014-04-04,16:00:00,11.216,11.236,11.197,11.207,10764,0
2014-04-04,17:00:00,11.207,11.275,11.207,11.256,15314,0
2014-04-04,18:00:00,11.256,11.256,11.177,11.187,20163,0
2014-04-04,19:00:00,11.187,11.207,11.177,11.207,13761,0
2014-04-04,20:00:00,11.197,11.216,11.187,11.197,9885,0
2014-04-04,21:00:00,11.197,11.197,11.118,11.138,57560,0
2014-04-04,22:00:00,11.138,11.158,11.108,11.118,70267,0
2014-04-07,16:00:00,11.167,11.167,11.138,11.158,18388,0
2014-04-07,17:00:00,11.158,11.197,11.148,11.177,353142,0
2014-04-07,18:00:00,11.177,11.197,11.128,11.158,36611,0
2014-04-07,19:00:00,11.158,11.158,11.118,11.118,20083,0
2014-04-07,20:00:00,11.118,11.118,11.069,11.089,60543,0
2014-04-07,21:00:00,11.079,11.099,11.02,11.069,68454,0
2014-04-07,22:00:00,11.059,11.089,11.049,11.059,211575,0
2014-04-08,16:00:00,11.04,11.108,11.04,11.079,41722,0
2014-04-08,17:00:00,11.089,11.108,11.03,11.069,86271,0
2014-04-08,18:00:00,11.059,11.099,11.04,11.079,29562,0
2014-04-08,19:00:00,11.079,11.138,11.069,11.118,31706,0
2014-04-08,20:00:00,11.118,11.118,11.099,11.099,10148,0
2014-04-08,21:00:00,11.099,11.108,11.01,11.02,65143,0
2014-04-08,22:00:00,11.03,11.04,11,11,76039,0
2014-04-09,16:00:00,11.334,11.334,11.256,11.275,18392,0
2014-04-09,17:00:00,11.266,11.295,11.246,11.285,17373,0
2014-04-09,18:00:00,11.285,11.285,11.128,11.167,42633,0
2014-04-09,19:00:00,11.177,11.226,11.177,11.197,21141,0
2014-04-09,20:00:00,11.197,11.216,11.197,11.207,5957,0
2014-04-09,21:00:00,11.226,11.285,11.226,11.246,29303,0
2014-04-09,22:00:00,11.246,11.285,11.246,11.266,55200,0
2014-04-10,16:00:00,11.256,11.275,11.216,11.226,31918,0
2014-04-10,17:00:00,11.236,11.256,11.177,11.177,38329,0
2014-04-10,18:00:00,11.167,11.207,11.079,11.177,21396,0
2014-04-10,19:00:00,11.177,11.177,11.089,11.128,11828,0
2014-04-10,20:00:00,11.108,11.118,11.069,11.069,18453,0
2014-04-10,21:00:00,11.079,11.079,11.03,11.04,30210,0
2014-04-10,22:00:00,11.03,11.04,10.951,10.991,100187,0
2014-04-11,16:00:00,10.873,10.902,10.863,10.863,18178,0
2014-04-11,17:00:00,10.863,10.932,10.833,10.912,27935,0
2014-04-11,18:00:00,10.912,10.932,10.853,10.853,16006,0
2014-04-11,19:00:00,10.833,10.902,10.833,10.853,61926,0
2014-04-11,20:00:00,10.873,10.892,10.833,10.843,39387,0
2014-04-11,21:00:00,10.833,10.882,10.804,10.804,19457,0
2014-04-11,22:00:00,10.814,10.824,10.765,10.765,45028,0
2014-04-14,16:00:00,10.892,10.892,10.824,10.843,17707,0
2014-04-14,17:00:00,10.853,10.902,10.853,10.882,35350,0
2014-04-14,18:00:00,10.892,10.902,10.814,10.824,53120,0
2014-04-14,19:00:00,10.814,10.853,10.814,10.843,34188,0
2014-04-14,20:00:00,10.853,10.863,10.824,10.853,33761,0
2014-04-14,21:00:00,10.853,10.863,10.843,10.853,80426,0
2014-04-14,22:00:00,10.853,10.922,10.804,10.922,123636,0
2014-04-15,16:00:00,10.814,10.833,10.774,10.814,36617,0
2014-04-15,17:00:00,10.794,10.804,10.716,10.745,23381,0
2014-04-15,18:00:00,10.725,10.745,10.637,10.657,25451,0
2014-04-15,19:00:00,10.657,10.657,10.568,10.588,22249,0
2014-04-15,20:00:00,10.588,10.666,10.588,10.647,31796,0
2014-04-15,21:00:00,10.657,10.706,10.637,10.696,14023,0
2014-04-15,22:00:00,10.706,10.745,10.676,10.735,67591,0
2014-04-16,16:00:00,10.863,10.912,10.863,10.902,20793,0
2014-04-16,17:00:00,10.902,10.941,10.882,10.912,8296,0
2014-04-16,18:00:00,10.912,10.981,10.892,10.941,66607,0
2014-04-16,19:00:00,10.932,10.971,10.932,10.941,30352,0
2014-04-16,20:00:00,10.941,10.991,10.932,10.991,23400,0
2014-04-16,21:00:00,10.991,11.04,10.991,11.04,22396,0
2014-04-16,22:00:00,11.03,11.079,11.02,11.059,50371,0
2014-04-17,16:00:00,11.099,11.108,11.079,11.079,14080,0
2014-04-17,17:00:00,11.059,11.089,11.049,11.059,11566,0
2014-04-17,18:00:00,11.049,11.079,11.01,11.059,15984,0
2014-04-17,19:00:00,11.049,11.099,11,11.01,25472,0
2014-04-17,20:00:00,11.02,11.069,10.971,11,65402,0
2014-04-17,21:00:00,11,11,10.932,10.932,61304,0
2014-04-17,22:00:00,10.932,10.941,10.902,10.912,48503,0
2014-04-21,16:00:00,10.882,10.961,10.882,10.951,16012,0
2014-04-21,17:00:00,10.951,10.971,10.853,10.902,55348,0
2014-04-21,18:00:00,10.902,11,10.902,10.981,20954,0
2014-04-21,19:00:00,10.981,11,10.981,10.981,39870,0
2014-04-21,20:00:00,10.981,11.01,10.961,10.961,59444,0
2014-04-21,21:00:00,10.971,11.03,10.922,11.03,66993,0
2014-04-21,22:00:00,11.03,11.04,11,11.02,78764,0
2014-04-22,16:00:00,11.22,11.26,11.22,11.24,59075,0
2014-04-22,17:00:00,11.23,11.25,11.22,11.24,178982,0
2014-04-22,18:00:00,11.25,11.3,11.24,11.28,58819,0
2014-04-22,19:00:00,11.28,11.29,11.16,11.26,185739,0
2014-04-22,20:00:00,11.26,11.27,11.23,11.26,34777,0
2014-04-22,21:00:00,11.26,11.29,11.25,11.27,45724,0
2014-04-22,22:00:00,11.27,11.3,11.26,11.27,85494,0
2014-04-23,16:00:00,11.32,11.34,11.25,11.26,26659,0
2014-04-23,17:00:00,11.28,11.29,11.25,11.25,30831,0
2014-04-23,18:00:00,11.25,11.26,11.19,11.22,96987,0
2014-04-23,19:00:00,11.21,11.25,11.18,11.23,11282,0
2014-04-23,20:00:00,11.23,11.23,11.21,11.21,10531,0
2014-04-23,21:00:00,11.2,11.26,11.2,11.21,47631,0
2014-04-23,22:00:00,11.22,11.26,11.22,11.26,127895,0
2014-04-24,16:00:00,11.48,11.48,11.36,11.38,91188,0
2014-04-24,17:00:00,11.37,11.47,11.37,11.43,86625,0
2014-04-24,18:00:00,11.43,11.51,11.42,11.43,64907,0
2014-04-24,19:00:00,11.44,11.46,11.42,11.46,61760,0
2014-04-24,20:00:00,11.46,11.48,11.4,11.41,38677,0
2014-04-24,21:00:00,11.4,11.43,11.38,11.41,82561,0
2014-04-24,22:00:00,11.41,11.45,11.4,11.43,145510,0
2014-04-25,16:00:00,11.82,11.83,11.72,11.72,70265,0
2014-04-25,17:00:00,11.72,11.84,11.64,11.69,117024,0
2014-04-25,18:00:00,11.7,11.8,11.67,11.79,29309,0
2014-04-25,19:00:00,11.79,11.83,11.64,11.66,43552,0
2014-04-25,20:00:00,11.66,11.76,11.66,11.69,112669,0
2014-04-25,21:00:00,11.69,11.73,11.66,11.72,161294,0
2014-04-25,22:00:00,11.72,11.78,11.7,11.77,105482,0
2014-04-28,16:00:00,11.45,11.5,11.39,11.49,142677,0
2014-04-28,17:00:00,11.48,11.59,11.48,11.58,39469,0
2014-04-28,18:00:00,11.58,11.61,11.49,11.49,46035,0
2014-04-28,19:00:00,11.49,11.55,11.45,11.51,52162,0
2014-04-28,20:00:00,11.51,11.54,11.46,11.47,31689,0
2014-04-28,21:00:00,11.47,11.52,11.43,11.48,61327,0
2014-04-28,22:00:00,11.49,11.54,11.49,11.51,148439,0
2014-04-29,16:00:00,11.66,11.68,11.63,11.66,26590,0
2014-04-29,17:00:00,11.64,11.65,11.56,11.59,90859,0
2014-04-29,18:00:00,11.59,11.65,11.56,11.62,29059,0
2014-04-29,19:00:00,11.62,11.63,11.61,11.61,15196,0
2014-04-29,20:00:00,11.61,11.65,11.59,11.62,30497,0
2014-04-29,21:00:00,11.62,11.64,11.62,11.62,20679,0
2014-04-29,22:00:00,11.62,11.64,11.59,11.61,82336,0
2014-04-30,16:00:00,11.62,11.64,11.59,11.61,27562,0
2014-04-30,17:00:00,11.63,11.69,11.61,11.67,72233,0
2014-04-30,18:00:00,11.66,11.67,11.59,11.6,38326,0
2014-04-30,19:00:00,11.6,11.6,11.57,11.58,5500,0
2014-04-30,20:00:00,11.58,11.58,11.54,11.56,21345,0
2014-04-30,21:00:00,11.55,11.58,11.52,11.54,43808,0
2014-04-30,22:00:00,11.53,11.59,11.5,11.59,91852,0
2014-05-01,16:00:00,11.66,11.66,11.58,11.62,8401,0
2014-05-01,17:00:00,11.6,11.61,11.55,11.58,84733,0
2014-05-01,18:00:00,11.58,11.59,11.54,11.57,35817,0
2014-05-01,19:00:00,11.57,11.6,11.56,11.6,67915,0
2014-05-01,20:00:00,11.6,11.6,11.58,11.59,20417,0
2014-05-01,21:00:00,11.59,11.63,11.59,11.62,172083,0
2014-05-01,22:00:00,11.61,11.63,11.61,11.63,114607,0
2014-05-02,16:00:00,11.6,11.65,11.59,11.64,13150,0
2014-05-02,17:00:00,11.64,11.67,11.62,11.62,92630,0
2014-05-02,18:00:00,11.6,11.67,11.6,11.64,32997,0
2014-05-02,19:00:00,11.64,11.65,11.58,11.59,34365,0
2014-05-02,20:00:00,11.59,11.64,11.56,11.63,45607,0
2014-05-02,21:00:00,11.62,11.64,11.61,11.62,34749,0
2014-05-02,22:00:00,11.62,11.63,11.6,11.62,103405,0
2014-05-05,16:00:00,11.33,11.34,11.25,11.28,272518,0
2014-05-05,17:00:00,11.28,11.39,11.28,11.38,55024,0
2014-05-05,18:00:00,11.38,11.42,11.36,11.41,23969,0
2014-05-05,19:00:00,11.41,11.47,11.35,11.42,86171,0
2014-05-05,20:00:00,11.42,11.43,11.38,11.38,7989,0
2014-05-05,21:00:00,11.37,11.4,11.37,11.39,19660,0
2014-05-05,22:00:00,11.38,11.43,11.37,11.43,98282,0
2014-05-06,16:00:00,11.34,11.38,11.33,11.35,13866,0
2014-05-06,17:00:00,11.35,11.38,11.33,11.35,40894,0
2014-05-06,18:00:00,11.35,11.44,11.34,11.4,49141,0
2014-05-06,19:00:00,11.41,11.49,11.38,11.48,52150,0
2014-05-06,20:00:00,11.49,11.51,11.43,11.46,64654,0
2014-05-06,21:00:00,11.44,11.47,11.44,11.47,51133,0
2014-05-06,22:00:00,11.46,11.48,11.45,11.47,215533,0
2014-05-07,16:00:00,11.49,11.55,11.46,11.51,27133,0
2014-05-07,17:00:00,11.51,11.58,11.4,11.49,85454,0
2014-05-07,18:00:00,11.5,11.6,11.45,11.58,34311,0
2014-05-07,19:00:00,11.56,11.59,11.54,11.59,61949,0
2014-05-07,20:00:00,11.59,11.63,11.59,11.6,66577,0
2014-05-07,21:00:00,11.61,11.61,11.6,11.61,61494,0
2014-05-07,22:00:00,11.6,11.62,11.6,11.6,111139,0
