Date,Time,Open,High,Low,Close,Volume,OpenInt
2014-02-10,16:00:00,28.3217,28.361,28.2136,28.302,429619,0
2014-02-10,17:00:00,28.302,28.4593,28.2725,28.4003,520367,0
2014-02-10,18:00:00,28.3905,28.4102,28.2725,28.302,639120,0
2014-02-10,19:00:00,28.302,28.4397,28.2725,28.4102,525774,0
2014-02-10,20:00:00,28.4102,28.4986,28.4003,28.4986,420549,0
2014-02-10,21:00:00,28.4986,28.5085,28.42,28.4298,447055,0
2014-02-10,22:00:00,28.4298,28.479,28.3905,28.4397,1490037,0
2014-02-11,16:00:00,28.7248,29.059,28.6068,28.9607,1008731,0
2014-02-11,17:00:00,28.9607,29.2064,28.941,29.0688,1862916,0
2014-02-11,18:00:00,29.059,29.3048,29.0492,29.3048,1023199,0
2014-02-11,19:00:00,29.3048,29.3834,29.0786,29.0983,1128588,0
2014-02-11,20:00:00,29.0983,29.177,29.0885,29.1376,557101,0
2014-02-11,21:00:00,29.1278,29.1966,29.118,29.1966,653544,0
2014-02-11,22:00:00,29.1966,29.2359,29.1671,29.2261,2266051,0
2014-02-12,16:00:00,29.2064,29.5603,29.1376,29.3736,1043512,0
2014-02-12,17:00:00,29.3736,29.521,29.2163,29.521,1196664,0
2014-02-12,18:00:00,29.5112,29.7275,29.4325,29.6095,1418534,0
2014-02-12,19:00:00,29.6095,29.639,29.4817,29.58,1052019,0
2014-02-12,20:00:00,29.5702,29.6783,29.5112,29.6193,698433,0
2014-02-12,21:00:00,29.6193,29.7275,29.5898,29.698,898977,0
2014-02-12,22:00:00,29.698,29.7078,29.58,29.6783,3375484,0
2014-02-13,16:00:00,29.5407,30.1207,29.5112,30.0027,1494115,0
2014-02-13,17:00:00,29.9929,30.7203,29.983,30.4254,3831878,0
2014-02-13,18:00:00,30.4254,30.4254,30.1895,30.219,1383694,0
2014-02-13,19:00:00,30.2092,30.3271,30.2092,30.2386,1035656,0
2014-02-13,20:00:00,30.2288,30.278,30.1502,30.16,1156556,0
2014-02-13,21:00:00,30.1502,30.278,30.1502,30.2288,798265,0
2014-02-13,22:00:00,30.219,30.337,30.2092,30.2485,2265724,0
2014-02-14,16:00:00,30.278,30.3271,30.1797,30.278,481855,0
2014-02-14,17:00:00,30.2878,30.3664,30.2288,30.2976,932173,0
2014-02-14,18:00:00,30.2976,30.3173,30.2288,30.2288,741990,0
2014-02-14,19:00:00,30.2386,30.2583,30.2092,30.2583,525506,0
2014-02-14,20:00:00,30.2583,30.3861,30.2386,30.337,931327,0
2014-02-14,21:00:00,30.337,30.4058,30.337,30.3468,643396,0
2014-02-14,22:00:00,30.3566,30.3861,30.1108,30.1305,3853098,0
2014-02-18,16:00:00,30.2485,30.2485,30.0715,30.1207,423292,0
2014-02-18,17:00:00,30.1207,30.2386,30.0519,30.219,905637,0
2014-02-18,18:00:00,30.2092,30.3173,30.1797,30.1993,740240,0
2014-02-18,19:00:00,30.1895,30.3566,30.1797,30.3566,609929,0
2014-02-18,20:00:00,30.3468,30.3763,30.2878,30.3271,463714,0
2014-02-18,21:00:00,30.3271,30.4549,30.2976,30.4352,1341211,0
2014-02-18,22:00:00,30.4352,30.4549,30.3763,30.4254,2754984,0
2014-02-19,16:00:00,30.3763,30.5434,30.3075,30.5336,430154,0
2014-02-19,17:00:00,30.5336,30.6908,30.4451,30.563,1038469,0
2014-02-19,18:00:00,30.5729,30.6024,30.4352,30.4352,571244,0
2014-02-19,19:00:00,30.4352,30.4648,30.3173,30.3566,515966,0
2014-02-19,20:00:00,30.3468,30.4156,30.3271,30.4058,504728,0
2014-02-19,21:00:00,30.4058,30.4549,30.3861,30.4549,759510,0
2014-02-19,22:00:00,30.4648,30.4746,30.3271,30.3763,962119,0
2014-02-20,16:00:00,30.4058,30.5336,30.337,30.3763,344983,0
2014-02-20,17:00:00,30.3763,30.6024,30.3075,30.5925,778124,0
2014-02-20,18:00:00,30.5925,30.5925,30.4844,30.5041,436226,0
2014-02-20,19:00:00,30.5041,30.6614,30.5041,30.5729,415191,0
2014-02-20,20:00:00,30.5729,30.622,30.4844,30.5139,348384,0
2014-02-20,21:00:00,30.5237,30.5925,30.4844,30.563,422967,0
2014-02-20,22:00:00,30.5729,30.6417,30.5336,30.5925,1393181,0
2014-02-21,16:00:00,30.5827,30.6712,30.4451,30.6024,374149,0
2014-02-21,17:00:00,30.5925,30.6417,30.4156,30.4648,611951,0
2014-02-21,18:00:00,30.4648,30.6417,30.4648,30.622,518804,0
2014-02-21,19:00:00,30.6122,30.6614,30.5925,30.6515,351567,0
2014-02-21,20:00:00,30.6417,30.7498,30.6319,30.681,551846,0
2014-02-21,21:00:00,30.681,30.6908,30.5532,30.5729,466716,0
2014-02-21,22:00:00,30.5827,30.6319,30.5336,30.563,1579391,0
2014-02-24,16:00:00,30.74,30.7695,30.622,30.7203,636506,0
2014-02-24,17:00:00,30.7203,30.7695,30.5925,30.7007,644562,0
2014-02-24,18:00:00,30.7007,30.8678,30.6908,30.8678,718471,0
2014-02-24,19:00:00,30.8678,30.8973,30.8186,30.8973,409225,0
2014-02-24,20:00:00,30.8973,30.9464,30.8285,30.8383,431926,0
2014-02-24,21:00:00,30.8285,30.8678,30.7695,30.7793,588181,0
2014-02-24,22:00:00,30.7793,30.7793,30.6515,30.6614,2246174,0
2014-02-25,16:00:00,30.6908,30.7203,30.5139,30.5532,399316,0
2014-02-25,17:00:00,30.5729,30.6122,30.4942,30.6024,584217,0
2014-02-25,18:00:00,30.6024,30.8383,30.6024,30.8088,831330,0
2014-02-25,19:00:00,30.799,30.8088,30.7302,30.7498,363408,0
2014-02-25,20:00:00,30.7498,30.7892,30.6712,30.681,373687,0
2014-02-25,21:00:00,30.681,30.681,30.6122,30.622,580487,0
2014-02-25,22:00:00,30.622,30.6319,30.5139,30.6122,1620171,0
2014-02-26,16:00:00,30.6515,30.6712,30.5336,30.563,357896,0
2014-02-26,17:00:00,30.5729,30.5925,30.3861,30.3861,949704,0
2014-02-26,18:00:00,30.3861,30.4352,30.3075,30.3566,929069,0
2014-02-26,19:00:00,30.3664,30.4254,30.3173,30.4254,401956,0
2014-02-26,20:00:00,30.4254,30.4451,30.3763,30.3861,437083,0
2014-02-26,21:00:00,30.3861,30.3959,30.2878,30.3173,688053,0
2014-02-26,22:00:00,30.3271,30.3271,30.2288,30.278,1663804,0
2014-02-27,16:00:00,30.278,30.4352,30.1502,30.4254,350600,0
2014-02-27,17:00:00,30.4254,30.4549,30.2878,30.3468,413877,0
2014-02-27,18:00:00,30.3468,30.3664,30.2878,30.3566,480606,0
2014-02-27,19:00:00,30.3566,30.4648,30.3468,30.4451,1122343,0
2014-02-27,20:00:00,30.4549,30.4844,30.4156,30.4746,630369,0
2014-02-27,21:00:00,30.4844,30.4844,30.4156,30.4844,532328,0
2014-02-27,22:00:00,30.4746,30.5729,30.4648,30.5532,3434658,0
2014-02-28,16:00:00,30.5434,30.7105,30.5237,30.6614,236075,0
2014-02-28,17:00:00,30.6614,30.7203,30.563,30.7105,474923,0
2014-02-28,18:00:00,30.7105,30.8481,30.6614,30.7007,740387,0
2014-02-28,19:00:00,30.7007,30.7695,30.6908,30.7302,332965,0
2014-02-28,20:00:00,30.7302,30.7892,30.7203,30.7203,336337,0
2014-02-28,21:00:00,30.7203,30.7793,30.6908,30.7007,627353,0
2014-02-28,22:00:00,30.7007,30.7498,30.6712,30.7302,2299508,0
2014-03-03,16:00:00,30.4942,30.6515,30.4844,30.5827,447396,0
2014-03-03,17:00:00,30.5827,30.6319,30.4746,30.5827,908428,0
2014-03-03,18:00:00,30.5827,30.6515,30.5041,30.5139,684116,0
2014-03-03,19:00:00,30.5139,30.5729,30.4549,30.5336,1006636,0
2014-03-03,20:00:00,30.5336,30.6024,30.5336,30.563,320889,0
2014-03-03,21:00:00,30.563,30.7203,30.5237,30.622,607750,0
2014-03-03,22:00:00,30.6122,30.6614,30.5532,30.5827,1859272,0
2014-03-04,16:00:00,30.858,30.9366,30.7695,30.8186,471976,0
2014-03-04,17:00:00,30.8186,30.917,30.7695,30.858,448843,0
2014-03-04,18:00:00,30.858,30.9071,30.8088,30.9071,569272,0
2014-03-04,19:00:00,30.8973,31.0054,30.8875,30.8875,874477,0
2014-03-04,20:00:00,30.8875,30.9366,30.8285,30.8481,841004,0
2014-03-04,21:00:00,30.8481,30.9366,30.8186,30.917,427110,0
2014-03-04,22:00:00,30.917,31.0152,30.9071,30.9956,1307249,0
2014-03-05,16:00:00,30.9366,31.1136,30.7793,31.0742,502070,0
2014-03-05,17:00:00,31.0742,31.1922,31.0644,31.1725,1010792,0
2014-03-05,18:00:00,31.1725,31.2119,31.1136,31.1922,613721,0
2014-03-05,19:00:00,31.202,31.3003,31.1824,31.2807,700827,0
2014-03-05,20:00:00,31.2708,31.3397,31.261,31.3298,1075089,0
2014-03-05,21:00:00,31.3397,31.4675,31.3298,31.379,1227259,0
2014-03-05,22:00:00,31.379,31.379,31.261,31.32,2735197,0
2014-03-06,16:00:00,31.2,31.27,31.03,31.27,838201,0
2014-03-06,17:00:00,31.26,31.36,31.22,31.33,705248,0
2014-03-06,18:00:00,31.33,31.35,31.28,31.28,861187,0
2014-03-06,19:00:00,31.28,31.31,31.25,31.28,439899,0
2014-03-06,20:00:00,31.28,31.3,31.22,31.24,978975,0
2014-03-06,21:00:00,31.24,31.28,31.2,31.24,674305,0
2014-03-06,22:00:00,31.24,31.24,31.16,31.19,2185532,0
2014-03-07,16:00:00,31.21,31.3,31.11,31.26,459584,0
2014-03-07,17:00:00,31.25,31.32,31.14,31.16,1091710,0
2014-03-07,18:00:00,31.15,31.26,31.13,31.25,551780,0
2014-03-07,19:00:00,31.24,31.27,31.21,31.26,407659,0
2014-03-07,20:00:00,31.26,31.28,31.2,31.25,388264,0
2014-03-07,21:00:00,31.24,31.33,31.23,31.31,520923,0
2014-03-07,22:00:00,31.32,31.34,31.26,31.32,1533496,0
2014-03-10,15:00:00,31.19,31.26,31.06,31.06,327459,0
2014-03-10,16:00:00,31.07,31.09,30.79,30.8,639168,0
2014-03-10,17:00:00,30.8,30.86,30.78,30.82,703707,0
2014-03-10,18:00:00,30.82,30.83,30.7,30.79,722546,0
2014-03-10,19:00:00,30.79,30.8,30.66,30.7,425734,0
2014-03-10,20:00:00,30.7,30.74,30.66,30.74,395651,0
2014-03-10,21:00:00,30.74,30.84,30.72,30.83,1502899,0
2014-03-11,15:00:00,30.89,30.92,30.66,30.76,348914,0
2014-03-11,16:00:00,30.76,30.86,30.72,30.79,793171,0
2014-03-11,17:00:00,30.79,30.81,30.69,30.69,571609,0
2014-03-11,18:00:00,30.69,30.7,30.59,30.64,458498,0
2014-03-11,19:00:00,30.64,30.71,30.61,30.71,372201,0
2014-03-11,20:00:00,30.71,30.73,30.67,30.71,456861,0
2014-03-11,21:00:00,30.72,30.77,30.67,30.69,1599857,0
2014-03-12,15:00:00,30.62,30.63,30.39,30.42,400702,0
2014-03-12,16:00:00,30.42,30.48,30.34,30.43,420899,0
2014-03-12,17:00:00,30.44,30.55,30.41,30.47,398973,0
2014-03-12,18:00:00,30.47,30.64,30.46,30.64,380903,0
2014-03-12,19:00:00,30.64,30.64,30.51,30.55,302930,0
2014-03-12,20:00:00,30.56,30.65,30.54,30.64,313980,0
2014-03-12,21:00:00,30.64,30.68,30.6,30.68,2498064,0
2014-03-13,15:00:00,30.78,30.97,30.71,30.76,267967,0
2014-03-13,16:00:00,30.77,30.79,30.62,30.62,411284,0
2014-03-13,17:00:00,30.61,30.63,30.53,30.58,374157,0
2014-03-13,18:00:00,30.58,30.59,30.43,30.45,586355,0
2014-03-13,19:00:00,30.45,30.53,30.38,30.5,409301,0
2014-03-13,20:00:00,30.49,30.54,30.47,30.53,295992,0
2014-03-13,21:00:00,30.53,30.56,30.46,30.49,1367384,0
2014-03-14,15:00:00,30.42,30.88,30.42,30.84,299661,0
2014-03-14,16:00:00,30.85,30.95,30.64,30.64,525489,0
2014-03-14,17:00:00,30.64,30.69,30.52,30.67,496279,0
2014-03-14,18:00:00,30.66,30.71,30.58,30.6,651180,0
2014-03-14,19:00:00,30.61,30.64,30.53,30.64,432040,0
2014-03-14,20:00:00,30.64,30.67,30.6,30.61,437431,0
2014-03-14,21:00:00,30.61,30.67,30.59,30.62,1538469,0
2014-03-17,15:00:00,30.7,30.86,30.64,30.73,369265,0
2014-03-17,16:00:00,30.74,30.85,30.71,30.79,466548,0
2014-03-17,17:00:00,30.77,30.86,30.77,30.8,331990,0
2014-03-17,18:00:00,30.8,30.87,30.79,30.8,364378,0
2014-03-17,19:00:00,30.81,30.81,30.75,30.77,332766,0
2014-03-17,20:00:00,30.76,30.84,30.75,30.82,363129,0
2014-03-17,21:00:00,30.82,30.91,30.8,30.84,1140685,0
2014-03-18,15:00:00,30.91,31.09,30.91,30.99,268672,0
2014-03-18,16:00:00,30.99,31.14,30.97,31.1,717604,0
2014-03-18,17:00:00,31.1,31.19,31.08,31.15,377735,0
2014-03-18,18:00:00,31.14,31.23,31.14,31.18,353992,0
2014-03-18,19:00:00,31.18,31.28,31.18,31.26,289644,0
2014-03-18,20:00:00,31.26,31.36,31.25,31.32,473751,0
2014-03-18,21:00:00,31.32,31.43,31.29,31.4,1850355,0
2014-03-19,15:00:00,31.35,31.41,31.18,31.37,816624,0
2014-03-19,16:00:00,31.37,31.49,31.34,31.42,599008,0
2014-03-19,17:00:00,31.41,31.5,31.38,31.48,482102,0
2014-03-19,18:00:00,31.49,31.5,31.37,31.4,433167,0
2014-03-19,19:00:00,31.4,31.46,31.37,31.44,393534,0
2014-03-19,20:00:00,31.44,31.44,31.24,31.32,884694,0
2014-03-19,21:00:00,31.33,31.37,31.08,31.25,2116616,0
2014-03-20,15:00:00,31.12,31.33,31.08,31.23,368745,0
2014-03-20,16:00:00,31.23,31.55,31.2,31.49,1126679,0
2014-03-20,17:00:00,31.5,31.51,31.39,31.43,641671,0
2014-03-20,18:00:00,31.43,31.5,31.35,31.37,593065,0
2014-03-20,19:00:00,31.37,31.39,31.29,31.34,528436,0
2014-03-20,20:00:00,31.34,31.39,31.32,31.36,542241,0
2014-03-20,21:00:00,31.36,31.39,31.31,31.37,1389125,0
2014-03-21,15:00:00,31.51,31.58,31.29,31.48,467718,0
2014-03-21,16:00:00,31.48,31.52,31.26,31.39,750139,0
2014-03-21,17:00:00,31.39,31.41,31.34,31.4,480886,0
2014-03-21,18:00:00,31.39,31.41,31.33,31.39,509003,0
2014-03-21,19:00:00,31.39,31.4,31.29,31.35,409667,0
2014-03-21,20:00:00,31.35,31.36,31.24,31.29,575621,0
2014-03-21,21:00:00,31.3,31.4,31.24,31.34,4380763,0
2014-03-24,15:00:00,31.5,31.82,31.47,31.79,620351,0
2014-03-24,16:00:00,31.79,31.81,31.57,31.61,942184,0
2014-03-24,17:00:00,31.61,31.61,31.45,31.53,693988,0
2014-03-24,18:00:00,31.53,31.57,31.46,31.53,466985,0
2014-03-24,19:00:00,31.54,31.56,31.45,31.49,453613,0
2014-03-24,20:00:00,31.49,31.54,31.42,31.45,535165,0
2014-03-24,21:00:00,31.46,31.59,31.44,31.54,1338336,0
2014-03-25,15:00:00,31.63,31.69,31.45,31.64,375648,0
2014-03-25,16:00:00,31.65,31.69,31.53,31.58,543992,0
2014-03-25,17:00:00,31.57,31.66,31.56,31.65,548607,0
2014-03-25,18:00:00,31.65,31.75,31.64,31.75,315899,0
2014-03-25,19:00:00,31.74,31.89,31.74,31.88,478022,0
2014-03-25,20:00:00,31.87,31.9,31.84,31.84,519004,0
2014-03-25,21:00:00,31.85,31.94,31.84,31.91,1467779,0
2014-03-26,15:00:00,31.96,32.15,31.96,32.09,478924,0
2014-03-26,16:00:00,32.08,32.11,32.04,32.06,522255,0
2014-03-26,17:00:00,32.06,32.36,32.06,32.36,762356,0
2014-03-26,18:00:00,32.36,32.4,32.3,32.39,878676,0
2014-03-26,19:00:00,32.4,32.49,32.28,32.36,864975,0
2014-03-26,20:00:00,32.36,32.47,32.33,32.42,1004468,0
2014-03-26,21:00:00,32.42,32.45,32.29,32.29,2390084,0
2014-03-27,15:00:00,32.53,32.53,32.16,32.38,781686,0
2014-03-27,16:00:00,32.37,32.62,32.35,32.54,899151,0
2014-03-27,17:00:00,32.53,32.55,32.41,32.46,624905,0
2014-03-27,18:00:00,32.47,32.65,32.44,32.61,599593,0
2014-03-27,19:00:00,32.61,32.64,32.47,32.52,419283,0
2014-03-27,20:00:00,32.52,32.55,32.48,32.51,556199,0
2014-03-27,21:00:00,32.51,32.62,32.45,32.59,1998153,0
2014-03-28,15:00:00,32.62,32.75,32.54,32.66,538219,0
2014-03-28,16:00:00,32.67,32.74,32.64,32.73,381259,0
2014-03-28,17:00:00,32.74,32.79,32.64,32.79,607636,0
2014-03-28,18:00:00,32.79,32.94,32.79,32.92,563703,0
2014-03-28,19:00:00,32.92,32.93,32.71,32.71,515107,0
2014-03-28,20:00:00,32.72,32.72,32.54,32.63,581000,0
2014-03-28,21:00:00,32.63,32.73,32.63,32.68,1939782,0
2014-03-31,16:00:00,32.78,32.89,32.69,32.78,485301,0
2014-03-31,17:00:00,32.78,32.93,32.75,32.92,663223,0
2014-03-31,18:00:00,32.92,32.93,32.84,32.88,642325,0
2014-03-31,19:00:00,32.87,32.98,32.86,32.91,587132,0
2014-03-31,20:00:00,32.9,32.92,32.86,32.88,255318,0
2014-03-31,21:00:00,32.88,32.92,32.87,32.9,302163,0
2014-03-31,22:00:00,32.91,32.91,32.82,32.84,5936015,0
2014-04-01,16:00:00,32.81,32.92,32.65,32.66,648669,0
2014-04-01,17:00:00,32.65,32.71,32.5,32.5,883967,0
2014-04-01,18:00:00,32.5,32.79,32.45,32.73,1118549,0
2014-04-01,19:00:00,32.73,32.74,32.61,32.74,578339,0
2014-04-01,20:00:00,32.74,32.95,32.73,32.92,707663,0
2014-04-01,21:00:00,32.92,33.03,32.87,32.99,964822,0
2014-04-01,22:00:00,32.99,33.13,32.95,33.08,1934178,0
2014-04-02,16:00:00,33.1,33.32,32.97,33.17,393950,0
2014-04-02,17:00:00,33.18,33.33,33.16,33.26,711195,0
2014-04-02,18:00:00,33.27,33.29,33.15,33.26,456396,0
2014-04-02,19:00:00,33.26,33.34,33.25,33.32,426098,0
2014-04-02,20:00:00,33.33,33.33,33.19,33.25,401733,0
2014-04-02,21:00:00,33.25,33.3,33.17,33.2,612102,0
2014-04-02,22:00:00,33.2,33.21,33.14,33.18,951727,0
2014-04-03,16:00:00,33.18,33.25,33.11,33.18,273837,0
2014-04-03,17:00:00,33.18,33.4,33.17,33.33,1007728,0
2014-04-03,18:00:00,33.32,33.5,33.26,33.44,1388966,0
2014-04-03,19:00:00,33.45,33.45,33.3,33.31,522260,0
2014-04-03,20:00:00,33.31,33.38,33.31,33.33,578612,0
2014-04-03,21:00:00,33.34,33.38,33.32,33.35,787347,0
2014-04-03,22:00:00,33.35,33.52,33.34,33.49,2164031,0
2014-04-04,16:00:00,33.56,33.65,33.51,33.59,417532,0
2014-04-04,17:00:00,33.59,33.73,33.58,33.73,745699,0
2014-04-04,18:00:00,33.72,33.75,33.63,33.72,577231,0
2014-04-04,19:00:00,33.72,33.8,33.68,33.71,606955,0
2014-04-04,20:00:00,33.71,33.73,33.64,33.69,501701,0
2014-04-04,21:00:00,33.7,33.77,33.68,33.75,593836,0
2014-04-04,22:00:00,33.75,33.79,33.69,33.69,1653162,0
2014-04-07,16:00:00,33.64,33.87,33.6,33.76,515215,0
2014-04-07,17:00:00,33.76,33.76,33.55,33.62,633012,0
2014-04-07,18:00:00,33.62,33.72,33.6,33.66,480675,0
2014-04-07,19:00:00,33.66,33.67,33.56,33.61,426255,0
2014-04-07,20:00:00,33.62,33.65,33.55,33.59,444506,0
2014-04-07,21:00:00,33.59,33.63,33.52,33.56,693622,0
2014-04-07,22:00:00,33.56,33.61,33.49,33.54,1503975,0
2014-04-08,16:00:00,33.55,33.66,33.41,33.64,539669,0
2014-04-08,17:00:00,33.64,33.79,33.63,33.67,681752,0
2014-04-08,18:00:00,33.67,33.81,33.64,33.81,439814,0
2014-04-08,19:00:00,33.8,33.81,33.65,33.69,336915,0
2014-04-08,20:00:00,33.69,33.77,33.67,33.77,403192,0
2014-04-08,21:00:00,33.77,33.86,33.73,33.86,515836,0
2014-04-08,22:00:00,33.86,33.96,33.85,33.94,1807353,0
2014-04-09,16:00:00,33.95,33.97,33.74,33.75,796845,0
2014-04-09,17:00:00,33.75,33.8,33.58,33.72,909042,0
2014-04-09,18:00:00,33.71,33.94,33.69,33.76,608694,0
2014-04-09,19:00:00,33.77,33.82,33.63,33.66,606045,0
2014-04-09,20:00:00,33.66,33.77,33.65,33.77,561945,0
2014-04-09,21:00:00,33.76,34.04,33.76,33.82,1026783,0
2014-04-09,22:00:00,33.83,33.88,33.74,33.8,2720987,0
2014-04-10,16:00:00,33.87,34.15,33.8,33.96,546183,0
2014-04-10,17:00:00,33.97,34.23,33.97,34.01,769220,0
2014-04-10,18:00:00,34.02,34.03,33.88,33.96,666153,0
2014-04-10,19:00:00,33.95,33.97,33.85,33.88,532147,0
2014-04-10,20:00:00,33.89,33.91,33.72,33.78,465480,0
2014-04-10,21:00:00,33.77,33.82,33.58,33.58,574088,0
2014-04-10,22:00:00,33.58,33.6,33.43,33.43,1506820,0
2014-04-11,16:00:00,33.34,33.38,33.12,33.3,512448,0
2014-04-11,17:00:00,33.31,33.42,33.24,33.42,786687,0
2014-04-11,18:00:00,33.41,33.49,33.36,33.48,558812,0
2014-04-11,19:00:00,33.48,33.52,33.45,33.47,301179,0
2014-04-11,20:00:00,33.48,33.56,33.43,33.55,245761,0
2014-04-11,21:00:00,33.55,33.56,33.35,33.43,568209,0
2014-04-11,22:00:00,33.44,33.52,33.34,33.35,1396485,0
2014-04-14,16:00:00,33.49,33.6,33.41,33.51,328166,0
2014-04-14,17:00:00,33.51,33.79,33.5,33.78,864086,0
2014-04-14,18:00:00,33.78,33.84,33.73,33.79,581443,0
2014-04-14,19:00:00,33.78,33.8,33.73,33.74,235256,0
2014-04-14,20:00:00,33.75,33.78,33.7,33.75,477533,0
2014-04-14,21:00:00,33.75,33.79,33.74,33.75,591706,0
2014-04-14,22:00:00,33.75,33.9,33.71,33.88,2419793,0
2014-04-15,16:00:00,33.87,33.96,33.85,33.91,399611,0
2014-04-15,17:00:00,33.91,33.93,33.8,33.87,822329,0
2014-04-15,18:00:00,33.86,33.96,33.83,33.9,631041,0
2014-04-15,19:00:00,33.89,33.99,33.85,33.94,505594,0
2014-04-15,20:00:00,33.94,34.04,33.92,34.01,451723,0
2014-04-15,21:00:00,34.01,34.06,33.94,33.97,534480,0
2014-04-15,22:00:00,33.97,34.06,33.93,34.05,2191542,0
2014-04-16,16:00:00,34.24,34.53,34.2,34.41,603856,0
2014-04-16,17:00:00,34.42,34.48,34.31,34.41,898024,0
2014-04-16,18:00:00,34.42,34.44,34.35,34.37,495489,0
2014-04-16,19:00:00,34.37,34.47,34.34,34.46,516871,0
2014-04-16,20:00:00,34.46,34.62,34.45,34.61,441802,0
2014-04-16,21:00:00,34.62,34.76,34.55,34.76,862543,0
2014-04-16,22:00:00,34.75,34.75,34.66,34.74,1821272,0
2014-04-17,16:00:00,34.63,34.81,34.58,34.69,535156,0
2014-04-17,17:00:00,34.68,34.86,34.64,34.81,674585,0
2014-04-17,18:00:00,34.8,34.84,34.72,34.72,475603,0
2014-04-17,19:00:00,34.73,34.75,34.59,34.63,474965,0
2014-04-17,20:00:00,34.63,34.7,34.61,34.69,244239,0
2014-04-17,21:00:00,34.69,34.69,34.35,34.42,1026030,0
2014-04-17,22:00:00,34.42,34.55,34.41,34.43,1032430,0
2014-04-21,16:00:00,34.5,34.7,34.46,34.51,222509,0
2014-04-21,17:00:00,34.51,34.58,34.44,34.45,367765,0
2014-04-21,18:00:00,34.46,34.55,34.42,34.47,311537,0
2014-04-21,19:00:00,34.48,34.48,34.42,34.44,201886,0
2014-04-21,20:00:00,34.44,34.47,34.41,34.44,171528,0
2014-04-21,21:00:00,34.45,34.47,34.4,34.42,274681,0
2014-04-21,22:00:00,34.42,34.49,34.39,34.49,917475,0
2014-04-22,16:00:00,34.48,34.49,34.34,34.47,193575,0
2014-04-22,17:00:00,34.48,34.5,34.38,34.4,425220,0
2014-04-22,18:00:00,34.39,34.46,34.37,34.4,484195,0
2014-04-22,19:00:00,34.39,34.47,34.36,34.41,342404,0
2014-04-22,20:00:00,34.4,34.48,34.38,34.44,249263,0
2014-04-22,21:00:00,34.45,34.48,34.43,34.47,358029,0
2014-04-22,22:00:00,34.47,34.47,34.41,34.45,2512474,0
2014-04-23,16:00:00,34.45,34.65,34.32,34.65,796108,0
2014-04-23,17:00:00,34.64,34.68,34.53,34.57,887943,0
2014-04-23,18:00:00,34.56,34.66,34.54,34.63,485523,0
2014-04-23,19:00:00,34.63,34.66,34.54,34.65,416070,0
2014-04-23,20:00:00,34.66,34.69,34.61,34.62,535488,0
2014-04-23,21:00:00,34.61,34.65,34.53,34.64,673228,0
2014-04-23,22:00:00,34.64,34.65,34.58,34.61,2920088,0
2014-04-24,16:00:00,34.69,34.78,34.42,34.67,532034,0
2014-04-24,17:00:00,34.67,34.75,34.6,34.7,736506,0
2014-04-24,18:00:00,34.7,34.72,34.64,34.66,628887,0
2014-04-24,19:00:00,34.66,34.7,34.64,34.66,318878,0
2014-04-24,20:00:00,34.66,34.73,34.64,34.64,401008,0
2014-04-24,21:00:00,34.65,34.67,34.57,34.59,453581,0
2014-04-24,22:00:00,34.6,34.65,34.56,34.63,1858810,0
2014-04-25,16:00:00,34.52,34.6,34.3,34.56,489191,0
2014-04-25,17:00:00,34.56,34.61,34.47,34.54,487326,0
2014-04-25,18:00:00,34.54,34.7,34.46,34.7,357240,0
2014-04-25,19:00:00,34.7,34.75,34.64,34.74,571532,0
2014-04-25,20:00:00,34.75,34.79,34.72,34.73,507822,0
2014-04-25,21:00:00,34.72,34.79,34.72,34.76,516962,0
2014-04-25,22:00:00,34.76,34.8,34.75,34.76,2012985,0
2014-04-28,16:00:00,34.52,34.73,34.4,34.69,658176,0
2014-04-28,17:00:00,34.69,34.79,34.65,34.67,741717,0
2014-04-28,18:00:00,34.68,34.76,34.61,34.63,701752,0
2014-04-28,19:00:00,34.62,34.67,34.59,34.59,429735,0
2014-04-28,20:00:00,34.59,34.6,34.42,34.48,483761,0
2014-04-28,21:00:00,34.49,34.55,34.46,34.53,412768,0
2014-04-28,22:00:00,34.53,34.75,34.53,34.64,2240136,0
2014-04-29,16:00:00,34.81,34.87,34.66,34.76,357860,0
2014-04-29,17:00:00,34.75,34.89,34.72,34.82,594478,0
2014-04-29,18:00:00,34.83,34.89,34.82,34.88,421335,0
2014-04-29,19:00:00,34.88,34.9,34.83,34.83,398205,0
2014-04-29,20:00:00,34.84,34.87,34.78,34.86,347614,0
2014-04-29,21:00:00,34.86,34.87,34.79,34.87,345917,0
2014-04-29,22:00:00,34.86,34.89,34.78,34.8,1598467,0
2014-04-30,16:00:00,34.81,34.9,34.75,34.86,279321,0
2014-04-30,17:00:00,34.85,34.86,34.66,34.71,425747,0
2014-04-30,18:00:00,34.72,34.72,34.63,34.69,420214,0
2014-04-30,19:00:00,34.69,34.72,34.65,34.7,208946,0
2014-04-30,20:00:00,34.71,34.71,34.64,34.7,274062,0
2014-04-30,21:00:00,34.69,34.79,34.64,34.78,527805,0
2014-04-30,22:00:00,34.77,34.93,34.76,34.91,5035178,0
2014-05-01,16:00:00,34.91,35.05,34.84,34.87,596153,0
2014-05-01,17:00:00,34.88,35,34.84,34.87,371036,0
2014-05-01,18:00:00,34.87,34.96,34.72,34.73,432695,0
2014-05-01,19:00:00,34.73,34.83,34.73,34.8,268198,0
2014-05-01,20:00:00,34.8,34.82,34.76,34.78,335227,0
2014-05-01,21:00:00,34.78,34.89,34.78,34.89,290342,0
2014-05-01,22:00:00,34.88,34.96,34.88,34.96,898585,0
2014-05-02,16:00:00,34.9,35.16,34.88,35.16,615207,0
2014-05-02,17:00:00,35.16,35.24,35.04,35.11,576572,0
2014-05-02,18:00:00,35.11,35.15,34.98,34.99,409602,0
2014-05-02,19:00:00,34.98,34.99,34.88,34.92,304703,0
2014-05-02,20:00:00,34.91,34.95,34.84,34.86,275245,0
2014-05-02,21:00:00,34.85,34.88,34.78,34.85,393340,0
2014-05-02,22:00:00,34.85,34.88,34.78,34.83,1406595,0
2014-05-05,16:00:00,34.78,34.82,34.71,34.77,262703,0
2014-05-05,17:00:00,34.77,34.88,34.72,34.83,345604,0
2014-05-05,18:00:00,34.82,34.88,34.79,34.84,353211,0
2014-05-05,19:00:00,34.84,34.84,34.73,34.75,261161,0
2014-05-05,20:00:00,34.74,34.79,34.7,34.72,290588,0
2014-05-05,21:00:00,34.73,34.84,34.69,34.82,351004,0
2014-05-05,22:00:00,34.82,34.86,34.77,34.84,3043634,0
2014-05-06,16:00:00,34.78,34.87,34.68,34.72,363218,0
2014-05-06,17:00:00,34.71,34.74,34.66,34.69,410259,0
2014-05-06,18:00:00,34.7,34.7,34.63,34.64,361886,0
2014-05-06,19:00:00,34.65,34.7,34.56,34.69,318750,0
2014-05-06,20:00:00,34.7,34.76,34.69,34.69,566942,0
2014-05-06,21:00:00,34.7,34.71,34.58,34.58,365021,0
2014-05-06,22:00:00,34.59,34.6,34.42,34.46,2501132,0
2014-05-07,16:00:00,34.46,34.64,34.46,34.62,683440,0
2014-05-07,17:00:00,34.63,34.86,34.58,34.75,761035,0
2014-05-07,18:00:00,34.75,34.9,34.7,34.79,787882,0
2014-05-07,19:00:00,34.79,34.86,34.63,34.68,575120,0
2014-05-07,20:00:00,34.68,34.74,34.65,34.7,531034,0
2014-05-07,21:00:00,34.7,34.72,34.6,34.65,1018345,0
2014-05-07,22:00:00,34.65,34.72,34.56,34.65,4136296,0
