Date,Time,Open,High,Low,Close,Volume,OpenInt
2014-02-10,16:00:00,37.18,37.5,37.18,37.24,4300,0
2014-02-10,17:00:00,37.28,37.32,37.06,37.13,12504,0
2014-02-10,18:00:00,37.03,37.37,37.03,37.3,8737,0
2014-02-10,19:00:00,37.25,37.42,37.18,37.2,18365,0
2014-02-10,20:00:00,37.21,37.21,37,37.15,11405,0
2014-02-10,21:00:00,37.15,37.25,37.13,37.19,11500,0
2014-02-10,22:00:00,37.18,37.29,37.11,37.29,135100,0
2014-02-11,16:00:00,37.37,37.37,37.05,37.25,43173,0
2014-02-11,17:00:00,37.25,37.62,37.25,37.6,57627,0
2014-02-11,18:00:00,37.63,37.82,37.54,37.68,86358,0
2014-02-11,19:00:00,37.7,37.89,37.42,37.89,100967,0
2014-02-11,20:00:00,37.89,38.11,37.65,37.97,52417,0
2014-02-11,21:00:00,37.97,38.26,37.91,38.06,40705,0
2014-02-11,22:00:00,38.02,38.06,37.28,37.32,173019,0
2014-02-12,16:00:00,37.13,38.01,36.99,38,43250,0
2014-02-12,17:00:00,38.15,38.15,36.96,37.21,134386,0
2014-02-12,18:00:00,37.24,38.14,37.24,37.37,185076,0
2014-02-12,19:00:00,37.37,37.52,37.06,37.18,44350,0
2014-02-12,20:00:00,37.17,37.64,36.97,37.4,96486,0
2014-02-12,21:00:00,37.4,37.84,37.35,37.76,15800,0
2014-02-12,22:00:00,37.76,37.86,37.48,37.84,145732,0
2014-02-13,16:00:00,37.23,37.89,37.23,37.61,7708,0
2014-02-13,17:00:00,37.8,37.98,37.44,37.97,20450,0
2014-02-13,18:00:00,37.98,38.17,37.83,38.01,38086,0
2014-02-13,19:00:00,37.97,38.29,37.97,38.16,4890,0
2014-02-13,20:00:00,38.2,38.24,38.05,38.19,16650,0
2014-02-13,21:00:00,38.16,38.24,38,38.11,19751,0
2014-02-13,22:00:00,38.11,38.5,38.06,38.47,133691,0
2014-02-14,16:00:00,38.44,39,38.09,38.85,109031,0
2014-02-14,17:00:00,38.8,39.25,38.58,38.91,145940,0
2014-02-14,18:00:00,38.82,39.15,38.82,39.13,15354,0
2014-02-14,19:00:00,39.01,39.15,38.89,39.01,11990,0
2014-02-14,20:00:00,38.96,39.15,38.93,39.05,41916,0
2014-02-14,21:00:00,39.02,39.12,38.89,38.98,75359,0
2014-02-14,22:00:00,38.95,39.02,38.73,38.88,85358,0
2014-02-18,16:00:00,39,39.28,39,39.17,11049,0
2014-02-18,17:00:00,39.25,39.6,39.06,39.44,128320,0
2014-02-18,18:00:00,39.42,39.6,39.29,39.49,38746,0
2014-02-18,19:00:00,39.49,39.54,39.38,39.45,58465,0
2014-02-18,20:00:00,39.44,39.8,39.44,39.64,64796,0
2014-02-18,21:00:00,39.68,40,39.16,39.6,70837,0
2014-02-18,22:00:00,39.65,39.95,39.56,39.58,114929,0
2014-02-19,16:00:00,39.68,41.15,39.52,40.35,95101,0
2014-02-19,17:00:00,40.37,40.97,40.29,40.73,124238,0
2014-02-19,18:00:00,40.74,40.96,40.45,40.47,85190,0
2014-02-19,19:00:00,40.48,40.55,39.96,40.18,78297,0
2014-02-19,20:00:00,40.28,40.45,40.13,40.21,97429,0
2014-02-19,21:00:00,40.2,40.51,40.06,40.4,50046,0
2014-02-19,22:00:00,40.43,40.52,40.17,40.41,194349,0
2014-02-20,16:00:00,40.19,40.6,40.03,40.56,76045,0
2014-02-20,17:00:00,40.64,41.07,40.4,40.85,100431,0
2014-02-20,18:00:00,40.82,41.15,40.73,40.87,120590,0
2014-02-20,19:00:00,40.87,40.99,40.81,40.93,30836,0
2014-02-20,20:00:00,40.92,40.99,40.79,40.96,114206,0
2014-02-20,21:00:00,40.96,40.99,40.85,40.98,86285,0
2014-02-20,22:00:00,40.95,41.81,40.95,41.24,176891,0
2014-02-21,16:00:00,40,40.36,36.75,37.26,350317,0
2014-02-21,17:00:00,37.28,38.06,36.71,38.05,399438,0
2014-02-21,18:00:00,38.08,38.93,38.08,38.82,321517,0
2014-02-21,19:00:00,38.83,39.32,38.76,39.18,246835,0
2014-02-21,20:00:00,39.15,39.32,38.79,38.88,145188,0
2014-02-21,21:00:00,38.87,39.13,38.87,38.95,80618,0
2014-02-21,22:00:00,38.96,38.96,38.64,38.86,289193,0
2014-02-24,16:00:00,39.01,39.16,38.58,38.7,42482,0
2014-02-24,17:00:00,38.69,38.85,38.69,38.71,27535,0
2014-02-24,18:00:00,38.71,39.18,38.63,39.18,41619,0
2014-02-24,19:00:00,39.21,39.38,38.74,38.74,28011,0
2014-02-24,20:00:00,38.75,38.9,38.63,38.74,69270,0
2014-02-24,21:00:00,38.72,38.84,38.66,38.8,87830,0
2014-02-24,22:00:00,38.79,38.86,38.72,38.74,64998,0
2014-02-25,16:00:00,38.19,38.78,38.03,38.78,89727,0
2014-02-25,17:00:00,38.61,39.25,38.48,39.13,51366,0
2014-02-25,18:00:00,39.12,39.45,39.12,39.18,77328,0
2014-02-25,19:00:00,39.15,39.27,39.12,39.17,37630,0
2014-02-25,20:00:00,39.14,39.18,38.87,39.16,59572,0
2014-02-25,21:00:00,39.15,39.23,39.08,39.18,78918,0
2014-02-25,22:00:00,39.18,39.29,39.1,39.27,95275,0
2014-02-26,16:00:00,39.22,39.36,39.12,39.28,16726,0
2014-02-26,17:00:00,39.28,39.34,39.14,39.16,14950,0
2014-02-26,18:00:00,39.19,39.47,39.16,39.3,31628,0
2014-02-26,19:00:00,39.3,39.35,39.23,39.23,20608,0
2014-02-26,20:00:00,39.22,39.35,39.11,39.2,59235,0
2014-02-26,21:00:00,39.15,39.22,39.04,39.16,36630,0
2014-02-26,22:00:00,39.16,39.3,39.08,39.28,103432,0
2014-02-27,16:00:00,39.08,39.47,39.08,39.47,3882,0
2014-02-27,17:00:00,39.35,39.75,39.33,39.48,34666,0
2014-02-27,18:00:00,39.51,39.7,39.45,39.49,33040,0
2014-02-27,19:00:00,39.5,39.66,39.48,39.51,11279,0
2014-02-27,20:00:00,39.5,40,39.49,39.69,116022,0
2014-02-27,21:00:00,39.65,39.79,39.55,39.75,118819,0
2014-02-27,22:00:00,39.8,39.92,39.67,39.79,122294,0
2014-02-28,16:00:00,39.58,40.09,39.52,39.56,9500,0
2014-02-28,17:00:00,39.57,39.78,39.53,39.55,35728,0
2014-02-28,18:00:00,39.55,39.6,39.43,39.55,27159,0
2014-02-28,19:00:00,39.55,39.55,39.45,39.48,28379,0
2014-02-28,20:00:00,39.48,39.55,39.45,39.53,41000,0
2014-02-28,21:00:00,39.51,39.74,39.04,39.17,109398,0
2014-02-28,22:00:00,39.16,39.31,38.86,39.28,64594,0
2014-03-03,16:00:00,39.12,39.41,39.03,39.4,7901,0
2014-03-03,17:00:00,39.37,39.67,39.26,39.5,35020,0
2014-03-03,18:00:00,39.46,39.61,39.36,39.39,56935,0
2014-03-03,19:00:00,39.39,39.52,39.33,39.45,63757,0
2014-03-03,20:00:00,39.46,39.56,39.38,39.39,63861,0
2014-03-03,21:00:00,39.38,39.43,39.28,39.31,69750,0
2014-03-03,22:00:00,39.31,39.39,39.28,39.34,106147,0
2014-03-04,16:00:00,39.47,39.75,39.4,39.44,18931,0
2014-03-04,17:00:00,39.5,39.9,39.47,39.67,46922,0
2014-03-04,18:00:00,39.67,39.7,39.49,39.61,43168,0
2014-03-04,19:00:00,39.56,39.69,39.39,39.5,72010,0
2014-03-04,20:00:00,39.47,39.53,39.36,39.48,45454,0
2014-03-04,21:00:00,39.47,39.54,39.25,39.33,66567,0
2014-03-04,22:00:00,39.3,39.54,39.25,39.5,199135,0
2014-03-05,16:00:00,39.43,40.15,39.43,40.01,44261,0
2014-03-05,17:00:00,40.07,41.15,40.03,41.15,94169,0
2014-03-05,18:00:00,41.18,43.16,40.63,42.21,157522,0
2014-03-05,19:00:00,42.21,43.46,42.21,42.75,68656,0
2014-03-05,20:00:00,42.76,43.44,42.64,43.07,96716,0
2014-03-05,21:00:00,42.95,43.29,42.81,42.84,23782,0
2014-03-05,22:00:00,42.83,43.45,42.2,43.22,250140,0
2014-03-06,16:00:00,43.2,43.67,43.04,43.35,32024,0
2014-03-06,17:00:00,43.43,43.47,43.15,43.3,31783,0
2014-03-06,18:00:00,43.3,43.35,43.21,43.29,15950,0
2014-03-06,19:00:00,43.26,43.38,43.24,43.31,17425,0
2014-03-06,20:00:00,43.29,43.34,43.18,43.28,23043,0
2014-03-06,21:00:00,43.26,44.11,43.26,43.93,47437,0
2014-03-06,22:00:00,43.93,44,43.44,43.84,98730,0
2014-03-07,16:00:00,43.74,43.87,43.09,43.19,38328,0
2014-03-07,17:00:00,43.17,43.59,43.07,43.48,36873,0
2014-03-07,18:00:00,43.5,43.83,43.3,43.76,42448,0
2014-03-07,19:00:00,43.7,43.85,43.43,43.6,184100,0
2014-03-07,20:00:00,43.6,43.69,43.21,43.6,40043,0
2014-03-07,21:00:00,43.61,43.75,43.54,43.73,15543,0
2014-03-07,22:00:00,43.67,43.77,43.54,43.68,42585,0
2014-03-10,15:00:00,43.59,44.31,43.53,43.97,20068,0
2014-03-10,16:00:00,43.97,44.1,43.64,43.69,40312,0
2014-03-10,17:00:00,43.74,43.81,43.01,43.11,87420,0
2014-03-10,18:00:00,43.24,43.29,42.65,42.85,31166,0
2014-03-10,19:00:00,42.94,43.19,42.66,42.91,23608,0
2014-03-10,20:00:00,43.03,43.53,42.92,43.46,27212,0
2014-03-10,21:00:00,43.39,43.53,43.21,43.5,117498,0
2014-03-11,15:00:00,43.47,43.47,43.11,43.12,10502,0
2014-03-11,16:00:00,43.12,43.62,43,43.5,39497,0
2014-03-11,17:00:00,43.57,43.64,43.36,43.36,7839,0
2014-03-11,18:00:00,43.12,43.12,42.54,42.79,9300,0
2014-03-11,19:00:00,42.73,42.74,42.32,42.55,9700,0
2014-03-11,20:00:00,42.53,42.53,41.95,42.09,28282,0
2014-03-11,21:00:00,42.09,42.18,41.55,41.95,155680,0
2014-03-12,15:00:00,41.72,41.72,41.1,41.21,6800,0
2014-03-12,16:00:00,41.33,42.44,41.31,42.39,37728,0
2014-03-12,17:00:00,42.41,43.08,42.41,42.9,35273,0
2014-03-12,18:00:00,42.89,42.89,42.42,42.57,32900,0
2014-03-12,19:00:00,42.58,42.59,42.38,42.47,23436,0
2014-03-12,20:00:00,42.56,42.57,42.34,42.34,17604,0
2014-03-12,21:00:00,42.36,42.54,42.1,42.32,85017,0
2014-03-13,15:00:00,42.31,42.6,42.27,42.35,52033,0
2014-03-13,16:00:00,42.48,42.48,41.6,41.6,8582,0
2014-03-13,17:00:00,41.58,41.6,41.3,41.35,4400,0
2014-03-13,18:00:00,41.35,41.35,40.2,40.23,63277,0
2014-03-13,19:00:00,40.23,40.42,40.12,40.14,16480,0
2014-03-13,20:00:00,40.14,40.49,40.12,40.13,54196,0
2014-03-13,21:00:00,40.23,40.62,39.98,40.48,55758,0
2014-03-14,15:00:00,39.97,40.95,39.97,40.84,64100,0
2014-03-14,16:00:00,40.85,41.2,40.79,40.88,25186,0
2014-03-14,17:00:00,40.87,40.87,40.29,40.77,50054,0
2014-03-14,18:00:00,40.84,40.9,40.68,40.69,22225,0
2014-03-14,19:00:00,40.71,40.79,40.65,40.79,7200,0
2014-03-14,20:00:00,40.72,40.77,40.61,40.76,9246,0
2014-03-14,21:00:00,40.7,41,40.45,40.55,53940,0
2014-03-17,15:00:00,40.85,41.21,40.44,41.13,53973,0
2014-03-17,16:00:00,41.16,41.21,40.78,40.85,8900,0
2014-03-17,17:00:00,40.84,40.84,40.63,40.72,6499,0
2014-03-17,18:00:00,40.73,40.82,40.65,40.72,17305,0
2014-03-17,19:00:00,40.74,40.85,40.7,40.76,19587,0
2014-03-17,20:00:00,40.76,40.96,40.76,40.82,20100,0
2014-03-17,21:00:00,40.83,41.02,40.7,40.78,86296,0
2014-03-18,15:00:00,40.74,41.12,40.7,40.96,31928,0
2014-03-18,16:00:00,41.01,41.07,40.81,41,13440,0
2014-03-18,17:00:00,40.95,41.25,40.9,41.15,40579,0
2014-03-18,18:00:00,41.14,41.15,40.94,40.95,6468,0
2014-03-18,19:00:00,40.97,41,40.97,40.97,15100,0
2014-03-18,20:00:00,40.96,41,40.94,40.96,10477,0
2014-03-18,21:00:00,41,41.17,40.86,40.86,54462,0
2014-03-19,15:00:00,40.79,41.06,40.6,40.94,42109,0
2014-03-19,16:00:00,40.95,41,40.85,40.93,32900,0
2014-03-19,17:00:00,40.98,41,40.51,40.95,30926,0
2014-03-19,18:00:00,40.97,41,40.94,40.99,8734,0
2014-03-19,19:00:00,40.99,41,40.92,41,5600,0
2014-03-19,20:00:00,40.99,41.2,40.83,41.2,38410,0
2014-03-19,21:00:00,41.24,41.24,40.62,40.85,46863,0
2014-03-20,15:00:00,40.8,40.8,40.3,40.56,29939,0
2014-03-20,16:00:00,40.61,40.76,40.39,40.52,12304,0
2014-03-20,17:00:00,40.45,40.45,40.22,40.22,6490,0
2014-03-20,18:00:00,40.24,40.35,40.15,40.18,7955,0
2014-03-20,19:00:00,40.18,40.27,40.04,40.04,8400,0
2014-03-20,20:00:00,40.02,40.03,39.7,39.72,32996,0
2014-03-20,21:00:00,39.78,39.84,39.33,39.61,62229,0
2014-03-21,15:00:00,39.58,39.91,39.34,39.34,20640,0
2014-03-21,16:00:00,39.39,39.8,39.31,39.56,14218,0
2014-03-21,17:00:00,39.58,39.95,39.5,39.89,10049,0
2014-03-21,18:00:00,39.81,39.88,39.63,39.7,10601,0
2014-03-21,19:00:00,39.74,39.79,39.4,39.6,77717,0
2014-03-21,20:00:00,39.6,39.6,39.52,39.55,12752,0
2014-03-21,21:00:00,39.53,39.6,39.49,39.54,181928,0
2014-03-24,15:00:00,39.5,39.7,38.97,38.97,62579,0
2014-03-24,16:00:00,38.97,38.97,37.52,37.52,49794,0
2014-03-24,17:00:00,37.53,38.1,37.12,38.05,80640,0
2014-03-24,18:00:00,38,38.48,38,38.24,57519,0
2014-03-24,19:00:00,38.2,38.32,37.91,38.16,23571,0
2014-03-24,20:00:00,38.21,38.36,38,38.07,17928,0
2014-03-24,21:00:00,38,38.41,37.88,38.22,122202,0
2014-03-26,15:00:00,37.58,37.88,37.26,37.36,3379,0
2014-03-26,16:00:00,37.27,37.53,36.63,36.88,123440,0
2014-03-26,17:00:00,36.81,37.15,36.49,36.49,76680,0
2014-03-26,18:00:00,36.37,36.51,36.2,36.31,8525,0
2014-03-26,19:00:00,36.31,36.42,36,36.06,29988,0
2014-03-26,20:00:00,36.18,36.98,36.05,36.98,31263,0
2014-03-26,21:00:00,36.93,39,36.54,39,68245,0
2014-03-27,15:00:00,37.01,37.66,36.29,36.71,36535,0
2014-03-27,16:00:00,36.95,37.12,36.83,36.96,35553,0
2014-03-27,17:00:00,37.03,37.04,36.46,36.79,90952,0
2014-03-27,18:00:00,36.72,36.95,36.71,36.88,18875,0
2014-03-27,19:00:00,36.87,36.95,36.71,36.75,20119,0
2014-03-27,20:00:00,36.77,36.77,36.48,36.52,18038,0
2014-03-27,21:00:00,36.53,36.54,36.22,36.3,79309,0
2014-03-28,15:00:00,36.36,36.4,35.84,36.04,35751,0
2014-03-28,16:00:00,35.96,36.92,35.9,36.77,78968,0
2014-03-28,17:00:00,36.92,36.92,36.62,36.8,14425,0
2014-03-28,18:00:00,36.75,36.87,36.37,36.42,47890,0
2014-03-28,19:00:00,36.34,36.42,36.16,36.29,68001,0
2014-03-28,20:00:00,36.25,36.51,36.13,36.35,18713,0
2014-03-28,21:00:00,36.44,36.6,36.2,36.34,66670,0
2014-03-31,16:00:00,36.7,36.92,36.5,36.65,16607,0
2014-03-31,17:00:00,36.69,36.76,36,36.45,36284,0
2014-03-31,18:00:00,36.49,36.5,36,36.43,34116,0
2014-03-31,19:00:00,36.42,36.55,36.21,36.37,31587,0
2014-03-31,20:00:00,36.39,36.39,36.13,36.18,11918,0
2014-03-31,21:00:00,36.08,36.26,36.08,36.2,13160,0
2014-03-31,22:00:00,36.17,36.34,35.96,36.15,125594,0
2014-04-01,16:00:00,36.24,36.36,35.94,36.03,36280,0
2014-04-01,17:00:00,36,36.29,35.96,36.11,39693,0
2014-04-01,18:00:00,36.11,36.24,35.88,35.88,36174,0
2014-04-01,19:00:00,35.88,35.97,35.62,35.87,23529,0
2014-04-01,20:00:00,35.84,35.88,35.75,35.75,14822,0
2014-04-01,21:00:00,35.77,35.89,35.64,35.78,65991,0
2014-04-01,22:00:00,35.82,36.04,35.69,36,85173,0
2014-04-02,16:00:00,35.95,36.46,35.95,35.97,12343,0
2014-04-02,17:00:00,36.02,36.45,35.97,36.2,40963,0
2014-04-02,18:00:00,36.16,36.26,35.9,35.9,33800,0
2014-04-02,19:00:00,35.82,36.27,35.64,36.01,52553,0
2014-04-02,20:00:00,36.11,36.16,35.5,35.5,42043,0
2014-04-02,21:00:00,35.54,35.63,35.12,35.2,34011,0
2014-04-02,22:00:00,35.23,35.29,34.88,35.09,42244,0
2014-04-03,16:00:00,35,35.42,34.83,35.09,7499,0
2014-04-03,17:00:00,35.09,35.24,33.91,34,27359,0
2014-04-03,18:00:00,34.07,34.27,33.18,33.56,74187,0
2014-04-03,19:00:00,33.65,33.74,32.92,32.92,104414,0
2014-04-03,20:00:00,33.04,34.18,32.74,32.92,322741,0
2014-04-03,21:00:00,32.89,33.25,32.58,33.1,95961,0
2014-04-03,22:00:00,33.12,33.65,33.1,33.39,248780,0
2014-04-04,16:00:00,33.73,33.73,32.82,32.91,22814,0
2014-04-04,17:00:00,33,33.47,32.98,33.22,58835,0
2014-04-04,18:00:00,33.32,33.44,32.2,32.5,50492,0
2014-04-04,19:00:00,32.5,32.53,32.34,32.43,90143,0
2014-04-04,20:00:00,32.43,32.71,32.34,32.65,45702,0
2014-04-04,21:00:00,32.74,32.74,32.48,32.49,54147,0
2014-04-04,22:00:00,32.5,32.53,32.16,32.28,225252,0
2014-04-07,16:00:00,32.25,32.95,32,32.95,32381,0
2014-04-07,17:00:00,32.95,33.19,32.4,32.69,48490,0
2014-04-07,18:00:00,32.65,32.75,32.01,32.09,19642,0
2014-04-07,19:00:00,32.05,32.34,31.58,32.16,68552,0
2014-04-07,20:00:00,32.11,32.16,31.21,31.8,56004,0
2014-04-07,21:00:00,31.73,31.98,31.22,31.95,26094,0
2014-04-07,22:00:00,31.86,32.47,31.77,32.4,93178,0
2014-04-08,16:00:00,32.54,32.95,32.1,32.18,15865,0
2014-04-08,17:00:00,32.19,32.74,31.69,32.65,48799,0
2014-04-08,18:00:00,32.62,32.8,32.45,32.68,27347,0
2014-04-08,19:00:00,32.63,32.98,32.55,32.75,89535,0
2014-04-08,20:00:00,32.75,33.34,32.52,32.67,30817,0
2014-04-08,21:00:00,32.7,33.4,32.54,33.28,67081,0
2014-04-08,22:00:00,33.13,33.38,32.57,32.82,145402,0
2014-04-09,16:00:00,33.15,33.67,33.15,33.57,12900,0
2014-04-09,17:00:00,33.59,33.9,33.45,33.87,32550,0
2014-04-09,18:00:00,33.8,33.9,33.65,33.77,40127,0
2014-04-09,19:00:00,33.71,33.8,33.65,33.73,37400,0
2014-04-09,20:00:00,33.72,33.8,33.65,33.75,28250,0
2014-04-09,21:00:00,33.73,34.23,33.73,34,53755,0
2014-04-09,22:00:00,34,34.62,33.97,34.5,86328,0
2014-04-10,16:00:00,34.63,34.83,34.48,34.6,15200,0
2014-04-10,17:00:00,34.52,34.8,34.45,34.57,91107,0
2014-04-10,18:00:00,34.6,34.91,34.57,34.86,71401,0
2014-04-10,19:00:00,34.87,34.9,34.2,34.46,230633,0
2014-04-10,20:00:00,34.39,34.45,33.74,34.02,125544,0
2014-04-10,21:00:00,34.08,34.27,33.85,33.95,71946,0
2014-04-10,22:00:00,33.9,33.9,33.31,33.31,187766,0
2014-04-11,16:00:00,32.75,33.39,32.75,33.16,6245,0
2014-04-11,17:00:00,33.03,33.53,32.9,33.35,35828,0
2014-04-11,18:00:00,33.35,33.64,33.21,33.25,27812,0
2014-04-11,19:00:00,33.25,33.39,33.13,33.17,42636,0
2014-04-11,20:00:00,33.13,33.21,32.75,32.76,30684,0
2014-04-11,21:00:00,32.66,32.74,32,32.36,20703,0
2014-04-11,22:00:00,32.37,32.37,32.03,32.16,69895,0
2014-04-14,16:00:00,32.56,33.04,32.29,32.29,10859,0
2014-04-14,17:00:00,32.27,33.02,32.14,32.91,24942,0
2014-04-14,18:00:00,32.84,33.21,32.78,32.94,69741,0
2014-04-14,19:00:00,33,33.08,32.65,32.65,109043,0
2014-04-14,20:00:00,32.57,32.71,32.31,32.35,12846,0
2014-04-14,21:00:00,32.27,32.55,32.04,32.04,28812,0
2014-04-14,22:00:00,32.01,32.32,31.73,32.27,45284,0
2014-04-15,16:00:00,32.03,32.35,32.02,32.35,7950,0
2014-04-15,17:00:00,32.39,32.41,32.04,32.15,97310,0
2014-04-15,18:00:00,32.11,32.28,32,32.03,60536,0
2014-04-15,19:00:00,32.08,32.19,31.78,31.97,43454,0
2014-04-15,20:00:00,31.88,32.63,31.88,32.62,29950,0
2014-04-15,21:00:00,32.72,33.14,32.63,33,19600,0
2014-04-15,22:00:00,33.02,33.04,32.74,32.88,56498,0
2014-04-16,16:00:00,33.22,33.39,32.87,32.87,18737,0
2014-04-16,17:00:00,32.97,33.16,32.96,32.99,22400,0
2014-04-16,18:00:00,32.88,33.15,32.83,33.14,30054,0
2014-04-16,19:00:00,33.13,33.49,33.08,33.29,15952,0
2014-04-16,20:00:00,33.16,33.18,32.93,33,8200,0
2014-04-16,21:00:00,32.95,33.28,32.93,33.2,28879,0
2014-04-16,22:00:00,33.16,33.4,32.98,33.33,93585,0
2014-04-17,16:00:00,33.52,33.52,33.2,33.4,10900,0
2014-04-17,17:00:00,33.4,33.57,33.19,33.21,40975,0
2014-04-17,18:00:00,33.2,33.4,32.97,33.11,19705,0
2014-04-17,19:00:00,33.11,33.24,32.86,33.24,12900,0
2014-04-17,20:00:00,33.29,33.4,33.17,33.23,9300,0
2014-04-17,21:00:00,33.23,33.4,33.05,33.4,10189,0
2014-04-17,22:00:00,33.4,33.54,33.24,33.41,22919,0
2014-04-21,16:00:00,33.31,33.63,33.3,33.61,10241,0
2014-04-21,17:00:00,33.59,33.69,32.7,32.97,20700,0
2014-04-21,18:00:00,32.86,33.45,32.86,33.39,13000,0
2014-04-21,19:00:00,33.49,33.58,33.31,33.51,28914,0
2014-04-21,20:00:00,33.52,33.55,33.26,33.43,23100,0
2014-04-21,21:00:00,33.33,33.44,33.27,33.36,12761,0
2014-04-21,22:00:00,33.41,33.41,32.94,33.29,55137,0
2014-04-22,16:00:00,33.59,33.59,33.07,33.39,16204,0
2014-04-22,17:00:00,33.39,33.42,33.15,33.24,3390,0
2014-04-22,18:00:00,33.22,34.28,33.22,33.95,21800,0
2014-04-22,19:00:00,33.9,33.94,33.65,33.8,38333,0
2014-04-22,20:00:00,33.8,33.81,33.57,33.81,2658,0
2014-04-22,21:00:00,33.86,33.9,33.59,33.59,4301,0
2014-04-22,22:00:00,33.54,33.68,33.3,33.44,59877,0
2014-04-23,16:00:00,33.47,33.47,32.56,32.86,8016,0
2014-04-23,17:00:00,32.77,32.82,32.07,32.35,33971,0
2014-04-23,18:00:00,32.28,32.35,32,32.23,26763,0
2014-04-23,19:00:00,32.21,32.21,31.91,31.91,13115,0
2014-04-23,20:00:00,31.91,32.05,31.65,31.79,16948,0
2014-04-23,21:00:00,31.83,31.91,31.64,31.79,20829,0
2014-04-23,22:00:00,31.81,31.94,31.53,31.55,104614,0
2014-04-24,16:00:00,31.79,32.08,31,31.15,48822,0
2014-04-24,17:00:00,31.17,31.52,31,31.26,45220,0
2014-04-24,18:00:00,31.26,31.48,31,31.06,74733,0
2014-04-24,19:00:00,31.06,31.19,30.92,31.19,17000,0
2014-04-24,20:00:00,31.27,31.29,30.77,31.03,269764,0
2014-04-24,21:00:00,31.05,31.09,30.92,30.96,27387,0
2014-04-24,22:00:00,31.05,31.09,30.47,30.62,157805,0
2014-04-25,16:00:00,30.45,30.66,30.25,30.41,10600,0
2014-04-25,17:00:00,30.3,30.3,29.47,29.72,43361,0
2014-04-25,18:00:00,29.65,30.13,29.34,29.91,34664,0
2014-04-25,19:00:00,29.96,29.98,29.28,29.28,34969,0
2014-04-25,20:00:00,29.26,29.63,29.17,29.63,44776,0
2014-04-25,21:00:00,29.7,29.75,29.29,29.49,56441,0
2014-04-25,22:00:00,29.48,29.95,29.29,29.65,136389,0
2014-04-28,16:00:00,29.69,30.59,29.65,30.59,135991,0
2014-04-28,17:00:00,30.64,30.8,29.58,29.67,33004,0
2014-04-28,18:00:00,29.62,29.95,28.89,28.95,158114,0
2014-04-28,19:00:00,28.85,29.01,28.71,28.81,47487,0
2014-04-28,20:00:00,28.78,28.81,28.41,28.71,32863,0
2014-04-28,21:00:00,28.68,28.85,28.54,28.8,27106,0
2014-04-28,22:00:00,28.81,29.34,28.7,28.87,114813,0
2014-04-29,16:00:00,28.89,28.89,28.53,28.85,18604,0
2014-04-29,17:00:00,28.84,29.12,28.79,28.95,121707,0
2014-04-29,18:00:00,28.97,28.97,28.36,28.54,74147,0
2014-04-29,19:00:00,28.55,28.88,28.38,28.6,63525,0
2014-04-29,20:00:00,28.6,28.79,28.57,28.68,44852,0
2014-04-29,21:00:00,28.7,28.74,28.57,28.64,54560,0
2014-04-29,22:00:00,28.62,28.87,28.6,28.69,134661,0
2014-04-30,16:00:00,28.55,28.66,27.85,28.11,84129,0
2014-04-30,17:00:00,28.08,28.52,27.8,27.82,81699,0
2014-04-30,18:00:00,27.88,27.97,27.67,27.68,44360,0
2014-04-30,19:00:00,27.72,28.03,27.57,27.85,81044,0
2014-04-30,20:00:00,27.85,27.88,27.29,27.29,206599,0
2014-04-30,21:00:00,27.37,27.59,27.3,27.45,47828,0
2014-04-30,22:00:00,27.47,27.61,27.44,27.53,216086,0
2014-05-01,16:00:00,27.53,27.69,27.4,27.53,89329,0
2014-05-01,17:00:00,27.54,28.18,27.3,28.11,254512,0
2014-05-01,18:00:00,28.15,28.71,27.83,28.53,123908,0
2014-05-01,19:00:00,28.61,29.23,28.45,29,87669,0
2014-05-01,20:00:00,28.95,29,28.39,28.53,43037,0
2014-05-01,21:00:00,28.53,28.67,28.36,28.58,33067,0
2014-05-01,22:00:00,28.51,28.68,28.36,28.55,101788,0
2014-05-02,16:00:00,28.67,28.88,28.21,28.49,59973,0
2014-05-02,17:00:00,28.56,28.97,28.36,28.81,27816,0
2014-05-02,18:00:00,28.8,28.97,28.73,28.93,13251,0
2014-05-02,19:00:00,28.93,29.06,28.93,29.06,5200,0
2014-05-02,20:00:00,29.04,29.12,28.95,29.08,11939,0
2014-05-02,21:00:00,29.08,29.21,29.04,29.09,5062,0
2014-05-02,22:00:00,29.06,29.22,29.03,29.21,43119,0
2014-05-05,16:00:00,29.07,29.29,29.01,29.16,14355,0
2014-05-05,17:00:00,29.11,29.42,29.1,29.3,61007,0
2014-05-05,18:00:00,29.38,29.46,29.25,29.37,48852,0
2014-05-05,19:00:00,29.38,29.38,29.25,29.3,24646,0
2014-05-05,20:00:00,29.32,29.33,29.01,29.28,26991,0
2014-05-05,21:00:00,29.26,29.46,29.21,29.43,53300,0
2014-05-05,22:00:00,29.38,29.58,29.28,29.41,27764,0
2014-05-06,16:00:00,29.4,29.59,29.4,29.59,14633,0
2014-05-06,17:00:00,29.57,29.57,29.18,29.18,42465,0
2014-05-06,18:00:00,29.18,29.18,28.77,29,32900,0
2014-05-06,19:00:00,29.07,29.07,28.87,29,16841,0
2014-05-06,20:00:00,29,29,28.68,28.68,12605,0
2014-05-06,21:00:00,28.64,28.77,28.23,28.23,63612,0
2014-05-06,22:00:00,28.22,28.35,27.92,27.96,78525,0
2014-05-07,16:00:00,27.99,28,26.71,26.86,53204,0
2014-05-07,17:00:00,26.86,26.86,25.89,26.2,119473,0
2014-05-07,18:00:00,26.21,26.22,25.8,26,41733,0
2014-05-07,19:00:00,25.88,25.95,25.38,25.41,24920,0
2014-05-07,20:00:00,25.36,25.99,25.25,25.72,31943,0
2014-05-07,21:00:00,25.69,25.79,25.27,25.31,33017,0
2014-05-07,22:00:00,25.35,25.35,25.01,25.19,99448,0
