Date,Time,Open,High,Low,Close,Volume,OpenInt
2014-02-10,16:00:00,19.41,19.41,19.2,19.25,57043,0
2014-02-10,17:00:00,19.25,19.28,19.21,19.28,79869,0
2014-02-10,18:00:00,19.27,19.33,19.24,19.32,60607,0
2014-02-10,19:00:00,19.31,19.4,19.3,19.39,69682,0
2014-02-10,20:00:00,19.4,19.49,19.39,19.47,102162,0
2014-02-10,21:00:00,19.47,19.57,19.46,19.53,87979,0
2014-02-10,22:00:00,19.53,19.53,19.46,19.49,268938,0
2014-02-11,16:00:00,19.42,19.54,19.33,19.41,32144,0
2014-02-11,17:00:00,19.41,19.46,19.33,19.35,74356,0
2014-02-11,18:00:00,19.37,19.44,19.33,19.43,43429,0
2014-02-11,19:00:00,19.43,19.53,19.43,19.5,91598,0
2014-02-11,20:00:00,19.5,19.59,19.5,19.56,79884,0
2014-02-11,21:00:00,19.55,19.63,19.54,19.57,117073,0
2014-02-11,22:00:00,19.58,19.61,19.56,19.61,221513,0
2014-02-12,16:00:00,19.66,19.73,19.62,19.72,51059,0
2014-02-12,17:00:00,19.71,19.75,19.68,19.69,101829,0
2014-02-12,18:00:00,19.7,19.73,19.53,19.56,83683,0
2014-02-12,19:00:00,19.56,19.6,19.52,19.54,68893,0
2014-02-12,20:00:00,19.54,19.61,19.52,19.56,70054,0
2014-02-12,21:00:00,19.56,19.62,19.5,19.56,153114,0
2014-02-12,22:00:00,19.55,19.6,19.53,19.6,239184,0
2014-02-13,16:00:00,19.41,19.53,19.35,19.51,35326,0
2014-02-13,17:00:00,19.51,19.76,19.49,19.74,76071,0
2014-02-13,18:00:00,19.73,19.75,19.64,19.65,55214,0
2014-02-13,19:00:00,19.65,19.79,19.64,19.78,66041,0
2014-02-13,20:00:00,19.77,19.9,19.76,19.89,75170,0
2014-02-13,21:00:00,19.89,19.9,19.75,19.78,179043,0
2014-02-13,22:00:00,19.77,19.77,19.71,19.72,556531,0
2014-02-14,16:00:00,19.73,19.85,19.68,19.73,55475,0
2014-02-14,17:00:00,19.73,19.85,19.69,19.8,95255,0
2014-02-14,18:00:00,19.8,19.81,19.72,19.72,49330,0
2014-02-14,19:00:00,19.72,19.78,19.7,19.78,32657,0
2014-02-14,20:00:00,19.77,19.9,19.77,19.9,58330,0
2014-02-14,21:00:00,19.9,19.9,19.87,19.9,84448,0
2014-02-14,22:00:00,19.9,19.91,19.85,19.9,405938,0
2014-02-18,16:00:00,19.89,20.02,19.89,19.91,86369,0
2014-02-18,17:00:00,19.91,19.95,19.83,19.9,79231,0
2014-02-18,18:00:00,19.9,19.97,19.89,19.95,101140,0
2014-02-18,19:00:00,19.95,19.97,19.92,19.94,97973,0
2014-02-18,20:00:00,19.94,19.95,19.87,19.89,88826,0
2014-02-18,21:00:00,19.89,20.06,19.88,20.03,337040,0
2014-02-18,22:00:00,20.03,20.08,20.02,20.05,704422,0
2014-02-19,16:00:00,19.99,20.1,19.94,20.03,42265,0
2014-02-19,17:00:00,20.04,20.11,20.01,20.07,150438,0
2014-02-19,18:00:00,20.07,20.11,20.04,20.07,123168,0
2014-02-19,19:00:00,20.07,20.09,20,20.01,209274,0
2014-02-19,20:00:00,20.01,20.04,19.99,20,136336,0
2014-02-19,21:00:00,20.01,20.04,19.95,19.99,137909,0
2014-02-19,22:00:00,19.98,19.98,19.86,19.9,343144,0
2014-02-20,16:00:00,19.87,20.02,19.87,19.99,61591,0
2014-02-20,17:00:00,19.95,19.99,19.89,19.89,138673,0
2014-02-20,18:00:00,19.89,19.91,19.85,19.87,144663,0
2014-02-20,19:00:00,19.88,20.01,19.87,19.99,147013,0
2014-02-20,20:00:00,19.99,20,19.97,19.99,83209,0
2014-02-20,21:00:00,19.99,20,19.94,19.94,215498,0
2014-02-20,22:00:00,19.94,19.97,19.9,19.96,468560,0
2014-02-21,16:00:00,20.11,20.11,19.97,20.02,28393,0
2014-02-21,17:00:00,20.01,20.21,20,20.19,154967,0
2014-02-21,18:00:00,20.18,20.2,20.14,20.16,97161,0
2014-02-21,19:00:00,20.17,20.18,20.1,20.1,73704,0
2014-02-21,20:00:00,20.1,20.15,20.09,20.12,58599,0
2014-02-21,21:00:00,20.12,20.13,20.07,20.11,79529,0
2014-02-21,22:00:00,20.11,20.14,20.1,20.12,338322,0
2014-02-24,16:00:00,20.13,20.18,20,20,75004,0
2014-02-24,17:00:00,20.01,20.17,20.01,20.14,159588,0
2014-02-24,18:00:00,20.14,20.23,20.13,20.2,384068,0
2014-02-24,19:00:00,20.21,20.22,20.17,20.17,135563,0
2014-02-24,20:00:00,20.19,20.22,20.18,20.18,54596,0
2014-02-24,21:00:00,20.19,20.26,20.19,20.24,178779,0
2014-02-24,22:00:00,20.24,20.25,20.15,20.15,623739,0
2014-02-25,16:00:00,20.13,20.15,20.04,20.05,39270,0
2014-02-25,17:00:00,20.05,20.09,19.98,20.07,101303,0
2014-02-25,18:00:00,20.08,20.25,20.08,20.22,103769,0
2014-02-25,19:00:00,20.22,20.23,20.18,20.23,69548,0
2014-02-25,20:00:00,20.23,20.27,20.18,20.18,109398,0
2014-02-25,21:00:00,20.18,20.19,20.09,20.11,223137,0
2014-02-25,22:00:00,20.11,20.11,20.01,20.06,418255,0
2014-02-26,16:00:00,20.07,20.2,20.07,20.14,34346,0
2014-02-26,17:00:00,20.14,20.27,20.14,20.24,153087,0
2014-02-26,18:00:00,20.25,20.26,20.09,20.13,193494,0
2014-02-26,19:00:00,20.12,20.28,20.11,20.26,230140,0
2014-02-26,20:00:00,20.26,20.31,20.25,20.26,123075,0
2014-02-26,21:00:00,20.26,20.31,20.19,20.27,205960,0
2014-02-26,22:00:00,20.28,20.36,20.21,20.29,607783,0
2014-02-27,16:00:00,19.51,20.28,19.44,20.05,606968,0
2014-02-27,17:00:00,20.06,20.31,20.05,20.29,313082,0
2014-02-27,18:00:00,20.3,20.53,20.28,20.38,455075,0
2014-02-27,19:00:00,20.39,20.46,20.28,20.34,221620,0
2014-02-27,20:00:00,20.34,20.34,20.13,20.14,140523,0
2014-02-27,21:00:00,20.13,20.15,20.05,20.14,118814,0
2014-02-27,22:00:00,20.15,20.22,20.07,20.22,649817,0
2014-02-28,16:00:00,20.16,20.16,20.01,20.06,44405,0
2014-02-28,17:00:00,20.09,20.26,20.04,20.21,182153,0
2014-02-28,18:00:00,20.21,20.34,20.21,20.29,166262,0
2014-02-28,19:00:00,20.29,20.29,20.16,20.21,121852,0
2014-02-28,20:00:00,20.21,20.35,20.2,20.31,77071,0
2014-02-28,21:00:00,20.31,20.33,20.15,20.16,137161,0
2014-02-28,22:00:00,20.16,20.2,20.07,20.18,710774,0
2014-03-03,16:00:00,20.12,20.18,19.85,20.02,163719,0
2014-03-03,17:00:00,20.03,20.03,19.82,19.86,259258,0
2014-03-03,18:00:00,19.87,19.87,19.68,19.72,260789,0
2014-03-03,19:00:00,19.72,19.91,19.63,19.85,184252,0
2014-03-03,20:00:00,19.85,19.98,19.85,19.96,120157,0
2014-03-03,21:00:00,19.97,20.09,19.94,20.09,145268,0
2014-03-03,22:00:00,20.08,20.09,19.93,19.94,459595,0
2014-03-04,16:00:00,20.2,20.38,20.2,20.38,96590,0
2014-03-04,17:00:00,20.39,20.46,20.36,20.45,154702,0
2014-03-04,18:00:00,20.44,20.45,20.41,20.44,84957,0
2014-03-04,19:00:00,20.44,20.51,20.41,20.49,150145,0
2014-03-04,20:00:00,20.48,20.5,20.44,20.45,104364,0
2014-03-04,21:00:00,20.44,20.45,20.35,20.45,138110,0
2014-03-04,22:00:00,20.44,20.49,20.41,20.41,1041664,0
2014-03-05,16:00:00,20.4,20.43,20.22,20.34,33424,0
2014-03-05,17:00:00,20.35,20.47,20.29,20.47,103293,0
2014-03-05,18:00:00,20.46,20.48,20.42,20.44,72436,0
2014-03-05,19:00:00,20.44,20.44,20.37,20.38,101900,0
2014-03-05,20:00:00,20.37,20.4,20.32,20.33,45785,0
2014-03-05,21:00:00,20.34,20.42,20.34,20.42,96900,0
2014-03-05,22:00:00,20.41,20.42,20.36,20.36,442068,0
2014-03-06,16:00:00,20.38,20.46,20.33,20.37,20791,0
2014-03-06,17:00:00,20.37,20.41,20.21,20.41,88292,0
2014-03-06,18:00:00,20.41,20.45,20.39,20.42,40397,0
2014-03-06,19:00:00,20.42,20.5,20.41,20.49,85044,0
2014-03-06,20:00:00,20.49,20.49,20.41,20.44,46479,0
2014-03-06,21:00:00,20.43,20.49,20.39,20.49,56288,0
2014-03-06,22:00:00,20.49,20.49,20.43,20.47,198965,0
2014-03-07,16:00:00,20.55,20.61,20.45,20.48,73290,0
2014-03-07,17:00:00,20.48,20.51,20.39,20.39,102551,0
2014-03-07,18:00:00,20.38,20.46,20.31,20.45,75891,0
2014-03-07,19:00:00,20.45,20.45,20.31,20.32,124656,0
2014-03-07,20:00:00,20.31,20.45,20.29,20.45,267245,0
2014-03-07,21:00:00,20.44,20.49,20.43,20.49,126695,0
2014-03-07,22:00:00,20.48,20.51,20.4,20.49,459551,0
2014-03-10,15:00:00,20.5,20.53,20.47,20.49,48933,0
2014-03-10,16:00:00,20.49,20.49,20.27,20.27,75172,0
2014-03-10,17:00:00,20.28,20.4,20.26,20.37,91441,0
2014-03-10,18:00:00,20.37,20.44,20.36,20.4,91105,0
2014-03-10,19:00:00,20.39,20.4,20.29,20.32,51715,0
2014-03-10,20:00:00,20.3,20.32,20.18,20.22,111599,0
2014-03-10,21:00:00,20.22,20.29,20.16,20.27,447283,0
2014-03-11,15:00:00,20.24,20.4,20.14,20.22,33787,0
2014-03-11,16:00:00,20.23,20.33,20.14,20.18,76426,0
2014-03-11,17:00:00,20.19,20.19,20.06,20.11,263617,0
2014-03-11,18:00:00,20.11,20.16,19.99,20.13,236025,0
2014-03-11,19:00:00,20.14,20.14,20.02,20.07,71858,0
2014-03-11,20:00:00,20.07,20.07,19.9,19.92,152781,0
2014-03-11,21:00:00,19.92,19.99,19.85,19.99,440387,0
2014-03-12,15:00:00,19.88,19.95,19.79,19.79,102082,0
2014-03-12,16:00:00,19.8,20.06,19.79,20.06,158314,0
2014-03-12,17:00:00,20.08,20.11,20.02,20.04,137308,0
2014-03-12,18:00:00,20.04,20.07,20.03,20.06,43829,0
2014-03-12,19:00:00,20.06,20.09,20.04,20.09,58084,0
2014-03-12,20:00:00,20.1,20.15,19.93,19.93,190629,0
2014-03-12,21:00:00,19.93,20,19.89,19.99,348107,0
2014-03-13,15:00:00,20.06,20.06,19.85,19.86,42480,0
2014-03-13,16:00:00,19.86,19.92,19.75,19.78,85009,0
2014-03-13,17:00:00,19.76,19.82,19.74,19.75,78346,0
2014-03-13,18:00:00,19.74,19.81,19.71,19.72,371094,0
2014-03-13,19:00:00,19.73,19.77,19.61,19.73,155461,0
2014-03-13,20:00:00,19.73,19.73,19.61,19.62,147140,0
2014-03-13,21:00:00,19.61,19.72,19.61,19.7,615719,0
2014-03-14,15:00:00,19.6,19.77,19.6,19.62,74937,0
2014-03-14,16:00:00,19.62,19.72,19.58,19.6,110344,0
2014-03-14,17:00:00,19.6,19.83,19.56,19.82,183690,0
2014-03-14,18:00:00,19.82,19.83,19.75,19.82,82065,0
2014-03-14,19:00:00,19.84,19.86,19.78,19.83,93103,0
2014-03-14,20:00:00,19.83,19.87,19.79,19.8,71039,0
2014-03-14,21:00:00,19.81,19.84,19.76,19.83,236633,0
2014-03-17,15:00:00,19.96,20.12,19.93,20.08,49383,0
2014-03-17,16:00:00,20.08,20.12,19.92,19.93,111518,0
2014-03-17,17:00:00,19.92,19.94,19.77,19.88,145166,0
2014-03-17,18:00:00,19.88,19.95,19.83,19.89,237789,0
2014-03-17,19:00:00,19.89,19.9,19.84,19.85,75104,0
2014-03-17,20:00:00,19.85,19.99,19.84,19.86,221110,0
2014-03-17,21:00:00,19.86,19.93,19.79,19.92,635831,0
2014-03-18,15:00:00,19.89,20,19.8,19.94,33233,0
2014-03-18,16:00:00,19.96,20.01,19.94,19.98,73746,0
2014-03-18,17:00:00,19.97,20.02,19.95,20,121172,0
2014-03-18,18:00:00,20,20.02,19.98,19.99,72617,0
2014-03-18,19:00:00,19.99,20.02,19.99,19.99,142482,0
2014-03-18,20:00:00,19.99,20.07,19.99,20.03,153225,0
2014-03-18,21:00:00,20.03,20.03,19.95,20.02,660764,0
2014-03-19,15:00:00,19.94,20.01,19.86,19.97,116127,0
2014-03-19,16:00:00,19.99,20.02,19.98,19.98,45626,0
2014-03-19,17:00:00,19.98,19.99,19.93,19.94,56789,0
2014-03-19,18:00:00,19.95,19.95,19.9,19.93,53184,0
2014-03-19,19:00:00,19.93,19.95,19.89,19.9,63914,0
2014-03-19,20:00:00,19.9,19.9,19.8,19.81,102707,0
2014-03-19,21:00:00,19.81,19.83,19.59,19.67,290650,0
2014-03-20,15:00:00,19.58,19.73,19.43,19.45,46463,0
2014-03-20,16:00:00,19.45,19.54,19.41,19.49,152238,0
2014-03-20,17:00:00,19.49,19.77,19.46,19.77,255037,0
2014-03-20,18:00:00,19.77,19.78,19.73,19.75,92509,0
2014-03-20,19:00:00,19.75,19.77,19.63,19.68,127666,0
2014-03-20,20:00:00,19.68,19.74,19.68,19.7,95389,0
2014-03-20,21:00:00,19.7,19.77,19.68,19.77,357557,0
2014-03-21,15:00:00,19.77,19.82,19.68,19.76,34486,0
2014-03-21,16:00:00,19.76,19.87,19.74,19.81,116885,0
2014-03-21,17:00:00,19.82,19.93,19.82,19.89,63569,0
2014-03-21,18:00:00,19.89,19.9,19.81,19.82,38553,0
2014-03-21,19:00:00,19.81,19.82,19.72,19.73,98544,0
2014-03-21,20:00:00,19.73,19.79,19.68,19.73,148993,0
2014-03-21,21:00:00,19.74,19.76,19.63,19.67,932004,0
2014-03-24,15:00:00,19.75,19.92,19.72,19.72,87860,0
2014-03-24,16:00:00,19.7,19.7,19.42,19.48,110298,0
2014-03-24,17:00:00,19.47,19.57,19.35,19.56,550578,0
2014-03-24,18:00:00,19.55,19.59,19.52,19.58,125231,0
2014-03-24,19:00:00,19.58,19.66,19.58,19.65,110080,0
2014-03-24,20:00:00,19.66,19.67,19.57,19.58,118091,0
2014-03-24,21:00:00,19.57,19.61,19.51,19.51,473755,0
2014-03-25,15:00:00,19.58,19.71,19.56,19.56,21432,0
2014-03-25,16:00:00,19.57,19.62,19.4,19.41,121023,0
2014-03-25,17:00:00,19.44,19.6,19.42,19.55,208169,0
2014-03-25,18:00:00,19.56,19.61,19.48,19.6,108836,0
2014-03-25,19:00:00,19.61,19.67,19.6,19.62,62222,0
2014-03-25,20:00:00,19.61,19.66,19.56,19.57,75933,0
2014-03-25,21:00:00,19.57,19.62,19.52,19.56,247346,0
2014-03-26,15:00:00,19.69,19.75,19.58,19.59,24160,0
2014-03-26,16:00:00,19.59,19.64,19.43,19.46,52644,0
2014-03-26,17:00:00,19.46,19.6,19.44,19.5,71678,0
2014-03-26,18:00:00,19.5,19.52,19.44,19.46,44557,0
2014-03-26,19:00:00,19.46,19.46,19.3,19.41,128562,0
2014-03-26,20:00:00,19.41,19.52,19.39,19.52,183000,0
2014-03-26,21:00:00,19.53,19.53,19.39,19.42,373924,0
2014-03-27,15:00:00,19.45,19.45,19.28,19.33,32150,0
2014-03-27,16:00:00,19.34,19.46,19.32,19.41,65885,0
2014-03-27,17:00:00,19.42,19.44,19.31,19.38,95262,0
2014-03-27,18:00:00,19.39,19.49,19.39,19.41,65071,0
2014-03-27,19:00:00,19.41,19.47,19.31,19.32,50229,0
2014-03-27,20:00:00,19.32,19.33,19.24,19.27,83399,0
2014-03-27,21:00:00,19.27,19.37,19.25,19.36,247433,0
2014-03-28,15:00:00,19.33,19.41,19.29,19.32,48653,0
2014-03-28,16:00:00,19.33,19.49,19.33,19.46,150193,0
2014-03-28,17:00:00,19.47,19.54,19.46,19.53,123454,0
2014-03-28,18:00:00,19.53,19.53,19.35,19.35,65183,0
2014-03-28,19:00:00,19.35,19.44,19.33,19.42,78963,0
2014-03-28,20:00:00,19.42,19.43,19.35,19.41,122918,0
2014-03-28,21:00:00,19.41,19.52,19.41,19.5,356557,0
2014-03-31,16:00:00,19.64,19.64,19.39,19.48,62326,0
2014-03-31,17:00:00,19.5,19.66,19.5,19.65,61209,0
2014-03-31,18:00:00,19.64,19.67,19.57,19.62,71686,0
2014-03-31,19:00:00,19.63,19.86,19.63,19.82,197217,0
2014-03-31,20:00:00,19.82,19.94,19.81,19.92,105461,0
2014-03-31,21:00:00,19.91,20.04,19.91,20.04,162992,0
2014-03-31,22:00:00,20.03,20.06,19.97,20.02,679583,0
2014-04-01,16:00:00,19.9,20.11,19.85,19.86,65171,0
2014-04-01,17:00:00,19.88,19.94,19.83,19.83,118621,0
2014-04-01,18:00:00,19.81,19.83,19.74,19.8,91649,0
2014-04-01,19:00:00,19.8,19.85,19.77,19.84,78833,0
2014-04-01,20:00:00,19.84,19.89,19.83,19.88,54110,0
2014-04-01,21:00:00,19.89,19.96,19.88,19.96,89890,0
2014-04-01,22:00:00,19.96,20.06,19.95,20.01,861025,0
2014-04-02,16:00:00,20.1,20.21,20.04,20.13,95112,0
2014-04-02,17:00:00,20.12,20.52,20.12,20.46,228072,0
2014-04-02,18:00:00,20.47,20.5,20.39,20.45,138550,0
2014-04-02,19:00:00,20.46,20.61,20.46,20.6,192540,0
2014-04-02,20:00:00,20.6,20.61,20.5,20.6,130636,0
2014-04-02,21:00:00,20.6,20.62,20.56,20.59,145822,0
2014-04-02,22:00:00,20.59,20.71,20.58,20.65,347159,0
2014-04-03,16:00:00,20.7,20.87,20.68,20.74,81699,0
2014-04-03,17:00:00,20.74,20.87,20.61,20.72,204142,0
2014-04-03,18:00:00,20.72,20.85,20.69,20.85,260535,0
2014-04-03,19:00:00,20.84,20.92,20.74,20.75,141395,0
2014-04-03,20:00:00,20.75,20.75,20.69,20.73,112227,0
2014-04-03,21:00:00,20.72,20.78,20.65,20.66,240048,0
2014-04-03,22:00:00,20.67,20.8,20.64,20.75,725959,0
2014-04-04,16:00:00,20.92,21.12,20.92,21.08,114171,0
2014-04-04,17:00:00,21.07,21.19,21.03,21.16,218071,0
2014-04-04,18:00:00,21.16,21.19,21,21.01,435930,0
2014-04-04,19:00:00,21,21.04,20.89,20.92,266237,0
2014-04-04,20:00:00,20.92,20.92,20.8,20.9,169591,0
2014-04-04,21:00:00,20.89,20.91,20.8,20.82,265565,0
2014-04-04,22:00:00,20.82,21.02,20.8,20.95,710514,0
2014-04-07,16:00:00,20.85,20.96,20.73,20.83,91656,0
2014-04-07,17:00:00,20.84,20.87,20.67,20.71,109217,0
2014-04-07,18:00:00,20.72,20.78,20.65,20.71,151101,0
2014-04-07,19:00:00,20.71,20.72,20.59,20.63,104316,0
2014-04-07,20:00:00,20.63,20.64,20.5,20.53,104075,0
2014-04-07,21:00:00,20.53,20.74,20.49,20.72,228299,0
2014-04-07,22:00:00,20.72,20.81,20.64,20.64,618452,0
2014-04-08,16:00:00,20.6,20.79,20.6,20.69,52733,0
2014-04-08,17:00:00,20.69,20.77,20.67,20.7,333291,0
2014-04-08,18:00:00,20.7,20.82,20.7,20.81,116608,0
2014-04-08,19:00:00,20.8,20.82,20.76,20.8,148188,0
2014-04-08,20:00:00,20.8,20.87,20.73,20.87,119551,0
2014-04-08,21:00:00,20.86,20.91,20.81,20.88,157747,0
2014-04-08,22:00:00,20.88,20.91,20.81,20.91,479318,0
2014-04-09,16:00:00,20.93,21,20.9,20.97,43096,0
2014-04-09,17:00:00,20.98,21.1,20.94,21.02,158585,0
2014-04-09,18:00:00,21.01,21.11,21,21.1,104528,0
2014-04-09,19:00:00,21.1,21.15,21.1,21.12,121508,0
2014-04-09,20:00:00,21.12,21.15,21.1,21.1,91116,0
2014-04-09,21:00:00,21.11,21.3,21.11,21.21,184710,0
2014-04-09,22:00:00,21.22,21.3,21.21,21.27,361623,0
2014-04-10,16:00:00,21.27,21.3,21.18,21.24,17839,0
2014-04-10,17:00:00,21.22,21.29,21.1,21.1,68966,0
2014-04-10,18:00:00,21.11,21.12,20.93,20.94,86418,0
2014-04-10,19:00:00,20.94,20.97,20.8,20.87,84290,0
2014-04-10,20:00:00,20.86,20.91,20.8,20.9,115189,0
2014-04-10,21:00:00,20.9,20.91,20.83,20.85,131152,0
2014-04-10,22:00:00,20.85,20.86,20.74,20.8,308960,0
2014-04-11,16:00:00,20.61,20.86,20.57,20.71,50407,0
2014-04-11,17:00:00,20.71,20.81,20.65,20.81,105315,0
2014-04-11,18:00:00,20.81,20.87,20.66,20.72,88615,0
2014-04-11,19:00:00,20.72,20.75,20.68,20.74,97118,0
2014-04-11,20:00:00,20.73,20.76,20.69,20.7,150474,0
2014-04-11,21:00:00,20.71,20.76,20.57,20.62,173902,0
2014-04-11,22:00:00,20.61,20.96,20.59,20.76,840551,0
2014-04-14,16:00:00,20.9,20.98,20.82,20.88,36602,0
2014-04-14,17:00:00,20.89,21.05,20.88,21.04,77091,0
2014-04-14,18:00:00,21.04,21.05,20.94,20.96,183086,0
2014-04-14,19:00:00,20.96,21.04,20.94,21,84158,0
2014-04-14,20:00:00,21.01,21.01,20.86,20.89,273214,0
2014-04-14,21:00:00,20.88,20.92,20.78,20.8,192969,0
2014-04-14,22:00:00,20.8,20.85,20.66,20.85,455033,0
2014-04-15,16:00:00,20.82,20.88,20.76,20.84,38462,0
2014-04-15,17:00:00,20.83,20.84,20.5,20.63,95521,0
2014-04-15,18:00:00,20.61,20.65,20.47,20.6,286314,0
2014-04-15,19:00:00,20.59,20.59,20.48,20.53,78148,0
2014-04-15,20:00:00,20.53,20.74,20.49,20.73,134705,0
2014-04-15,21:00:00,20.72,20.84,20.69,20.83,153957,0
2014-04-15,22:00:00,20.82,20.9,20.78,20.84,353276,0
2014-04-16,16:00:00,21.03,21.05,20.95,20.97,24039,0
2014-04-16,17:00:00,20.98,20.98,20.85,20.87,194935,0
2014-04-16,18:00:00,20.87,20.9,20.81,20.84,60007,0
2014-04-16,19:00:00,20.85,21.03,20.84,20.98,119808,0
2014-04-16,20:00:00,20.98,21,20.96,20.98,70496,0
2014-04-16,21:00:00,20.97,21.02,20.96,20.99,215771,0
2014-04-16,22:00:00,21,21.01,20.97,21.01,442914,0
2014-04-17,16:00:00,20.93,21,20.8,20.85,165259,0
2014-04-17,17:00:00,20.86,20.87,20.78,20.83,146420,0
2014-04-17,18:00:00,20.83,20.87,20.73,20.77,70192,0
2014-04-17,19:00:00,20.77,20.79,20.7,20.75,50611,0
2014-04-17,20:00:00,20.75,20.85,20.74,20.85,48450,0
2014-04-17,21:00:00,20.84,20.89,20.81,20.85,99659,0
2014-04-17,22:00:00,20.85,20.86,20.82,20.83,156384,0
2014-04-21,16:00:00,20.83,20.83,20.7,20.71,45206,0
2014-04-21,17:00:00,20.72,20.82,20.6,20.72,77728,0
2014-04-21,18:00:00,20.72,20.81,20.7,20.81,40788,0
2014-04-21,19:00:00,20.8,20.82,20.68,20.7,40185,0
2014-04-21,20:00:00,20.71,20.73,20.65,20.73,59303,0
2014-04-21,21:00:00,20.73,20.86,20.73,20.84,90456,0
2014-04-21,22:00:00,20.84,20.85,20.8,20.83,231812,0
2014-04-22,16:00:00,20.83,20.89,20.8,20.81,25001,0
2014-04-22,17:00:00,20.81,20.89,20.75,20.77,64626,0
2014-04-22,18:00:00,20.77,20.79,20.69,20.72,95394,0
2014-04-22,19:00:00,20.72,20.73,20.64,20.64,85332,0
2014-04-22,20:00:00,20.65,20.73,20.64,20.66,88764,0
2014-04-22,21:00:00,20.66,20.76,20.64,20.72,122099,0
2014-04-22,22:00:00,20.72,20.74,20.64,20.72,379341,0
2014-04-23,16:00:00,20.73,20.86,20.71,20.83,30823,0
2014-04-23,17:00:00,20.82,20.89,20.64,20.68,134349,0
2014-04-23,18:00:00,20.69,20.74,20.63,20.74,76452,0
2014-04-23,19:00:00,20.74,20.75,20.62,20.64,97037,0
2014-04-23,20:00:00,20.64,20.64,20.58,20.59,68568,0
2014-04-23,21:00:00,20.59,20.64,20.57,20.62,92911,0
2014-04-23,22:00:00,20.62,20.63,20.58,20.58,395057,0
2014-04-24,16:00:00,20.7,20.7,20.48,20.53,25659,0
2014-04-24,17:00:00,20.52,20.53,20.41,20.48,56994,0
2014-04-24,18:00:00,20.47,20.64,20.42,20.64,84550,0
2014-04-24,19:00:00,20.63,20.65,20.39,20.42,175793,0
2014-04-24,20:00:00,20.42,20.45,20.3,20.3,102468,0
2014-04-24,21:00:00,20.31,20.45,20.31,20.42,125915,0
2014-04-24,22:00:00,20.43,20.45,20.39,20.39,299122,0
2014-04-25,16:00:00,20.25,20.31,20.1,20.17,97162,0
2014-04-25,17:00:00,20.16,20.24,20.07,20.07,136445,0
2014-04-25,18:00:00,20.07,20.19,19.99,20.12,142768,0
2014-04-25,19:00:00,20.12,20.12,19.93,19.95,180940,0
2014-04-25,20:00:00,19.94,20.08,19.83,20.06,610773,0
2014-04-25,21:00:00,20.06,20.07,19.98,20.01,158765,0
2014-04-25,22:00:00,20.01,20.13,20,20.11,394185,0
2014-04-28,16:00:00,20.21,20.21,20,20.04,26582,0
2014-04-28,17:00:00,20.04,20.16,19.94,19.95,84433,0
2014-04-28,18:00:00,19.95,19.97,19.83,19.86,138943,0
2014-04-28,19:00:00,19.86,19.93,19.84,19.93,81531,0
2014-04-28,20:00:00,19.92,19.92,19.77,19.82,123058,0
2014-04-28,21:00:00,19.82,20,19.82,19.97,138840,0
2014-04-28,22:00:00,19.97,20.18,19.96,20.1,229228,0
2014-04-29,16:00:00,20.22,20.25,20.11,20.2,29020,0
2014-04-29,17:00:00,20.21,20.3,20.21,20.28,113168,0
2014-04-29,18:00:00,20.28,20.32,20.18,20.21,102454,0
2014-04-29,19:00:00,20.22,20.22,20.06,20.06,59139,0
2014-04-29,20:00:00,20.06,20.13,19.99,20.1,105106,0
2014-04-29,21:00:00,20.11,20.12,19.97,20.02,96369,0
2014-04-29,22:00:00,20.01,20.07,19.97,19.98,287414,0
2014-04-30,16:00:00,19.95,19.95,19.67,19.75,133357,0
2014-04-30,17:00:00,19.75,19.93,19.72,19.9,61946,0
2014-04-30,18:00:00,19.87,19.87,19.74,19.78,49094,0
2014-04-30,19:00:00,19.79,19.79,19.75,19.79,48241,0
2014-04-30,20:00:00,19.79,19.83,19.75,19.76,105150,0
2014-04-30,21:00:00,19.76,19.94,19.72,19.94,158473,0
2014-04-30,22:00:00,19.94,20.01,19.86,20.01,1920753,0
2014-05-01,16:00:00,19.85,19.86,19.72,19.72,46350,0
2014-05-01,17:00:00,19.73,19.87,19.68,19.82,83093,0
2014-05-01,18:00:00,19.82,20.03,19.79,20.02,101743,0
2014-05-01,19:00:00,20,20.05,19.95,20.05,146802,0
2014-05-01,20:00:00,20.05,20.05,19.76,19.78,73639,0
2014-05-01,21:00:00,19.79,19.87,19.76,19.79,97853,0
2014-05-01,22:00:00,19.79,19.83,19.73,19.8,446902,0
2014-05-02,16:00:00,19.79,19.97,19.79,19.95,102999,0
2014-05-02,17:00:00,19.97,20.13,19.95,20,230601,0
2014-05-02,18:00:00,20,20.07,19.99,20.07,98435,0
2014-05-02,19:00:00,20.07,20.1,20.05,20.09,66230,0
2014-05-02,20:00:00,20.1,20.12,19.97,20,51722,0
2014-05-02,21:00:00,20,20.02,19.97,20,78583,0
2014-05-02,22:00:00,20,20.03,19.89,20.01,351882,0
2014-05-05,16:00:00,19.93,20.02,19.69,20,84578,0
2014-05-05,17:00:00,20,20.06,19.92,20,68800,0
2014-05-05,18:00:00,20.02,20.02,19.92,19.93,38533,0
2014-05-05,19:00:00,19.92,19.97,19.92,19.92,36609,0
2014-05-05,20:00:00,19.92,19.94,19.85,19.85,65532,0
2014-05-05,21:00:00,19.85,19.87,19.85,19.87,66157,0
2014-05-05,22:00:00,19.86,19.88,19.85,19.87,172107,0
2014-05-06,16:00:00,19.84,19.86,19.6,19.68,39662,0
2014-05-06,17:00:00,19.68,19.84,19.66,19.81,114154,0
2014-05-06,18:00:00,19.81,19.89,19.79,19.89,78134,0
2014-05-06,19:00:00,19.88,19.95,19.88,19.95,113392,0
2014-05-06,20:00:00,19.95,19.95,19.76,19.8,140918,0
2014-05-06,21:00:00,19.8,19.9,19.79,19.87,136294,0
2014-05-06,22:00:00,19.87,19.9,19.84,19.84,486184,0
2014-05-07,16:00:00,19.88,19.91,19.8,19.83,27372,0
2014-05-07,17:00:00,19.83,19.87,19.78,19.83,137523,0
2014-05-07,18:00:00,19.82,19.96,19.79,19.94,116207,0
2014-05-07,19:00:00,19.94,19.94,19.83,19.83,90046,0
2014-05-07,20:00:00,19.83,19.85,19.74,19.74,81092,0
2014-05-07,21:00:00,19.74,19.89,19.73,19.82,151881,0
2014-05-07,22:00:00,19.83,19.87,19.76,19.85,510974,0
