Date,Time,Open,High,Low,Close,Volume,OpenInt
2014-02-10,16:00:00,54.284,54.294,54.06,54.294,924,0
2014-02-10,18:00:00,54.801,54.83,54.801,54.83,257,0
2014-02-10,19:00:00,54.694,54.694,54.674,54.674,3182,0
2014-02-10,20:00:00,54.888,54.918,54.81,54.849,4106,0
2014-02-10,21:00:00,54.898,54.898,54.898,54.898,103,0
2014-02-10,22:00:00,55.054,55.064,54.908,54.908,1026,0
2014-02-11,16:00:00,54.918,55.044,54.918,55.044,349,0
2014-02-11,17:00:00,55.044,55.044,55.044,55.044,4365,0
2014-02-11,19:00:00,55.444,55.453,55.415,55.415,10572,0
2014-02-11,20:00:00,55.473,55.473,55.473,55.473,924,0
2014-02-11,21:00:00,55.327,55.327,55.327,55.327,103,0
2014-02-11,22:00:00,55.405,55.405,55.405,55.405,287,0
2014-02-12,16:00:00,55.093,55.415,55.093,55.415,431,0
2014-02-12,17:00:00,55.463,55.463,55.405,55.463,3285,0
2014-02-13,16:00:00,55.463,55.463,55.463,55.463,411,0
2014-02-13,17:00:00,55.629,55.629,55.629,55.629,205,0
2014-02-13,18:00:00,55.794,55.902,55.794,55.902,411,0
2014-02-13,20:00:00,55.872,55.872,55.872,55.872,205,0
2014-02-13,21:00:00,56.067,56.204,55.96,56.204,1026,0
2014-02-13,22:00:00,56.243,56.272,56.155,56.184,19831,0
2014-02-14,21:00:00,56.467,56.467,56.35,56.35,236,0
2014-02-18,16:00:00,56.506,56.506,56.496,56.496,205,0
2014-02-18,17:00:00,56.506,56.574,56.506,56.574,1232,0
2014-02-18,21:00:00,56.243,56.243,56.243,56.243,103,0
2014-02-18,22:00:00,56.311,56.486,56.291,56.486,4927,0
2014-02-19,16:00:00,56.399,56.399,56.399,56.399,103,0
2014-02-19,17:00:00,56.574,56.701,56.574,56.603,51630,0
2014-02-19,18:00:00,56.623,56.632,56.623,56.632,513,0
2014-02-19,20:00:00,56.671,56.671,56.671,56.671,6775,0
2014-02-19,21:00:00,56.671,56.671,56.554,56.554,5132,0
2014-02-20,16:00:00,56.545,56.545,56.545,56.545,1437,0
2014-02-20,17:00:00,56.311,56.447,56.311,56.447,1745,0
2014-02-20,18:00:00,56.545,56.545,56.545,56.545,103,0
2014-02-20,19:00:00,56.701,56.895,56.701,56.895,308,0
2014-02-20,21:00:00,56.652,56.827,56.652,56.827,344,0
2014-02-20,22:00:00,56.847,56.847,56.749,56.749,205,0
2014-02-21,16:00:00,56.632,56.632,56.632,56.632,328,0
2014-02-21,17:00:00,56.817,56.993,56.817,56.993,821,0
2014-02-21,18:00:00,57.071,57.071,57.071,57.071,113,0
2014-02-21,19:00:00,56.856,56.856,56.856,56.856,770,0
2014-02-24,17:00:00,56.837,56.954,56.837,56.954,903,0
2014-02-24,18:00:00,56.954,57.061,56.934,57.061,411,0
2014-02-24,19:00:00,57.051,57.051,57.051,57.051,103,0
2014-02-24,20:00:00,56.993,56.993,56.964,56.964,205,0
2014-02-24,21:00:00,56.886,56.964,56.886,56.964,385,0
2014-02-24,22:00:00,56.701,56.701,56.554,56.554,1478,0
2014-02-25,16:00:00,56.73,56.73,56.73,56.73,103,0
2014-02-25,17:00:00,56.623,56.788,56.623,56.788,821,0
2014-02-25,18:00:00,56.827,56.934,56.827,56.934,411,0
2014-02-25,20:00:00,56.973,56.973,56.964,56.964,32718,0
2014-02-25,21:00:00,56.778,56.778,56.778,56.778,364901,0
2014-02-25,22:00:00,56.662,56.662,56.515,56.584,616,0
2014-02-26,16:00:00,56.72,56.72,56.574,56.574,5748,0
2014-02-26,17:00:00,56.35,56.35,56.233,56.262,5338,0
2014-02-26,18:00:00,56.155,56.252,56.077,56.165,1037,0
2014-02-26,19:00:00,56.311,56.311,56.311,56.311,205,0
2014-02-27,16:00:00,56.204,56.204,56.204,56.204,103,0
2014-02-27,17:00:00,56.116,56.116,56.116,56.116,103,0
2014-02-27,18:00:00,56.106,56.135,56.106,56.135,47011,0
2014-02-27,19:00:00,55.941,55.941,55.941,55.941,3182,0
2014-02-27,22:00:00,55.941,55.98,55.941,55.941,2361,0
2014-02-28,17:00:00,56.116,56.116,55.98,55.98,903,0
2014-02-28,18:00:00,55.921,55.921,55.804,55.804,790,0
2014-02-28,19:00:00,55.833,55.833,55.833,55.833,103,0
2014-02-28,20:00:00,55.863,55.863,55.863,55.863,103,0
2014-02-28,21:00:00,55.902,55.902,55.882,55.882,308,0
2014-02-28,22:00:00,55.882,55.882,55.707,55.707,419,0
2014-03-03,17:00:00,55.561,55.561,55.346,55.356,1160,0
2014-03-03,18:00:00,55.346,55.346,55.346,55.346,205,0
2014-03-03,19:00:00,55.385,55.512,55.385,55.512,513,0
2014-03-03,21:00:00,55.522,55.522,55.522,55.522,411,0
2014-03-03,22:00:00,55.415,55.415,55.415,55.415,205,0
2014-03-04,17:00:00,55.726,55.726,55.609,55.629,22756,0
2014-03-04,20:00:00,55.814,55.814,55.814,55.814,513,0
2014-03-04,22:00:00,55.911,55.911,55.853,55.853,232901,0
2014-03-05,18:00:00,55.58,55.58,55.58,55.58,103,0
2014-03-05,19:00:00,55.502,55.502,55.502,55.502,2053,0
2014-03-05,21:00:00,55.385,55.385,55.385,55.385,205,0
2014-03-05,22:00:00,55.473,55.473,55.473,55.473,2242,0
2014-03-06,16:00:00,55.434,55.434,55.434,55.434,226,0
2014-03-06,20:00:00,55.015,55.015,55.015,55.015,205,0
2014-03-06,22:00:00,55.122,55.122,55.122,55.122,103,0
2014-03-07,16:00:00,54.937,55.093,54.937,55.093,616,0
2014-03-07,19:00:00,55.268,55.298,55.268,55.298,4763,0
2014-03-10,15:00:00,55.346,55.376,55.298,55.376,1365,0
2014-03-10,18:00:00,55.035,55.142,55.035,55.142,1129,0
2014-03-11,15:00:00,55.171,55.171,55.171,55.171,719,0
2014-03-11,17:00:00,55.327,55.327,55.327,55.327,103,0
2014-03-11,20:00:00,55.161,55.161,55.161,55.161,205,0
2014-03-12,16:00:00,55.288,55.288,55.288,55.288,205,0
2014-03-12,18:00:00,55.512,55.512,55.512,55.512,411,0
2014-03-12,20:00:00,55.522,55.531,55.522,55.531,411,0
2014-03-13,15:00:00,55.736,55.746,55.736,55.736,2550,0
2014-03-13,16:00:00,55.843,55.843,55.843,55.843,411,0
2014-03-13,17:00:00,55.833,56.019,55.833,56.019,1405,0
2014-03-13,19:00:00,56.126,56.126,56.126,56.126,195,0
2014-03-13,20:00:00,56.116,56.116,56.116,56.116,103,0
2014-03-13,21:00:00,56.048,56.048,56.048,56.048,493,0
2014-03-14,18:00:00,56.213,56.213,56.213,56.213,1129,0
2014-03-14,20:00:00,56.243,56.243,56.233,56.233,205,0
2014-03-14,21:00:00,56.213,56.213,56.184,56.184,51630,0
2014-03-17,15:00:00,56.291,56.291,56.291,56.291,103,0
2014-03-17,18:00:00,56.73,56.788,56.642,56.788,893,0
2014-03-17,19:00:00,56.71,56.71,56.584,56.584,616,0
2014-03-17,20:00:00,56.603,56.72,56.603,56.72,2207,0
2014-03-17,21:00:00,56.632,56.632,56.632,56.632,226,0
2014-03-18,15:00:00,56.642,56.788,56.642,56.788,411,0
2014-03-18,18:00:00,56.798,56.847,56.759,56.847,1950,0
2014-03-18,20:00:00,56.798,56.798,56.691,56.691,411,0
2014-03-18,21:00:00,56.603,56.769,56.603,56.769,411,0
2014-03-19,15:00:00,56.788,56.798,56.681,56.778,616,0
2014-03-19,16:00:00,56.954,57.041,56.954,57.041,205,0
2014-03-19,17:00:00,56.954,57.032,56.954,56.993,513,0
2014-03-19,18:00:00,56.905,57.003,56.905,56.915,616,0
2014-03-19,19:00:00,56.837,56.934,56.837,56.934,513,0
2014-03-19,20:00:00,56.827,56.827,56.369,56.369,938,0
2014-03-19,21:00:00,56.467,56.467,56.36,56.36,308,0
2014-03-20,15:00:00,56.194,56.194,55.921,55.921,5748,0
2014-03-20,17:00:00,56.019,56.019,56.019,56.019,1334,0
2014-03-20,18:00:00,56.272,56.272,56.272,56.272,3033,0
2014-03-20,19:00:00,56.243,56.243,56.243,56.243,7070,0
2014-03-20,20:00:00,56.369,56.369,56.369,56.369,4208,0
2014-03-21,16:00:00,56.895,56.895,56.662,56.662,1745,0
2014-03-21,17:00:00,56.769,57.022,56.769,57.022,441,0
2014-03-21,18:00:00,56.983,56.983,56.895,56.895,411,0
2014-03-21,19:00:00,56.837,56.837,56.837,56.837,103,0
2014-03-21,20:00:00,56.798,56.798,56.798,56.798,103,0
2014-03-21,21:00:00,56.749,56.749,56.613,56.613,1659,0
2014-03-24,15:00:00,56.642,56.642,56.447,56.506,1129,0
2014-03-24,16:00:00,56.213,56.369,56.213,56.369,3079,0
2014-03-24,17:00:00,56.35,56.35,56.35,56.35,1663,0
2014-03-24,18:00:00,56.223,56.223,56.223,56.223,2053,0
2014-03-24,20:00:00,56.428,56.437,56.428,56.437,1835,0
2014-03-24,21:00:00,56.399,56.437,56.389,56.428,11383,0
2014-03-26,16:00:00,56.564,56.564,56.554,56.554,206,0
2014-03-26,17:00:00,57.061,57.061,57.061,57.061,51,0
2014-03-26,19:00:00,57.032,57.032,56.866,56.866,720,0
2014-03-26,20:00:00,56.895,56.895,56.895,56.895,82,0
2014-03-26,21:00:00,56.798,56.808,56.71,56.71,21693,0
2014-03-27,15:00:00,57.46,57.6,57.43,57.43,4452,0
2014-03-27,17:00:00,57.5,57.5,57.5,57.5,3250,0
2014-03-27,19:00:00,57.62,57.62,57.62,57.62,2400,0
2014-03-27,21:00:00,57.73,57.73,57.73,57.73,3200,0
2014-03-28,15:00:00,57.66,57.83,57.66,57.72,600,0
2014-03-28,16:00:00,57.73,57.83,57.73,57.83,400,0
2014-03-28,17:00:00,57.84,57.9,57.84,57.9,400,0
2014-03-28,18:00:00,57.89,57.89,57.89,57.89,280,0
2014-03-28,21:00:00,57.94,57.94,57.93,57.93,300,0
2014-03-31,17:00:00,57.66,57.66,57.66,57.66,200,0
2014-03-31,20:00:00,58.02,58.02,58.02,58.02,100,0
2014-03-31,21:00:00,58.11,58.11,58.03,58.03,920,0
2014-03-31,22:00:00,57.78,57.78,57.77,57.77,210,0
2014-04-01,16:00:00,57.88,57.88,57.67,57.67,240,0
2014-04-01,17:00:00,57.75,57.82,57.75,57.82,700,0
2014-04-01,21:00:00,57.32,57.32,57.32,57.32,15000,0
2014-04-02,17:00:00,57.32,57.54,57.32,57.54,270,0
2014-04-02,19:00:00,57.6,57.6,57.6,57.6,3000,0
2014-04-02,20:00:00,57.48,57.48,57.48,57.48,100,0
2014-04-02,21:00:00,57.29,57.29,57.29,57.29,190,0
2014-04-03,16:00:00,57.45,57.45,57.45,57.45,100,0
2014-04-03,17:00:00,57.45,57.45,57.32,57.32,2174,0
2014-04-03,18:00:00,57.31,57.33,57.31,57.33,300,0
2014-04-03,19:00:00,57.34,57.39,57.32,57.35,500,0
2014-04-03,20:00:00,57.36,57.36,57.2,57.25,32600,0
2014-04-03,21:00:00,57.28,57.29,57.25,57.25,400,0
2014-04-03,22:00:00,57.17,57.17,57,57,647,0
2014-04-04,17:00:00,57.53,57.53,57.36,57.46,1200,0
2014-04-04,18:00:00,57.63,57.63,57.51,57.51,300,0
2014-04-04,19:00:00,57.45,57.45,57.16,57.16,200,0
2014-04-04,20:00:00,57.05,57.1,57.05,57.07,700,0
2014-04-04,21:00:00,57.04,57.04,56.89,56.96,500,0
2014-04-04,22:00:00,56.97,57.04,56.93,56.98,1356,0
2014-04-07,16:00:00,57.1,57.1,56.83,56.9,1250,0
2014-04-07,17:00:00,56.94,56.96,56.9,56.95,101052,0
2014-04-07,20:00:00,56.88,56.88,56.88,56.88,140,0
2014-04-07,21:00:00,57.01,57.01,56.91,56.91,220,0
2014-04-08,16:00:00,56.66,56.69,56.66,56.66,700,0
2014-04-08,17:00:00,56.47,56.9,56.47,56.8,800,0
2014-04-08,18:00:00,56.99,56.99,56.99,56.99,326,0
2014-04-08,20:00:00,57.61,57.62,57.61,57.62,500,0
2014-04-08,21:00:00,57.42,57.42,57.35,57.35,300,0
2014-04-08,22:00:00,57.43,57.43,57.41,57.41,548,0
2014-04-09,16:00:00,57.71,57.71,57.18,57.18,750,0
2014-04-09,17:00:00,57.52,57.52,57.41,57.45,31010,0
2014-04-09,18:00:00,57.2,57.2,57.2,57.2,100,0
2014-04-09,19:00:00,57.2,57.21,57.2,57.2,540,0
2014-04-09,20:00:00,57.02,57.02,56.87,56.87,52750,0
2014-04-09,21:00:00,56.99,56.99,56.99,56.99,100,0
2014-04-09,22:00:00,57.37,57.37,57.36,57.37,400,0
2014-04-10,16:00:00,57.45,57.65,57.4,57.65,700,0
2014-04-10,17:00:00,57.61,57.61,57.61,57.61,1000,0
2014-04-10,18:00:00,57.3,57.3,57.3,57.3,100,0
2014-04-10,19:00:00,57.03,57.03,57.03,57.03,200,0
2014-04-10,20:00:00,56.72,56.72,56.68,56.68,500,0
2014-04-10,21:00:00,56.87,56.87,56.87,56.87,100,0
2014-04-10,22:00:00,56.82,57.07,56.82,57.01,900,0
2014-04-11,16:00:00,57.07,57.07,56.95,56.95,1200,0
2014-04-11,17:00:00,56.81,56.82,56.81,56.82,410,0
2014-04-11,20:00:00,56.85,56.85,56.83,56.83,1750,0
2014-04-11,21:00:00,56.79,56.83,56.79,56.83,300,0
2014-04-11,22:00:00,56.88,56.88,56.88,56.88,200,0
2014-04-14,17:00:00,57.12,57.12,57.12,57.12,510,0
2014-04-15,16:00:00,57.51,57.51,57.51,57.51,100,0
2014-04-15,17:00:00,57.35,57.35,57.21,57.21,200,0
2014-04-15,18:00:00,57.26,57.26,57.26,57.26,100,0
2014-04-15,20:00:00,57.32,57.32,57.3,57.3,300,0
2014-04-15,22:00:00,57.4,57.4,57.4,57.4,100,0
2014-04-16,16:00:00,57.81,57.81,57.81,57.81,200,0
2014-04-16,18:00:00,57.96,57.96,57.96,57.96,200,0
2014-04-16,21:00:00,58,58,58,58,880,0
2014-04-16,22:00:00,58.14,58.17,58.14,58.17,700,0
2014-04-17,16:00:00,58.23,58.23,58.23,58.23,300,0
2014-04-17,20:00:00,57.91,57.91,57.91,57.91,6120,0
2014-04-21,16:00:00,57.81,57.85,57.75,57.85,410,0
2014-04-21,18:00:00,57.88,57.88,57.88,57.88,500,0
2014-04-21,20:00:00,57.68,57.68,57.68,57.68,300,0
2014-04-21,22:00:00,57.61,57.63,57.6,57.63,600,0
2014-04-22,16:00:00,57.74,57.74,57.74,57.74,100,0
2014-04-22,17:00:00,57.53,57.63,57.53,57.57,760,0
2014-04-22,18:00:00,57.59,57.61,57.59,57.61,400,0
2014-04-22,19:00:00,57.68,57.68,57.68,57.68,200,0
2014-04-22,20:00:00,57.69,57.69,57.67,57.67,410,0
2014-04-22,22:00:00,57.72,57.78,57.72,57.78,200,0
2014-04-23,19:00:00,58.11,58.14,58.11,58.14,63500,0
2014-04-23,21:00:00,58.02,58.07,58.02,58.07,330,0
2014-04-23,22:00:00,57.83,57.83,57.72,57.83,1000,0
2014-04-24,18:00:00,58.15,58.25,58.15,58.24,1550,0
2014-04-25,16:00:00,58.23,58.23,58.23,58.23,100,0
2014-04-25,17:00:00,58.47,58.47,58.25,58.25,300,0
2014-04-25,21:00:00,58.6,58.6,58.6,58.6,100,0
2014-04-25,22:00:00,58.68,58.68,58.64,58.64,300,0
2014-04-28,16:00:00,58.57,58.57,58.42,58.42,500,0
2014-04-28,17:00:00,58.69,58.7,58.69,58.7,750,0
2014-04-28,21:00:00,58.73,58.78,58.73,58.78,925,0
2014-04-28,22:00:00,59.03,59.03,59.03,59.03,300,0
2014-04-29,20:00:00,58.83,58.89,58.83,58.89,4688,0
2014-04-29,21:00:00,58.87,58.96,58.87,58.9,147324,0
2014-04-29,22:00:00,58.83,58.83,58.83,58.83,636,0
2014-04-30,16:00:00,59.15,59.41,59.01,59.17,2162,0
2014-04-30,17:00:00,59.21,59.21,59.21,59.21,100,0
2014-04-30,18:00:00,59.4,59.4,59.4,59.4,320,0
2014-04-30,19:00:00,59.33,59.33,59.33,59.33,400,0
2014-04-30,21:00:00,58.81,58.81,58.79,58.79,1323,0
2014-05-01,18:00:00,58.61,58.62,58.61,58.62,900,0
2014-05-01,19:00:00,58.95,58.95,58.95,58.95,49350,0
2014-05-02,17:00:00,58.12,58.12,58.12,58.12,100,0
2014-05-02,18:00:00,58.43,58.43,58.24,58.27,5500,0
2014-05-02,19:00:00,58.06,58.06,57.8,57.8,84300,0
2014-05-02,20:00:00,57.6,57.68,57.6,57.68,500,0
2014-05-02,22:00:00,57.92,57.92,57.92,57.92,300,0
2014-05-05,16:00:00,57.76,57.81,57.74,57.74,880,0
2014-05-05,18:00:00,57.79,57.92,57.79,57.92,400,0
2014-05-05,19:00:00,58.03,58.08,58.03,58.08,1100,0
2014-05-06,16:00:00,58.05,58.05,58.04,58.04,1300,0
2014-05-06,18:00:00,57.92,57.92,57.92,57.92,100,0
2014-05-06,19:00:00,57.89,57.89,57.89,57.89,140,0
2014-05-06,22:00:00,57.84,57.84,57.83,57.83,460,0
2014-05-07,16:00:00,58.28,58.43,58.28,58.43,1245,0
2014-05-07,18:00:00,58.17,58.17,58.17,58.17,930,0
2014-05-07,19:00:00,58.37,58.37,58.37,58.37,30000,0
2014-05-07,20:00:00,58.5,58.5,58.47,58.47,60203,0
2014-05-07,21:00:00,58.47,58.48,58.47,58.48,700,0
