Date,Time,Open,High,Low,Close,Volume,OpenInt
2014-02-10,16:00:00,40.93,41.13,40.9,41.09,59238,0
2014-02-10,17:00:00,41.13,41.18,41.01,41.07,42054,0
2014-02-10,18:00:00,41.08,41.14,40.98,41.01,57118,0
2014-02-10,19:00:00,41,41.05,40.97,40.99,41964,0
2014-02-10,20:00:00,40.98,41.07,40.93,40.95,45769,0
2014-02-10,21:00:00,40.95,41.05,40.94,41,106486,0
2014-02-10,22:00:00,40.99,41.1,40.94,40.98,226262,0
2014-02-11,16:00:00,41.09,41.28,40.96,41.06,17601,0
2014-02-11,17:00:00,41.06,41.48,41.05,41.26,102654,0
2014-02-11,18:00:00,41.29,41.4,41.22,41.4,36768,0
2014-02-11,19:00:00,41.41,41.42,41.34,41.36,33843,0
2014-02-11,20:00:00,41.37,41.41,41.36,41.38,35146,0
2014-02-11,21:00:00,41.38,41.38,41.3,41.31,45842,0
2014-02-11,22:00:00,41.33,41.36,41.25,41.26,123805,0
2014-02-12,16:00:00,41.2,41.48,41.2,41.43,14992,0
2014-02-12,17:00:00,41.41,41.41,41.1,41.18,25923,0
2014-02-12,18:00:00,41.16,41.26,41.06,41.22,48699,0
2014-02-12,19:00:00,41.24,41.3,41.18,41.26,20702,0
2014-02-12,20:00:00,41.26,41.29,41.1,41.17,37707,0
2014-02-12,21:00:00,41.15,41.19,41.08,41.09,38962,0
2014-02-12,22:00:00,41.11,41.16,41.03,41.09,129602,0
2014-02-13,16:00:00,40.89,40.89,40.61,40.75,73062,0
2014-02-13,17:00:00,40.72,41.14,40.72,41.1,74622,0
2014-02-13,18:00:00,41.1,41.52,41.1,41.49,102537,0
2014-02-13,19:00:00,41.5,41.52,41.48,41.5,30301,0
2014-02-13,20:00:00,41.5,41.76,41.49,41.75,120768,0
2014-02-13,21:00:00,41.72,41.78,41.65,41.76,54919,0
2014-02-13,22:00:00,41.75,41.76,41.52,41.52,152182,0
2014-02-14,16:00:00,41.36,41.63,41.31,41.53,26634,0
2014-02-14,17:00:00,41.52,41.76,41.47,41.72,19852,0
2014-02-14,18:00:00,41.63,41.69,41.47,41.49,30009,0
2014-02-14,19:00:00,41.49,41.52,41.44,41.46,28213,0
2014-02-14,20:00:00,41.45,41.5,41.38,41.41,32584,0
2014-02-14,21:00:00,41.43,41.53,41.39,41.53,30432,0
2014-02-14,22:00:00,41.5,41.5,41.32,41.39,111904,0
2014-02-18,16:00:00,41.24,41.73,41.24,41.53,17392,0
2014-02-18,17:00:00,41.5,41.96,41.5,41.9,51023,0
2014-02-18,18:00:00,41.9,42.03,41.87,42,48726,0
2014-02-18,19:00:00,41.99,42.01,41.9,41.98,37252,0
2014-02-18,20:00:00,41.99,42.05,41.94,42.01,58447,0
2014-02-18,21:00:00,42.01,42.14,42,42.04,137241,0
2014-02-18,22:00:00,42.04,42.05,41.86,41.86,162058,0
2014-02-19,16:00:00,41.75,41.99,41.67,41.84,13187,0
2014-02-19,17:00:00,41.8,41.88,41.68,41.72,48172,0
2014-02-19,18:00:00,41.76,41.78,41.42,41.42,37534,0
2014-02-19,19:00:00,41.38,41.4,41.04,41.2,84560,0
2014-02-19,20:00:00,41.19,41.44,41.14,41.44,46729,0
2014-02-19,21:00:00,41.42,41.51,41.37,41.39,51929,0
2014-02-19,22:00:00,41.43,41.43,41.08,41.09,137402,0
2014-02-20,16:00:00,41.22,41.43,41.15,41.25,7454,0
2014-02-20,17:00:00,41.09,41.2,40.32,41.09,191380,0
2014-02-20,18:00:00,41.06,41.1,40.82,40.9,34059,0
2014-02-20,19:00:00,40.91,41.1,40.89,41.1,23661,0
2014-02-20,20:00:00,41.11,41.23,41.1,41.21,41389,0
2014-02-20,21:00:00,41.21,41.38,41.18,41.37,49906,0
2014-02-20,22:00:00,41.35,41.52,41.31,41.49,153908,0
2014-02-21,16:00:00,41.46,41.63,41.38,41.43,13718,0
2014-02-21,17:00:00,41.37,41.54,41.28,41.48,23110,0
2014-02-21,18:00:00,41.49,41.58,41.39,41.54,32153,0
2014-02-21,19:00:00,41.55,41.65,41.5,41.62,24143,0
2014-02-21,20:00:00,41.64,41.76,41.55,41.65,42015,0
2014-02-21,21:00:00,41.66,41.7,41.52,41.64,54559,0
2014-02-21,22:00:00,41.64,41.73,41.58,41.61,103333,0
2014-02-24,16:00:00,41.4,41.97,41.32,41.89,25794,0
2014-02-24,17:00:00,41.89,41.99,41.72,41.9,35948,0
2014-02-24,18:00:00,41.9,41.9,41.71,41.79,22249,0
2014-02-24,19:00:00,41.77,41.78,41.7,41.72,13818,0
2014-02-24,20:00:00,41.72,41.72,41.51,41.56,29062,0
2014-02-24,21:00:00,41.56,41.65,41.46,41.46,63476,0
2014-02-24,22:00:00,41.46,41.46,41.23,41.23,151341,0
2014-02-25,16:00:00,41.22,41.45,41.07,41.09,13285,0
2014-02-25,17:00:00,41.03,41.33,40.91,41.07,29791,0
2014-02-25,18:00:00,41.07,41.17,41.04,41.04,29439,0
2014-02-25,19:00:00,41.03,41.13,41.02,41.09,31078,0
2014-02-25,20:00:00,41.1,41.25,41.01,41.25,43129,0
2014-02-25,21:00:00,41.27,41.53,41.27,41.49,63635,0
2014-02-25,22:00:00,41.48,41.49,41.31,41.37,98388,0
2014-02-26,16:00:00,40.9,41.14,40.66,40.89,36958,0
2014-02-26,17:00:00,40.92,40.92,40.62,40.78,69525,0
2014-02-26,18:00:00,40.78,40.83,40.76,40.77,39333,0
2014-02-26,19:00:00,40.78,40.78,40.56,40.73,44502,0
2014-02-26,20:00:00,40.73,40.8,40.61,40.65,51938,0
2014-02-26,21:00:00,40.65,40.66,40.53,40.64,62518,0
2014-02-26,22:00:00,40.62,41.03,40.5,41,233370,0
2014-02-27,16:00:00,41,41.16,41,41.08,34622,0
2014-02-27,17:00:00,41.06,41.28,41,41.27,24669,0
2014-02-27,18:00:00,41.25,41.43,41.2,41.39,25683,0
2014-02-27,19:00:00,41.38,41.58,41.37,41.47,39450,0
2014-02-27,20:00:00,41.47,41.54,41.34,41.36,48267,0
2014-02-27,21:00:00,41.34,41.35,41.09,41.17,53428,0
2014-02-27,22:00:00,41.16,41.25,41.11,41.2,107343,0
2014-02-28,16:00:00,41.23,41.5,41.09,41.27,12842,0
2014-02-28,17:00:00,41.33,41.46,41.3,41.31,26667,0
2014-02-28,18:00:00,41.32,41.32,41.18,41.27,38121,0
2014-02-28,19:00:00,41.27,41.31,41.23,41.27,23540,0
2014-02-28,20:00:00,41.27,41.32,41.23,41.25,33582,0
2014-02-28,21:00:00,41.25,41.25,41.1,41.23,54092,0
2014-02-28,22:00:00,41.23,41.28,41.07,41.23,234381,0
2014-03-03,16:00:00,41.12,41.29,40.89,41.07,36955,0
2014-03-03,17:00:00,41.09,41.35,41.03,41.12,52797,0
2014-03-03,18:00:00,41.15,41.15,41,41.09,43807,0
2014-03-03,19:00:00,41.08,41.21,41.01,41.21,29689,0
2014-03-03,20:00:00,41.19,41.44,41.19,41.44,36310,0
2014-03-03,21:00:00,41.43,41.6,41.39,41.58,52881,0
2014-03-03,22:00:00,41.58,41.61,41.48,41.61,175493,0
2014-03-04,16:00:00,41.97,42.28,41.83,42.19,15691,0
2014-03-04,17:00:00,42.18,42.25,42.1,42.17,39010,0
2014-03-04,18:00:00,42.17,42.19,42.09,42.15,40270,0
2014-03-04,19:00:00,42.15,42.25,42.12,42.22,58345,0
2014-03-04,20:00:00,42.22,42.26,42.14,42.18,42294,0
2014-03-04,21:00:00,42.18,42.25,42.12,42.25,54073,0
2014-03-04,22:00:00,42.25,42.25,42.09,42.16,180735,0
2014-03-05,16:00:00,42.16,42.43,42.05,42.34,25795,0
2014-03-05,17:00:00,42.37,42.81,42.36,42.77,63950,0
2014-03-05,18:00:00,42.78,42.83,42.65,42.65,41927,0
2014-03-05,19:00:00,42.68,42.68,42.53,42.55,49736,0
2014-03-05,20:00:00,42.54,43.04,42.54,43.03,93653,0
2014-03-05,21:00:00,43.03,43.13,42.79,42.98,76298,0
2014-03-05,22:00:00,42.97,43.04,42.94,43.01,215047,0
2014-03-06,16:00:00,43,43.33,42.91,43.33,44818,0
2014-03-06,17:00:00,43.34,43.36,43.01,43.13,108957,0
2014-03-06,18:00:00,43.13,43.56,43.06,43.5,86765,0
2014-03-06,19:00:00,43.5,43.68,43.47,43.65,70961,0
2014-03-06,20:00:00,43.66,43.78,43.66,43.75,58883,0
2014-03-06,21:00:00,43.75,43.86,43.74,43.83,105847,0
2014-03-06,22:00:00,43.83,44.02,43.79,43.98,286142,0
2014-03-07,16:00:00,44.29,44.62,44.12,44.57,135509,0
2014-03-07,17:00:00,44.58,44.85,44.52,44.69,257493,0
2014-03-07,18:00:00,44.67,44.77,44.53,44.71,100107,0
2014-03-07,19:00:00,44.74,44.74,44.53,44.56,84878,0
2014-03-07,20:00:00,44.57,44.64,44.53,44.59,48900,0
2014-03-07,21:00:00,44.6,44.75,44.56,44.71,96858,0
2014-03-07,22:00:00,44.71,44.81,44.59,44.78,206559,0
2014-03-10,15:00:00,44.65,44.84,44.52,44.79,18347,0
2014-03-10,16:00:00,44.79,44.84,44.27,44.29,48955,0
2014-03-10,17:00:00,44.32,44.6,44.28,44.6,63030,0
2014-03-10,18:00:00,44.54,44.69,44.41,44.49,36425,0
2014-03-10,19:00:00,44.48,44.49,44.26,44.27,88845,0
2014-03-10,20:00:00,44.28,44.42,44.26,44.4,114003,0
2014-03-10,21:00:00,44.43,44.66,44.3,44.61,152700,0
2014-03-11,15:00:00,44.68,44.78,44.23,44.35,32946,0
2014-03-11,16:00:00,44.39,44.39,44.13,44.24,235853,0
2014-03-11,17:00:00,44.23,44.27,44.05,44.19,57387,0
2014-03-11,18:00:00,44.16,44.26,44.12,44.25,44309,0
2014-03-11,19:00:00,44.22,44.35,44.17,44.23,84746,0
2014-03-11,20:00:00,44.22,44.32,43.91,43.92,64955,0
2014-03-11,21:00:00,43.91,44.17,43.86,44.17,169901,0
2014-03-12,15:00:00,44.03,44.1,43.7,43.7,54771,0
2014-03-12,16:00:00,43.83,44.21,43.79,44.16,144985,0
2014-03-12,17:00:00,44.14,44.33,44.09,44.22,39575,0
2014-03-12,18:00:00,44.17,44.21,44.04,44.17,35150,0
2014-03-12,19:00:00,44.13,44.44,44.13,44.43,35835,0
2014-03-12,20:00:00,44.43,44.86,44.4,44.83,77013,0
2014-03-12,21:00:00,44.83,44.98,44.75,44.83,293498,0
2014-03-13,15:00:00,44.82,44.82,44.53,44.62,18879,0
2014-03-13,16:00:00,44.62,44.71,44.5,44.62,48081,0
2014-03-13,17:00:00,44.58,44.64,44.45,44.45,52022,0
2014-03-13,18:00:00,44.44,44.45,44.02,44.1,47205,0
2014-03-13,19:00:00,44.09,44.31,43.94,44.28,67904,0
2014-03-13,20:00:00,44.24,44.35,44.11,44.35,78600,0
2014-03-13,21:00:00,44.37,44.44,44.28,44.36,172544,0
2014-03-14,15:00:00,44.41,44.55,44.05,44.51,27461,0
2014-03-14,16:00:00,44.55,44.77,44.48,44.56,57174,0
2014-03-14,17:00:00,44.55,44.77,44.5,44.72,74245,0
2014-03-14,18:00:00,44.72,44.73,44.6,44.67,55781,0
2014-03-14,19:00:00,44.69,44.71,44.62,44.69,32600,0
2014-03-14,20:00:00,44.69,44.78,44.64,44.67,62804,0
2014-03-14,21:00:00,44.66,44.87,44.64,44.67,208612,0
2014-03-17,15:00:00,44.76,45.16,44.76,45.16,128334,0
2014-03-17,16:00:00,45.11,45.12,44.57,44.73,73579,0
2014-03-17,17:00:00,44.74,44.76,44.52,44.67,40278,0
2014-03-17,18:00:00,44.68,44.77,44.53,44.74,38874,0
2014-03-17,19:00:00,44.78,44.79,44.51,44.51,33154,0
2014-03-17,20:00:00,44.52,44.56,44.26,44.27,63932,0
2014-03-17,21:00:00,44.27,44.27,44.02,44.15,229231,0
2014-03-18,15:00:00,44.25,44.65,44.22,44.47,39633,0
2014-03-18,16:00:00,44.49,44.53,44.28,44.48,67220,0
2014-03-18,17:00:00,44.51,44.73,44.51,44.61,117899,0
2014-03-18,18:00:00,44.62,44.85,44.43,44.73,90270,0
2014-03-18,19:00:00,44.73,44.77,44.57,44.64,62261,0
2014-03-18,20:00:00,44.64,44.94,44.63,44.94,62823,0
2014-03-18,21:00:00,44.94,45,44.9,44.97,134230,0
2014-03-19,15:00:00,44.82,44.82,44.6,44.66,24300,0
2014-03-19,16:00:00,44.66,44.66,44.19,44.23,61029,0
2014-03-19,17:00:00,44.23,44.32,44,44.3,48349,0
2014-03-19,18:00:00,44.33,44.66,44.29,44.65,36758,0
2014-03-19,19:00:00,44.64,44.64,44.44,44.55,43190,0
2014-03-19,20:00:00,44.55,44.66,44.43,44.57,50809,0
2014-03-19,21:00:00,44.56,44.56,44.21,44.51,120280,0
2014-03-20,15:00:00,44.31,44.51,44.16,44.41,17340,0
2014-03-20,16:00:00,44.4,44.63,44.29,44.29,56140,0
2014-03-20,17:00:00,44.31,44.36,44.2,44.23,28590,0
2014-03-20,18:00:00,44.27,44.41,44.24,44.36,22160,0
2014-03-20,19:00:00,44.4,44.4,44.18,44.32,24937,0
2014-03-20,20:00:00,44.3,44.42,44.28,44.42,35047,0
2014-03-20,21:00:00,44.41,44.5,44.33,44.42,101803,0
2014-03-21,15:00:00,44.63,44.8,44.54,44.76,19013,0
2014-03-21,16:00:00,44.71,45,44.6,44.98,34810,0
2014-03-21,17:00:00,44.97,45,44.95,44.98,42016,0
2014-03-21,18:00:00,44.97,44.99,44.75,44.77,26177,0
2014-03-21,19:00:00,44.77,44.77,44.48,44.5,21374,0
2014-03-21,20:00:00,44.52,44.55,44.24,44.38,49231,0
2014-03-21,21:00:00,44.4,44.5,44.28,44.5,272233,0
2014-03-24,15:00:00,44.51,44.65,44.4,44.6,12364,0
2014-03-24,16:00:00,44.59,44.6,44.4,44.46,49957,0
2014-03-24,17:00:00,44.48,44.59,44.41,44.52,57109,0
2014-03-24,18:00:00,44.49,44.55,44.46,44.52,52663,0
2014-03-24,19:00:00,44.5,44.54,44.44,44.49,48946,0
2014-03-24,20:00:00,44.48,44.61,44.44,44.52,69322,0
2014-03-24,21:00:00,44.5,44.78,44.48,44.62,141592,0
2014-03-25,15:00:00,44.46,44.86,44.45,44.77,12999,0
2014-03-25,16:00:00,44.77,44.96,44.67,44.72,48180,0
2014-03-25,17:00:00,44.7,44.76,44.59,44.63,42525,0
2014-03-25,18:00:00,44.63,44.74,44.55,44.55,44429,0
2014-03-25,19:00:00,44.58,44.6,44.5,44.57,59759,0
2014-03-25,20:00:00,44.58,44.8,44.58,44.73,62812,0
2014-03-25,21:00:00,44.74,44.8,44.62,44.78,170371,0
2014-03-26,15:00:00,44.93,44.96,44.82,44.9,6624,0
2014-03-26,16:00:00,44.9,44.94,44.46,44.46,11861,0
2014-03-26,17:00:00,44.48,44.7,44.4,44.45,16145,0
2014-03-26,18:00:00,44.43,44.44,44.36,44.38,17338,0
2014-03-26,19:00:00,44.35,44.38,44.02,44.08,25665,0
2014-03-26,20:00:00,44.07,44.09,43.86,44.04,49010,0
2014-03-26,21:00:00,44.02,44.03,43.77,43.77,74990,0
2014-03-27,15:00:00,43.99,43.99,43.27,43.54,15274,0
2014-03-27,16:00:00,43.58,43.95,43.57,43.7,25234,0
2014-03-27,17:00:00,43.74,43.76,43.47,43.63,21235,0
2014-03-27,18:00:00,43.63,43.75,43.53,43.66,17568,0
2014-03-27,19:00:00,43.69,43.75,43.64,43.69,59650,0
2014-03-27,20:00:00,43.71,43.85,43.65,43.77,64048,0
2014-03-27,21:00:00,43.79,43.92,43.73,43.82,118271,0
2014-03-28,15:00:00,43.92,44.1,43.85,44.1,6917,0
2014-03-28,16:00:00,44.11,44.54,44.11,44.37,99845,0
2014-03-28,17:00:00,44.35,44.44,44.17,44.18,18506,0
2014-03-28,18:00:00,44.2,44.21,43.84,43.87,24843,0
2014-03-28,19:00:00,43.88,44.09,43.86,44.05,20503,0
2014-03-28,20:00:00,44.05,44.21,43.92,44.21,43861,0
2014-03-28,21:00:00,44.19,44.45,44.04,44.39,183045,0
2014-03-31,16:00:00,44.55,44.8,44.53,44.78,31929,0
2014-03-31,17:00:00,44.78,44.94,44.69,44.89,15843,0
2014-03-31,18:00:00,44.89,44.94,44.52,44.6,25191,0
2014-03-31,19:00:00,44.61,44.79,44.61,44.69,15116,0
2014-03-31,20:00:00,44.67,44.71,44.51,44.52,17836,0
2014-03-31,21:00:00,44.53,44.65,44.51,44.6,30718,0
2014-03-31,22:00:00,44.6,44.62,44.47,44.5,60938,0
2014-04-01,16:00:00,44.53,44.81,44.47,44.56,33598,0
2014-04-01,17:00:00,44.5,44.75,44.49,44.71,33259,0
2014-04-01,18:00:00,44.72,45,44.69,44.91,203451,0
2014-04-01,19:00:00,44.87,44.94,44.76,44.8,29768,0
2014-04-01,20:00:00,44.79,44.83,44.71,44.78,32596,0
2014-04-01,21:00:00,44.78,44.94,44.78,44.9,32486,0
2014-04-01,22:00:00,44.9,45,44.85,44.89,162879,0
2014-04-02,16:00:00,44.96,44.96,44.62,44.67,26290,0
2014-04-02,17:00:00,44.7,44.81,44.68,44.77,27161,0
2014-04-02,18:00:00,44.75,44.8,44.7,44.73,26544,0
2014-04-02,19:00:00,44.73,44.95,44.68,44.93,60293,0
2014-04-02,20:00:00,44.91,44.95,44.82,44.95,57092,0
2014-04-02,21:00:00,44.97,44.99,44.71,44.72,82388,0
2014-04-02,22:00:00,44.72,44.79,44.68,44.77,92386,0
2014-04-03,16:00:00,44.87,44.99,44.78,44.89,10842,0
2014-04-03,17:00:00,44.89,44.89,44.46,44.52,34479,0
2014-04-03,18:00:00,44.51,44.52,44.26,44.31,37749,0
2014-04-03,19:00:00,44.29,44.48,44.23,44.25,49971,0
2014-04-03,20:00:00,44.25,44.4,44.21,44.21,69528,0
2014-04-03,21:00:00,44.23,44.28,44.03,44.15,114062,0
2014-04-03,22:00:00,44.16,44.41,44.13,44.33,341909,0
2014-04-04,16:00:00,44.67,44.7,44.42,44.53,11730,0
2014-04-04,17:00:00,44.53,44.63,44.45,44.59,16910,0
2014-04-04,18:00:00,44.55,44.58,43.97,44.06,29482,0
2014-04-04,19:00:00,44.05,44.05,43.79,43.82,50857,0
2014-04-04,20:00:00,43.8,44.03,43.74,43.97,48160,0
2014-04-04,21:00:00,43.99,43.99,43.77,43.79,43836,0
2014-04-04,22:00:00,43.79,43.9,43.73,43.82,122881,0
2014-04-07,16:00:00,43.78,43.87,43.57,43.8,17656,0
2014-04-07,17:00:00,43.9,44,43.53,43.61,32657,0
2014-04-07,18:00:00,43.61,43.71,43.17,43.18,43295,0
2014-04-07,19:00:00,43.25,43.5,43.18,43.47,32211,0
2014-04-07,20:00:00,43.45,43.45,43.26,43.26,46299,0
2014-04-07,21:00:00,43.23,43.3,43.1,43.22,147263,0
2014-04-07,22:00:00,43.21,43.33,43.1,43.12,236949,0
2014-04-08,16:00:00,43.22,43.64,43.19,43.43,15088,0
2014-04-08,17:00:00,43.42,43.87,43.38,43.8,70239,0
2014-04-08,18:00:00,43.76,44.14,43.57,43.62,34786,0
2014-04-08,19:00:00,43.59,43.78,43.52,43.59,20916,0
2014-04-08,20:00:00,43.62,43.75,43.56,43.75,32060,0
2014-04-08,21:00:00,43.76,43.8,43.39,43.41,40027,0
2014-04-08,22:00:00,43.41,43.68,43.4,43.49,101862,0
2014-04-09,16:00:00,43.62,43.62,43.32,43.42,28154,0
2014-04-09,17:00:00,43.44,43.51,43.3,43.4,36234,0
2014-04-09,18:00:00,43.39,43.45,43.27,43.34,42402,0
2014-04-09,19:00:00,43.34,43.52,43.24,43.47,32346,0
2014-04-09,20:00:00,43.47,43.53,43.45,43.5,30924,0
2014-04-09,21:00:00,43.5,43.54,43.3,43.4,97426,0
2014-04-09,22:00:00,43.4,43.57,43.39,43.45,134794,0
2014-04-10,16:00:00,43.63,43.63,43.4,43.41,17290,0
2014-04-10,17:00:00,43.41,43.56,43.18,43.18,51449,0
2014-04-10,18:00:00,43.18,43.18,42.88,42.95,49596,0
2014-04-10,19:00:00,42.92,42.92,42.64,42.68,38408,0
2014-04-10,20:00:00,42.68,42.75,42.45,42.57,68495,0
2014-04-10,21:00:00,42.57,42.76,42.5,42.76,65004,0
2014-04-10,22:00:00,42.74,42.91,42.56,42.79,142154,0
2014-04-11,16:00:00,42.54,43.02,42.26,42.83,12530,0
2014-04-11,17:00:00,42.78,42.78,42.46,42.71,38618,0
2014-04-11,18:00:00,42.74,43,42.71,42.83,45540,0
2014-04-11,19:00:00,42.87,42.94,42.71,42.73,49461,0
2014-04-11,20:00:00,42.75,42.79,42.6,42.64,39002,0
2014-04-11,21:00:00,42.64,42.71,42.32,42.45,37885,0
2014-04-11,22:00:00,42.44,42.64,42.34,42.4,120854,0
2014-04-14,16:00:00,42.45,42.69,42.37,42.4,8630,0
2014-04-14,17:00:00,42.4,42.55,42.31,42.53,24169,0
2014-04-14,18:00:00,42.46,42.5,42.06,42.06,40397,0
2014-04-14,19:00:00,42.05,42.29,41.94,42.17,42859,0
2014-04-14,20:00:00,42.19,42.3,42.03,42.05,29185,0
2014-04-14,21:00:00,42.05,42.18,41.97,41.99,49855,0
2014-04-14,22:00:00,41.99,42.25,41.91,42.18,134290,0
2014-04-15,16:00:00,42.42,42.63,42.1,42.46,13561,0
2014-04-15,17:00:00,42.47,42.66,41.66,41.86,51922,0
2014-04-15,18:00:00,41.84,42,41.66,41.83,26313,0
2014-04-15,19:00:00,41.85,41.86,41.72,41.77,20855,0
2014-04-15,20:00:00,41.73,42.28,41.73,42.27,30010,0
2014-04-15,21:00:00,42.28,42.48,42.2,42.37,34661,0
2014-04-15,22:00:00,42.35,42.58,42.33,42.45,91880,0
2014-04-16,16:00:00,42.89,42.89,42.54,42.7,20928,0
2014-04-16,17:00:00,42.65,42.75,42.55,42.55,40041,0
2014-04-16,18:00:00,42.55,42.6,42.38,42.42,31367,0
2014-04-16,19:00:00,42.44,42.67,42.44,42.56,40164,0
2014-04-16,20:00:00,42.54,42.54,42.29,42.34,33212,0
2014-04-16,21:00:00,42.33,42.41,42.23,42.32,36260,0
2014-04-16,22:00:00,42.32,42.49,42.29,42.47,151278,0
2014-04-17,16:00:00,42.37,42.55,42.37,42.48,5710,0
2014-04-17,17:00:00,42.5,43.16,42.46,43.09,67595,0
2014-04-17,18:00:00,43.1,43.12,42.68,42.73,32063,0
2014-04-17,19:00:00,42.7,42.74,42.62,42.7,30974,0
2014-04-17,20:00:00,42.7,42.74,42.62,42.62,47722,0
2014-04-17,21:00:00,42.63,42.7,42.57,42.69,64262,0
2014-04-17,22:00:00,42.68,42.72,42.62,42.62,77287,0
2014-04-21,16:00:00,42.81,42.86,42.59,42.74,8849,0
2014-04-21,17:00:00,42.69,42.74,42.36,42.36,30990,0
2014-04-21,18:00:00,42.42,42.71,42.37,42.69,25823,0
2014-04-21,19:00:00,42.69,42.84,42.6,42.7,31213,0
2014-04-21,20:00:00,42.68,42.71,42.66,42.71,14700,0
2014-04-21,21:00:00,42.71,42.72,42.53,42.55,33054,0
2014-04-21,22:00:00,42.54,42.68,42.35,42.66,97758,0
2014-04-22,16:00:00,42.9,43.13,42.9,43.1,9372,0
2014-04-22,17:00:00,43.08,43.42,43.05,43.22,32569,0
2014-04-22,18:00:00,43.19,43.65,43.18,43.63,76865,0
2014-04-22,19:00:00,43.64,43.64,43.46,43.48,28868,0
2014-04-22,20:00:00,43.48,43.56,43.42,43.42,28657,0
2014-04-22,21:00:00,43.42,43.59,43.41,43.54,37162,0
2014-04-22,22:00:00,43.53,43.76,43.49,43.75,107522,0
2014-04-23,16:00:00,43.76,43.8,43.58,43.73,26527,0
2014-04-23,17:00:00,43.76,44.28,43.66,44.26,40409,0
2014-04-23,18:00:00,44.26,44.36,44.05,44.25,47817,0
2014-04-23,19:00:00,44.23,44.39,44.18,44.3,38512,0
2014-04-23,20:00:00,44.29,44.39,44.27,44.3,45477,0
2014-04-23,21:00:00,44.3,44.52,44.29,44.52,84913,0
2014-04-23,22:00:00,44.52,44.62,44.38,44.6,190137,0
2014-04-24,16:00:00,44.83,44.89,44.07,44.07,23773,0
2014-04-24,17:00:00,44.09,44.62,43.92,44.44,114472,0
2014-04-24,18:00:00,44.43,44.43,44.19,44.2,50074,0
2014-04-24,19:00:00,44.2,44.43,44.1,44.42,62664,0
2014-04-24,20:00:00,44.41,44.43,44.26,44.35,40496,0
2014-04-24,21:00:00,44.33,44.5,44.32,44.45,50791,0
2014-04-24,22:00:00,44.44,44.63,44.35,44.45,141420,0
2014-04-25,16:00:00,44.32,44.32,43.79,43.95,184418,0
2014-04-25,17:00:00,43.97,44.06,43.83,43.86,59281,0
2014-04-25,18:00:00,43.88,44.01,43.63,43.93,38414,0
2014-04-25,19:00:00,43.91,43.98,43.71,43.94,36745,0
2014-04-25,20:00:00,43.95,44.08,43.85,43.97,68197,0
2014-04-25,21:00:00,43.97,44.22,43.95,44.1,82337,0
2014-04-25,22:00:00,44.08,44.23,43.99,44.02,115829,0
2014-04-28,16:00:00,44.1,44.23,43.56,43.97,36849,0
2014-04-28,17:00:00,43.98,44.31,43.7,43.84,73753,0
2014-04-28,18:00:00,43.86,43.99,43.54,43.8,61086,0
2014-04-28,19:00:00,43.81,43.87,43.6,43.67,31189,0
2014-04-28,20:00:00,43.66,43.72,43.45,43.66,61058,0
2014-04-28,21:00:00,43.64,43.9,43.57,43.75,177635,0
2014-04-28,22:00:00,43.75,44.02,43.59,43.64,159353,0
2014-04-29,16:00:00,43.61,43.97,43.61,43.69,27040,0
2014-04-29,17:00:00,43.7,43.78,43.39,43.41,52764,0
2014-04-29,18:00:00,43.39,43.8,43.39,43.8,117569,0
2014-04-29,19:00:00,43.8,44,43.76,43.93,72044,0
2014-04-29,20:00:00,43.93,44.04,43.92,44.01,58725,0
2014-04-29,21:00:00,44,44.09,43.98,44.01,88145,0
2014-04-29,22:00:00,44.01,44.14,43.94,43.96,214545,0
2014-04-30,16:00:00,43.16,43.54,39.84,40.05,367364,0
2014-04-30,17:00:00,40.05,41.17,39.97,40.83,292031,0
2014-04-30,18:00:00,40.85,40.91,40.11,40.11,148028,0
2014-04-30,19:00:00,40.13,40.95,40.04,40.46,199130,0
2014-04-30,20:00:00,40.43,40.43,40.11,40.32,155492,0
2014-04-30,21:00:00,40.31,40.31,39.63,39.84,248265,0
2014-04-30,22:00:00,39.84,40.05,39.64,39.85,584276,0
2014-05-01,16:00:00,39.75,39.78,39.18,39.24,64204,0
2014-05-01,17:00:00,39.32,39.55,39.18,39.47,169364,0
2014-05-01,18:00:00,39.49,39.85,39.44,39.76,135935,0
2014-05-01,19:00:00,39.75,40.03,39.67,39.76,210641,0
2014-05-01,20:00:00,39.73,39.8,39.46,39.52,99061,0
2014-05-01,21:00:00,39.5,39.58,39.42,39.48,134651,0
2014-05-01,22:00:00,39.5,39.61,39.37,39.38,389561,0
2014-05-02,16:00:00,39.44,39.47,39.16,39.19,39814,0
2014-05-02,17:00:00,39.15,39.43,38.98,39.12,114489,0
2014-05-02,18:00:00,39.1,39.25,39.1,39.21,70704,0
2014-05-02,19:00:00,39.21,39.39,39.2,39.28,54040,0
2014-05-02,20:00:00,39.29,39.3,39.08,39.08,85475,0
2014-05-02,21:00:00,39.07,39.16,38.94,38.99,115590,0
2014-05-02,22:00:00,39.02,39.18,38.98,39.05,240575,0
2014-05-05,16:00:00,39.08,39.41,38.91,39.41,65990,0
2014-05-05,17:00:00,39.41,39.5,39.22,39.24,89855,0
2014-05-05,18:00:00,39.24,39.35,39.18,39.24,104897,0
2014-05-05,19:00:00,39.25,39.29,39.15,39.15,60545,0
2014-05-05,20:00:00,39.17,39.21,39.09,39.19,144635,0
2014-05-05,21:00:00,39.18,39.29,39.14,39.27,80192,0
2014-05-05,22:00:00,39.27,39.29,39.22,39.25,169067,0
2014-05-06,16:00:00,39.26,39.3,38.98,39.04,30623,0
2014-05-06,17:00:00,39.03,39.36,38.95,39.15,59439,0
2014-05-06,18:00:00,39.14,39.27,39.14,39.26,37654,0
2014-05-06,19:00:00,39.26,39.27,39.18,39.22,52930,0
2014-05-06,20:00:00,39.23,39.25,38.97,39.08,54036,0
2014-05-06,21:00:00,39.08,39.19,38.96,39.17,116486,0
2014-05-06,22:00:00,39.16,39.19,38.98,39.04,162791,0
2014-05-07,16:00:00,39.28,39.34,39,39,124275,0
2014-05-07,17:00:00,39.02,39.13,38.78,39.02,155674,0
2014-05-07,18:00:00,39,39.15,38.88,39.1,45697,0
2014-05-07,19:00:00,39.09,39.14,38.92,38.97,56969,0
2014-05-07,20:00:00,38.97,39.01,38.89,38.94,54269,0
2014-05-07,21:00:00,38.93,39.05,38.93,39,70647,0
2014-05-07,22:00:00,38.99,39.03,38.91,39.01,184805,0
