Date,Time,Open,High,Low,Close,Volume,OpenInt
2014-02-10,16:00:00,22.8097,22.849,22.8097,22.8097,3020,0
2014-02-10,17:00:00,22.8293,22.8293,22.8293,22.8293,9599,0
2014-02-10,18:00:00,22.8293,22.8293,22.7802,22.7802,1666,0
2014-02-10,19:00:00,22.7802,22.8293,22.7802,22.7802,3605,0
2014-02-10,20:00:00,22.8391,22.8391,22.7802,22.8293,4458,0
2014-02-10,21:00:00,22.7802,22.8097,22.7802,22.7999,3030,0
2014-02-10,22:00:00,22.8097,22.8097,22.7802,22.7802,3941,0
2014-02-11,17:00:00,22.8981,22.8981,22.849,22.849,7899,0
2014-02-11,18:00:00,22.8784,22.9472,22.8784,22.8882,3845,0
2014-02-11,19:00:00,22.8784,22.9472,22.8686,22.9472,4440,0
2014-02-11,20:00:00,22.8784,22.9079,22.8686,22.8981,1619,0
2014-02-11,21:00:00,22.8686,22.9373,22.8686,22.8686,2011,0
2014-02-11,22:00:00,22.9472,22.9472,22.8588,22.8686,6124,0
2014-02-12,16:00:00,22.8981,22.9472,22.8981,22.9472,4021,0
2014-02-12,17:00:00,22.9275,22.9668,22.9275,22.957,8064,0
2014-02-12,18:00:00,22.9373,22.9472,22.8882,22.9373,7910,0
2014-02-12,19:00:00,22.9275,22.9275,22.8981,22.8981,2892,0
2014-02-12,20:00:00,22.9177,22.9275,22.9177,22.9275,2953,0
2014-02-12,21:00:00,22.9275,22.9275,22.9177,22.9275,3992,0
2014-02-12,22:00:00,22.9177,22.9275,22.9177,22.9275,6212,0
2014-02-13,16:00:00,22.8195,22.9177,22.8195,22.8686,5866,0
2014-02-13,17:00:00,22.8686,22.9275,22.8686,22.9275,9399,0
2014-02-13,18:00:00,22.9668,22.9668,22.9177,22.9275,5194,0
2014-02-13,19:00:00,22.9275,22.9963,22.9275,22.9864,26235,0
2014-02-13,20:00:00,22.9275,23.0061,22.9275,22.9472,17341,0
2014-02-13,21:00:00,22.9864,22.9864,22.9472,22.957,6080,0
2014-02-13,22:00:00,22.9668,22.9766,22.9373,22.9668,12858,0
2014-02-14,16:00:00,23.065,23.065,23.0453,23.0453,7333,0
2014-02-14,17:00:00,23.0552,23.065,23.0355,23.0355,2027,0
2014-02-14,18:00:00,23.0355,23.065,23.0355,23.065,5398,0
2014-02-14,19:00:00,23.0257,23.065,23.0159,23.0552,3249,0
2014-02-14,20:00:00,23.0453,23.0453,22.9373,23.0159,2814,0
2014-02-14,21:00:00,23.065,23.065,22.9963,22.9963,3855,0
2014-02-14,22:00:00,23.0355,23.0453,23.0159,23.0257,12302,0
2014-02-18,16:00:00,23.0453,23.2417,23.0453,23.2417,2322,0
2014-02-18,17:00:00,23.1926,23.2123,23.1926,23.2123,4074,0
2014-02-18,18:00:00,23.2221,23.2516,23.2221,23.2221,3145,0
2014-02-18,19:00:00,23.2516,23.2614,23.2319,23.2614,927,0
2014-02-18,20:00:00,23.2712,23.2712,23.2319,23.2614,5668,0
2014-02-18,21:00:00,23.2417,23.2417,23.2123,23.2123,3756,0
2014-02-18,22:00:00,23.2417,23.2614,23.2221,23.2417,4993,0
2014-02-19,16:00:00,23.1534,23.2712,23.1534,23.2712,3069,0
2014-02-19,17:00:00,23.3203,23.3497,23.3105,23.3203,6403,0
2014-02-19,18:00:00,23.3203,23.3203,23.3203,23.3203,1833,0
2014-02-19,19:00:00,23.3006,23.3006,23.2712,23.281,5345,0
2014-02-19,20:00:00,23.281,23.281,23.2712,23.2712,4073,0
2014-02-19,21:00:00,23.2712,23.3006,23.2614,23.3006,10198,0
2014-02-19,22:00:00,23.3105,23.3203,23.2516,23.2614,12129,0
2014-02-20,16:00:00,23.2516,23.3203,23.2516,23.2712,3055,0
2014-02-20,18:00:00,23.2614,23.3006,23.2614,23.281,3020,0
2014-02-20,19:00:00,23.3006,23.3006,23.3006,23.3006,1034,0
2014-02-20,20:00:00,23.2712,23.2712,23.2712,23.2712,1130,0
2014-02-20,21:00:00,23.2712,23.3596,23.2712,23.3203,7932,0
2014-02-20,22:00:00,23.3694,23.3694,23.3301,23.3399,6143,0
2014-02-21,16:00:00,23.3694,23.4872,23.3694,23.389,2592,0
2014-02-21,17:00:00,23.3694,23.3694,23.3203,23.3203,12568,0
2014-02-21,18:00:00,23.3497,23.3694,23.3301,23.3399,5947,0
2014-02-21,19:00:00,23.3301,23.3301,23.3301,23.3301,783,0
2014-02-21,20:00:00,23.3399,23.3988,23.3399,23.3792,5398,0
2014-02-21,21:00:00,23.3399,23.3988,23.3301,23.3399,7928,0
2014-02-21,22:00:00,23.3596,23.3988,23.3399,23.3988,5382,0
2014-02-24,16:00:00,23.3988,23.6639,23.3988,23.6148,17495,0
2014-02-24,17:00:00,23.6148,23.6541,23.5952,23.605,8656,0
2014-02-24,18:00:00,23.6345,23.6443,23.605,23.6443,13740,0
2014-02-24,19:00:00,23.6247,23.6345,23.6148,23.6148,14711,0
2014-02-24,20:00:00,23.6148,23.6541,23.6148,23.6443,3218,0
2014-02-24,21:00:00,23.6345,23.6639,23.6148,23.6247,11403,0
2014-02-24,22:00:00,23.5952,23.6443,23.5167,23.6148,83639,0
2014-02-25,16:00:00,23.5756,23.6639,23.5756,23.6541,4250,0
2014-02-25,17:00:00,23.605,23.6541,23.5854,23.6345,13862,0
2014-02-25,18:00:00,23.6148,23.6836,23.5854,23.5952,10687,0
2014-02-25,19:00:00,23.6247,23.6541,23.5854,23.6247,8003,0
2014-02-25,20:00:00,23.6148,23.6639,23.5658,23.6345,52846,0
2014-02-25,21:00:00,23.6443,23.6639,23.6247,23.6443,13881,0
2014-02-25,22:00:00,23.6639,23.6639,23.6247,23.6639,13842,0
2014-02-26,16:00:00,23.6639,23.6639,23.6639,23.6639,933,0
2014-02-26,17:00:00,23.6934,23.6934,23.6738,23.6738,1880,0
2014-02-26,18:00:00,23.6738,23.7229,23.6738,23.6934,17192,0
2014-02-26,19:00:00,23.6836,23.7425,23.6639,23.6738,11546,0
2014-02-26,20:00:00,23.713,23.713,23.6639,23.6738,5546,0
2014-02-26,21:00:00,23.6836,23.7032,23.6738,23.7032,6518,0
2014-02-26,22:00:00,23.6934,23.7032,23.6443,23.6443,2750,0
2014-02-27,16:00:00,23.5952,23.7425,23.5952,23.7425,3444,0
2014-02-27,17:00:00,23.7425,23.7916,23.7425,23.7523,11355,0
2014-02-27,18:00:00,23.7818,23.7818,23.7229,23.7229,24484,0
2014-02-27,19:00:00,23.7229,23.7818,23.7229,23.7523,7708,0
2014-02-27,20:00:00,23.7425,23.772,23.7327,23.7327,5101,0
2014-02-27,21:00:00,23.7621,23.7621,23.713,23.7621,23246,0
2014-02-27,22:00:00,23.7818,23.7818,23.7032,23.7032,12433,0
2014-02-28,16:00:00,23.7916,23.8898,23.7916,23.8603,5101,0
2014-02-28,17:00:00,23.8407,23.8898,23.8211,23.8603,4538,0
2014-02-28,18:00:00,23.8211,23.8701,23.8014,23.8014,9255,0
2014-02-28,19:00:00,23.7818,23.8407,23.7621,23.7916,12394,0
2014-02-28,20:00:00,23.7621,23.7818,23.7523,23.7621,9509,0
2014-02-28,21:00:00,23.7916,23.7916,23.6738,23.6738,12568,0
2014-02-28,22:00:00,23.6738,23.6738,23.6148,23.6148,3847,0
2014-03-03,16:00:00,23.713,23.7818,23.6639,23.7818,6890,0
2014-03-03,17:00:00,23.7229,23.772,23.5658,23.6247,24234,0
2014-03-03,18:00:00,23.5756,23.605,23.5461,23.5658,6123,0
2014-03-03,19:00:00,23.5658,23.5658,23.5461,23.5461,11390,0
2014-03-03,20:00:00,23.5756,23.605,23.5461,23.5658,24722,0
2014-03-03,21:00:00,23.5559,23.605,23.5363,23.5658,36996,0
2014-03-03,22:00:00,23.5658,23.605,23.497,23.497,19881,0
2014-03-04,16:00:00,23.605,23.605,23.5363,23.605,2806,0
2014-03-04,17:00:00,23.605,23.6247,23.5658,23.5658,10325,0
2014-03-04,18:00:00,23.605,23.6836,23.5952,23.6836,13811,0
2014-03-04,19:00:00,23.6738,23.7621,23.6738,23.7229,6838,0
2014-03-04,20:00:00,23.7229,23.7425,23.7032,23.7327,5252,0
2014-03-04,21:00:00,23.713,23.713,23.713,23.713,1792,0
2014-03-04,22:00:00,23.7523,23.772,23.713,23.7621,17358,0
2014-03-05,16:00:00,23.7916,23.7916,23.713,23.7621,16379,0
2014-03-05,17:00:00,23.7523,23.7621,23.7229,23.7523,16753,0
2014-03-05,18:00:00,23.7327,23.7327,23.6738,23.713,10005,0
2014-03-05,19:00:00,23.7327,23.7523,23.6738,23.7523,34280,0
2014-03-05,20:00:00,23.6738,23.6738,23.6541,23.6639,19399,0
2014-03-05,21:00:00,23.6639,23.6639,23.6345,23.6541,2392,0
2014-03-05,22:00:00,23.6345,23.7229,23.6345,23.7229,11932,0
2014-03-06,16:00:00,23.7621,23.772,23.7621,23.772,2088,0
2014-03-06,17:00:00,23.7327,23.7327,23.6345,23.6345,9457,0
2014-03-06,18:00:00,23.6639,23.6639,23.6541,23.6639,8022,0
2014-03-06,19:00:00,23.6639,23.713,23.6639,23.6934,3564,0
2014-03-06,20:00:00,23.7032,23.7032,23.6345,23.6345,5041,0
2014-03-06,21:00:00,23.6345,23.6934,23.6345,23.6934,6151,0
2014-03-06,22:00:00,23.6934,23.6934,23.6247,23.6639,6999,0
2014-03-07,16:00:00,23.5658,23.6639,23.5658,23.6639,6672,0
2014-03-07,17:00:00,23.6934,23.7032,23.6541,23.6541,5497,0
2014-03-07,18:00:00,23.6934,23.6934,23.6738,23.6738,4362,0
2014-03-07,19:00:00,23.6836,23.6934,23.6443,23.6934,12445,0
2014-03-07,20:00:00,23.7032,23.7818,23.7032,23.7818,18228,0
2014-03-07,21:00:00,23.7621,23.8014,23.6934,23.8014,4919,0
2014-03-07,22:00:00,23.7818,23.8112,23.5658,23.7916,120851,0
2014-03-10,15:00:00,23.8112,23.8211,23.772,23.772,2646,0
2014-03-10,16:00:00,23.7818,23.7818,23.6836,23.6836,13128,0
2014-03-10,17:00:00,23.713,23.713,23.6639,23.6934,11187,0
2014-03-10,18:00:00,23.713,23.713,23.6639,23.6639,6371,0
2014-03-10,19:00:00,23.713,23.713,23.7032,23.7032,5889,0
2014-03-10,20:00:00,23.6639,23.6934,23.6639,23.6639,5506,0
2014-03-10,21:00:00,23.6639,23.6934,23.6443,23.6934,6314,0
2014-03-11,15:00:00,23.7425,23.7916,23.713,23.713,81391,0
2014-03-11,16:00:00,23.7916,23.7916,23.713,23.7327,6030,0
2014-03-11,17:00:00,23.7425,23.7818,23.7425,23.7818,10630,0
2014-03-11,18:00:00,23.7621,23.7818,23.7621,23.7818,3883,0
2014-03-11,19:00:00,23.772,23.772,23.772,23.772,4685,0
2014-03-11,20:00:00,23.7621,23.772,23.7621,23.772,4130,0
2014-03-11,21:00:00,23.7621,23.7621,23.7229,23.7425,7564,0
2014-03-12,15:00:00,23.8,23.8,23.76,23.76,6200,0
2014-03-12,16:00:00,23.78,23.8,23.78,23.8,12600,0
2014-03-12,17:00:00,23.8,23.8,23.77,23.78,12645,0
2014-03-12,18:00:00,23.78,23.8,23.78,23.8,3850,0
2014-03-12,19:00:00,23.8,23.8,23.78,23.79,5000,0
2014-03-12,20:00:00,23.8,23.8,23.74,23.75,12075,0
2014-03-12,21:00:00,23.75,23.76,23.56,23.6,25487,0
2014-03-13,15:00:00,23.79,23.83,23.74,23.79,7693,0
2014-03-13,16:00:00,23.84,23.84,23.68,23.7,5388,0
2014-03-13,17:00:00,23.71,23.79,23.7,23.7,3720,0
2014-03-13,18:00:00,23.8,23.8,23.8,23.8,800,0
2014-03-13,19:00:00,23.71,23.77,23.71,23.71,3009,0
2014-03-13,20:00:00,23.8,23.81,23.74,23.79,9924,0
2014-03-13,21:00:00,23.76,23.81,23.75,23.77,14327,0
2014-03-14,15:00:00,23.87,23.88,23.66,23.66,14317,0
2014-03-14,16:00:00,23.66,23.66,23.43,23.5,35796,0
2014-03-14,17:00:00,23.51,23.51,23.31,23.48,174190,0
2014-03-14,18:00:00,23.5,23.6,23.49,23.6,9910,0
2014-03-14,19:00:00,23.56,23.59,23.5,23.55,15691,0
2014-03-14,20:00:00,23.55,23.75,23.55,23.73,27960,0
2014-03-14,21:00:00,23.73,23.88,23.69,23.88,12360,0
2014-03-17,15:00:00,23.89,23.99,23.82,23.98,15437,0
2014-03-17,16:00:00,23.91,23.91,23.8,23.8,7280,0
2014-03-17,17:00:00,23.81,23.86,23.81,23.84,5290,0
2014-03-17,18:00:00,23.87,23.9,23.84,23.87,10090,0
2014-03-17,19:00:00,23.84,23.85,23.79,23.85,4787,0
2014-03-17,20:00:00,23.79,23.84,23.74,23.8,15744,0
2014-03-17,21:00:00,23.77,23.86,23.77,23.85,3782,0
2014-03-18,15:00:00,23.93,23.93,23.85,23.85,2550,0
2014-03-18,16:00:00,23.88,24.01,23.88,23.95,70136,0
2014-03-18,17:00:00,24,24,23.94,23.95,24174,0
2014-03-18,18:00:00,23.95,23.95,23.94,23.95,19966,0
2014-03-18,19:00:00,23.94,23.95,23.94,23.95,3750,0
2014-03-18,20:00:00,23.94,24.05,23.94,24.01,45225,0
2014-03-18,21:00:00,24.01,24.24,23.99,24.24,12935,0
2014-03-19,15:00:00,24.12,24.14,24.05,24.05,2345,0
2014-03-19,16:00:00,24.06,24.14,23.9,24.14,41418,0
2014-03-19,17:00:00,24.14,24.15,24.1,24.13,28271,0
2014-03-19,18:00:00,24.12,24.13,24.1,24.12,11077,0
2014-03-19,19:00:00,24.12,24.13,24.1,24.12,4058,0
2014-03-19,20:00:00,24.12,24.18,24.06,24.1,37815,0
2014-03-19,21:00:00,24.11,24.16,24.09,24.11,18538,0
2014-03-20,15:00:00,24.01,24.12,24.01,24.1,5144,0
2014-03-20,16:00:00,24.08,24.11,24.06,24.11,11383,0
2014-03-20,17:00:00,24.13,24.18,24.13,24.16,5990,0
2014-03-20,18:00:00,24.13,24.21,24.13,24.21,9125,0
2014-03-20,19:00:00,24.21,24.21,24.15,24.16,7281,0
2014-03-20,20:00:00,24.2,24.21,24.17,24.19,12873,0
2014-03-20,21:00:00,24.23,24.25,24.16,24.23,27010,0
2014-03-21,15:00:00,24.18,24.25,24.18,24.25,4300,0
2014-03-21,16:00:00,24.21,24.23,24.19,24.2,2945,0
2014-03-21,17:00:00,24.19,24.19,24.16,24.19,6653,0
2014-03-21,18:00:00,24.19,24.22,24.15,24.15,6375,0
2014-03-21,19:00:00,24.18,24.2,24.16,24.16,2332,0
2014-03-21,20:00:00,24.19,24.2,24.14,24.16,16977,0
2014-03-21,21:00:00,24.15,24.21,24.15,24.15,19053,0
2014-03-24,15:00:00,24.22,24.22,24.21,24.21,3484,0
2014-03-24,16:00:00,24.18,24.24,24.17,24.19,4298,0
2014-03-24,17:00:00,24.19,24.2,24.16,24.19,19071,0
2014-03-24,18:00:00,24.19,24.23,24.16,24.16,11614,0
2014-03-24,19:00:00,24.18,24.18,24.18,24.18,9972,0
2014-03-24,20:00:00,24.18,24.2,24.15,24.19,21476,0
2014-03-24,21:00:00,24.2,24.3,24.2,24.23,24320,0
2014-03-25,15:00:00,24.24,24.24,24.24,24.24,676,0
2014-03-25,16:00:00,24.24,24.24,24.19,24.23,7918,0
2014-03-25,17:00:00,24.21,24.21,24.14,24.14,3300,0
2014-03-25,18:00:00,24.19,24.2,24.1,24.16,15843,0
2014-03-25,19:00:00,24.2,24.21,24.2,24.2,5566,0
2014-03-25,20:00:00,24.2,24.22,24.18,24.18,4720,0
2014-03-25,21:00:00,24.18,24.2,24.15,24.2,7377,0
2014-03-26,15:00:00,24.19,24.2,24.19,24.2,412,0
2014-03-26,16:00:00,24.2,24.23,24.19,24.23,2759,0
2014-03-26,17:00:00,24.21,24.23,24.21,24.22,1455,0
2014-03-26,18:00:00,24.23,24.23,24.21,24.23,2131,0
2014-03-26,19:00:00,24.22,24.29,24.22,24.25,1893,0
2014-03-26,20:00:00,24.28,24.3,24.24,24.29,7441,0
2014-03-26,21:00:00,24.3,24.35,24.26,24.33,5738,0
2014-03-27,15:00:00,24.34,24.34,24.29,24.29,600,0
2014-03-27,16:00:00,24.31,24.35,24.3,24.3,5114,0
2014-03-27,17:00:00,24.32,24.36,24.31,24.32,6894,0
2014-03-27,18:00:00,24.34,24.34,24.34,24.34,1800,0
2014-03-27,19:00:00,24.33,24.35,24.33,24.35,8733,0
2014-03-27,20:00:00,24.33,24.35,24.31,24.34,5597,0
2014-03-27,21:00:00,24.33,24.35,24.33,24.34,8600,0
2014-03-28,16:00:00,24.34,24.37,24.33,24.37,3052,0
2014-03-28,17:00:00,24.36,24.37,24.33,24.36,4406,0
2014-03-28,18:00:00,24.35,24.37,24.35,24.37,2310,0
2014-03-28,19:00:00,24.37,24.37,24.35,24.35,4500,0
2014-03-28,20:00:00,24.36,24.38,24.35,24.36,11686,0
2014-03-28,21:00:00,24.36,24.38,24.33,24.35,8805,0
2014-03-31,16:00:00,24.48,24.48,24.39,24.39,10321,0
2014-03-31,17:00:00,24.39,24.39,24.32,24.37,2550,0
2014-03-31,18:00:00,24.38,24.4,24.38,24.38,9100,0
2014-03-31,19:00:00,24.39,24.39,24.39,24.39,1000,0
2014-03-31,20:00:00,24.38,24.4,24.38,24.4,6740,0
2014-03-31,21:00:00,24.39,24.42,24.38,24.4,20691,0
2014-03-31,22:00:00,24.4,24.4,24.37,24.37,14436,0
2014-04-01,16:00:00,24.37,24.41,24.36,24.36,2300,0
2014-04-01,17:00:00,24.39,24.4,24.35,24.4,5534,0
2014-04-01,18:00:00,24.4,24.4,24.38,24.4,22521,0
2014-04-01,19:00:00,24.4,24.4,24.39,24.39,23238,0
2014-04-01,20:00:00,24.39,24.4,24.39,24.4,10160,0
2014-04-01,21:00:00,24.4,24.44,24.36,24.39,19751,0
2014-04-01,22:00:00,24.4,24.41,24.39,24.4,65099,0
2014-04-02,16:00:00,24.34,24.55,24.34,24.52,7632,0
2014-04-02,17:00:00,24.54,24.54,24.45,24.47,7217,0
2014-04-02,18:00:00,24.46,24.49,24.45,24.49,15570,0
2014-04-02,19:00:00,24.49,24.49,24.48,24.49,3900,0
2014-04-02,20:00:00,24.47,24.47,24.42,24.42,13832,0
2014-04-02,21:00:00,24.46,24.48,24.45,24.47,36034,0
2014-04-02,22:00:00,24.47,24.48,24.43,24.43,14779,0
2014-04-03,16:00:00,24.47,24.47,24.47,24.47,567,0
2014-04-03,17:00:00,24.46,24.46,24.43,24.43,7920,0
2014-04-03,18:00:00,24.46,24.47,24.44,24.44,4800,0
2014-04-03,19:00:00,24.45,24.46,24.41,24.41,18232,0
2014-04-03,20:00:00,24.42,24.45,24.4,24.4,17556,0
2014-04-03,21:00:00,24.4,24.46,24.4,24.46,152660,0
2014-04-03,22:00:00,24.39,24.42,24.38,24.42,5375,0
2014-04-04,16:00:00,24.43,24.43,24.43,24.43,1750,0
2014-04-04,17:00:00,24.43,24.46,24.41,24.45,13044,0
2014-04-04,18:00:00,24.44,24.45,24.41,24.45,3580,0
2014-04-04,19:00:00,24.44,24.47,24.44,24.47,7211,0
2014-04-04,20:00:00,24.47,24.59,24.42,24.58,31487,0
2014-04-04,21:00:00,24.57,24.59,24.55,24.59,8840,0
2014-04-04,22:00:00,24.6,24.6,24.59,24.59,10758,0
2014-04-07,16:00:00,24.53,24.58,24.53,24.54,2745,0
2014-04-07,17:00:00,24.54,24.54,24.53,24.53,3124,0
2014-04-07,18:00:00,24.58,24.59,24.57,24.57,12295,0
2014-04-07,19:00:00,24.54,24.58,24.54,24.57,2900,0
2014-04-07,20:00:00,24.58,24.58,24.53,24.55,15008,0
2014-04-07,21:00:00,24.55,24.6,24.55,24.59,20638,0
2014-04-07,22:00:00,24.59,24.62,24.57,24.57,7242,0
2014-04-08,16:00:00,24.58,24.58,24.47,24.52,6345,0
2014-04-08,17:00:00,24.53,24.54,24.47,24.53,18325,0
2014-04-08,18:00:00,24.53,24.55,24.51,24.55,8554,0
2014-04-08,19:00:00,24.52,24.52,24.52,24.52,981,0
2014-04-08,20:00:00,24.52,24.52,24.52,24.52,2530,0
2014-04-08,21:00:00,24.55,24.55,24.53,24.55,6155,0
2014-04-08,22:00:00,24.54,24.55,24.54,24.55,42451,0
2014-04-09,16:00:00,24.57,24.59,24.57,24.58,1722,0
2014-04-09,17:00:00,24.59,24.59,24.57,24.57,1496,0
2014-04-09,18:00:00,24.56,24.6,24.51,24.52,10310,0
2014-04-09,19:00:00,24.55,24.62,24.55,24.56,8666,0
2014-04-09,20:00:00,24.61,24.62,24.55,24.57,7050,0
2014-04-09,21:00:00,24.61,24.62,24.59,24.62,5504,0
2014-04-09,22:00:00,24.62,24.65,24.62,24.62,13677,0
2014-04-10,17:00:00,24.65,24.67,24.61,24.67,5596,0
2014-04-10,18:00:00,24.65,24.71,24.65,24.71,5700,0
2014-04-10,19:00:00,24.71,24.71,24.66,24.66,6751,0
2014-04-10,20:00:00,24.63,24.64,24.54,24.56,19952,0
2014-04-10,21:00:00,24.6,24.6,24.6,24.6,1200,0
2014-04-10,22:00:00,24.55,24.61,24.55,24.59,6900,0
2014-04-11,16:00:00,24.65,24.65,24.65,24.65,810,0
2014-04-11,17:00:00,24.65,24.65,24.54,24.54,5703,0
2014-04-11,19:00:00,24.59,24.59,24.56,24.56,3694,0
2014-04-11,20:00:00,24.56,24.58,24.54,24.54,2700,0
2014-04-11,21:00:00,24.53,24.58,24.53,24.54,8165,0
2014-04-11,22:00:00,24.58,24.59,24.52,24.52,2515,0
2014-04-14,16:00:00,24.62,24.65,24.62,24.65,200,0
2014-04-14,17:00:00,24.65,24.65,24.59,24.59,12013,0
2014-04-14,18:00:00,24.61,24.61,24.59,24.61,5320,0
2014-04-14,19:00:00,24.6,24.66,24.6,24.6,136344,0
2014-04-14,20:00:00,24.59,24.61,24.59,24.61,3996,0
2014-04-14,21:00:00,24.66,24.68,24.65,24.68,13562,0
2014-04-14,22:00:00,24.71,24.71,24.71,24.71,234,0
2014-04-15,16:00:00,24.58,24.71,24.58,24.71,782,0
2014-04-15,17:00:00,24.71,24.8,24.7,24.76,10759,0
2014-04-15,18:00:00,24.8,24.81,24.8,24.81,6112,0
2014-04-15,19:00:00,24.8,24.84,24.79,24.84,6815,0
2014-04-15,20:00:00,24.81,24.81,24.8,24.81,1900,0
2014-04-15,21:00:00,24.8,24.85,24.76,24.76,15258,0
2014-04-15,22:00:00,24.76,24.8,24.67,24.67,27726,0
2014-04-16,16:00:00,24.82,24.82,24.69,24.78,3745,0
2014-04-16,17:00:00,24.76,24.82,24.75,24.75,7842,0
2014-04-16,18:00:00,24.74,24.74,24.69,24.7,3372,0
2014-04-16,19:00:00,24.75,24.79,24.74,24.77,46098,0
2014-04-16,20:00:00,24.77,24.78,24.77,24.77,7600,0
2014-04-16,21:00:00,24.77,24.8,24.77,24.8,25870,0
2014-04-16,22:00:00,24.8,24.8,24.77,24.79,20955,0
2014-04-17,16:00:00,24.74,24.74,24.69,24.69,1135,0
2014-04-17,17:00:00,24.74,24.78,24.73,24.78,7700,0
2014-04-17,18:00:00,24.78,24.88,24.77,24.88,11160,0
2014-04-17,19:00:00,24.88,24.89,24.8,24.87,10738,0
2014-04-17,20:00:00,24.87,24.87,24.8,24.83,10541,0
2014-04-17,21:00:00,24.81,24.91,24.81,24.91,20960,0
2014-04-17,22:00:00,24.87,25,24.82,24.95,39059,0
2014-04-21,16:00:00,25.02,25.02,24.92,24.96,2833,0
2014-04-21,17:00:00,24.94,24.94,24.81,24.88,7032,0
2014-04-21,18:00:00,24.86,24.88,24.83,24.83,11113,0
2014-04-21,19:00:00,24.89,24.89,24.83,24.83,8820,0
2014-04-21,20:00:00,24.87,24.88,24.84,24.88,12750,0
2014-04-21,21:00:00,24.88,24.88,24.88,24.88,2330,0
2014-04-21,22:00:00,24.85,24.87,24.84,24.84,14760,0
2014-04-22,16:00:00,24.85,24.88,24.8,24.88,9875,0
2014-04-22,17:00:00,24.88,24.88,24.85,24.86,14941,0
2014-04-22,18:00:00,24.86,24.86,24.82,24.85,9238,0
2014-04-22,19:00:00,24.83,24.86,24.81,24.85,3919,0
2014-04-22,20:00:00,24.86,24.86,24.83,24.84,32290,0
2014-04-22,21:00:00,24.86,24.86,24.81,24.84,13270,0
2014-04-22,22:00:00,24.85,24.85,24.8,24.82,49398,0
2014-04-23,16:00:00,24.86,24.9,24.86,24.9,5600,0
2014-04-23,17:00:00,24.87,24.87,24.8,24.86,7479,0
2014-04-23,18:00:00,24.79,24.87,24.79,24.87,1450,0
2014-04-23,19:00:00,24.82,24.85,24.8,24.8,3375,0
2014-04-23,20:00:00,24.85,24.85,24.83,24.85,1940,0
2014-04-23,21:00:00,24.81,24.85,24.79,24.8,5736,0
2014-04-23,22:00:00,24.82,24.83,24.78,24.78,206184,0
2014-04-24,16:00:00,24.83,24.83,24.78,24.78,1254,0
2014-04-24,17:00:00,24.78,24.79,24.73,24.75,11559,0
2014-04-24,18:00:00,24.8,24.8,24.75,24.77,2498,0
2014-04-24,19:00:00,24.78,24.8,24.78,24.8,5000,0
2014-04-24,20:00:00,24.8,24.9,24.79,24.84,25200,0
2014-04-24,21:00:00,24.87,24.91,24.84,24.85,7469,0
2014-04-24,22:00:00,24.87,24.87,24.86,24.87,9144,0
2014-04-25,16:00:00,24.86,24.86,24.84,24.84,1906,0
2014-04-25,17:00:00,24.84,24.84,24.84,24.84,4700,0
2014-04-25,18:00:00,24.84,24.85,24.81,24.85,3000,0
2014-04-25,19:00:00,24.85,24.85,24.84,24.85,2300,0
2014-04-25,20:00:00,24.85,24.93,24.84,24.9,22779,0
2014-04-25,21:00:00,24.93,24.93,24.92,24.92,1800,0
2014-04-25,22:00:00,24.92,25.09,24.91,25.09,19091,0
2014-04-28,16:00:00,25.01,25.17,25.01,25.1,12791,0
2014-04-28,17:00:00,25.09,25.09,25.02,25.05,5390,0
2014-04-28,18:00:00,25.05,25.06,25.05,25.06,6876,0
2014-04-28,19:00:00,25.08,25.17,25.08,25.12,8320,0
2014-04-28,20:00:00,25.08,25.09,25.07,25.07,1900,0
2014-04-28,21:00:00,25.07,25.09,25.07,25.08,8438,0
2014-04-28,22:00:00,25.09,25.11,25.07,25.07,9749,0
2014-04-29,16:00:00,25.15,25.15,25.12,25.12,1400,0
2014-04-29,17:00:00,25.1,25.1,25.02,25.02,10503,0
2014-04-29,18:00:00,25.06,25.06,25.01,25.05,12773,0
2014-04-29,19:00:00,25.13,25.13,25.02,25.02,10217,0
2014-04-29,20:00:00,25.03,25.05,25.03,25.03,6020,0
2014-04-29,21:00:00,25.06,25.06,25.03,25.04,8685,0
2014-04-29,22:00:00,25.05,25.09,25.03,25.04,15660,0
2014-04-30,16:00:00,25.06,25.08,25.06,25.08,200,0
2014-04-30,17:00:00,25.05,25.09,25.05,25.08,2052,0
2014-04-30,18:00:00,25.07,25.08,25.02,25.02,11675,0
2014-04-30,19:00:00,25.05,25.07,25.02,25.07,3033,0
2014-04-30,20:00:00,25.08,25.08,25.04,25.07,11610,0
2014-04-30,21:00:00,25.08,25.08,25.08,25.08,2500,0
2014-04-30,22:00:00,25.07,25.13,25.07,25.1,12394,0
2014-05-01,16:00:00,25.14,25.14,25.1,25.11,5919,0
2014-05-01,17:00:00,25.1,25.11,25.1,25.11,10246,0
2014-05-01,19:00:00,25.13,25.2,25.08,25.1,61086,0
2014-05-01,20:00:00,25.15,25.17,25.14,25.14,4528,0
2014-05-01,21:00:00,25.09,25.23,25.08,25.23,8832,0
2014-05-01,22:00:00,25.2,25.24,25.2,25.24,4017,0
2014-05-02,16:00:00,25.15,25.15,25.15,25.15,6608,0
2014-05-02,18:00:00,25.2,25.2,25.12,25.2,5388,0
2014-05-02,19:00:00,25.19,25.2,25.12,25.2,1970,0
2014-05-02,20:00:00,25.2,25.2,25.2,25.2,2000,0
2014-05-02,21:00:00,25.2,25.2,25.19,25.2,8587,0
2014-05-02,22:00:00,25.18,25.18,25.18,25.18,3300,0
2014-05-05,16:00:00,25.18,25.24,25.18,25.2,2794,0
2014-05-05,17:00:00,25.2,25.29,25.17,25.29,3193,0
2014-05-05,18:00:00,25.3,25.3,25.3,25.3,1000,0
2014-05-05,19:00:00,25.31,25.38,25.31,25.37,13267,0
2014-05-05,20:00:00,25.37,25.37,25.31,25.36,2970,0
2014-05-05,21:00:00,25.36,25.36,25.35,25.35,3200,0
2014-05-05,22:00:00,25.34,25.36,25.34,25.36,4638,0
2014-05-06,18:00:00,25.25,25.25,25.25,25.25,200000,0
2014-05-06,19:00:00,25.29,25.32,25.29,25.3,1352,0
2014-05-06,20:00:00,25.33,25.33,25.33,25.33,1000,0
2014-05-06,21:00:00,25.35,25.35,25.3,25.3,7311,0
2014-05-06,22:00:00,25.3,25.32,25.3,25.32,7668,0
2014-05-07,16:00:00,25.24,25.24,25.22,25.22,13922,0
2014-05-07,17:00:00,25.25,25.27,25.22,25.22,5027,0
2014-05-07,18:00:00,25.27,25.3,25.27,25.3,6000,0
2014-05-07,19:00:00,25.33,25.33,25.33,25.33,2807,0
2014-05-07,20:00:00,25.31,25.33,25.28,25.28,4200,0
2014-05-07,21:00:00,25.29,25.29,25.22,25.28,7660,0
2014-05-07,22:00:00,25.25,25.3,25.22,25.23,9572,0
