Date,Time,Open,High,Low,Close,Volume,OpenInt
2014-02-10,16:00:00,70.4172,70.6486,69.7316,70.1942,421719,0
2014-02-10,17:00:00,70.2025,70.2355,69.4672,69.6159,236687,0
2014-02-10,18:00:00,69.6159,69.7977,69.3846,69.7068,161597,0
2014-02-10,19:00:00,69.6985,69.715,69.5498,69.6324,124647,0
2014-02-10,20:00:00,69.6242,69.7729,69.6159,69.715,157520,0
2014-02-10,21:00:00,69.7068,69.7977,69.6572,69.682,163617,0
2014-02-10,22:00:00,69.6985,69.8224,69.5581,69.7646,665493,0
2014-02-11,16:00:00,69.7729,70.2107,69.715,69.7233,123424,0
2014-02-11,17:00:00,69.7233,70.1694,69.5498,69.839,224314,0
2014-02-11,18:00:00,69.8637,70.1942,69.6407,70.1859,216664,0
2014-02-11,19:00:00,70.1777,70.2107,70.0042,70.1198,125185,0
2014-02-11,20:00:00,70.1198,70.1364,70.0372,70.0537,202863,0
2014-02-11,21:00:00,70.0455,70.3099,70.0125,70.3099,194503,0
2014-02-11,22:00:00,70.3016,70.4255,69.9877,70.0207,581620,0
2014-02-12,16:00:00,70.219,70.9212,70.0868,70.7146,121140,0
2014-02-12,17:00:00,70.7146,70.8633,70.252,70.2603,316975,0
2014-02-12,18:00:00,70.2685,70.3677,69.9794,70.1694,398991,0
2014-02-12,19:00:00,70.1777,70.4751,70.1198,70.2851,181354,0
2014-02-12,20:00:00,70.3181,70.5494,70.219,70.3759,213330,0
2014-02-12,21:00:00,70.3759,70.5081,70.2355,70.3842,310023,0
2014-02-12,22:00:00,70.3842,70.5494,70.3512,70.5329,674326,0
2014-02-13,16:00:00,69.9381,70.0868,69.8059,69.9877,93408,0
2014-02-13,17:00:00,69.9877,70.3511,69.9712,70.2685,366644,0
2014-02-13,18:00:00,70.2685,70.6072,70.2272,70.5246,381399,0
2014-02-13,19:00:00,70.5081,70.5164,70.1859,70.3264,228270,0
2014-02-13,20:00:00,70.3264,70.4998,70.3264,70.4916,399428,0
2014-02-13,21:00:00,70.5081,70.599,70.3429,70.3925,372307,0
2014-02-13,22:00:00,70.3925,70.4751,70.3594,70.4668,794881,0
2014-02-14,16:00:00,70.4007,70.7394,70.1611,70.442,161850,0
2014-02-14,17:00:00,70.4916,70.8551,70.2685,70.7642,295823,0
2014-02-14,18:00:00,70.7559,70.8551,70.6486,70.6568,205397,0
2014-02-14,19:00:00,70.6403,70.8716,70.599,70.8138,307730,0
2014-02-14,20:00:00,70.8138,70.9294,70.7146,70.9212,274975,0
2014-02-14,21:00:00,70.9046,71.2433,70.9046,71.2186,226273,0
2014-02-14,22:00:00,71.2103,71.2516,71.0038,71.0947,523623,0
2014-02-18,16:00:00,71.2186,71.5738,71.1194,71.4251,210210,0
2014-02-18,17:00:00,71.3342,71.4416,71.0368,71.4416,299936,0
2014-02-18,18:00:00,71.392,71.9455,71.2764,71.929,395623,0
2014-02-18,19:00:00,71.9208,72.1768,71.8464,72.1438,290107,0
2014-02-18,20:00:00,72.1273,72.2347,72.0529,72.1686,294183,0
2014-02-18,21:00:00,72.1686,72.2429,71.9868,72.0612,235842,0
2014-02-18,22:00:00,72.0447,72.152,71.9373,71.9538,705037,0
2014-02-19,16:00:00,71.5903,72.0199,71.4499,71.9455,264528,0
2014-02-19,17:00:00,71.9208,72.2595,71.8712,72.0447,534465,0
2014-02-19,18:00:00,72.0364,72.0612,71.6646,71.6646,248282,0
2014-02-19,19:00:00,71.6812,71.7803,71.5655,71.7307,272881,0
2014-02-19,20:00:00,71.7307,71.7803,71.6234,71.7225,123684,0
2014-02-19,21:00:00,71.6894,71.8464,71.5986,71.7142,441324,0
2014-02-19,22:00:00,71.6977,71.7307,71.4333,71.5242,822679,0
2014-02-20,16:00:00,71.6481,72.0034,71.4251,71.8299,251712,0
2014-02-20,17:00:00,71.8133,72.0695,71.5325,71.9868,439770,0
2014-02-20,18:00:00,71.9951,72.5073,71.9951,72.4743,244699,0
2014-02-20,19:00:00,72.466,73.0608,72.3916,72.9616,317767,0
2014-02-20,20:00:00,72.9616,73.3417,72.9534,73.2756,456477,0
2014-02-20,21:00:00,73.2756,73.2838,73.0938,73.2425,253068,0
2014-02-20,22:00:00,73.2425,73.3912,73.1682,73.1764,1784151,0
2014-02-21,16:00:00,73.1599,73.383,72.6973,73.1021,205662,0
2014-02-21,17:00:00,73.0773,73.2177,72.879,73.0856,331875,0
2014-02-21,18:00:00,73.0856,73.3086,73.0443,73.1351,337353,0
2014-02-21,19:00:00,73.1351,73.3747,73.1351,73.2838,167522,0
2014-02-21,20:00:00,73.2838,73.4738,73.2425,73.4325,218163,0
2014-02-21,21:00:00,73.4325,73.6143,73.416,73.5812,256896,0
2014-02-21,22:00:00,73.5895,73.7216,73.4656,73.5151,695709,0
2014-02-24,16:00:00,73.7216,74.143,73.6143,73.8043,153152,0
2014-02-24,17:00:00,73.829,73.9364,73.4821,73.8456,321366,0
2014-02-24,18:00:00,73.8373,74.1677,73.8125,74.1264,192814,0
2014-02-24,19:00:00,74.1264,74.176,74.0025,74.0439,146026,0
2014-02-24,20:00:00,74.0191,74.0686,73.953,74.0108,157188,0
2014-02-24,21:00:00,74.0108,74.1925,74.0108,74.0521,224596,0
2014-02-24,22:00:00,74.0521,74.0934,73.8951,73.9117,1021117,0
2014-02-25,16:00:00,73.9364,74.1264,73.8704,74.1017,232277,0
2014-02-25,17:00:00,74.0769,74.3165,74.0273,74.2256,273814,0
2014-02-25,18:00:00,74.2008,74.3908,74.143,74.176,248695,0
2014-02-25,19:00:00,74.1843,74.2751,74.1264,74.2586,189307,0
2014-02-25,20:00:00,74.2421,74.3247,74.1925,74.2504,303168,0
2014-02-25,21:00:00,74.2504,74.3826,74.2008,74.2504,280334,0
2014-02-25,22:00:00,74.2421,74.3495,74.176,74.3495,911572,0
2014-02-26,16:00:00,74.5891,74.936,74.2504,74.5147,128209,0
2014-02-26,17:00:00,74.556,75.0269,74.5147,74.9443,259888,0
2014-02-26,18:00:00,74.9443,75.0186,74.903,75.0021,181061,0
2014-02-26,19:00:00,74.9939,75.1012,74.9773,75.0517,207092,0
2014-02-26,20:00:00,75.0434,75.1343,75.0021,75.1178,312189,0
2014-02-26,21:00:00,75.1178,75.1343,74.9856,75.0352,392572,0
2014-02-26,22:00:00,75.0434,75.2417,75.0352,75.1591,479107,0
2014-02-27,16:00:00,74.7708,75.2665,74.7708,74.9691,226131,0
2014-02-27,17:00:00,74.9939,75.1095,74.7956,75.0104,452993,0
2014-02-27,18:00:00,75.0104,75.2252,74.9856,75.1426,205642,0
2014-02-27,19:00:00,75.1426,75.2169,74.9773,75.1095,142383,0
2014-02-27,20:00:00,75.1095,75.44,75.1095,75.4234,155763,0
2014-02-27,21:00:00,75.4152,75.5804,75.4152,75.5391,276542,0
2014-02-27,22:00:00,75.5391,75.82,75.4895,75.8034,731278,0
2014-02-28,16:00:00,76.0513,76.6874,75.9356,76.6461,225343,0
2014-02-28,17:00:00,76.6295,77.4391,76.6295,77.3648,493363,0
2014-02-28,18:00:00,77.3565,77.7117,77.2326,77.6704,288324,0
2014-02-28,19:00:00,77.6704,77.7035,77.4887,77.53,224984,0
2014-02-28,20:00:00,77.53,77.8191,77.497,77.7778,212022,0
2014-02-28,21:00:00,77.7696,77.8109,77.5465,77.5796,330366,0
2014-02-28,22:00:00,77.563,77.9678,77.2822,77.9018,1148936,0
2014-03-03,16:00:00,77.5334,79.4646,77.2746,78.2402,479856,0
2014-03-03,17:00:00,78.2601,78.9171,78.0312,78.8872,560036,0
2014-03-03,18:00:00,78.8673,78.8673,77.9714,78.0411,413054,0
2014-03-03,19:00:00,78.0212,78.5289,78.0113,78.2999,265283,0
2014-03-03,20:00:00,78.2999,78.3995,77.9913,78.29,209451,0
2014-03-03,21:00:00,78.29,78.4492,78.061,78.2999,274721,0
2014-03-03,22:00:00,78.2999,78.7578,78.1904,78.7379,1569897,0
2014-03-04,16:00:00,80.0817,80.3704,79.6935,80.1415,434108,0
2014-03-04,17:00:00,80.1415,80.1614,79.2157,79.3949,387463,0
2014-03-04,18:00:00,79.3949,79.4646,79.2953,79.4048,300024,0
2014-03-04,19:00:00,79.4048,79.4546,79.2555,79.3152,279679,0
2014-03-04,20:00:00,79.3352,79.3352,78.6483,78.7578,344320,0
2014-03-04,21:00:00,78.7678,79.1659,78.718,79.1261,246986,0
2014-03-04,22:00:00,79.1261,79.365,79.0963,79.1162,556736,0
2014-03-05,16:00:00,79.1958,79.7234,79.0564,79.1361,183445,0
2014-03-05,17:00:00,79.1759,79.5542,79.146,79.5243,238386,0
2014-03-05,18:00:00,79.5243,79.9324,79.5243,79.9125,211748,0
2014-03-05,19:00:00,79.9125,80.0021,79.7731,79.9025,97960,0
2014-03-05,20:00:00,79.9125,79.9424,79.5641,79.594,119080,0
2014-03-05,21:00:00,79.594,79.7632,79.5342,79.6836,145315,0
2014-03-05,22:00:00,79.6836,79.6836,79.375,79.5044,397118,0
2014-03-06,16:00:00,79.6637,80.2211,79.6438,80.022,169850,0
2014-03-06,17:00:00,80.0419,80.6193,80.0419,80.5894,246790,0
2014-03-06,18:00:00,80.5794,80.8283,80.5595,80.8183,184846,0
2014-03-06,19:00:00,80.8283,80.9776,80.7586,80.888,135016,0
2014-03-06,20:00:00,80.898,80.9577,80.7387,80.7785,110572,0
2014-03-06,21:00:00,80.7387,80.9278,80.7387,80.8781,194063,0
2014-03-06,22:00:00,80.8781,81.2066,80.8382,81.2066,1482235,0
2014-03-07,16:00:00,81.3957,81.8835,81.107,81.8038,159534,0
2014-03-07,17:00:00,81.7839,82.2517,81.7043,81.8934,246943,0
2014-03-07,18:00:00,81.8536,82.2717,81.5749,82.2517,290246,0
2014-03-07,19:00:00,82.2517,82.3413,82.192,82.2119,179418,0
2014-03-07,20:00:00,82.202,82.2517,81.9233,82.1124,168216,0
2014-03-07,21:00:00,82.1124,82.1124,81.8536,81.9531,195382,0
2014-03-07,22:00:00,81.9432,82.1024,81.7043,81.8934,692641,0
2014-03-10,15:00:00,81.6645,82.2517,81.3559,81.8337,138750,0
2014-03-10,16:00:00,81.8436,81.8835,81.1667,81.3857,206719,0
2014-03-10,17:00:00,81.3658,81.9233,81.3061,81.7142,199135,0
2014-03-10,18:00:00,81.6943,81.9531,81.5848,81.9332,141417,0
2014-03-10,19:00:00,81.9332,82.0427,81.6645,81.7939,124657,0
2014-03-10,20:00:00,81.7839,82.0128,81.6844,81.9929,178901,0
2014-03-10,21:00:00,81.983,82.1323,81.7939,82.1323,376700,0
2014-03-11,15:00:00,82.2717,82.6997,82.1721,82.3214,96452,0
2014-03-11,16:00:00,82.3413,82.9485,82.1522,82.8988,217950,0
2014-03-11,17:00:00,82.9187,82.9784,82.2717,82.3115,162626,0
2014-03-11,18:00:00,82.3314,82.3413,81.9929,82.2318,101884,0
2014-03-11,19:00:00,82.2219,82.2418,81.6246,81.7242,239032,0
2014-03-11,20:00:00,81.7242,81.7341,81.2563,81.4753,209309,0
2014-03-11,21:00:00,81.4554,81.6545,81.2563,81.545,570735,0
2014-03-12,15:00:00,80.85,81.63,80.79,80.91,124172,0
2014-03-12,16:00:00,80.91,81.25,80.67,80.95,302742,0
2014-03-12,17:00:00,80.95,81.47,80.95,81.21,188042,0
2014-03-12,18:00:00,81.21,81.48,81.19,81.48,141830,0
2014-03-12,19:00:00,81.5,81.5,81.31,81.48,153696,0
2014-03-12,20:00:00,81.48,81.57,81.32,81.33,175511,0
2014-03-12,21:00:00,81.32,81.36,81.11,81.31,558164,0
2014-03-13,15:00:00,81.76,82.19,81.58,81.71,160575,0
2014-03-13,16:00:00,81.75,81.98,81.51,81.51,255965,0
2014-03-13,17:00:00,81.51,81.8,81.45,81.59,177961,0
2014-03-13,18:00:00,81.56,81.62,80.81,80.84,165939,0
2014-03-13,19:00:00,80.84,80.97,80.39,80.95,232553,0
2014-03-13,20:00:00,80.94,80.98,80.33,80.4,301888,0
2014-03-13,21:00:00,80.4,80.74,80.19,80.67,436110,0
2014-03-14,15:00:00,80.45,81.18,80.17,80.59,105909,0
2014-03-14,16:00:00,80.59,81.07,80.59,80.65,164308,0
2014-03-14,17:00:00,80.66,80.94,80.41,80.75,138612,0
2014-03-14,18:00:00,80.77,80.78,80.17,80.23,188432,0
2014-03-14,19:00:00,80.24,80.3,79.98,80.14,229833,0
2014-03-14,20:00:00,80.14,80.15,79.75,79.75,200049,0
2014-03-14,21:00:00,79.78,80.09,79.73,79.8,671373,0
2014-03-17,15:00:00,80.49,81.96,80.49,81.84,177865,0
2014-03-17,16:00:00,81.83,82.14,81.17,81.18,338244,0
2014-03-17,17:00:00,81.19,81.34,80.87,81.34,215573,0
2014-03-17,18:00:00,81.33,81.7,81.32,81.59,131985,0
2014-03-17,19:00:00,81.61,81.87,81.54,81.74,148952,0
2014-03-17,20:00:00,81.75,81.88,81.67,81.82,164683,0
2014-03-17,21:00:00,81.82,81.83,81.35,81.43,574173,0
2014-03-18,15:00:00,81.69,81.97,81.54,81.82,89115,0
2014-03-18,16:00:00,81.79,82.17,81.59,81.79,233226,0
2014-03-18,17:00:00,81.82,82.25,81.78,82.1,265873,0
2014-03-18,18:00:00,82.12,82.22,81.9,82.1,163527,0
2014-03-18,19:00:00,82.1,82.35,82.09,82.26,164519,0
2014-03-18,20:00:00,82.24,82.3,82.07,82.16,110524,0
2014-03-18,21:00:00,82.16,82.17,81.83,81.91,226317,0
2014-03-19,15:00:00,82,82.1,81.71,81.97,74323,0
2014-03-19,16:00:00,81.98,82.1,81.71,82.01,123564,0
2014-03-19,17:00:00,82.04,82.17,81.84,81.9,97818,0
2014-03-19,18:00:00,81.88,82.09,81.88,81.99,76192,0
2014-03-19,19:00:00,81.98,82.01,81.86,81.95,73743,0
2014-03-19,20:00:00,81.95,81.95,81.5,81.81,150645,0
2014-03-19,21:00:00,81.79,81.82,80.9,81.51,379108,0
2014-03-20,15:00:00,81.27,81.67,80.5,80.77,204896,0
2014-03-20,16:00:00,80.75,81.65,80.65,81.3,222230,0
2014-03-20,17:00:00,81.3,81.32,80.93,81.12,210173,0
2014-03-20,18:00:00,81.12,81.28,81.05,81.25,208822,0
2014-03-20,19:00:00,81.25,81.28,80.97,81.14,229626,0
2014-03-20,20:00:00,81.14,81.36,81.11,81.19,230090,0
2014-03-20,21:00:00,81.19,81.51,81.09,81.47,492159,0
2014-03-21,15:00:00,82.45,83.56,81.93,81.97,115242,0
2014-03-21,16:00:00,82.01,82.05,81.62,81.99,254032,0
2014-03-21,17:00:00,82.01,82.09,81.89,82.01,180075,0
2014-03-21,18:00:00,82.01,82.01,81.53,81.57,106750,0
2014-03-21,19:00:00,81.58,81.64,81.04,81.04,127233,0
2014-03-21,20:00:00,81.06,81.26,80.85,81.24,193619,0
2014-03-21,21:00:00,81.28,81.37,80.72,80.72,4094871,0
2014-03-24,15:00:00,81.19,81.37,80.51,81.04,150684,0
2014-03-24,16:00:00,81.05,81.05,80.43,80.76,242946,0
2014-03-24,17:00:00,80.74,80.92,80.45,80.72,242846,0
2014-03-24,18:00:00,80.69,80.89,80.64,80.7,255791,0
2014-03-24,19:00:00,80.72,81.1,80.72,81.03,147069,0
2014-03-24,20:00:00,81.02,81.03,80.58,80.89,266262,0
2014-03-24,21:00:00,80.89,81.09,80.7,80.87,387228,0
2014-03-25,15:00:00,81.67,81.94,81.42,81.5,78249,0
2014-03-25,16:00:00,81.51,81.64,80.84,80.91,161273,0
2014-03-25,17:00:00,80.86,80.97,80.48,80.61,194718,0
2014-03-25,18:00:00,80.62,80.86,80.54,80.75,126024,0
2014-03-25,19:00:00,80.74,81.2,80.69,81.12,320739,0
2014-03-25,20:00:00,81.12,81.29,80.89,80.91,189882,0
2014-03-25,21:00:00,80.92,81.3,80.91,81.28,1434005,0
2014-03-26,15:00:00,81.92,82.08,81.42,81.42,85312,0
2014-03-26,16:00:00,81.41,81.88,81.37,81.66,134588,0
2014-03-26,17:00:00,81.63,81.88,81.62,81.79,164302,0
2014-03-26,18:00:00,81.78,81.94,81.74,81.87,100247,0
2014-03-26,19:00:00,81.86,81.94,81.06,81.23,140264,0
2014-03-26,20:00:00,81.22,81.56,81.11,81.53,154963,0
2014-03-26,21:00:00,81.56,81.59,80.78,80.81,269095,0
2014-03-27,15:00:00,80.52,80.64,79.94,80.34,141925,0
2014-03-27,16:00:00,80.29,80.73,80.1,80.35,226396,0
2014-03-27,17:00:00,80.37,80.44,80.01,80.26,78332,0
2014-03-27,18:00:00,80.24,80.47,80.07,80.47,54298,0
2014-03-27,19:00:00,80.47,80.59,80.23,80.35,118914,0
2014-03-27,20:00:00,80.34,80.75,80.28,80.6,175895,0
2014-03-27,21:00:00,80.59,80.64,80.48,80.54,365736,0
2014-03-28,15:00:00,79.3,81.31,79.3,81.22,47846,0
2014-03-28,16:00:00,81.41,81.68,81.25,81.68,64927,0
2014-03-28,17:00:00,81.62,81.68,81.17,81.19,171860,0
2014-03-28,18:00:00,81.2,81.25,80.99,81.02,63313,0
2014-03-28,19:00:00,80.98,81.11,80.86,81.01,215092,0
2014-03-28,20:00:00,80.99,81.15,80.92,81.08,135545,0
2014-03-28,21:00:00,81.07,81.21,80.95,80.99,383262,0
2014-03-31,16:00:00,81.46,81.73,81.19,81.5,175214,0
2014-03-31,17:00:00,81.5,81.75,81.39,81.5,200267,0
2014-03-31,18:00:00,81.49,81.51,81.23,81.51,136787,0
2014-03-31,19:00:00,81.52,81.74,81.51,81.69,104676,0
2014-03-31,20:00:00,81.7,81.7,81.41,81.51,91420,0
2014-03-31,21:00:00,81.53,81.67,81.52,81.66,137595,0
2014-03-31,22:00:00,81.65,81.79,81.57,81.75,360573,0
2014-04-01,16:00:00,82,82.13,81.66,81.72,64888,0
2014-04-01,17:00:00,81.8,82.12,81.78,82.07,162895,0
2014-04-01,18:00:00,82.05,82.15,81.83,81.84,129382,0
2014-04-01,19:00:00,81.84,81.9,81.67,81.86,70353,0
2014-04-01,20:00:00,81.85,82.2,81.76,82.18,80585,0
2014-04-01,21:00:00,82.19,82.43,82.19,82.33,115815,0
2014-04-01,22:00:00,82.32,82.78,82.27,82.74,320455,0
2014-04-02,16:00:00,84.86,85.26,83.96,84.94,336575,0
2014-04-02,17:00:00,84.99,85.44,84.94,85,332638,0
2014-04-02,18:00:00,85.04,85.44,85.02,85.31,219532,0
2014-04-02,19:00:00,85.29,85.43,85.15,85.22,125711,0
2014-04-02,20:00:00,85.22,85.26,84.99,85.08,177196,0
2014-04-02,21:00:00,85.09,85.18,85.05,85.11,178173,0
2014-04-02,22:00:00,85.1,85.35,85.1,85.15,325277,0
2014-04-03,16:00:00,85.16,85.93,84.76,85.74,135908,0
2014-04-03,17:00:00,85.77,85.86,85.19,85.55,381281,0
2014-04-03,18:00:00,85.57,85.7,85.2,85.52,197393,0
2014-04-03,19:00:00,85.47,85.71,85.45,85.59,118244,0
2014-04-03,20:00:00,85.58,85.71,85.51,85.53,138738,0
2014-04-03,21:00:00,85.55,85.6,85.01,85.32,186755,0
2014-04-03,22:00:00,85.35,85.48,85.25,85.39,376580,0
2014-04-04,16:00:00,85.9,85.9,85.11,85.46,55653,0
2014-04-04,17:00:00,85.42,85.91,85.36,85.83,192659,0
2014-04-04,18:00:00,85.8,85.8,84.47,84.72,181220,0
2014-04-04,19:00:00,84.71,84.71,84.18,84.27,133119,0
2014-04-04,20:00:00,84.27,84.44,84.12,84.18,153366,0
2014-04-04,21:00:00,84.25,84.26,83.68,83.86,148295,0
2014-04-04,22:00:00,83.84,84.04,83.45,83.45,854824,0
2014-04-07,16:00:00,83.17,83.54,82.45,83.25,118109,0
2014-04-07,17:00:00,83.25,83.25,82.48,82.56,186482,0
2014-04-07,18:00:00,82.54,82.75,81.8,81.83,208041,0
2014-04-07,19:00:00,81.83,82.17,81.68,82.12,139579,0
2014-04-07,20:00:00,82.11,82.12,81.74,81.75,133566,0
2014-04-07,21:00:00,81.74,82.35,81.67,82.28,147019,0
2014-04-07,22:00:00,82.27,82.41,81.96,82.05,406074,0
2014-04-08,16:00:00,82.23,82.59,81.43,82.04,185138,0
2014-04-08,17:00:00,82.02,82.39,81.7,82.11,263289,0
2014-04-08,18:00:00,82.13,82.69,82.13,82.31,117868,0
2014-04-08,19:00:00,82.31,82.51,82.2,82.25,102748,0
2014-04-08,20:00:00,82.26,82.88,82.21,82.56,142803,0
2014-04-08,21:00:00,82.58,82.59,82.14,82.18,105020,0
2014-04-08,22:00:00,82.19,82.54,82.15,82.39,353605,0
2014-04-09,16:00:00,82.45,83.29,82.45,82.94,90468,0
2014-04-09,17:00:00,82.94,83.23,82.74,82.83,223517,0
2014-04-09,18:00:00,82.78,83.04,82.6,82.95,105104,0
2014-04-09,19:00:00,82.95,83.18,82.82,82.94,85920,0
2014-04-09,20:00:00,82.93,83.2,82.93,83.13,96975,0
2014-04-09,21:00:00,83.13,83.56,83.13,83.42,113202,0
2014-04-09,22:00:00,83.41,83.78,83.39,83.68,669538,0
2014-04-10,16:00:00,83.57,83.57,82.9,83.38,236042,0
2014-04-10,17:00:00,83.44,84.05,83.29,83.33,199277,0
2014-04-10,18:00:00,83.24,83.29,82.71,82.73,146223,0
2014-04-10,19:00:00,82.73,82.85,82.32,82.32,83801,0
2014-04-10,20:00:00,82.33,82.73,82.1,82.72,124520,0
2014-04-10,21:00:00,82.71,82.86,82.27,82.3,129332,0
2014-04-10,22:00:00,82.29,82.55,81.9,82.18,494553,0
2014-04-11,16:00:00,81.78,82.34,81.66,82.05,168626,0
2014-04-11,17:00:00,82.07,82.13,81.34,81.8,287887,0
2014-04-11,18:00:00,81.8,81.85,81.21,81.27,127293,0
2014-04-11,19:00:00,81.29,81.57,81.26,81.38,101272,0
2014-04-11,20:00:00,81.37,81.42,81.07,81.15,100624,0
2014-04-11,21:00:00,81.13,81.26,80.62,80.91,176192,0
2014-04-11,22:00:00,80.91,81.17,80.71,80.78,379411,0
2014-04-14,16:00:00,81.66,81.66,81.15,81.24,269235,0
2014-04-14,17:00:00,81.18,81.9,80.9,81.63,431259,0
2014-04-14,18:00:00,81.65,81.65,81.26,81.41,259680,0
2014-04-14,19:00:00,81.41,81.62,81.34,81.51,124677,0
2014-04-14,20:00:00,81.53,81.63,81.42,81.47,311086,0
2014-04-14,21:00:00,81.49,81.57,81.17,81.31,134473,0
2014-04-14,22:00:00,81.31,81.63,80.79,81.56,468912,0
2014-04-15,16:00:00,81.85,82.23,81.78,82.13,120328,0
2014-04-15,17:00:00,82.11,82.33,81.08,81.33,153777,0
2014-04-15,18:00:00,81.28,81.67,81.07,81.21,193376,0
2014-04-15,19:00:00,81.23,81.23,80.84,80.85,63764,0
2014-04-15,20:00:00,80.82,81.49,80.74,81.47,89981,0
2014-04-15,21:00:00,81.53,82.11,81.34,82.03,159124,0
2014-04-15,22:00:00,82.02,82.31,81.81,81.95,546194,0
2014-04-16,16:00:00,82.82,83.19,82.71,82.86,158159,0
2014-04-16,17:00:00,82.81,83.15,82.74,82.92,226878,0
2014-04-16,18:00:00,82.87,83.19,82.71,83.05,194564,0
2014-04-16,19:00:00,83.07,83.46,82.88,82.88,141012,0
2014-04-16,20:00:00,82.83,83.21,82.81,83.21,113759,0
2014-04-16,21:00:00,83.19,83.3,82.96,83.2,218871,0
2014-04-16,22:00:00,83.23,83.29,83.04,83.18,757129,0
2014-04-17,16:00:00,85.66,85.66,81.81,82.65,188782,0
2014-04-17,17:00:00,82.62,83.85,82.34,83.51,311127,0
2014-04-17,18:00:00,83.51,84.36,83.45,84.33,205560,0
2014-04-17,19:00:00,84.34,85.11,84.12,85,269397,0
2014-04-17,20:00:00,85,85.81,84.79,85.81,201853,0
2014-04-17,21:00:00,85.83,86.35,85.49,85.67,472724,0
2014-04-17,22:00:00,85.68,86.19,85.36,85.46,460414,0
2014-04-21,16:00:00,85.06,85.55,84.62,85.55,181928,0
2014-04-21,17:00:00,85.56,85.95,85.07,85.52,383966,0
2014-04-21,18:00:00,85.55,86.1,85.55,85.89,301640,0
2014-04-21,19:00:00,85.88,85.88,85.47,85.53,356624,0
2014-04-21,20:00:00,85.54,85.62,85.36,85.42,158144,0
2014-04-21,21:00:00,85.46,85.81,85.46,85.78,261114,0
2014-04-21,22:00:00,85.79,85.92,85.48,85.86,1005350,0
2014-04-22,16:00:00,85.81,86.16,85.5,86.06,168602,0
2014-04-22,17:00:00,86.07,86.31,85.88,86.25,205273,0
2014-04-22,18:00:00,86.28,86.46,86.2,86.23,196509,0
2014-04-22,19:00:00,86.22,86.27,86.06,86.26,98120,0
2014-04-22,20:00:00,86.27,86.45,86.12,86.41,147256,0
2014-04-22,21:00:00,86.39,86.7,86.2,86.23,205444,0
2014-04-22,22:00:00,86.24,86.33,86.12,86.14,494624,0
2014-04-23,16:00:00,86.38,86.52,85.77,86.33,122531,0
2014-04-23,17:00:00,86.32,86.77,86.17,86.67,152960,0
2014-04-23,18:00:00,86.67,86.83,86.54,86.59,161910,0
2014-04-23,19:00:00,86.57,86.6,86.16,86.22,186728,0
2014-04-23,20:00:00,86.2,86.36,86.15,86.35,79321,0
2014-04-23,21:00:00,86.34,86.4,86.12,86.14,104275,0
2014-04-23,22:00:00,86.15,86.38,86.14,86.35,289650,0
2014-04-24,16:00:00,86.73,86.73,85.48,85.95,76958,0
2014-04-24,17:00:00,85.94,86.18,85.53,85.92,179735,0
2014-04-24,18:00:00,85.92,86.63,85.85,86.31,248615,0
2014-04-24,19:00:00,86.33,86.4,86.16,86.38,550874,0
2014-04-24,20:00:00,86.39,86.53,85.96,85.98,144767,0
2014-04-24,21:00:00,86.01,86.25,85.99,86.11,90404,0
2014-04-24,22:00:00,86.11,86.27,86.1,86.19,276598,0
2014-04-25,16:00:00,85.72,85.99,85.52,85.56,69996,0
2014-04-25,17:00:00,85.52,85.77,84.96,85,166001,0
2014-04-25,18:00:00,84.99,85.27,84.96,85.2,110692,0
2014-04-25,19:00:00,85.21,85.25,85,85.08,61715,0
2014-04-25,20:00:00,85.07,85.08,84.89,85.02,74349,0
2014-04-25,21:00:00,84.99,85.01,84.78,84.81,99530,0
2014-04-25,22:00:00,84.79,85.07,84.72,84.9,2886498,0
2014-04-28,16:00:00,85.62,85.74,84.77,85.17,140926,0
2014-04-28,17:00:00,85.26,85.87,85.2,85.22,132458,0
2014-04-28,18:00:00,85.23,85.34,84.62,84.69,116029,0
2014-04-28,19:00:00,84.71,84.97,84.71,84.75,101331,0
2014-04-28,20:00:00,84.71,84.72,84.31,84.4,123311,0
2014-04-28,21:00:00,84.37,84.96,84.22,84.79,111187,0
2014-04-28,22:00:00,84.79,85.69,84.76,85.48,533071,0
2014-04-29,16:00:00,85.69,86.09,85.3,85.9,179985,0
2014-04-29,17:00:00,85.93,85.95,85.06,85.43,124595,0
2014-04-29,18:00:00,85.44,85.79,85.38,85.72,63049,0
2014-04-29,19:00:00,85.76,85.76,85.59,85.73,48706,0
2014-04-29,20:00:00,85.66,85.77,85.53,85.76,56774,0
2014-04-29,21:00:00,85.74,85.83,85.69,85.79,60406,0
2014-04-29,22:00:00,85.79,85.89,85.59,85.66,292202,0
2014-04-30,16:00:00,85.65,85.85,85.23,85.57,101537,0
2014-04-30,17:00:00,85.56,85.87,85.54,85.65,146017,0
2014-04-30,18:00:00,85.67,85.74,85.38,85.68,123859,0
2014-04-30,19:00:00,85.69,85.92,85.69,85.89,63176,0
2014-04-30,20:00:00,85.9,85.94,85.79,85.94,50872,0
2014-04-30,21:00:00,85.88,86.4,85.82,86.36,99520,0
2014-04-30,22:00:00,86.35,86.4,86.09,86.4,1539771,0
2014-05-01,16:00:00,86.36,86.56,85.63,85.68,106391,0
2014-05-01,17:00:00,85.68,86.46,85.4,86.25,161543,0
2014-05-01,18:00:00,86.26,86.58,86,86.44,149171,0
2014-05-01,19:00:00,86.48,86.55,86.22,86.23,62134,0
2014-05-01,20:00:00,86.26,86.29,85.8,85.81,107035,0
2014-05-01,21:00:00,85.9,86.03,85.82,85.94,77350,0
2014-05-01,22:00:00,85.95,86.09,85.86,86.02,218586,0
2014-05-02,16:00:00,86.01,86.25,85.75,85.95,82767,0
2014-05-02,17:00:00,85.89,86.55,85.75,86.07,156776,0
2014-05-02,18:00:00,86.01,86.23,85.84,86,93877,0
2014-05-02,19:00:00,86,86.41,85.97,86.4,182266,0
2014-05-02,20:00:00,86.4,86.4,85.98,85.98,71359,0
2014-05-02,21:00:00,85.94,86.02,85.78,85.91,67495,0
2014-05-02,22:00:00,85.9,86.05,85.82,85.89,208335,0
2014-05-05,16:00:00,85.51,85.63,85.06,85.3,87689,0
2014-05-05,17:00:00,85.37,85.97,85.37,85.66,211294,0
2014-05-05,18:00:00,85.68,85.88,85.46,85.76,160614,0
2014-05-05,19:00:00,85.78,85.82,85.44,85.48,97616,0
2014-05-05,20:00:00,85.48,85.66,85.38,85.65,70229,0
2014-05-05,21:00:00,85.63,86,85.63,85.9,79298,0
2014-05-05,22:00:00,85.9,85.94,85.8,85.86,249794,0
2014-05-06,16:00:00,85.67,85.9,85.27,85.64,85548,0
2014-05-06,17:00:00,85.59,86.26,85.48,85.82,180097,0
2014-05-06,18:00:00,85.8,85.87,85.6,85.84,107116,0
2014-05-06,19:00:00,85.88,85.9,85.68,85.72,72404,0
2014-05-06,20:00:00,85.73,85.78,85.27,85.29,65564,0
2014-05-06,21:00:00,85.27,85.5,85.15,85.35,102174,0
2014-05-06,22:00:00,85.34,85.52,85.2,85.22,300393,0
2014-05-07,16:00:00,85.72,85.92,85.24,85.33,82101,0
2014-05-07,17:00:00,85.36,85.8,84.91,85.57,147484,0
2014-05-07,18:00:00,85.56,86,85.35,85.83,98959,0
2014-05-07,19:00:00,85.88,86.02,85.57,85.62,100142,0
2014-05-07,20:00:00,85.7,85.8,85.44,85.44,86669,0
2014-05-07,21:00:00,85.42,85.91,85.37,85.82,96013,0
2014-05-07,22:00:00,85.83,85.99,85.61,85.96,529730,0
