Date,Time,Open,High,Low,Close,Volume,OpenInt
2014-02-10,16:00:00,24.384,24.384,24.384,24.384,812,0
2014-02-10,17:00:00,24.384,24.384,24.384,24.384,1644,0
2014-02-10,19:00:00,24.384,24.384,24.384,24.384,8880,0
2014-02-10,20:00:00,24.443,24.443,24.413,24.413,1403,0
2014-02-10,21:00:00,24.433,24.443,24.384,24.384,2927,0
2014-02-10,22:00:00,24.413,24.433,24.413,24.433,1855,0
2014-02-11,16:00:00,24.394,24.394,24.384,24.384,1117,0
2014-02-11,17:00:00,24.404,24.404,24.384,24.384,1609,0
2014-02-11,18:00:00,24.364,24.394,24.364,24.374,810,0
2014-02-11,19:00:00,24.384,24.384,24.384,24.384,406,0
2014-02-11,20:00:00,24.384,24.443,24.384,24.443,6842,0
2014-02-11,21:00:00,24.404,24.404,24.404,24.404,711,0
2014-02-11,22:00:00,24.413,24.453,24.404,24.453,5140,0
2014-02-12,16:00:00,24.453,24.453,24.413,24.413,3044,0
2014-02-12,19:00:00,24.433,24.433,24.433,24.433,914,0
2014-02-12,20:00:00,24.443,24.443,24.443,24.443,1445,0
2014-02-12,21:00:00,24.453,24.453,24.453,24.453,1799,0
2014-02-12,22:00:00,24.453,24.453,24.443,24.453,2527,0
2014-02-13,16:00:00,24.413,24.423,24.374,24.374,2145,0
2014-02-13,17:00:00,24.374,24.374,24.374,24.374,11,0
2014-02-13,18:00:00,24.394,24.453,24.394,24.433,2943,0
2014-02-13,19:00:00,24.453,24.463,24.453,24.463,4620,0
2014-02-13,20:00:00,24.463,24.522,24.463,24.522,9105,0
2014-02-13,21:00:00,24.502,24.502,24.502,24.502,4030,0
2014-02-13,22:00:00,24.502,24.502,24.463,24.463,4523,0
2014-02-14,16:00:00,24.423,24.502,24.423,24.502,1305,0
2014-02-14,17:00:00,24.502,24.581,24.502,24.502,9034,0
2014-02-14,18:00:00,24.542,24.542,24.512,24.512,2614,0
2014-02-14,19:00:00,24.571,24.729,24.571,24.63,7369,0
2014-02-14,20:00:00,24.64,24.64,24.64,24.64,406,0
2014-02-14,21:00:00,24.729,24.729,24.66,24.729,3267,0
2014-02-14,22:00:00,24.729,24.729,24.551,24.591,5263,0
2014-02-18,16:00:00,24.61,24.61,24.61,24.61,406,0
2014-02-18,17:00:00,24.62,24.729,24.62,24.729,3622,0
2014-02-18,18:00:00,24.729,24.729,24.581,24.719,7258,0
2014-02-18,19:00:00,24.679,24.926,24.679,24.709,11850,0
2014-02-18,21:00:00,24.876,24.876,24.551,24.551,1385,0
2014-02-18,22:00:00,24.679,24.679,24.542,24.542,2991,0
2014-02-19,16:00:00,24.709,24.709,24.709,24.709,411,0
2014-02-19,17:00:00,24.748,24.817,24.709,24.798,3393,0
2014-02-19,18:00:00,24.729,25.123,24.689,25.024,10949,0
2014-02-19,19:00:00,24.975,24.975,24.916,24.916,889,0
2014-02-19,20:00:00,24.945,24.945,24.768,24.768,1421,0
2014-02-19,22:00:00,24.926,24.995,24.808,24.867,9972,0
2014-02-20,16:00:00,24.827,24.827,24.827,24.827,836,0
2014-02-20,17:00:00,24.896,24.896,24.808,24.808,1041,0
2014-02-20,18:00:00,24.896,24.896,24.739,24.798,4186,0
2014-02-20,19:00:00,24.867,24.896,24.679,24.679,1788,0
2014-02-20,20:00:00,24.699,24.699,24.699,24.699,406,0
2014-02-20,21:00:00,24.768,24.768,24.768,24.768,1506,0
2014-02-20,22:00:00,24.896,24.896,24.817,24.876,4343,0
2014-02-21,17:00:00,24.857,24.896,24.857,24.896,1726,0
2014-02-21,18:00:00,24.876,24.876,24.876,24.876,711,0
2014-02-21,20:00:00,24.896,24.906,24.847,24.847,2106,0
2014-02-21,21:00:00,24.679,24.808,24.679,24.808,5912,0
2014-02-21,22:00:00,24.837,24.837,24.837,24.837,1878,0
2014-02-24,16:00:00,24.778,24.817,24.778,24.817,1649,0
2014-02-24,17:00:00,24.758,24.758,24.758,24.758,406,0
2014-02-24,18:00:00,24.758,24.758,24.758,24.758,1269,0
2014-02-24,19:00:00,24.768,24.768,24.768,24.768,13129,0
2014-02-24,21:00:00,24.67,24.689,24.67,24.689,1276,0
2014-02-24,22:00:00,24.67,24.67,24.64,24.67,1807,0
2014-02-25,16:00:00,24.63,24.63,24.63,24.63,222,0
2014-02-25,17:00:00,24.739,24.758,24.63,24.739,5956,0
2014-02-25,18:00:00,24.748,24.748,24.739,24.748,2538,0
2014-02-25,19:00:00,24.66,24.748,24.571,24.748,3316,0
2014-02-25,20:00:00,24.689,24.689,24.581,24.581,1015,0
2014-02-25,21:00:00,24.63,24.679,24.542,24.62,2918,0
2014-02-25,22:00:00,24.571,24.63,24.571,24.63,948,0
2014-02-26,16:00:00,24.601,24.709,24.601,24.709,508,0
2014-02-26,17:00:00,24.739,24.867,24.63,24.63,3643,0
2014-02-26,18:00:00,24.66,24.699,24.66,24.699,2842,0
2014-02-26,19:00:00,24.65,24.748,24.65,24.748,11760,0
2014-02-26,20:00:00,24.709,24.709,24.709,24.709,721,0
2014-02-26,21:00:00,24.719,24.719,24.719,24.719,406,0
2014-02-26,22:00:00,24.719,24.719,24.65,24.66,5195,0
2014-02-27,16:00:00,24.561,24.561,24.561,24.561,3197,0
2014-02-27,19:00:00,24.689,24.739,24.63,24.689,2649,0
2014-02-27,20:00:00,24.689,24.689,24.65,24.65,1015,0
2014-02-27,21:00:00,24.65,24.65,24.65,24.65,1421,0
2014-02-28,16:00:00,24.788,24.886,24.788,24.886,3181,0
2014-02-28,17:00:00,24.876,24.886,24.847,24.886,2213,0
2014-02-28,18:00:00,24.778,24.778,24.709,24.709,1619,0
2014-02-28,19:00:00,24.689,24.689,24.689,24.689,711,0
2014-02-28,20:00:00,24.748,24.798,24.748,24.798,3649,0
2014-02-28,21:00:00,24.689,24.788,24.679,24.788,1950,0
2014-02-28,22:00:00,24.699,24.729,24.699,24.699,1054,0
2014-03-03,16:00:00,24.827,24.906,24.827,24.896,1215,0
2014-03-03,17:00:00,24.906,24.906,24.906,24.906,406,0
2014-03-03,18:00:00,24.886,24.886,24.758,24.788,3510,0
2014-03-03,19:00:00,24.886,24.886,24.886,24.886,1421,0
2014-03-03,20:00:00,24.867,24.867,24.837,24.847,4414,0
2014-03-03,22:00:00,24.827,24.827,24.739,24.739,7346,0
2014-03-04,16:00:00,24.926,24.926,24.817,24.817,609,0
2014-03-04,18:00:00,24.817,24.916,24.817,24.916,1218,0
2014-03-04,19:00:00,24.817,24.817,24.817,24.817,1273,0
2014-03-04,20:00:00,24.768,24.768,24.739,24.739,822,0
2014-03-04,21:00:00,24.798,24.798,24.709,24.739,5218,0
2014-03-04,22:00:00,24.739,24.916,24.709,24.709,5684,0
2014-03-05,16:00:00,24.62,24.66,24.62,24.65,4060,0
2014-03-05,17:00:00,24.758,24.758,24.719,24.719,1787,0
2014-03-05,18:00:00,24.768,24.768,24.768,24.768,8425,0
2014-03-05,20:00:00,24.768,24.768,24.768,24.768,1624,0
2014-03-05,21:00:00,24.748,24.748,24.748,24.748,349,0
2014-03-05,22:00:00,24.758,24.768,24.729,24.748,5964,0
2014-03-06,17:00:00,24.788,24.788,24.788,24.788,4111,0
2014-03-06,19:00:00,24.876,24.965,24.876,24.936,812,0
2014-03-06,20:00:00,24.886,24.886,24.827,24.827,155805,0
2014-03-06,21:00:00,24.955,24.955,24.906,24.906,1827,0
2014-03-06,22:00:00,24.926,24.965,24.788,24.788,6474,0
2014-03-07,16:00:00,25.064,25.064,24.847,24.847,1443,0
2014-03-07,18:00:00,24.817,24.817,24.768,24.768,2594,0
2014-03-07,19:00:00,24.798,24.798,24.798,24.798,30450,0
2014-03-07,22:00:00,24.847,24.847,24.847,24.847,508,0
2014-03-10,15:00:00,24.867,24.867,24.867,24.867,812,0
2014-03-10,17:00:00,24.945,24.945,24.936,24.936,7511,0
2014-03-10,18:00:00,24.876,24.876,24.827,24.827,6326,0
2014-03-10,19:00:00,24.778,24.778,24.729,24.729,3484,0
2014-03-10,20:00:00,24.63,24.63,24.63,24.63,1604,0
2014-03-10,21:00:00,24.65,24.689,24.61,24.63,6699,0
2014-03-11,15:00:00,24.62,24.65,24.62,24.63,2563,0
2014-03-11,16:00:00,24.601,24.61,24.601,24.61,463,0
2014-03-11,17:00:00,24.63,24.65,24.63,24.63,4060,0
2014-03-11,18:00:00,24.679,24.679,24.63,24.66,7393,0
2014-03-11,19:00:00,24.679,24.719,24.679,24.709,4375,0
2014-03-11,20:00:00,24.719,24.788,24.719,24.768,1193,0
2014-03-11,21:00:00,24.709,24.896,24.709,24.886,3317,0
2014-03-12,15:00:00,24.768,24.768,24.768,24.768,1218,0
2014-03-12,16:00:00,24.719,24.719,24.719,24.719,1523,0
2014-03-12,17:00:00,24.778,24.817,24.778,24.817,914,0
2014-03-12,19:00:00,24.768,24.768,24.571,24.63,8273,0
2014-03-12,20:00:00,24.679,24.689,24.679,24.689,1827,0
2014-03-12,21:00:00,24.729,24.808,24.729,24.808,588,0
2014-03-13,16:00:00,24.778,24.778,24.748,24.748,1421,0
2014-03-13,17:00:00,24.837,24.837,24.837,24.837,508,0
2014-03-13,18:00:00,24.808,24.817,24.798,24.798,914,0
2014-03-13,19:00:00,24.798,24.798,24.798,24.798,102,0
2014-03-13,20:00:00,24.808,24.808,24.798,24.798,5359,0
2014-03-13,21:00:00,24.798,24.808,24.768,24.768,1378,0
2014-03-14,15:00:00,24.778,24.817,24.778,24.817,1117,0
2014-03-14,16:00:00,24.857,24.857,24.847,24.847,711,0
2014-03-14,17:00:00,24.817,24.817,24.719,24.719,3461,0
2014-03-14,18:00:00,24.748,24.748,24.748,24.748,3756,0
2014-03-14,20:00:00,24.729,24.739,24.729,24.739,4750,0
2014-03-14,21:00:00,24.739,24.748,24.729,24.729,5532,0
2014-03-17,15:00:00,24.906,24.906,24.876,24.876,558,0
2014-03-17,16:00:00,24.896,24.896,24.817,24.817,1616,0
2014-03-17,17:00:00,24.817,24.817,24.817,24.817,203,0
2014-03-17,18:00:00,24.748,24.778,24.748,24.778,3796,0
2014-03-17,19:00:00,24.778,24.778,24.729,24.748,2959,0
2014-03-17,20:00:00,24.768,24.837,24.768,24.798,1614,0
2014-03-17,21:00:00,24.758,24.827,24.758,24.827,2917,0
2014-03-18,17:00:00,24.837,24.837,24.837,24.837,1979,0
2014-03-18,18:00:00,24.827,24.867,24.778,24.867,1421,0
2014-03-18,19:00:00,24.778,24.837,24.689,24.778,6346,0
2014-03-18,20:00:00,24.778,24.778,24.689,24.689,3109,0
2014-03-18,21:00:00,24.699,24.729,24.65,24.679,5365,0
2014-03-19,15:00:00,24.827,24.827,24.778,24.778,508,0
2014-03-19,16:00:00,24.768,24.768,24.719,24.719,711,0
2014-03-19,17:00:00,24.719,24.778,24.719,24.778,305,0
2014-03-19,18:00:00,24.788,24.798,24.778,24.778,3756,0
2014-03-19,19:00:00,24.788,24.798,24.719,24.719,4317,0
2014-03-19,20:00:00,24.778,24.778,24.778,24.778,305,0
2014-03-19,21:00:00,24.788,24.808,24.788,24.808,812,0
2014-03-20,15:00:00,24.739,24.739,24.719,24.719,336,0
2014-03-20,16:00:00,24.808,24.896,24.808,24.896,2121,0
2014-03-20,17:00:00,24.857,24.857,24.808,24.847,812,0
2014-03-20,18:00:00,24.847,24.847,24.837,24.837,914,0
2014-03-20,20:00:00,24.857,24.876,24.857,24.876,1852,0
2014-03-20,21:00:00,24.867,24.867,24.679,24.758,3929,0
2014-03-21,15:00:00,24.788,24.788,24.788,24.788,812,0
2014-03-21,17:00:00,24.926,25.133,24.926,24.955,2842,0
2014-03-21,18:00:00,24.955,25.024,24.906,24.906,1751,0
2014-03-21,20:00:00,24.916,24.916,24.906,24.916,9558,0
2014-03-21,21:00:00,24.906,24.906,24.817,24.837,1862,0
2014-03-24,15:00:00,24.817,24.817,24.817,24.817,406,0
2014-03-24,16:00:00,24.817,24.817,24.65,24.719,4137,0
2014-03-24,17:00:00,24.748,24.995,24.748,24.778,4162,0
2014-03-24,18:00:00,24.778,24.778,24.778,24.778,9135,0
2014-03-24,20:00:00,24.808,24.817,24.808,24.817,4746,0
2014-03-24,21:00:00,24.709,24.778,24.709,24.719,4593,0
2014-03-25,15:00:00,24.817,24.817,24.778,24.778,2136,0
2014-03-25,16:00:00,24.808,24.936,24.808,24.876,1431,0
2014-03-25,17:00:00,24.847,24.847,24.758,24.758,714,0
2014-03-25,18:00:00,24.758,24.758,24.748,24.748,2263,0
2014-03-25,19:00:00,24.729,24.778,24.729,24.739,1538,0
2014-03-25,20:00:00,24.847,24.847,24.748,24.788,5771,0
2014-03-25,21:00:00,24.748,24.788,24.748,24.748,6429,0
2014-03-26,15:00:00,24.817,24.817,24.768,24.778,794,0
2014-03-26,16:00:00,24.768,24.916,24.758,24.788,588,0
2014-03-26,17:00:00,24.778,24.906,24.748,24.798,2427,0
2014-03-26,18:00:00,24.778,24.798,24.778,24.778,558,0
2014-03-26,19:00:00,24.778,24.798,24.778,24.778,607,0
2014-03-26,20:00:00,24.768,24.798,24.748,24.778,576,0
2014-03-26,21:00:00,24.748,24.778,24.748,24.748,2573,0
2014-03-27,15:00:00,24.857,24.857,24.808,24.808,1421,0
2014-03-27,16:00:00,24.847,24.985,24.847,24.985,3191,0
2014-03-27,17:00:00,24.936,24.936,24.896,24.896,1020,0
2014-03-27,18:00:00,24.896,24.926,24.896,24.926,2417,0
2014-03-27,19:00:00,24.896,24.916,24.876,24.876,4393,0
2014-03-27,20:00:00,24.876,24.936,24.847,24.847,11751,0
2014-03-27,21:00:00,24.857,24.857,24.847,24.847,1657,0
2014-03-28,15:00:00,24.867,24.867,24.867,24.867,102,0
2014-03-28,16:00:00,24.867,24.867,24.857,24.857,816,0
2014-03-28,17:00:00,24.857,24.857,24.847,24.847,1223,0
2014-03-28,18:00:00,24.847,24.847,24.847,24.847,915,0
2014-03-28,19:00:00,24.847,24.847,24.847,24.847,1760,0
2014-03-28,20:00:00,24.847,24.847,24.817,24.827,13548,0
2014-03-28,21:00:00,24.827,24.827,24.827,24.827,1325,0
2014-03-31,17:00:00,24.876,24.876,24.857,24.867,4015,0
2014-03-31,18:00:00,24.847,24.847,24.798,24.798,1880,0
2014-03-31,19:00:00,24.788,24.788,24.788,24.788,3355,0
2014-03-31,20:00:00,24.788,24.788,24.788,24.788,2701,0
2014-03-31,21:00:00,24.729,24.758,24.729,24.729,3266,0
2014-03-31,22:00:00,24.758,24.778,24.739,24.768,4675,0
2014-04-01,16:00:00,24.778,24.778,24.778,24.778,204,0
2014-04-01,17:00:00,24.778,24.827,24.778,24.798,8345,0
2014-04-01,18:00:00,24.768,24.827,24.768,24.827,3665,0
2014-04-01,19:00:00,24.817,24.827,24.778,24.778,3140,0
2014-04-01,20:00:00,24.808,24.808,24.778,24.788,1834,0
2014-04-01,21:00:00,24.788,24.827,24.788,24.788,4131,0
2014-04-01,22:00:00,24.808,24.808,24.788,24.808,8593,0
2014-04-02,17:00:00,24.827,24.847,24.798,24.798,1005,0
2014-04-02,18:00:00,24.788,24.788,24.768,24.768,1224,0
2014-04-02,19:00:00,24.808,24.808,24.758,24.758,1967,0
2014-04-02,20:00:00,24.778,24.778,24.758,24.758,1984,0
2014-04-02,21:00:00,24.758,24.758,24.758,24.758,2695,0
2014-04-02,22:00:00,24.739,24.778,24.709,24.709,6470,0
2014-04-03,17:00:00,24.739,24.837,24.739,24.837,916,0
2014-04-03,18:00:00,24.808,24.808,24.808,24.808,615,0
2014-04-03,19:00:00,24.808,24.857,24.808,24.827,8156,0
2014-04-03,20:00:00,24.778,24.778,24.778,24.778,714,0
2014-04-03,21:00:00,24.788,24.788,24.778,24.788,5923,0
2014-04-03,22:00:00,24.719,24.739,24.709,24.729,4065,0
2014-04-04,16:00:00,24.739,24.768,24.739,24.768,916,0
2014-04-04,17:00:00,24.768,24.867,24.768,24.817,2440,0
2014-04-04,18:00:00,24.768,24.876,24.768,24.808,3612,0
2014-04-04,19:00:00,24.808,24.808,24.808,24.808,816,0
2014-04-04,20:00:00,24.808,24.808,24.808,24.808,816,0
2014-04-04,21:00:00,24.808,24.808,24.739,24.739,2936,0
2014-04-04,22:00:00,24.739,24.768,24.709,24.768,3813,0
2014-04-07,16:00:00,24.719,24.748,24.719,24.729,2745,0
2014-04-07,17:00:00,24.739,24.739,24.699,24.739,8448,0
2014-04-07,18:00:00,24.729,24.739,24.729,24.729,6092,0
2014-04-07,19:00:00,24.719,24.729,24.719,24.719,2673,0
2014-04-07,20:00:00,24.719,24.729,24.719,24.729,1428,0
2014-04-07,21:00:00,24.719,24.729,24.719,24.719,4196,0
2014-04-07,22:00:00,24.719,24.729,24.679,24.679,12302,0
2014-04-08,16:00:00,24.817,24.817,24.719,24.719,2173,0
2014-04-08,17:00:00,24.778,24.778,24.778,24.778,650,0
2014-04-08,18:00:00,24.788,24.817,24.729,24.748,4266,0
2014-04-08,19:00:00,24.729,24.729,24.699,24.699,1523,0
2014-04-08,20:00:00,24.758,24.758,24.758,24.758,1428,0
2014-04-08,21:00:00,24.709,24.748,24.709,24.748,2070,0
2014-04-08,22:00:00,24.768,24.768,24.758,24.758,798,0
2014-04-09,16:00:00,24.729,24.778,24.729,24.768,6639,0
2014-04-09,18:00:00,24.778,24.778,24.739,24.739,2745,0
2014-04-09,19:00:00,24.739,24.748,24.739,24.748,1122,0
2014-04-09,21:00:00,24.817,24.817,24.808,24.817,3858583,0
2014-04-10,16:00:00,24.748,24.758,24.748,24.758,874,0
2014-04-10,17:00:00,24.768,24.837,24.748,24.748,3026,0
2014-04-10,18:00:00,24.808,24.817,24.748,24.798,7756,0
2014-04-10,19:00:00,24.778,24.778,24.778,24.778,3614,0
2014-04-10,20:00:00,24.748,24.768,24.748,24.748,3114,0
2014-04-10,21:00:00,24.768,24.768,24.748,24.748,3771,0
2014-04-10,22:00:00,24.748,24.768,24.748,24.768,1911,0
2014-04-11,16:00:00,24.827,24.827,24.827,24.827,1626,0
2014-04-11,17:00:00,24.719,24.857,24.709,24.709,11277,0
2014-04-11,18:00:00,24.729,24.729,24.729,24.729,2132,0
2014-04-11,19:00:00,24.847,24.847,24.847,24.847,1216,0
2014-04-11,20:00:00,24.847,24.847,24.778,24.778,2940,0
2014-04-11,21:00:00,24.808,24.817,24.778,24.778,7184,0
2014-04-11,22:00:00,24.808,24.808,24.808,24.808,610,0
2014-04-14,17:00:00,24.837,24.837,24.837,24.837,612,0
2014-04-14,18:00:00,24.817,24.817,24.768,24.778,8346,0
2014-04-14,19:00:00,24.817,24.827,24.808,24.808,2184,0
2014-04-14,20:00:00,24.817,24.837,24.817,24.837,1935,0
2014-04-14,21:00:00,24.857,24.876,24.857,24.876,1434,0
2014-04-15,17:00:00,24.916,24.936,24.896,24.936,1625,0
2014-04-15,18:00:00,24.975,24.995,24.975,24.995,3046,0
2014-04-15,19:00:00,24.945,25.005,24.945,25.005,1842,0
2014-04-15,21:00:00,25.054,25.054,25.034,25.034,4214,0
2014-04-15,22:00:00,24.985,25.044,24.985,25.044,1426,0
2014-04-16,17:00:00,25.054,25.054,25.054,25.054,510,0
2014-04-16,18:00:00,25.014,25.014,25.014,25.014,1806,0
2014-04-16,19:00:00,25.064,25.064,25.064,25.064,1525,0
2014-04-16,20:00:00,25.064,25.103,25.064,25.103,2222,0
2014-04-16,21:00:00,25.123,25.123,25.123,25.123,5586,0
2014-04-16,22:00:00,25.133,25.133,25.133,25.133,306,0
2014-04-17,16:00:00,25.123,25.123,25.123,25.123,1060,0
2014-04-17,17:00:00,25.162,25.162,25.162,25.162,8120,0
2014-04-17,19:00:00,25.113,25.113,25.113,25.113,1218,0
2014-04-17,20:00:00,25.034,25.083,24.965,24.965,12718,0
2014-04-17,22:00:00,24.985,24.985,24.945,24.945,1737,0
2014-04-21,16:00:00,24.945,25.014,24.945,25.014,1395,0
2014-04-21,18:00:00,25.034,25.083,25.034,25.083,10508,0
2014-04-21,22:00:00,25.024,25.024,24.975,24.975,2648,0
2014-04-22,16:00:00,25.064,25.162,24.965,24.965,1356,0
2014-04-22,17:00:00,24.985,25.005,24.926,25.005,12081,0
2014-04-22,18:00:00,25.103,25.103,25.024,25.024,3847,0
2014-04-22,19:00:00,25.152,25.152,25.152,25.152,2040,0
2014-04-22,21:00:00,25.113,25.113,25.113,25.113,1158,0
2014-04-22,22:00:00,25.044,25.044,24.975,25.014,1576,0
2014-04-23,16:00:00,24.975,25.024,24.975,25.024,2439,0
2014-04-23,17:00:00,25.005,25.034,25.005,25.034,2644,0
2014-04-23,18:00:00,25.034,25.034,25.024,25.024,1632,0
2014-04-23,20:00:00,25.024,25.024,25.024,25.024,420,0
2014-04-23,21:00:00,25.024,25.024,25.024,25.024,5985,0
2014-04-23,22:00:00,25.044,25.044,25.024,25.034,5611,0
2014-04-24,17:00:00,25.034,25.034,24.965,24.975,7385,0
2014-04-24,18:00:00,24.945,24.945,24.945,24.945,1624,0
2014-04-24,19:00:00,24.965,25.024,24.965,24.995,3179,0
2014-04-24,20:00:00,25.005,25.014,25.005,25.014,673,0
2014-04-24,21:00:00,24.985,24.985,24.985,24.985,203,0
2014-04-24,22:00:00,24.985,24.985,24.936,24.975,1819,0
2014-04-25,16:00:00,24.975,24.975,24.975,24.975,1425,0
2014-04-25,17:00:00,24.975,24.975,24.975,24.975,510,0
2014-04-25,18:00:00,25.093,25.093,25.093,25.093,812,0
2014-04-25,19:00:00,24.965,24.965,24.965,24.965,2641,0
2014-04-25,20:00:00,24.955,25.024,24.945,24.965,3032,0
2014-04-25,21:00:00,25.024,25.024,25.024,25.024,2016,0
2014-04-25,22:00:00,25.034,25.034,24.995,25.005,2642,0
2014-04-28,16:00:00,24.66,25.05,24.66,24.66,2318,0
2014-04-28,17:00:00,25.14,25.14,25.1,25.1,300,0
2014-04-28,18:00:00,25.1,25.1,25.01,25.02,3902,0
2014-04-28,20:00:00,25.05,25.15,25.05,25.15,4600,0
2014-04-28,21:00:00,25.21,25.29,25.15,25.15,12404,0
2014-04-29,16:00:00,25.26,25.41,25.26,25.36,4002,0
2014-04-29,17:00:00,25.34,25.44,25.33,25.44,4200,0
2014-04-29,18:00:00,25.37,25.37,25.37,25.37,2700,0
2014-04-29,19:00:00,25.37,25.37,25.32,25.32,5932,0
2014-04-29,20:00:00,25.35,25.35,25.35,25.35,1000,0
2014-04-29,21:00:00,25.35,25.35,25.35,25.35,1264,0
2014-04-29,22:00:00,25.35,25.35,25.34,25.35,1100,0
2014-04-30,16:00:00,25.29,25.29,25.15,25.15,1279,0
2014-04-30,18:00:00,25.26,25.26,25.25,25.25,1300,0
2014-04-30,19:00:00,25.3,25.31,25.3,25.31,1225,0
2014-04-30,20:00:00,25.32,25.32,25.26,25.26,4920,0
2014-04-30,21:00:00,25.33,25.34,25.33,25.34,1829,0
2014-04-30,22:00:00,25.33,25.33,25.25,25.25,1912,0
2014-05-01,16:00:00,25.23,25.3,25.15,25.28,2752,0
2014-05-01,18:00:00,25.4,25.4,25.4,25.4,8337,0
2014-05-01,20:00:00,25.3,25.35,25.3,25.34,2467,0
2014-05-01,21:00:00,25.25,25.33,25.18,25.25,12191,0
2014-05-01,22:00:00,25.2,25.25,25.15,25.15,4068,0
2014-05-02,16:00:00,25.23,25.23,25.23,25.23,2509,0
2014-05-02,18:00:00,25.21,25.21,25.18,25.18,600,0
2014-05-02,19:00:00,25.21,25.26,25.21,25.26,2900,0
2014-05-02,20:00:00,25.23,25.23,25.23,25.23,1485,0
2014-05-02,22:00:00,25.24,25.26,25.24,25.25,2653,0
2014-05-05,16:00:00,25.36,25.36,25.36,25.36,1701,0
2014-05-05,17:00:00,25.42,25.42,25.42,25.42,2000,0
2014-05-05,18:00:00,25.42,25.42,25.36,25.36,1146,0
2014-05-05,19:00:00,25.33,25.38,25.33,25.38,1700,0
2014-05-05,22:00:00,25.34,25.38,25.32,25.33,6805,0
2014-05-06,16:00:00,25.32,25.32,25.26,25.26,448,0
2014-05-06,17:00:00,25.4,25.4,25.33,25.33,1031,0
2014-05-06,18:00:00,25.3,25.3,25.29,25.29,2865,0
2014-05-06,20:00:00,25.28,25.28,25.25,25.25,3900,0
2014-05-06,21:00:00,25.28,25.31,25.28,25.3,5976,0
2014-05-06,22:00:00,25.32,25.39,25.3,25.3,2944,0
2014-05-07,17:00:00,25.31,25.32,25.31,25.32,1700,0
2014-05-07,19:00:00,25.39,25.39,25.38,25.39,3170,0
2014-05-07,20:00:00,25.33,25.33,25.33,25.33,500,0
2014-05-07,21:00:00,25.36,25.36,25.35,25.35,10765,0
2014-05-07,22:00:00,25.37,25.37,25.27,25.27,3755,0
