Date,Time,Open,High,Low,Close,Volume,OpenInt
2014-02-10,16:00:00,65.039,65.069,64.158,64.94,236144,0
2014-02-10,17:00:00,64.95,66,64.95,65.336,307155,0
2014-02-10,18:00:00,65.306,65.465,65.207,65.277,118957,0
2014-02-10,19:00:00,65.316,65.346,65.148,65.227,109897,0
2014-02-10,20:00:00,65.227,65.722,65.227,65.673,133575,0
2014-02-10,21:00:00,65.673,65.742,65.554,65.712,176554,0
2014-02-10,22:00:00,65.722,65.752,65.396,65.425,294250,0
2014-02-11,16:00:00,65.673,65.792,65.336,65.564,80947,0
2014-02-11,17:00:00,65.554,66.108,65.455,66.099,142212,0
2014-02-11,18:00:00,66.108,66.495,66.108,66.495,220084,0
2014-02-11,19:00:00,66.495,66.544,66.316,66.346,163821,0
2014-02-11,20:00:00,66.346,66.514,66.316,66.405,169760,0
2014-02-11,21:00:00,66.405,66.742,66.396,66.683,203700,0
2014-02-11,22:00:00,66.663,66.683,66.118,66.237,1165307,0
2014-02-12,16:00:00,66.237,66.732,66.237,66.514,80803,0
2014-02-12,17:00:00,66.524,66.584,66.297,66.366,110794,0
2014-02-12,18:00:00,66.326,66.455,66.039,66.059,101486,0
2014-02-12,19:00:00,66.049,66.297,65.98,66.138,85156,0
2014-02-12,20:00:00,66.108,66.455,66.108,66.455,141867,0
2014-02-12,21:00:00,66.445,66.495,66.049,66.138,223997,0
2014-02-12,22:00:00,66.138,66.237,66.019,66.138,295091,0
2014-02-13,16:00:00,66.128,66.861,65.91,66.782,102796,0
2014-02-13,17:00:00,66.772,67.118,66.772,67.009,179639,0
2014-02-13,18:00:00,67,67,66.465,66.465,204496,0
2014-02-13,19:00:00,66.475,66.504,66.257,66.287,123714,0
2014-02-13,20:00:00,66.346,66.415,66.138,66.188,100076,0
2014-02-13,21:00:00,66.217,66.336,66.148,66.297,181501,0
2014-02-13,22:00:00,66.306,66.366,66.217,66.366,318796,0
2014-02-14,16:00:00,66.564,66.564,66.257,66.386,43957,0
2014-02-14,17:00:00,66.415,66.653,66.118,66.168,122084,0
2014-02-14,18:00:00,66.178,66.217,65.861,65.96,160117,0
2014-02-14,19:00:00,65.94,66.118,65.752,65.802,157413,0
2014-02-14,20:00:00,65.802,65.841,65.703,65.762,85811,0
2014-02-14,21:00:00,65.762,65.901,65.762,65.821,127029,0
2014-02-14,22:00:00,65.831,66.207,65.811,66.178,381280,0
2014-02-18,16:00:00,65.861,66.603,65.742,66.603,125047,0
2014-02-18,17:00:00,66.504,66.643,66.247,66.366,165716,0
2014-02-18,18:00:00,66.326,66.544,66.168,66.346,111056,0
2014-02-18,19:00:00,66.326,66.326,66.059,66.059,85575,0
2014-02-18,20:00:00,66.069,66.108,65.891,65.93,106096,0
2014-02-18,21:00:00,65.93,66.049,65.811,65.831,112982,0
2014-02-18,22:00:00,65.831,65.93,65.782,65.841,312145,0
2014-02-19,16:00:00,65.594,65.811,65.376,65.643,115584,0
2014-02-19,17:00:00,65.643,66.207,65.495,66.029,135958,0
2014-02-19,18:00:00,66.029,66.257,65.732,65.732,132496,0
2014-02-19,19:00:00,65.712,65.841,65.554,65.604,83874,0
2014-02-19,20:00:00,65.594,65.673,65.544,65.574,84121,0
2014-02-19,21:00:00,65.574,65.673,65.455,65.544,134191,0
2014-02-19,22:00:00,65.544,65.604,65.346,65.425,281316,0
2014-02-20,16:00:00,65.346,65.445,64.98,65.089,84135,0
2014-02-20,17:00:00,65.118,66.039,65.108,65.613,208982,0
2014-02-20,18:00:00,65.623,65.891,65.356,65.356,115214,0
2014-02-20,19:00:00,65.356,65.445,65.198,65.257,96431,0
2014-02-20,20:00:00,65.247,65.267,65.049,65.089,153481,0
2014-02-20,21:00:00,65.069,65.297,64.92,65.207,236840,0
2014-02-20,22:00:00,65.277,65.297,64.871,65.099,351065,0
2014-02-21,16:00:00,65.207,65.564,64.95,65.564,156657,0
2014-02-21,17:00:00,65.564,65.613,65.089,65.118,108330,0
2014-02-21,18:00:00,65.138,65.297,64.95,65.019,186244,0
2014-02-21,19:00:00,65.029,65.257,64.92,64.92,101358,0
2014-02-21,20:00:00,64.901,65.009,64.712,64.861,137030,0
2014-02-21,21:00:00,64.881,64.97,64.475,64.495,248096,0
2014-02-21,22:00:00,64.495,64.762,64.415,64.722,529211,0
2014-02-24,16:00:00,64.663,64.802,64.267,64.405,201962,0
2014-02-24,17:00:00,64.356,64.802,64.188,64.633,271431,0
2014-02-24,18:00:00,64.663,65.188,64.514,65.108,160091,0
2014-02-24,19:00:00,65.128,65.297,65.089,65.178,142931,0
2014-02-24,20:00:00,65.148,65.247,65.099,65.188,138384,0
2014-02-24,21:00:00,65.207,65.227,64.881,65.049,226446,0
2014-02-24,22:00:00,65.069,65.168,64.881,64.96,305530,0
2014-02-25,16:00:00,64.851,65.366,64.831,65.049,105022,0
2014-02-25,17:00:00,65.049,65.356,64.881,65.148,235308,0
2014-02-25,18:00:00,65.168,65.465,65.069,65.396,187958,0
2014-02-25,19:00:00,65.396,65.574,65.108,65.138,148500,0
2014-02-25,20:00:00,65.148,65.188,64.782,65.009,188039,0
2014-02-25,21:00:00,65.039,65.148,64.762,65,181305,0
2014-02-25,22:00:00,65,65.445,64.91,65.217,336940,0
2014-02-26,16:00:00,65.267,65.663,65.029,65.346,117686,0
2014-02-26,17:00:00,65.297,65.524,64.91,64.92,198515,0
2014-02-26,18:00:00,64.95,65.336,64.901,65.128,171448,0
2014-02-26,19:00:00,65.128,65.158,64.99,65.108,76966,0
2014-02-26,20:00:00,65.108,65.475,65.069,65.445,268457,0
2014-02-26,21:00:00,65.455,66.435,65.445,66.435,251763,0
2014-02-26,22:00:00,66.396,66.673,66.217,66.465,449797,0
2014-02-27,16:00:00,66.207,66.623,65.96,66.554,78175,0
2014-02-27,17:00:00,66.603,66.712,66.207,66.346,174375,0
2014-02-27,18:00:00,66.376,66.524,66.257,66.366,136832,0
2014-02-27,19:00:00,66.356,66.683,66.336,66.643,139508,0
2014-02-27,20:00:00,66.663,67.425,66.633,67.287,277939,0
2014-02-27,21:00:00,67.227,67.405,66.901,66.93,190412,0
2014-02-27,22:00:00,66.901,67.009,66.455,66.831,298120,0
2014-02-28,16:00:00,66.811,66.831,66.267,66.643,137365,0
2014-02-28,17:00:00,66.673,66.94,66.465,66.544,368666,0
2014-02-28,18:00:00,66.574,66.762,66.435,66.712,139336,0
2014-02-28,19:00:00,66.712,66.762,66.425,66.465,99141,0
2014-02-28,20:00:00,66.485,66.504,66.148,66.148,135022,0
2014-02-28,21:00:00,66.168,66.603,66.069,66.356,150322,0
2014-02-28,22:00:00,66.336,66.495,66.237,66.445,531977,0
2014-03-03,16:00:00,66.128,66.455,66.099,66.455,59436,0
2014-03-03,17:00:00,66.564,66.594,65.97,66.475,133094,0
2014-03-03,18:00:00,66.425,66.475,66.168,66.217,102203,0
2014-03-03,19:00:00,66.207,66.633,66.128,66.534,113089,0
2014-03-03,20:00:00,66.554,66.811,66.455,66.594,150994,0
2014-03-03,21:00:00,66.594,66.703,66.376,66.534,119170,0
2014-03-03,22:00:00,66.544,66.772,66.356,66.752,237902,0
2014-03-04,16:00:00,67.227,67.227,66.584,67.079,76005,0
2014-03-04,17:00:00,66.96,67.306,66.485,66.643,396994,0
2014-03-04,18:00:00,66.673,66.881,66.574,66.811,98373,0
2014-03-04,19:00:00,66.811,66.91,66.504,66.683,95918,0
2014-03-04,20:00:00,66.683,66.841,66.564,66.683,150772,0
2014-03-04,21:00:00,66.683,67.089,66.673,66.96,125691,0
2014-03-04,22:00:00,66.95,67.148,66.841,66.871,220885,0
2014-03-05,16:00:00,66.712,66.821,66.386,66.673,109342,0
2014-03-05,17:00:00,66.732,66.95,66.544,66.95,192452,0
2014-03-05,18:00:00,67,67.485,66.772,67.455,278553,0
2014-03-05,19:00:00,67.465,67.485,67.108,67.178,174477,0
2014-03-05,20:00:00,67.178,67.405,67.148,67.178,132178,0
2014-03-05,21:00:00,67.178,67.247,66.95,66.96,141935,0
2014-03-05,22:00:00,66.97,67.158,66.762,67.069,245035,0
2014-03-06,16:00:00,66.881,67.306,66.841,67.247,84816,0
2014-03-06,17:00:00,67.297,67.346,66.871,66.94,148987,0
2014-03-06,18:00:00,66.94,67.118,66.504,66.524,207821,0
2014-03-06,19:00:00,66.504,66.732,66.227,66.376,241179,0
2014-03-06,20:00:00,66.435,66.802,66.207,66.405,153084,0
2014-03-06,21:00:00,66.386,66.861,66.247,66.534,183352,0
2014-03-06,22:00:00,66.603,66.653,66.356,66.564,220172,0
2014-03-07,16:00:00,66.564,66.891,66.435,66.712,106774,0
2014-03-07,17:00:00,66.712,67.138,66.514,66.703,183304,0
2014-03-07,18:00:00,66.683,66.97,66.534,66.91,143766,0
2014-03-07,19:00:00,66.92,67.059,66.623,66.782,104061,0
2014-03-07,20:00:00,66.732,66.772,66.405,66.504,91394,0
2014-03-07,21:00:00,66.455,66.732,66.237,66.693,104048,0
2014-03-07,22:00:00,66.712,66.871,66.495,66.554,303385,0
2014-03-10,15:00:00,66.178,66.782,66.059,66.782,98446,0
2014-03-10,16:00:00,66.752,66.831,66.425,66.643,140593,0
2014-03-10,17:00:00,66.643,66.811,66.366,66.455,106423,0
2014-03-10,18:00:00,66.455,66.742,66.425,66.742,98035,0
2014-03-10,19:00:00,66.782,66.831,66.396,66.643,95913,0
2014-03-10,20:00:00,66.643,66.712,66.227,66.237,120282,0
2014-03-10,21:00:00,66.237,66.534,66.168,66.524,226115,0
2014-03-11,15:00:00,66.346,66.445,65.564,65.564,148819,0
2014-03-11,16:00:00,65.564,66.722,65.534,66.653,207489,0
2014-03-11,17:00:00,66.633,66.752,66.514,66.623,121517,0
2014-03-11,18:00:00,66.663,66.871,66.584,66.693,117983,0
2014-03-11,19:00:00,66.693,66.831,66.643,66.811,101473,0
2014-03-11,20:00:00,66.811,66.831,66.584,66.584,91015,0
2014-03-11,21:00:00,66.594,66.772,66.584,66.623,369780,0
2014-03-12,15:00:00,66.584,66.673,66.108,66.108,187940,0
2014-03-12,16:00:00,66.099,66.495,66.019,66.267,164711,0
2014-03-12,17:00:00,66.237,66.564,66.138,66.346,118745,0
2014-03-12,18:00:00,66.346,66.564,66.316,66.524,117413,0
2014-03-12,19:00:00,66.534,66.534,66.207,66.297,174721,0
2014-03-12,20:00:00,66.297,66.386,66.257,66.356,89129,0
2014-03-12,21:00:00,66.376,66.485,66.257,66.396,232106,0
2014-03-13,15:00:00,66.376,66.475,66.128,66.128,48414,0
2014-03-13,16:00:00,66.158,66.465,66.019,66.346,142769,0
2014-03-13,17:00:00,66.336,66.762,66.217,66.703,84944,0
2014-03-13,18:00:00,66.703,66.712,66.079,66.138,113248,0
2014-03-13,19:00:00,66.099,66.267,66.009,66.138,111183,0
2014-03-13,20:00:00,66.138,66.217,65.92,66.118,108892,0
2014-03-13,21:00:00,66.128,66.386,66.049,66.188,252603,0
2014-03-14,15:00:00,66.653,66.94,66.128,66.851,163751,0
2014-03-14,16:00:00,66.802,66.881,66.356,66.396,187899,0
2014-03-14,17:00:00,66.386,66.841,66.356,66.831,102604,0
2014-03-14,18:00:00,66.831,66.841,66.643,66.762,143309,0
2014-03-14,19:00:00,66.802,66.861,66.703,66.752,119537,0
2014-03-14,20:00:00,66.782,67,66.782,66.881,129235,0
2014-03-14,21:00:00,66.841,67.306,66.841,67.138,416499,0
2014-03-17,15:00:00,67.217,67.297,66.92,66.96,68864,0
2014-03-17,16:00:00,66.92,67.316,66.92,67.168,170968,0
2014-03-17,17:00:00,67.158,67.524,67.138,67.504,153049,0
2014-03-17,18:00:00,67.514,67.811,67.514,67.712,159576,0
2014-03-17,19:00:00,67.693,67.861,67.524,67.564,154792,0
2014-03-17,20:00:00,67.584,67.94,67.564,67.831,195518,0
2014-03-17,21:00:00,67.841,67.97,67.683,67.96,505213,0
2014-03-18,15:00:00,67.712,68.079,67.574,67.91,65156,0
2014-03-18,16:00:00,67.93,68.108,67.802,67.851,153858,0
2014-03-18,17:00:00,67.851,68.207,67.851,68.089,110166,0
2014-03-18,18:00:00,68.089,68.564,68.029,68.485,222211,0
2014-03-18,19:00:00,68.504,68.594,68.425,68.445,121520,0
2014-03-18,20:00:00,68.455,68.475,68.158,68.287,194202,0
2014-03-18,21:00:00,68.287,68.297,67.98,68.118,282838,0
2014-03-19,15:00:00,69.485,70.287,68.752,68.95,254303,0
2014-03-19,16:00:00,68.91,69.128,68.297,68.297,253624,0
2014-03-19,17:00:00,68.316,68.772,68.069,68.445,276171,0
2014-03-19,18:00:00,68.445,68.772,68.425,68.693,162603,0
2014-03-19,19:00:00,68.702,68.702,68.396,68.425,133396,0
2014-03-19,20:00:00,68.455,68.594,68.108,68.346,268659,0
2014-03-19,21:00:00,68.336,68.346,67.98,68.128,383706,0
2014-03-20,15:00:00,67.722,67.97,67.435,67.574,100820,0
2014-03-20,16:00:00,67.594,67.673,67.445,67.643,220917,0
2014-03-20,17:00:00,67.653,67.792,67.504,67.722,159726,0
2014-03-20,18:00:00,67.762,68.039,67.603,67.97,79750,0
2014-03-20,19:00:00,67.98,68.534,67.792,68.297,182565,0
2014-03-20,20:00:00,68.257,68.297,67.841,67.98,90872,0
2014-03-20,21:00:00,67.99,68.465,67.93,68.465,316598,0
2014-03-21,15:00:00,68.445,68.633,68.237,68.445,48730,0
2014-03-21,16:00:00,68.366,68.445,68.029,68.089,145839,0
2014-03-21,17:00:00,68.089,68.277,67.821,68.029,135273,0
2014-03-21,18:00:00,68.029,68.316,67.871,68.168,119886,0
2014-03-21,19:00:00,68.168,68.178,67.871,67.871,126899,0
2014-03-21,20:00:00,67.881,68.277,67.762,68.257,190305,0
2014-03-21,21:00:00,68.277,68.386,68.079,68.178,1654633,0
2014-03-24,15:00:00,68.356,68.445,68.019,68.019,90487,0
2014-03-24,16:00:00,68.029,68.029,67.495,67.514,211328,0
2014-03-24,17:00:00,67.495,67.594,67.267,67.356,186509,0
2014-03-24,18:00:00,67.366,67.396,66.99,67.019,171075,0
2014-03-24,19:00:00,67.029,67.227,66.881,67.227,172417,0
2014-03-24,20:00:00,67.207,67.504,67.207,67.415,136704,0
2014-03-24,21:00:00,67.386,67.425,67.247,67.326,307081,0
2014-03-25,15:00:00,67.524,67.742,67.425,67.673,72145,0
2014-03-25,16:00:00,67.673,67.98,67.514,67.98,225061,0
2014-03-25,17:00:00,67.96,68.128,67.495,67.683,216587,0
2014-03-25,18:00:00,67.683,67.792,67.613,67.742,94268,0
2014-03-25,19:00:00,67.782,67.861,67.663,67.693,117774,0
2014-03-25,20:00:00,67.693,67.94,67.613,67.91,130420,0
2014-03-25,21:00:00,67.901,67.98,67.732,67.841,252558,0
2014-03-26,15:00:00,67.871,68.148,67.653,67.683,35709,0
2014-03-26,16:00:00,67.722,68,67.673,67.901,109375,0
2014-03-26,17:00:00,67.881,68.158,67.871,67.92,87977,0
2014-03-26,18:00:00,67.93,68.009,67.871,67.98,69086,0
2014-03-26,19:00:00,67.96,68.099,67.841,68.049,129503,0
2014-03-26,20:00:00,68.039,68.198,68.019,68.108,123016,0
2014-03-26,21:00:00,68.108,68.128,67.871,67.871,227067,0
2014-03-27,15:00:00,67.821,68.158,67.683,68.158,56333,0
2014-03-27,16:00:00,68.138,68.138,67.92,68.108,122045,0
2014-03-27,17:00:00,68.108,68.188,67.841,67.881,145719,0
2014-03-27,18:00:00,67.871,68.316,67.821,68.227,188354,0
2014-03-27,19:00:00,68.207,68.257,67.91,68.118,142980,0
2014-03-27,20:00:00,68.108,68.198,67.98,68.188,113272,0
2014-03-27,21:00:00,68.178,68.237,68.069,68.207,249977,0
2014-03-28,15:00:00,68.217,68.732,68.217,68.316,141434,0
2014-03-28,16:00:00,68.297,68.455,68.217,68.316,112260,0
2014-03-28,17:00:00,68.326,68.445,68.138,68.316,169781,0
2014-03-28,18:00:00,68.326,68.326,67.97,67.99,109670,0
2014-03-28,19:00:00,68,68.326,68,68.326,110318,0
2014-03-28,20:00:00,68.326,68.405,68.207,68.326,94118,0
2014-03-28,21:00:00,68.316,68.465,68.237,68.356,193299,0
2014-03-31,16:00:00,68.455,68.633,68.198,68.198,105707,0
2014-03-31,17:00:00,68.178,68.613,68.158,68.564,111246,0
2014-03-31,18:00:00,68.544,68.574,68.277,68.445,105037,0
2014-03-31,19:00:00,68.445,68.524,68.326,68.485,306750,0
2014-03-31,20:00:00,68.514,68.742,68.475,68.554,106531,0
2014-03-31,21:00:00,68.554,68.683,68.465,68.603,104494,0
2014-03-31,22:00:00,68.584,68.782,68.574,68.673,165802,0
2014-04-01,16:00:00,68.356,69.306,68.346,68.92,68937,0
2014-04-01,17:00:00,68.901,69.099,68.891,68.95,173729,0
2014-04-01,18:00:00,68.95,69.237,68.94,69.118,214113,0
2014-04-01,19:00:00,69.138,69.613,69.118,69.534,202075,0
2014-04-01,20:00:00,69.534,69.762,69.504,69.673,143729,0
2014-04-01,21:00:00,69.673,69.99,69.623,69.762,238932,0
2014-04-01,22:00:00,69.782,70.118,69.722,70.059,811793,0
2014-04-02,16:00:00,69.801,70.633,69.801,70.039,217229,0
2014-04-02,17:00:00,70,70.158,69.831,70.099,297171,0
2014-04-02,18:00:00,70.099,70.603,70.039,70.297,451276,0
2014-04-02,19:00:00,70.277,70.297,69.97,70.069,100147,0
2014-04-02,20:00:00,70.039,70.059,69.801,69.94,129451,0
2014-04-02,21:00:00,69.93,70.009,69.653,69.801,165718,0
2014-04-02,22:00:00,69.772,69.881,69.584,69.792,335959,0
2014-04-03,16:00:00,69.92,69.95,69.534,69.891,71600,0
2014-04-03,17:00:00,69.891,70.108,69.772,70.079,120634,0
2014-04-03,18:00:00,70.089,70.247,69.901,69.97,141872,0
2014-04-03,19:00:00,69.99,70.396,69.96,70.287,145644,0
2014-04-03,20:00:00,70.287,70.316,70.118,70.118,72185,0
2014-04-03,21:00:00,70.118,70.277,69.96,70,186555,0
2014-04-03,22:00:00,69.99,70.267,69.94,69.97,490653,0
2014-04-04,16:00:00,70.445,70.445,69.801,70.178,111646,0
2014-04-04,17:00:00,70.128,70.683,70.069,70.623,153263,0
2014-04-04,18:00:00,70.673,70.97,70.039,70.118,186394,0
2014-04-04,19:00:00,70.118,70.445,69.901,70.079,123667,0
2014-04-04,20:00:00,70.168,70.594,70.128,70.475,101521,0
2014-04-04,21:00:00,70.435,70.534,69.92,70.099,130903,0
2014-04-04,22:00:00,70.118,70.297,69.96,70.009,388754,0
2014-04-07,16:00:00,69.96,70.415,69.901,70.237,147957,0
2014-04-07,17:00:00,70.297,70.297,69.92,70.039,119124,0
2014-04-07,18:00:00,70.039,70.227,69.633,69.683,159869,0
2014-04-07,19:00:00,69.653,69.861,69.356,69.495,149504,0
2014-04-07,20:00:00,69.475,69.603,69.376,69.475,145378,0
2014-04-07,21:00:00,69.495,69.524,69.099,69.336,170147,0
2014-04-07,22:00:00,69.326,69.475,69.237,69.297,596770,0
2014-04-08,16:00:00,69.178,69.722,69.178,69.653,294735,0
2014-04-08,17:00:00,69.653,70.297,69.534,70.277,231225,0
2014-04-08,18:00:00,70.277,70.544,70.198,70.346,228188,0
2014-04-08,19:00:00,70.336,70.405,69.94,70.217,118735,0
2014-04-08,20:00:00,70.267,70.475,70.108,70.405,106824,0
2014-04-08,21:00:00,70.405,70.405,70.118,70.148,73262,0
2014-04-08,22:00:00,70.148,70.435,70.138,70.346,223254,0
2014-04-09,16:00:00,70.524,71.099,70.504,70.762,99616,0
2014-04-09,17:00:00,70.732,71.178,70.673,71.069,224558,0
2014-04-09,18:00:00,71.019,71.099,70.92,71,161036,0
2014-04-09,19:00:00,71,71.237,70.99,71.059,147806,0
2014-04-09,20:00:00,71.059,71.306,71.039,71.306,144053,0
2014-04-09,21:00:00,71.297,71.524,71.227,71.297,150705,0
2014-04-09,22:00:00,71.287,71.633,71.287,71.514,447659,0
2014-04-10,16:00:00,71.386,71.762,71.306,71.584,60548,0
2014-04-10,17:00:00,71.524,72.079,71.524,71.97,185249,0
2014-04-10,18:00:00,72.009,72.049,71.366,71.445,127528,0
2014-04-10,19:00:00,71.366,71.455,71.029,71.089,87853,0
2014-04-10,20:00:00,71.069,71.138,70.702,70.97,121994,0
2014-04-10,21:00:00,71.009,71.138,70.712,70.772,111205,0
2014-04-10,22:00:00,70.782,71.059,70.514,70.91,312549,0
2014-04-11,16:00:00,70.831,71.831,70.762,71.366,99543,0
2014-04-11,17:00:00,71.366,71.683,71.277,71.574,248838,0
2014-04-11,18:00:00,71.603,71.792,71.465,71.584,152984,0
2014-04-11,19:00:00,71.574,71.643,71.217,71.217,194917,0
2014-04-11,20:00:00,71.257,71.366,71.138,71.267,97308,0
2014-04-11,21:00:00,71.247,71.425,71.108,71.198,117934,0
2014-04-11,22:00:00,71.158,71.455,71.069,71.455,410200,0
2014-04-14,16:00:00,71.742,72.712,71.534,72.257,159011,0
2014-04-14,17:00:00,72.405,72.594,72.049,72.178,288351,0
2014-04-14,18:00:00,72.128,72.277,71.93,71.97,118729,0
2014-04-14,19:00:00,71.96,72.059,71.782,71.841,167572,0
2014-04-14,20:00:00,71.831,72.029,71.732,71.93,140683,0
2014-04-14,21:00:00,71.92,72.079,71.732,71.9,145611,0
2014-04-14,22:00:00,71.9,71.92,71.445,71.465,343699,0
2014-04-15,16:00:00,71.425,71.663,71.207,71.237,73508,0
2014-04-15,17:00:00,71.277,71.663,71,71.178,204315,0
2014-04-15,18:00:00,71.178,71.287,70.99,71.287,189918,0
2014-04-15,19:00:00,71.287,71.693,71.207,71.693,122978,0
2014-04-15,20:00:00,71.603,71.9,71.544,71.871,105505,0
2014-04-15,21:00:00,71.881,71.881,71.594,71.633,103232,0
2014-04-15,22:00:00,71.594,71.821,71.574,71.742,207464,0
2014-04-16,16:00:00,72.009,72.039,71.742,71.98,84434,0
2014-04-16,17:00:00,72.029,72.217,71.93,72.198,149930,0
2014-04-16,18:00:00,72.198,72.722,72.178,72.693,129021,0
2014-04-16,19:00:00,72.653,72.891,72.158,72.158,164212,0
2014-04-16,20:00:00,72.188,72.277,71.821,72.019,120633,0
2014-04-16,21:00:00,72.099,72.603,72.069,72.514,124066,0
2014-04-16,22:00:00,72.524,72.554,72.148,72.336,194459,0
2014-04-17,16:00:00,71.999,72.267,71.702,71.91,84767,0
2014-04-17,17:00:00,72.069,72.069,71.465,71.831,129163,0
2014-04-17,18:00:00,71.821,71.98,71.623,71.871,113868,0
2014-04-17,19:00:00,71.851,72.108,71.722,72.108,93288,0
2014-04-17,20:00:00,72.118,72.148,71.95,72.089,93331,0
2014-04-17,21:00:00,72.079,72.485,72.069,72.465,127961,0
2014-04-17,22:00:00,72.455,72.514,72.178,72.227,190298,0
2014-04-21,16:00:00,72.277,72.465,72.039,72.237,143972,0
2014-04-21,17:00:00,72.178,72.485,72.168,72.306,104889,0
2014-04-21,18:00:00,72.316,72.376,72.079,72.376,103568,0
2014-04-21,19:00:00,72.376,72.831,72.356,72.762,110701,0
2014-04-21,20:00:00,72.762,73.098,72.663,73.079,176634,0
2014-04-21,21:00:00,73.069,73.207,72.999,73.198,154413,0
2014-04-21,22:00:00,73.188,73.207,72.93,73.009,350233,0
2014-04-22,16:00:00,73.138,73.267,72.92,73.257,128994,0
2014-04-22,17:00:00,73.168,73.336,73.118,73.148,142763,0
2014-04-22,18:00:00,73.148,73.306,73.118,73.257,383885,0
2014-04-22,19:00:00,73.267,73.405,73.089,73.138,102285,0
2014-04-22,20:00:00,73.118,73.188,72.94,72.95,138170,0
2014-04-22,21:00:00,72.95,72.97,72.693,72.851,155546,0
2014-04-22,22:00:00,72.861,73.247,72.821,73.188,331399,0
2014-04-23,16:00:00,73.267,73.316,72.9,72.96,142900,0
2014-04-23,17:00:00,72.9,73.029,72.732,72.811,140873,0
2014-04-23,18:00:00,72.841,72.94,72.772,72.881,215830,0
2014-04-23,19:00:00,72.881,73.029,72.831,72.91,203436,0
2014-04-23,20:00:00,72.91,72.99,72.782,72.831,211979,0
2014-04-23,21:00:00,72.801,72.811,72.445,72.514,241512,0
2014-04-23,22:00:00,72.514,72.574,72.396,72.425,301463,0
2014-04-24,16:00:00,72.881,73.128,72.495,72.495,92729,0
2014-04-24,17:00:00,72.495,72.673,72.207,72.277,137430,0
2014-04-24,18:00:00,72.257,72.425,72.049,72.277,136463,0
2014-04-24,19:00:00,72.287,72.336,71.98,71.98,162623,0
2014-04-24,20:00:00,71.999,72.069,71.693,71.772,204712,0
2014-04-24,21:00:00,71.782,71.9,71.534,71.623,153007,0
2014-04-24,22:00:00,71.623,71.702,71.455,71.663,388615,0
2014-04-25,16:00:00,71.544,71.91,70.841,70.96,197374,0
2014-04-25,17:00:00,70.97,71.089,70.227,70.405,563098,0
2014-04-25,18:00:00,70.405,70.831,70.396,70.792,541112,0
2014-04-25,19:00:00,70.782,70.95,70.702,70.861,144877,0
2014-04-25,20:00:00,70.871,71.029,70.831,70.841,120178,0
2014-04-25,21:00:00,70.861,71.039,70.792,70.94,284582,0
2014-04-25,22:00:00,70.96,71.108,70.9,70.95,254785,0
2014-04-28,16:00:00,71.08,71.23,70.57,70.57,111490,0
2014-04-28,17:00:00,70.56,71.26,70.43,71.16,208785,0
2014-04-28,18:00:00,71.17,71.32,71.02,71.26,162176,0
2014-04-28,19:00:00,71.29,71.49,71.26,71.35,98590,0
2014-04-28,20:00:00,71.34,71.37,71.14,71.27,87735,0
2014-04-28,21:00:00,71.23,71.53,71.09,71.41,151814,0
2014-04-28,22:00:00,71.43,71.88,71.38,71.85,310758,0
2014-04-29,16:00:00,72,72.97,72,72.75,134986,0
2014-04-29,17:00:00,72.73,73.26,72.56,73.15,257085,0
2014-04-29,18:00:00,73.17,73.23,72.74,72.75,227041,0
2014-04-29,19:00:00,72.75,73.01,72.54,72.86,240055,0
2014-04-29,20:00:00,72.86,73.01,72.81,72.9,288088,0
2014-04-29,21:00:00,72.91,73.06,72.86,73,271001,0
2014-04-29,22:00:00,73,73.17,72.85,73.13,499079,0
2014-04-30,16:00:00,73.1,73.17,72.94,72.96,107997,0
2014-04-30,17:00:00,72.95,73.13,72.95,73.1,197483,0
2014-04-30,18:00:00,73.09,73.17,73.01,73.03,208688,0
2014-04-30,19:00:00,73.04,73.15,73,73.02,192084,0
2014-04-30,20:00:00,73.04,73.32,72.96,73,197369,0
2014-04-30,21:00:00,72.99,73.07,72.93,73,312651,0
2014-04-30,22:00:00,73.01,73.13,72.84,73.13,414883,0
2014-05-01,16:00:00,73,73.28,72.67,73.12,114431,0
2014-05-01,17:00:00,73.06,73.58,73,73.09,232394,0
2014-05-01,18:00:00,73.07,73.2,72.83,73.04,187421,0
2014-05-01,19:00:00,73.07,73.09,72.93,73.07,138773,0
2014-05-01,20:00:00,73.1,73.14,73,73.06,148199,0
2014-05-01,21:00:00,73.06,73.11,72.88,73,187336,0
2014-05-01,22:00:00,73,73.39,72.91,73.03,343270,0
2014-05-02,16:00:00,73.01,73.5,73.01,73.19,233535,0
2014-05-02,17:00:00,73.2,73.36,73.1,73.3,200560,0
2014-05-02,18:00:00,73.29,73.36,73.02,73.15,129169,0
2014-05-02,19:00:00,73.12,73.16,72.82,72.88,102856,0
2014-05-02,20:00:00,72.87,73.21,72.84,73.12,100599,0
2014-05-02,21:00:00,73.11,73.52,73.07,73.49,119168,0
2014-05-02,22:00:00,73.5,73.5,73.23,73.43,338863,0
2014-05-05,16:00:00,73.16,73.5,73.06,73.41,163893,0
2014-05-05,17:00:00,73.39,73.65,73.3,73.65,186767,0
2014-05-05,18:00:00,73.65,74.35,73.64,74.29,320642,0
2014-05-05,19:00:00,74.29,74.67,74.25,74.46,358257,0
2014-05-05,20:00:00,74.47,74.59,74.39,74.42,159755,0
2014-05-05,21:00:00,74.42,74.8,74.4,74.69,271005,0
2014-05-05,22:00:00,74.69,74.72,74.37,74.55,249734,0
2014-05-06,16:00:00,74.31,74.94,74.16,74.19,119650,0
2014-05-06,17:00:00,74.15,74.3,73.66,73.66,156021,0
2014-05-06,18:00:00,73.65,73.72,73.24,73.41,183195,0
2014-05-06,19:00:00,73.45,73.47,73.17,73.27,207065,0
2014-05-06,20:00:00,73.28,73.58,73.24,73.56,162545,0
2014-05-06,21:00:00,73.53,73.81,73.53,73.76,93467,0
2014-05-06,22:00:00,73.73,73.93,73.63,73.87,334962,0
2014-05-07,16:00:00,74.44,74.44,73.53,73.85,171349,0
2014-05-07,17:00:00,73.86,74.15,73.7,73.71,151780,0
2014-05-07,18:00:00,73.7,74.55,73.67,74.51,143799,0
2014-05-07,19:00:00,74.51,74.64,74.39,74.44,93060,0
2014-05-07,20:00:00,74.44,74.51,74.3,74.34,102472,0
2014-05-07,21:00:00,74.32,74.5,74.23,74.3,116387,0
2014-05-07,22:00:00,74.28,74.43,74.23,74.41,592825,0
