Date,Time,Open,High,Low,Close,Volume,OpenInt
2014-02-10,16:00:00,5.97893,5.9889,5.87928,5.90918,27058,0
2014-02-10,17:00:00,5.89921,5.89921,5.76967,5.79956,57457,0
2014-02-10,18:00:00,5.79956,5.86932,5.7896,5.85935,54793,0
2014-02-10,19:00:00,5.84939,5.87928,5.79956,5.81949,34028,0
2014-02-10,20:00:00,5.81949,5.81949,5.7896,5.7896,43938,0
2014-02-10,21:00:00,5.79956,5.84939,5.7896,5.79956,50795,0
2014-02-10,22:00:00,5.80953,5.86932,5.79956,5.85935,95949,0
2014-02-11,16:00:00,5.83942,5.90918,5.74974,5.76967,62132,0
2014-02-11,17:00:00,5.77964,5.83942,5.73978,5.76967,161757,0
2014-02-11,18:00:00,5.74974,5.76967,5.51058,5.56041,235360,0
2014-02-11,19:00:00,5.58034,5.66006,5.56041,5.63016,80629,0
2014-02-11,20:00:00,5.64013,5.72981,5.64013,5.72981,63876,0
2014-02-11,21:00:00,5.72981,5.80953,5.71985,5.74974,105309,0
2014-02-11,22:00:00,5.75971,5.79956,5.74974,5.79956,206720,0
2014-02-12,16:00:00,5.79956,5.82946,5.74974,5.77964,32940,0
2014-02-12,17:00:00,5.77964,5.86932,5.77964,5.82946,71764,0
2014-02-12,18:00:00,5.82946,5.83942,5.77964,5.82946,64421,0
2014-02-12,19:00:00,5.82946,5.90918,5.81949,5.88925,48043,0
2014-02-12,20:00:00,5.89921,5.90918,5.87928,5.89921,24084,0
2014-02-12,21:00:00,5.89921,5.91914,5.83942,5.86932,46865,0
2014-02-12,22:00:00,5.86932,5.91914,5.85935,5.90918,80188,0
2014-02-13,16:00:00,5.87928,5.92911,5.84939,5.86932,32227,0
2014-02-13,17:00:00,5.86932,5.94904,5.83942,5.93907,32719,0
2014-02-13,18:00:00,5.92911,5.92911,5.80953,5.81949,73042,0
2014-02-13,19:00:00,5.81949,5.84939,5.7896,5.79956,36867,0
2014-02-13,20:00:00,5.7896,5.86932,5.7896,5.84939,61296,0
2014-02-13,21:00:00,5.84939,5.87928,5.80953,5.84939,52461,0
2014-02-13,22:00:00,5.85935,5.85935,5.80953,5.85935,168356,0
2014-02-14,16:00:00,5.85935,5.88925,5.79956,5.80953,31361,0
2014-02-14,17:00:00,5.81949,5.87928,5.76967,5.76967,31625,0
2014-02-14,18:00:00,5.76967,5.90918,5.75971,5.85935,28240,0
2014-02-14,19:00:00,5.85935,5.87928,5.79956,5.87928,28731,0
2014-02-14,20:00:00,5.86932,5.94904,5.86932,5.91914,29923,0
2014-02-14,21:00:00,5.92911,5.93907,5.85935,5.88925,21768,0
2014-02-14,22:00:00,5.88925,5.93907,5.85935,5.90918,53218,0
2014-02-18,16:00:00,5.959,5.959,5.84939,5.86932,32071,0
2014-02-18,17:00:00,5.86932,5.96897,5.85935,5.94904,47285,0
2014-02-18,18:00:00,5.959,5.959,5.90918,5.90918,44526,0
2014-02-18,19:00:00,5.90918,5.92911,5.86932,5.87928,33581,0
2014-02-18,20:00:00,5.87928,5.89921,5.86932,5.86932,39745,0
2014-02-18,21:00:00,5.86932,5.96897,5.86932,5.959,36178,0
2014-02-18,22:00:00,5.94904,5.96897,5.94904,5.959,98587,0
2014-02-19,16:00:00,5.91914,5.91914,5.81949,5.83942,18161,0
2014-02-19,17:00:00,5.86932,5.91914,5.82946,5.85935,22475,0
2014-02-19,18:00:00,5.84939,5.86932,5.81949,5.81949,25300,0
2014-02-19,19:00:00,5.80953,5.82946,5.76967,5.81949,29609,0
2014-02-19,20:00:00,5.82946,5.87928,5.81949,5.82946,41431,0
2014-02-19,21:00:00,5.81949,5.86932,5.77964,5.7896,24963,0
2014-02-19,22:00:00,5.79956,5.85935,5.77964,5.83942,146470,0
2014-02-20,16:00:00,5.90918,5.97893,5.86932,5.97893,71250,0
2014-02-20,17:00:00,5.97893,6.02876,5.959,6.01879,103883,0
2014-02-20,18:00:00,6.02876,6.13837,5.99886,6.08855,92994,0
2014-02-20,19:00:00,6.08855,6.12841,6.07858,6.12841,35577,0
2014-02-20,20:00:00,6.12841,6.20813,6.11844,6.17823,85308,0
2014-02-20,21:00:00,6.16827,6.21809,6.13837,6.14834,126284,0
2014-02-20,22:00:00,6.14834,6.1583,6.08855,6.13837,230979,0
2014-02-21,16:00:00,6.14834,6.24798,6.11844,6.11844,66506,0
2014-02-21,17:00:00,6.13837,6.21809,6.04869,6.17823,63586,0
2014-02-21,18:00:00,6.1882,6.20813,6.14834,6.1882,22882,0
2014-02-21,19:00:00,6.1882,6.21809,6.1882,6.19816,19904,0
2014-02-21,20:00:00,6.19816,6.19816,6.17823,6.1882,21672,0
2014-02-21,21:00:00,6.1882,6.21809,6.1882,6.20813,49743,0
2014-02-21,22:00:00,6.19816,6.21809,6.1882,6.20813,143734,0
2014-02-24,16:00:00,6.22805,6.25795,6.19816,6.19816,21559,0
2014-02-24,17:00:00,6.20813,6.26791,6.1882,6.1882,147269,0
2014-02-24,18:00:00,6.1882,6.28784,6.14834,6.23802,63486,0
2014-02-24,19:00:00,6.24798,6.24798,6.1583,6.21809,52749,0
2014-02-24,20:00:00,6.21809,6.25795,6.20813,6.23802,26742,0
2014-02-24,21:00:00,6.23802,6.23802,6.1882,6.1882,30246,0
2014-02-24,22:00:00,6.19816,6.21809,6.13837,6.17823,218892,0
2014-02-25,16:00:00,6.19816,6.20813,6.14834,6.19816,20763,0
2014-02-25,17:00:00,6.19816,6.24798,6.14834,6.1583,87899,0
2014-02-25,18:00:00,6.14834,6.1882,6.13837,6.14834,73352,0
2014-02-25,19:00:00,6.1583,6.16827,6.13837,6.1583,35924,0
2014-02-25,20:00:00,6.14834,6.1583,6.12841,6.13837,57461,0
2014-02-25,21:00:00,6.12841,6.13837,6.06862,6.08855,62303,0
2014-02-25,22:00:00,6.09851,6.11844,6.08855,6.09851,101481,0
2014-02-26,16:00:00,6.08855,6.08855,6.00883,6.08855,20528,0
2014-02-26,17:00:00,6.08855,6.19816,6.03872,6.05865,112828,0
2014-02-26,18:00:00,6.07858,6.16827,6.07858,6.16827,35006,0
2014-02-26,19:00:00,6.16827,6.20813,6.14834,6.17823,26465,0
2014-02-26,20:00:00,6.16827,6.17823,6.09851,6.10848,38059,0
2014-02-26,21:00:00,6.09851,6.09851,6.03872,6.07858,39574,0
2014-02-26,22:00:00,6.06862,6.08855,6.04869,6.06862,116068,0
2014-02-27,16:00:00,6.07858,6.07858,5.99886,5.99886,20061,0
2014-02-27,17:00:00,6.00883,6.02876,5.90918,5.97893,92297,0
2014-02-27,18:00:00,5.9889,6.01879,5.959,5.97893,49186,0
2014-02-27,19:00:00,5.97893,6.04869,5.97893,6.03872,54615,0
2014-02-27,20:00:00,6.02876,6.05865,6.00883,6.01879,55848,0
2014-02-27,21:00:00,6.02876,6.02876,5.96897,5.9889,72176,0
2014-02-27,22:00:00,5.9889,6.00883,5.959,6.00883,272015,0
2014-02-28,16:00:00,6.3277,6.87577,6.3277,6.82595,362850,0
2014-02-28,17:00:00,6.80602,6.82595,6.43732,6.65654,477099,0
2014-02-28,18:00:00,6.65654,6.68644,6.64658,6.67647,183924,0
2014-02-28,19:00:00,6.66651,6.82595,6.65654,6.75619,308894,0
2014-02-28,20:00:00,6.75619,6.84588,6.74623,6.81598,273206,0
2014-02-28,21:00:00,6.81598,6.83591,6.57683,6.61669,227819,0
2014-02-28,22:00:00,6.61669,6.64658,6.47718,6.60672,499476,0
2014-03-03,16:00:00,6.47718,6.60672,6.47718,6.49711,63643,0
2014-03-03,17:00:00,6.48714,6.51704,6.33767,6.46721,197581,0
2014-03-03,18:00:00,6.46721,6.47718,6.38749,6.44728,158170,0
2014-03-03,19:00:00,6.43732,6.45725,6.37753,6.44728,101177,0
2014-03-03,20:00:00,6.44728,6.49711,6.41739,6.47718,135636,0
2014-03-03,21:00:00,6.48714,6.56686,6.47718,6.53697,74783,0
2014-03-03,22:00:00,6.527,6.53697,6.46721,6.49711,198145,0
2014-03-04,16:00:00,6.61669,6.77612,6.48714,6.67647,94762,0
2014-03-04,17:00:00,6.68644,6.78609,6.63662,6.66651,196427,0
2014-03-04,18:00:00,6.66651,6.67647,6.56686,6.63662,148834,0
2014-03-04,19:00:00,6.63662,6.65654,6.61669,6.63662,94056,0
2014-03-04,20:00:00,6.62665,6.65654,6.58679,6.62665,132253,0
2014-03-04,21:00:00,6.61669,6.64658,6.59676,6.62665,99442,0
2014-03-04,22:00:00,6.62665,6.68644,6.60672,6.63662,370817,0
2014-03-05,16:00:00,6.62665,6.82595,6.58679,6.68644,57306,0
2014-03-05,17:00:00,6.70637,6.73626,6.62665,6.65654,67920,0
2014-03-05,18:00:00,6.66651,6.66651,6.61669,6.63662,90318,0
2014-03-05,19:00:00,6.64658,6.76616,6.63662,6.76616,214948,0
2014-03-05,20:00:00,6.76616,6.77612,6.75619,6.77612,157353,0
2014-03-05,21:00:00,6.77612,6.79605,6.76616,6.78609,256620,0
2014-03-05,22:00:00,6.78609,6.84588,6.78609,6.83591,539925,0
2014-03-06,16:00:00,6.85584,7.06511,6.78609,7.04518,493420,0
2014-03-06,17:00:00,7.04518,7.15479,7.02525,7.10497,387245,0
2014-03-06,18:00:00,7.095,7.15479,7.05514,7.07507,254961,0
2014-03-06,19:00:00,7.07507,7.095,7.06511,7.095,169768,0
2014-03-06,20:00:00,7.08504,7.12489,7.04518,7.08504,132998,0
2014-03-06,21:00:00,7.08504,7.08504,7.05514,7.07507,125248,0
2014-03-06,22:00:00,7.07507,7.095,7.05514,7.07507,423971,0
2014-03-07,16:00:00,7.08504,7.11493,6.94553,7.00532,162201,0
2014-03-07,17:00:00,7.00532,7.11493,6.99535,7.07507,170652,0
2014-03-07,18:00:00,7.07507,7.08504,7.06511,7.07507,260277,0
2014-03-07,19:00:00,7.06511,7.08504,7.05514,7.07507,139769,0
2014-03-07,20:00:00,7.07507,7.20461,7.05514,7.16475,378078,0
2014-03-07,21:00:00,7.16475,7.18468,7.11493,7.12489,134873,0
2014-03-07,22:00:00,7.13486,7.13486,7.07507,7.095,312941,0
2014-03-10,15:00:00,7.10497,7.18468,7.08504,7.17472,45128,0
2014-03-10,16:00:00,7.17472,7.17472,7.05514,7.05514,126778,0
2014-03-10,17:00:00,7.05514,7.08504,7.05514,7.06511,75328,0
2014-03-10,18:00:00,7.07507,7.11493,7.05514,7.11493,65328,0
2014-03-10,19:00:00,7.11493,7.12489,7.04518,7.095,65807,0
2014-03-10,20:00:00,7.08504,7.12489,7.07507,7.11493,51162,0
2014-03-10,21:00:00,7.11493,7.21458,7.095,7.17472,271336,0
2014-03-11,15:00:00,7.16475,7.25444,7.07507,7.10496,50138,0
2014-03-11,16:00:00,7.12489,7.18468,7.07507,7.15479,72420,0
2014-03-11,17:00:00,7.15479,7.23451,7.13486,7.20461,91301,0
2014-03-11,18:00:00,7.20461,7.21458,7.07507,7.095,134070,0
2014-03-11,19:00:00,7.095,7.12489,7.07507,7.10496,54051,0
2014-03-11,20:00:00,7.11493,7.11493,7.06511,7.07507,74579,0
2014-03-11,21:00:00,7.07507,7.095,7.05514,7.095,257835,0
2014-03-12,15:00:00,7.06,7.18,6.89,7.18,54713,0
2014-03-12,16:00:00,7.19,7.22,7.1,7.14,105507,0
2014-03-12,17:00:00,7.14,7.17,7.08,7.15,164345,0
2014-03-12,18:00:00,7.14,7.17,7.13,7.14,54542,0
2014-03-12,19:00:00,7.15,7.15,7.1,7.13,40060,0
2014-03-12,20:00:00,7.13,7.15,7.1,7.1,86266,0
2014-03-12,21:00:00,7.1,7.12,7.09,7.09,289924,0
2014-03-13,15:00:00,7.11,7.2,7.1,7.2,47583,0
2014-03-13,16:00:00,7.2,7.21,7.1,7.11,59929,0
2014-03-13,17:00:00,7.11,7.18,7.1,7.11,105172,0
2014-03-13,18:00:00,7.12,7.13,7.05,7.08,96813,0
2014-03-13,19:00:00,7.07,7.18,7.07,7.09,101874,0
2014-03-13,20:00:00,7.11,7.13,7.07,7.09,89348,0
2014-03-13,21:00:00,7.09,7.15,7.08,7.1,295645,0
2014-03-14,15:00:00,7.1,7.19,7.1,7.13,18615,0
2014-03-14,16:00:00,7.12,7.18,7.11,7.13,26647,0
2014-03-14,17:00:00,7.13,7.18,7.12,7.18,142666,0
2014-03-14,18:00:00,7.19,7.21,7.17,7.2,128339,0
2014-03-14,19:00:00,7.2,7.21,7.14,7.19,76162,0
2014-03-14,20:00:00,7.2,7.25,7.19,7.24,80894,0
2014-03-14,21:00:00,7.24,7.36,7.23,7.3,202933,0
2014-03-17,15:00:00,7.31,7.31,7.08,7.09,52137,0
2014-03-17,16:00:00,7.09,7.18,7.04,7.1,123815,0
2014-03-17,17:00:00,7.1,7.17,6.96,7.06,144923,0
2014-03-17,18:00:00,7.07,7.12,7.05,7.09,83047,0
2014-03-17,19:00:00,7.09,7.12,7.07,7.11,50395,0
2014-03-17,20:00:00,7.11,7.12,7.03,7.06,166865,0
2014-03-17,21:00:00,7.06,7.08,6.99,7.05,344033,0
2014-03-18,15:00:00,7.08,7.08,6.93,6.93,17226,0
2014-03-18,16:00:00,6.94,6.95,6.84,6.85,90306,0
2014-03-18,17:00:00,6.85,6.89,6.78,6.82,104485,0
2014-03-18,18:00:00,6.81,6.86,6.81,6.83,136184,0
2014-03-18,19:00:00,6.83,6.9,6.81,6.89,203937,0
2014-03-18,20:00:00,6.9,7.05,6.9,7.02,63609,0
2014-03-18,21:00:00,7.02,7.03,6.79,6.84,479446,0
2014-03-19,15:00:00,6.82,6.95,6.82,6.92,50262,0
2014-03-19,16:00:00,6.91,6.91,6.8,6.83,45694,0
2014-03-19,17:00:00,6.83,6.84,6.76,6.8,32085,0
2014-03-19,18:00:00,6.81,6.82,6.76,6.8,33859,0
2014-03-19,19:00:00,6.8,6.81,6.76,6.77,30496,0
2014-03-19,20:00:00,6.77,6.79,6.69,6.72,113180,0
2014-03-19,21:00:00,6.72,6.73,6.65,6.69,115414,0
2014-03-20,15:00:00,6.7,6.71,6.54,6.63,42863,0
2014-03-20,16:00:00,6.64,6.72,6.62,6.66,42796,0
2014-03-20,17:00:00,6.67,6.7,6.59,6.61,74536,0
2014-03-20,18:00:00,6.61,6.64,6.56,6.56,40566,0
2014-03-20,19:00:00,6.56,6.57,6.53,6.54,62134,0
2014-03-20,20:00:00,6.54,6.57,6.53,6.54,59391,0
2014-03-20,21:00:00,6.54,6.55,6.46,6.47,336994,0
2014-03-21,15:00:00,6.63,7.03,6.58,6.81,121218,0
2014-03-21,16:00:00,6.79,6.8,6.67,6.68,117207,0
2014-03-21,17:00:00,6.68,6.79,6.67,6.72,54892,0
2014-03-21,18:00:00,6.72,6.77,6.67,6.75,62239,0
2014-03-21,19:00:00,6.75,6.79,6.71,6.73,111011,0
2014-03-21,20:00:00,6.72,6.75,6.67,6.69,134601,0
2014-03-21,21:00:00,6.7,6.72,6.63,6.63,777104,0
2014-03-24,15:00:00,6.69,6.77,6.5,6.5,98325,0
2014-03-24,16:00:00,6.51,6.53,6.3,6.37,158461,0
2014-03-24,17:00:00,6.36,6.39,6.28,6.37,100723,0
2014-03-24,18:00:00,6.38,6.42,6.36,6.4,59889,0
2014-03-24,19:00:00,6.41,6.43,6.36,6.38,95208,0
2014-03-24,20:00:00,6.38,6.43,6.37,6.38,70361,0
2014-03-24,21:00:00,6.38,6.39,6.34,6.36,339238,0
2014-03-25,15:00:00,6.47,6.51,6.4,6.47,33436,0
2014-03-25,16:00:00,6.5,6.51,6.29,6.29,115094,0
2014-03-25,17:00:00,6.29,6.3,6.2,6.21,89936,0
2014-03-25,18:00:00,6.21,6.26,6.2,6.25,50977,0
2014-03-25,19:00:00,6.24,6.29,6.21,6.27,55678,0
2014-03-25,20:00:00,6.27,6.29,6.23,6.26,72999,0
2014-03-25,21:00:00,6.26,6.28,6.25,6.28,143252,0
2014-03-26,15:00:00,6.27,6.34,6.22,6.26,75590,0
2014-03-26,16:00:00,6.25,6.27,6.17,6.18,118239,0
2014-03-26,17:00:00,6.17,6.2,6.17,6.19,59449,0
2014-03-26,18:00:00,6.17,6.2,6.16,6.19,52526,0
2014-03-26,19:00:00,6.18,6.2,6.08,6.13,169333,0
2014-03-26,20:00:00,6.12,6.14,5.98,6.05,324525,0
2014-03-26,21:00:00,6.04,6.08,6.02,6.06,587257,0
2014-03-27,15:00:00,6.06,6.29,6.04,6.29,112122,0
2014-03-27,16:00:00,6.25,6.38,6.16,6.17,132129,0
2014-03-27,17:00:00,6.17,6.2,6.1,6.17,202108,0
2014-03-27,18:00:00,6.17,6.19,6.14,6.18,143926,0
2014-03-27,19:00:00,6.18,6.22,6.13,6.13,101783,0
2014-03-27,20:00:00,6.13,6.17,6.1,6.13,245984,0
2014-03-27,21:00:00,6.12,6.16,6.12,6.15,312798,0
2014-03-28,15:00:00,6.19,6.35,6.16,6.3,72068,0
2014-03-28,16:00:00,6.31,6.42,6.3,6.37,100105,0
2014-03-28,17:00:00,6.37,6.38,6.29,6.32,72543,0
2014-03-28,18:00:00,6.32,6.35,6.28,6.3,65121,0
2014-03-28,19:00:00,6.3,6.39,6.3,6.36,76982,0
2014-03-28,20:00:00,6.36,6.36,6.3,6.35,88366,0
2014-03-28,21:00:00,6.34,6.43,6.34,6.4,275382,0
2014-03-31,16:00:00,6.48,6.68,6.47,6.51,84842,0
2014-03-31,17:00:00,6.51,6.65,6.51,6.62,117832,0
2014-03-31,18:00:00,6.61,6.71,6.57,6.69,118463,0
2014-03-31,19:00:00,6.69,6.74,6.68,6.71,118172,0
2014-03-31,20:00:00,6.71,6.73,6.66,6.66,68929,0
2014-03-31,21:00:00,6.65,6.71,6.65,6.69,103761,0
2014-03-31,22:00:00,6.7,6.74,6.68,6.7,1419342,0
2014-04-01,16:00:00,6.69,6.75,6.65,6.72,39408,0
2014-04-01,17:00:00,6.73,6.77,6.71,6.72,40772,0
2014-04-01,18:00:00,6.72,6.73,6.65,6.66,76932,0
2014-04-01,19:00:00,6.66,6.69,6.65,6.68,42006,0
2014-04-01,20:00:00,6.67,6.68,6.62,6.66,26874,0
2014-04-01,21:00:00,6.66,6.67,6.6,6.64,73273,0
2014-04-01,22:00:00,6.63,6.66,6.59,6.65,136633,0
2014-04-02,16:00:00,6.63,6.68,6.6,6.62,31087,0
2014-04-02,17:00:00,6.62,6.64,6.59,6.61,24476,0
2014-04-02,18:00:00,6.61,6.62,6.58,6.61,23021,0
2014-04-02,19:00:00,6.6,6.61,6.59,6.6,22330,0
2014-04-02,20:00:00,6.6,6.6,6.55,6.56,37129,0
2014-04-02,21:00:00,6.57,6.59,6.56,6.59,23165,0
2014-04-02,22:00:00,6.6,6.6,6.58,6.59,37921,0
2014-04-03,16:00:00,6.53,6.56,6.43,6.47,92032,0
2014-04-03,17:00:00,6.46,6.46,6.28,6.29,139466,0
2014-04-03,18:00:00,6.3,6.3,6.22,6.23,96985,0
2014-04-03,19:00:00,6.22,6.26,6.18,6.21,70212,0
2014-04-03,20:00:00,6.22,6.22,6.18,6.2,101100,0
2014-04-03,21:00:00,6.19,6.3,6.14,6.29,153857,0
2014-04-03,22:00:00,6.28,6.32,6.26,6.29,292514,0
2014-04-04,16:00:00,6.36,6.43,6.34,6.41,92588,0
2014-04-04,17:00:00,6.4,6.47,6.31,6.36,131574,0
2014-04-04,18:00:00,6.37,6.37,6.16,6.25,89432,0
2014-04-04,19:00:00,6.23,6.32,6.18,6.3,125972,0
2014-04-04,20:00:00,6.31,6.33,6.2,6.21,77010,0
2014-04-04,21:00:00,6.2,6.23,6.16,6.2,74354,0
2014-04-04,22:00:00,6.2,6.26,6.19,6.21,220155,0
2014-04-07,16:00:00,6.17,6.2,6.05,6.12,58738,0
2014-04-07,17:00:00,6.12,6.14,5.93,5.95,200760,0
2014-04-07,18:00:00,5.94,5.97,5.88,5.92,98412,0
2014-04-07,19:00:00,5.92,5.96,5.92,5.95,59546,0
2014-04-07,20:00:00,5.95,5.96,5.9,5.92,69482,0
2014-04-07,21:00:00,5.93,5.97,5.9,5.94,53766,0
2014-04-07,22:00:00,5.94,5.97,5.9,5.96,274324,0
2014-04-08,16:00:00,5.95,6.11,5.9,5.92,56499,0
2014-04-08,17:00:00,5.93,5.97,5.87,5.92,78091,0
2014-04-08,18:00:00,5.93,6.02,5.92,5.99,113984,0
2014-04-08,19:00:00,5.99,6,5.96,5.97,47410,0
2014-04-08,20:00:00,5.96,6.03,5.95,5.96,48415,0
2014-04-08,21:00:00,5.96,6,5.93,5.98,72062,0
2014-04-08,22:00:00,5.98,6.03,5.97,6.02,206963,0
2014-04-09,16:00:00,6.06,6.21,6.05,6.11,47400,0
2014-04-09,17:00:00,6.08,6.17,6.07,6.16,113913,0
2014-04-09,18:00:00,6.16,6.16,6.1,6.12,50583,0
2014-04-09,19:00:00,6.13,6.13,6.1,6.11,52124,0
2014-04-09,20:00:00,6.11,6.12,6.1,6.12,36748,0
2014-04-09,21:00:00,6.12,6.18,6.09,6.09,71851,0
2014-04-09,22:00:00,6.09,6.12,6.09,6.12,220349,0
2014-04-10,16:00:00,6.11,6.2,6.11,6.13,35189,0
2014-04-10,17:00:00,6.14,6.14,6.06,6.06,105802,0
2014-04-10,18:00:00,6.06,6.11,6.02,6.09,102766,0
2014-04-10,19:00:00,6.1,6.12,6.04,6.09,57770,0
2014-04-10,20:00:00,6.09,6.12,6.05,6.06,82881,0
2014-04-10,21:00:00,6.06,6.07,6,6.02,109255,0
2014-04-10,22:00:00,6.01,6.02,5.97,5.98,224316,0
2014-04-11,16:00:00,5.94,6.08,5.9,6.02,48769,0
2014-04-11,17:00:00,6.02,6.04,5.95,6,46403,0
2014-04-11,18:00:00,5.99,6.02,5.97,5.99,33423,0
2014-04-11,19:00:00,5.99,6,5.97,5.99,30077,0
2014-04-11,20:00:00,5.99,6,5.96,5.97,54853,0
2014-04-11,21:00:00,5.97,5.98,5.9,5.94,183215,0
2014-04-11,22:00:00,5.93,5.94,5.9,5.93,136337,0
2014-04-14,16:00:00,5.92,5.96,5.69,5.78,105160,0
2014-04-14,17:00:00,5.75,5.94,5.75,5.94,102746,0
2014-04-14,18:00:00,5.94,6,5.93,5.94,100327,0
2014-04-14,19:00:00,5.94,5.95,5.93,5.93,25907,0
2014-04-14,20:00:00,5.93,5.94,5.88,5.89,43835,0
2014-04-14,21:00:00,5.88,5.9,5.86,5.87,46597,0
2014-04-14,22:00:00,5.86,5.88,5.82,5.88,266168,0
2014-04-15,16:00:00,5.85,5.91,5.79,5.79,46261,0
2014-04-15,17:00:00,5.79,5.79,5.6,5.61,284515,0
2014-04-15,18:00:00,5.61,5.69,5.6,5.61,183388,0
2014-04-15,19:00:00,5.61,5.61,5.5,5.5,158491,0
2014-04-15,20:00:00,5.5,5.58,5.48,5.57,161329,0
2014-04-15,21:00:00,5.57,5.61,5.54,5.58,121868,0
2014-04-15,22:00:00,5.57,5.72,5.55,5.66,355584,0
2014-04-16,16:00:00,5.71,5.78,5.64,5.66,34670,0
2014-04-16,17:00:00,5.65,5.66,5.52,5.53,89709,0
2014-04-16,18:00:00,5.53,5.6,5.5,5.57,34859,0
2014-04-16,19:00:00,5.58,5.61,5.55,5.55,45309,0
2014-04-16,20:00:00,5.55,5.61,5.53,5.59,65790,0
2014-04-16,21:00:00,5.59,5.66,5.56,5.66,134549,0
2014-04-16,22:00:00,5.66,5.7,5.63,5.7,92513,0
2014-04-17,16:00:00,5.72,5.79,5.63,5.65,18775,0
2014-04-17,17:00:00,5.66,5.75,5.62,5.66,31769,0
2014-04-17,18:00:00,5.68,5.72,5.6,5.62,33762,0
2014-04-17,19:00:00,5.62,5.64,5.59,5.62,24924,0
2014-04-17,20:00:00,5.63,5.68,5.62,5.67,27018,0
2014-04-17,21:00:00,5.67,5.71,5.67,5.68,15775,0
2014-04-17,22:00:00,5.69,5.72,5.65,5.65,112651,0
2014-04-21,16:00:00,5.63,5.69,5.58,5.58,28498,0
2014-04-21,17:00:00,5.59,5.62,5.51,5.55,60334,0
2014-04-21,18:00:00,5.55,5.64,5.54,5.63,118649,0
2014-04-21,19:00:00,5.62,5.66,5.61,5.64,43024,0
2014-04-21,20:00:00,5.65,5.66,5.65,5.65,17430,0
2014-04-21,21:00:00,5.65,5.66,5.65,5.65,21649,0
2014-04-21,22:00:00,5.65,5.67,5.64,5.66,129640,0
2014-04-22,16:00:00,5.65,5.66,5.5,5.5,153361,0
2014-04-22,17:00:00,5.5,5.52,5.4,5.41,222828,0
2014-04-22,18:00:00,5.41,5.43,5.35,5.37,192663,0
2014-04-22,19:00:00,5.37,5.47,5.36,5.46,140080,0
2014-04-22,20:00:00,5.46,5.54,5.46,5.52,60496,0
2014-04-22,21:00:00,5.52,5.56,5.52,5.54,75218,0
2014-04-22,22:00:00,5.53,5.6,5.5,5.6,260876,0
2014-04-23,16:00:00,5.58,5.62,5.5,5.52,18732,0
2014-04-23,17:00:00,5.51,5.56,5.48,5.55,28378,0
2014-04-23,18:00:00,5.55,5.61,5.53,5.6,38796,0
2014-04-23,19:00:00,5.6,5.6,5.57,5.58,61584,0
2014-04-23,20:00:00,5.57,5.58,5.56,5.56,37156,0
2014-04-23,21:00:00,5.56,5.57,5.53,5.54,65319,0
2014-04-23,22:00:00,5.55,5.56,5.51,5.52,507953,0
2014-04-24,16:00:00,5.56,5.56,5.41,5.46,22368,0
2014-04-24,17:00:00,5.46,5.53,5.4,5.49,42458,0
2014-04-24,18:00:00,5.49,5.57,5.48,5.49,34370,0
2014-04-24,19:00:00,5.49,5.52,5.49,5.51,29868,0
2014-04-24,20:00:00,5.52,5.52,5.46,5.48,36025,0
2014-04-24,21:00:00,5.48,5.5,5.47,5.48,24622,0
2014-04-24,22:00:00,5.48,5.49,5.47,5.48,64837,0
2014-04-25,16:00:00,5.48,5.48,5.33,5.33,73532,0
2014-04-25,17:00:00,5.34,5.37,5.3,5.34,47412,0
2014-04-25,18:00:00,5.33,5.36,5.29,5.35,44858,0
2014-04-25,19:00:00,5.35,5.41,5.34,5.35,87986,0
2014-04-25,20:00:00,5.36,5.39,5.33,5.34,35069,0
2014-04-25,21:00:00,5.35,5.36,5.3,5.32,79417,0
2014-04-25,22:00:00,5.32,5.36,5.32,5.33,147682,0
2014-04-28,16:00:00,5.38,5.41,5.27,5.32,20151,0
2014-04-28,17:00:00,5.33,5.38,5.3,5.32,78956,0
2014-04-28,18:00:00,5.33,5.34,5.25,5.25,114667,0
2014-04-28,19:00:00,5.25,5.3,5.24,5.25,61771,0
2014-04-28,20:00:00,5.25,5.26,5.2,5.22,103521,0
2014-04-28,21:00:00,5.21,5.28,5.2,5.24,38696,0
2014-04-28,22:00:00,5.24,5.3,5.2,5.27,195834,0
2014-04-29,16:00:00,5.3,5.36,5.25,5.25,51430,0
2014-04-29,17:00:00,5.26,5.38,5.23,5.35,145642,0
2014-04-29,18:00:00,5.33,5.33,5.21,5.21,79002,0
2014-04-29,19:00:00,5.23,5.27,5.22,5.24,59283,0
2014-04-29,20:00:00,5.24,5.3,5.21,5.26,134973,0
2014-04-29,21:00:00,5.26,5.26,5.22,5.23,90835,0
2014-04-29,22:00:00,5.23,5.27,5.21,5.24,486473,0
2014-04-30,16:00:00,5.23,5.24,5.17,5.19,56307,0
2014-04-30,17:00:00,5.19,5.27,5.17,5.27,48543,0
2014-04-30,18:00:00,5.27,5.28,5.2,5.21,44357,0
2014-04-30,19:00:00,5.2,5.22,5.2,5.2,81916,0
2014-04-30,20:00:00,5.2,5.22,5.2,5.21,18498,0
2014-04-30,21:00:00,5.21,5.27,5.2,5.22,101392,0
2014-04-30,22:00:00,5.22,5.35,5.22,5.31,397328,0
2014-05-01,16:00:00,5.32,5.35,5.24,5.3,23816,0
2014-05-01,17:00:00,5.3,5.38,5.28,5.36,44184,0
2014-05-01,18:00:00,5.37,5.46,5.35,5.41,48759,0
2014-05-01,19:00:00,5.42,5.49,5.42,5.49,59224,0
2014-05-01,20:00:00,5.49,5.49,5.38,5.38,61479,0
2014-05-01,21:00:00,5.38,5.43,5.34,5.36,47447,0
2014-05-01,22:00:00,5.36,5.42,5.33,5.41,130743,0
2014-05-02,16:00:00,5.44,5.46,5.39,5.43,30714,0
2014-05-02,17:00:00,5.43,5.48,5.38,5.45,40275,0
2014-05-02,18:00:00,5.45,5.47,5.41,5.45,48818,0
2014-05-02,19:00:00,5.45,5.45,5.39,5.44,20116,0
2014-05-02,20:00:00,5.43,5.44,5.37,5.4,32847,0
2014-05-02,21:00:00,5.4,5.42,5.38,5.4,31067,0
2014-05-02,22:00:00,5.39,5.43,5.39,5.42,168474,0
2014-05-05,16:00:00,5.41,5.43,5.31,5.37,33865,0
2014-05-05,17:00:00,5.38,5.48,5.37,5.44,30282,0
2014-05-05,18:00:00,5.44,5.45,5.41,5.44,35717,0
2014-05-05,19:00:00,5.45,5.46,5.41,5.42,55077,0
2014-05-05,20:00:00,5.42,5.43,5.37,5.4,32913,0
2014-05-05,21:00:00,5.41,5.47,5.38,5.47,35502,0
2014-05-05,22:00:00,5.46,5.48,5.44,5.44,82723,0
2014-05-06,16:00:00,5.41,5.43,5.31,5.32,19456,0
2014-05-06,17:00:00,5.33,5.36,5.3,5.31,34363,0
2014-05-06,18:00:00,5.3,5.33,5.29,5.31,51186,0
2014-05-06,19:00:00,5.31,5.34,5.29,5.31,28499,0
2014-05-06,20:00:00,5.31,5.31,5.26,5.28,38453,0
2014-05-06,21:00:00,5.27,5.29,5.25,5.26,61692,0
2014-05-06,22:00:00,5.26,5.31,5.25,5.28,268333,0
2014-05-07,16:00:00,5.29,5.29,5.25,5.25,25421,0
2014-05-07,17:00:00,5.25,5.27,5.17,5.18,80159,0
2014-05-07,18:00:00,5.19,5.24,5.16,5.23,31212,0
2014-05-07,19:00:00,5.24,5.26,5.2,5.22,94532,0
2014-05-07,20:00:00,5.21,5.24,5.17,5.2,42877,0
2014-05-07,21:00:00,5.19,5.26,5.19,5.23,28447,0
2014-05-07,22:00:00,5.23,5.32,5.22,5.3,142274,0
