Date,Time,Open,High,Low,Close,Volume,OpenInt
2014-02-10,16:00:00,10.726,10.746,10.726,10.746,5271,0
2014-02-10,17:00:00,10.746,10.746,10.746,10.746,1777,0
2014-02-10,18:00:00,10.746,10.746,10.726,10.736,2683,0
2014-02-10,19:00:00,10.726,10.746,10.726,10.746,1328,0
2014-02-10,20:00:00,10.746,10.746,10.697,10.726,15008,0
2014-02-10,21:00:00,10.736,10.755,10.716,10.755,9146,0
2014-02-10,22:00:00,10.755,10.775,10.746,10.765,12028,0
2014-02-11,16:00:00,10.775,10.794,10.775,10.794,3270,0
2014-02-11,17:00:00,10.785,10.794,10.765,10.775,7690,0
2014-02-11,18:00:00,10.775,10.775,10.775,10.775,1277,0
2014-02-11,19:00:00,10.775,10.775,10.755,10.775,4645,0
2014-02-11,20:00:00,10.775,10.775,10.775,10.775,613,0
2014-02-11,21:00:00,10.765,10.804,10.765,10.804,10010,0
2014-02-11,22:00:00,10.804,10.863,10.794,10.853,30463,0
2014-02-12,16:00:00,10.853,10.873,10.824,10.824,6362,0
2014-02-12,17:00:00,10.824,10.834,10.804,10.814,2877,0
2014-02-12,18:00:00,10.814,10.814,10.785,10.785,7996,0
2014-02-12,19:00:00,10.804,10.804,10.775,10.775,713,0
2014-02-12,20:00:00,10.794,10.794,10.794,10.794,103,0
2014-02-12,21:00:00,10.794,10.804,10.765,10.765,11036,0
2014-02-12,22:00:00,10.785,10.794,10.765,10.785,4794,0
2014-02-13,16:00:00,10.706,10.716,10.618,10.716,25168,0
2014-02-13,17:00:00,10.716,10.726,10.716,10.726,1022,0
2014-02-13,18:00:00,10.716,10.736,10.716,10.736,5801,0
2014-02-13,19:00:00,10.716,10.726,10.716,10.716,9017,0
2014-02-13,20:00:00,10.716,10.726,10.716,10.726,5652,0
2014-02-13,21:00:00,10.726,10.726,10.716,10.726,3990,0
2014-02-13,22:00:00,10.726,10.755,10.706,10.746,7859,0
2014-02-14,16:00:00,10.755,10.755,10.726,10.726,513,0
2014-02-14,17:00:00,10.765,10.765,10.726,10.765,7516,0
2014-02-14,18:00:00,10.765,10.765,10.746,10.755,1716,0
2014-02-14,19:00:00,10.746,10.765,10.746,10.755,4648,0
2014-02-14,20:00:00,10.755,10.765,10.736,10.755,4909,0
2014-02-14,21:00:00,10.736,10.755,10.726,10.736,4751,0
2014-02-14,22:00:00,10.736,10.765,10.726,10.765,2893,0
2014-02-18,16:00:00,10.765,10.765,10.726,10.726,11223,0
2014-02-18,17:00:00,10.736,10.765,10.726,10.765,3823,0
2014-02-18,18:00:00,10.746,10.775,10.746,10.755,3783,0
2014-02-18,19:00:00,10.755,10.775,10.755,10.775,1858,0
2014-02-18,20:00:00,10.775,10.775,10.765,10.775,1717,0
2014-02-18,21:00:00,10.775,10.775,10.736,10.746,3466,0
2014-02-18,22:00:00,10.765,10.765,10.746,10.755,5138,0
2014-02-19,16:00:00,10.787,10.797,10.748,10.797,7017,0
2014-02-19,17:00:00,10.787,10.807,10.768,10.807,6908,0
2014-02-19,18:00:00,10.807,10.807,10.777,10.797,6260,0
2014-02-19,19:00:00,10.797,10.797,10.787,10.787,4705,0
2014-02-19,20:00:00,10.768,10.787,10.748,10.787,16414,0
2014-02-19,21:00:00,10.758,10.768,10.758,10.768,912,0
2014-02-19,22:00:00,10.768,10.768,10.718,10.728,3821,0
2014-02-20,16:00:00,10.758,10.758,10.758,10.758,202,0
2014-02-20,17:00:00,10.748,10.758,10.738,10.748,1927,0
2014-02-20,18:00:00,10.748,10.748,10.708,10.718,14199,0
2014-02-20,19:00:00,10.718,10.718,10.708,10.718,1940,0
2014-02-20,20:00:00,10.718,10.718,10.699,10.699,4201,0
2014-02-20,21:00:00,10.699,10.718,10.699,10.708,5630,0
2014-02-20,22:00:00,10.708,10.718,10.708,10.718,6270,0
2014-02-21,16:00:00,10.738,10.758,10.728,10.748,1552,0
2014-02-21,17:00:00,10.728,10.787,10.728,10.777,5274,0
2014-02-21,18:00:00,10.777,10.797,10.748,10.758,7838,0
2014-02-21,19:00:00,10.777,10.797,10.748,10.797,5997,0
2014-02-21,20:00:00,10.777,10.777,10.748,10.777,9073,0
2014-02-21,21:00:00,10.758,10.758,10.748,10.748,1674,0
2014-02-21,22:00:00,10.787,10.787,10.787,10.787,202,0
2014-02-24,16:00:00,10.758,10.817,10.758,10.797,10099,0
2014-02-24,17:00:00,10.797,10.797,10.768,10.797,5485,0
2014-02-24,18:00:00,10.797,10.817,10.787,10.797,3346,0
2014-02-24,19:00:00,10.797,10.797,10.787,10.787,3488,0
2014-02-24,20:00:00,10.768,10.768,10.768,10.768,202,0
2014-02-24,21:00:00,10.777,10.777,10.748,10.758,7937,0
2014-02-24,22:00:00,10.758,10.768,10.748,10.758,11561,0
2014-02-25,16:00:00,10.787,10.797,10.777,10.787,6803,0
2014-02-25,17:00:00,10.787,10.807,10.777,10.807,14205,0
2014-02-25,18:00:00,10.797,10.807,10.777,10.807,3955,0
2014-02-25,19:00:00,10.797,10.807,10.787,10.807,4870,0
2014-02-25,20:00:00,10.807,10.817,10.797,10.807,8251,0
2014-02-25,21:00:00,10.807,10.807,10.797,10.807,1418,0
2014-02-25,22:00:00,10.797,10.807,10.777,10.807,5745,0
2014-02-26,16:00:00,10.807,10.807,10.797,10.807,5663,0
2014-02-26,17:00:00,10.787,10.807,10.787,10.797,2979,0
2014-02-26,18:00:00,10.787,10.787,10.777,10.787,2306,0
2014-02-26,19:00:00,10.787,10.787,10.768,10.768,1121,0
2014-02-26,20:00:00,10.777,10.807,10.777,10.807,4376,0
2014-02-26,21:00:00,10.817,10.817,10.817,10.817,406,0
2014-02-26,22:00:00,10.817,10.817,10.807,10.817,4138,0
2014-02-27,16:00:00,10.856,10.856,10.837,10.837,3252,0
2014-02-27,17:00:00,10.837,10.837,10.807,10.807,3122,0
2014-02-27,18:00:00,10.817,10.817,10.807,10.817,3753,0
2014-02-27,19:00:00,10.817,10.817,10.807,10.807,2477,0
2014-02-27,20:00:00,10.817,10.837,10.807,10.837,6062,0
2014-02-27,21:00:00,10.847,10.847,10.827,10.847,4462,0
2014-02-27,22:00:00,10.847,10.866,10.847,10.866,1881,0
2014-02-28,16:00:00,10.896,10.896,10.847,10.896,8462,0
2014-02-28,17:00:00,10.896,10.896,10.866,10.876,3317,0
2014-02-28,18:00:00,10.866,10.866,10.827,10.856,6193,0
2014-02-28,19:00:00,10.856,10.866,10.856,10.866,1217,0
2014-02-28,20:00:00,10.856,10.856,10.856,10.856,756,0
2014-02-28,21:00:00,10.856,10.916,10.856,10.876,8540,0
2014-02-28,22:00:00,10.876,10.896,10.856,10.856,15332,0
2014-03-03,16:00:00,10.817,10.827,10.797,10.817,7150,0
2014-03-03,17:00:00,10.827,10.827,10.807,10.827,9386,0
2014-03-03,18:00:00,10.817,10.856,10.797,10.797,26589,0
2014-03-03,19:00:00,10.797,10.827,10.797,10.827,13691,0
2014-03-03,20:00:00,10.827,10.837,10.817,10.827,3651,0
2014-03-03,21:00:00,10.827,10.837,10.777,10.817,13478,0
2014-03-03,22:00:00,10.817,10.837,10.817,10.827,2996,0
2014-03-04,16:00:00,10.896,10.896,10.886,10.896,4055,0
2014-03-04,17:00:00,10.886,10.886,10.886,10.886,1014,0
2014-03-04,18:00:00,10.886,10.886,10.886,10.886,1419,0
2014-03-04,19:00:00,10.896,10.896,10.886,10.896,3915,0
2014-03-04,20:00:00,10.886,10.896,10.886,10.886,10184,0
2014-03-04,21:00:00,10.896,10.906,10.886,10.886,2536,0
2014-03-04,22:00:00,10.886,10.925,10.886,10.906,17046,0
2014-03-05,16:00:00,10.856,10.876,10.847,10.847,522,0
2014-03-05,17:00:00,10.847,10.886,10.847,10.876,2636,0
2014-03-05,18:00:00,10.896,10.935,10.896,10.916,11409,0
2014-03-05,19:00:00,10.906,10.916,10.896,10.896,4197,0
2014-03-05,20:00:00,10.916,10.916,10.896,10.896,4257,0
2014-03-05,21:00:00,10.906,10.906,10.896,10.906,6090,0
2014-03-05,22:00:00,10.906,10.935,10.906,10.935,5049,0
2014-03-06,16:00:00,10.916,10.916,10.916,10.916,1014,0
2014-03-06,17:00:00,10.925,10.925,10.916,10.916,3845,0
2014-03-06,18:00:00,10.916,10.916,10.916,10.916,2231,0
2014-03-06,20:00:00,10.906,10.925,10.906,10.916,10531,0
2014-03-06,21:00:00,10.916,10.925,10.916,10.925,3955,0
2014-03-06,22:00:00,10.925,10.925,10.886,10.916,5241,0
2014-03-07,16:00:00,10.906,10.916,10.847,10.876,7099,0
2014-03-07,17:00:00,10.837,10.847,10.817,10.847,5233,0
2014-03-07,18:00:00,10.847,10.847,10.817,10.827,2546,0
2014-03-07,19:00:00,10.827,10.876,10.827,10.866,7980,0
2014-03-07,20:00:00,10.856,10.856,10.856,10.856,304,0
2014-03-07,21:00:00,10.856,10.856,10.847,10.856,5912,0
2014-03-07,22:00:00,10.837,10.896,10.837,10.896,18291,0
2014-03-10,15:00:00,10.866,10.866,10.866,10.866,606,0
2014-03-10,16:00:00,10.856,10.866,10.856,10.866,304,0
2014-03-10,17:00:00,10.866,10.866,10.847,10.856,7312,0
2014-03-10,18:00:00,10.837,10.847,10.837,10.847,912,0
2014-03-10,19:00:00,10.837,10.837,10.837,10.837,508,0
2014-03-10,20:00:00,10.847,10.847,10.847,10.847,1537,0
2014-03-10,21:00:00,10.847,10.847,10.847,10.847,2837,0
2014-03-11,15:00:00,10.876,10.876,10.876,10.876,2768,0
2014-03-11,16:00:00,10.866,10.876,10.866,10.866,2798,0
2014-03-11,17:00:00,10.866,10.866,10.837,10.866,3413,0
2014-03-11,18:00:00,10.847,10.856,10.837,10.837,7620,0
2014-03-11,19:00:00,10.837,10.837,10.837,10.837,4052,0
2014-03-11,20:00:00,10.837,10.837,10.837,10.837,1505,0
2014-03-11,21:00:00,10.847,10.847,10.817,10.837,10389,0
2014-03-12,15:00:00,10.827,10.827,10.827,10.827,1217,0
2014-03-12,16:00:00,10.837,10.886,10.837,10.876,2777,0
2014-03-12,17:00:00,10.876,10.876,10.876,10.876,1217,0
2014-03-12,18:00:00,10.856,10.896,10.856,10.896,15886,0
2014-03-12,19:00:00,10.876,10.896,10.876,10.876,1941,0
2014-03-12,20:00:00,10.876,10.876,10.866,10.866,1653,0
2014-03-12,21:00:00,10.876,10.876,10.866,10.866,7112,0
2014-03-13,15:00:00,10.886,10.896,10.876,10.896,2941,0
2014-03-13,16:00:00,10.906,10.906,10.886,10.886,2085,0
2014-03-13,17:00:00,10.886,10.886,10.866,10.866,4522,0
2014-03-13,18:00:00,10.847,10.847,10.847,10.847,304,0
2014-03-13,19:00:00,10.827,10.837,10.807,10.827,14737,0
2014-03-13,20:00:00,10.817,10.817,10.817,10.817,812,0
2014-03-13,21:00:00,10.797,10.827,10.787,10.827,7143,0
2014-03-14,15:00:00,10.847,10.847,10.847,10.847,202,0
2014-03-14,16:00:00,10.847,10.847,10.827,10.827,2214,0
2014-03-14,17:00:00,10.817,10.817,10.797,10.807,7004,0
2014-03-14,18:00:00,10.807,10.817,10.807,10.807,912,0
2014-03-14,19:00:00,10.797,10.817,10.797,10.817,2434,0
2014-03-14,21:00:00,10.827,10.827,10.827,10.827,376,0
2014-03-17,15:00:00,10.837,10.837,10.837,10.837,1014,0
2014-03-17,16:00:00,10.866,10.866,10.817,10.817,5537,0
2014-03-17,17:00:00,10.817,10.817,10.817,10.817,508,0
2014-03-17,18:00:00,10.817,10.817,10.807,10.807,1179,0
2014-03-17,19:00:00,10.797,10.807,10.797,10.797,1233,0
2014-03-17,20:00:00,10.797,10.797,10.797,10.797,828,0
2014-03-17,21:00:00,10.787,10.797,10.777,10.777,8898,0
2014-03-18,15:00:00,10.797,10.817,10.797,10.817,2961,0
2014-03-18,16:00:00,10.827,10.837,10.827,10.837,711,0
2014-03-18,17:00:00,10.827,10.847,10.827,10.847,3619,0
2014-03-18,18:00:00,10.847,10.847,10.827,10.847,1428,0
2014-03-18,19:00:00,10.827,10.837,10.827,10.837,371,0
2014-03-18,20:00:00,10.856,10.856,10.837,10.856,2589,0
2014-03-18,21:00:00,10.827,10.847,10.827,10.827,2559,0
2014-03-19,15:00:00,10.874,10.884,10.874,10.874,2417,0
2014-03-19,16:00:00,10.894,10.894,10.844,10.884,6662,0
2014-03-19,17:00:00,10.844,10.854,10.844,10.854,881,0
2014-03-19,18:00:00,10.864,10.874,10.844,10.854,5035,0
2014-03-19,19:00:00,10.854,10.854,10.844,10.844,1385,0
2014-03-19,20:00:00,10.844,10.864,10.834,10.854,2477,0
2014-03-19,21:00:00,10.834,10.834,10.824,10.834,4692,0
2014-03-20,15:00:00,10.844,10.844,10.834,10.844,1434,0
2014-03-20,16:00:00,10.824,10.844,10.824,10.844,513,0
2014-03-20,17:00:00,10.824,10.834,10.824,10.824,3021,0
2014-03-20,18:00:00,10.814,10.814,10.795,10.804,7044,0
2014-03-20,19:00:00,10.804,10.804,10.804,10.804,1214,0
2014-03-20,20:00:00,10.795,10.795,10.785,10.785,9250,0
2014-03-20,21:00:00,10.785,10.814,10.785,10.814,2895,0
2014-03-21,15:00:00,10.804,10.804,10.804,10.804,101,0
2014-03-21,16:00:00,10.804,10.814,10.804,10.814,3323,0
2014-03-21,17:00:00,10.804,10.814,10.804,10.804,1755,0
2014-03-21,18:00:00,10.814,10.814,10.795,10.804,2190,0
2014-03-21,19:00:00,10.795,10.804,10.785,10.804,4070,0
2014-03-21,20:00:00,10.785,10.785,10.785,10.785,2859,0
2014-03-21,21:00:00,10.804,10.804,10.785,10.785,1879,0
2014-03-24,15:00:00,10.795,10.814,10.785,10.804,5507,0
2014-03-24,16:00:00,10.785,10.785,10.775,10.775,6010,0
2014-03-24,17:00:00,10.775,10.775,10.765,10.775,7156,0
2014-03-24,18:00:00,10.765,10.765,10.735,10.765,16239,0
2014-03-24,19:00:00,10.765,10.765,10.765,10.765,11630,0
2014-03-24,20:00:00,10.765,10.775,10.765,10.765,11681,0
2014-03-24,21:00:00,10.765,10.785,10.765,10.775,4028,0
2014-03-25,15:00:00,10.775,10.785,10.755,10.785,6950,0
2014-03-25,16:00:00,10.785,10.785,10.755,10.765,11926,0
2014-03-25,17:00:00,10.785,10.785,10.775,10.775,13898,0
2014-03-25,18:00:00,10.785,10.785,10.785,10.785,3829,0
2014-03-25,19:00:00,10.785,10.795,10.775,10.785,15827,0
2014-03-25,20:00:00,10.795,10.795,10.775,10.785,8960,0
2014-03-25,21:00:00,10.795,10.795,10.785,10.785,3276,0
2014-03-26,15:00:00,10.795,10.864,10.785,10.854,22502,0
2014-03-26,16:00:00,10.844,10.864,10.844,10.854,2293,0
2014-03-26,17:00:00,10.854,10.864,10.844,10.854,2679,0
2014-03-26,18:00:00,10.844,10.844,10.844,10.844,308,0
2014-03-26,19:00:00,10.844,10.844,10.844,10.844,655,0
2014-03-26,20:00:00,10.844,10.854,10.844,10.844,1914,0
2014-03-26,21:00:00,10.854,10.854,10.834,10.834,2260,0
2014-03-27,15:00:00,10.854,10.864,10.854,10.864,3026,0
2014-03-27,16:00:00,10.874,10.874,10.874,10.874,1813,0
2014-03-27,17:00:00,10.884,10.884,10.884,10.884,3323,0
2014-03-27,18:00:00,10.884,10.884,10.874,10.874,3985,0
2014-03-27,19:00:00,10.874,10.884,10.854,10.854,2522,0
2014-03-27,20:00:00,10.854,10.854,10.834,10.834,2928,0
2014-03-27,21:00:00,10.834,10.844,10.804,10.804,8702,0
2014-03-28,15:00:00,10.864,10.884,10.814,10.874,7702,0
2014-03-28,16:00:00,10.874,10.884,10.864,10.884,4643,0
2014-03-28,17:00:00,10.894,10.894,10.874,10.894,7012,0
2014-03-28,18:00:00,10.894,10.894,10.874,10.884,11603,0
2014-03-28,19:00:00,10.904,10.904,10.884,10.904,933,0
2014-03-28,20:00:00,10.904,10.904,10.884,10.884,4140,0
2014-03-28,21:00:00,10.894,10.894,10.894,10.894,858,0
2014-03-31,16:00:00,10.914,10.914,10.894,10.914,2819,0
2014-03-31,17:00:00,10.914,10.914,10.884,10.894,8833,0
2014-03-31,18:00:00,10.884,10.884,10.884,10.884,1714,0
2014-03-31,19:00:00,10.894,10.894,10.874,10.884,898,0
2014-03-31,20:00:00,10.894,10.894,10.874,10.894,3661,0
2014-03-31,21:00:00,10.894,10.894,10.894,10.894,6759,0
2014-03-31,22:00:00,10.884,10.884,10.884,10.884,910,0
2014-04-01,16:00:00,10.894,10.943,10.894,10.943,33816,0
2014-04-01,17:00:00,10.934,10.943,10.924,10.924,3130,0
2014-04-01,18:00:00,10.904,10.904,10.904,10.904,1108,0
2014-04-01,19:00:00,10.904,10.914,10.904,10.914,1418,0
2014-04-01,20:00:00,10.904,10.904,10.904,10.904,1591,0
2014-04-01,21:00:00,10.904,10.914,10.904,10.904,4452,0
2014-04-01,22:00:00,10.914,10.993,10.914,10.963,23754,0
2014-04-02,16:00:00,10.943,10.963,10.943,10.953,2342,0
2014-04-02,17:00:00,10.943,10.953,10.943,10.943,1411,0
2014-04-02,18:00:00,10.934,10.943,10.934,10.934,1308,0
2014-04-02,19:00:00,10.943,10.943,10.934,10.934,2767,0
2014-04-02,20:00:00,10.934,10.934,10.934,10.934,404,0
2014-04-02,21:00:00,10.943,10.943,10.934,10.934,5335,0
2014-04-02,22:00:00,10.934,10.934,10.934,10.934,3035,0
2014-04-03,16:00:00,10.963,10.963,10.934,10.943,1674,0
2014-04-03,17:00:00,10.943,10.953,10.943,10.943,8470,0
2014-04-03,18:00:00,10.943,10.953,10.943,10.953,2751,0
2014-04-03,19:00:00,10.943,10.943,10.943,10.943,3626,0
2014-04-03,20:00:00,10.943,10.943,10.943,10.943,1107,0
2014-04-03,21:00:00,10.953,10.963,10.943,10.953,6385,0
2014-04-03,22:00:00,10.963,10.963,10.934,10.953,4656,0
2014-04-04,16:00:00,11.023,11.023,11.023,11.023,807,0
2014-04-04,17:00:00,11.013,11.013,10.983,10.983,2941,0
2014-04-04,18:00:00,10.983,10.993,10.983,10.983,1490,0
2014-04-04,19:00:00,10.973,10.973,10.973,10.973,101,0
2014-04-04,20:00:00,10.993,10.993,10.983,10.983,5891,0
2014-04-04,21:00:00,10.973,10.973,10.973,10.973,101,0
2014-04-04,22:00:00,10.973,10.983,10.973,10.983,2385,0
2014-04-07,16:00:00,10.983,10.983,10.963,10.973,2152,0
2014-04-07,17:00:00,10.983,11.003,10.973,10.993,5196,0
2014-04-07,18:00:00,10.993,11.013,10.993,11.013,1902,0
2014-04-07,19:00:00,10.993,11.013,10.993,11.003,1630,0
2014-04-07,20:00:00,11.013,11.013,11.013,11.013,3709,0
2014-04-07,21:00:00,11.003,11.023,11.003,11.023,21883,0
2014-04-07,22:00:00,11.043,11.043,11.023,11.033,1683,0
2014-04-08,16:00:00,11.033,11.043,11.013,11.033,5507,0
2014-04-08,17:00:00,11.033,11.053,11.023,11.053,17608,0
2014-04-08,18:00:00,11.053,11.053,11.033,11.053,2319,0
2014-04-08,19:00:00,11.043,11.053,11.043,11.053,4730,0
2014-04-08,20:00:00,11.053,11.053,11.053,11.053,705,0
2014-04-08,21:00:00,11.053,11.053,11.043,11.053,3447,0
2014-04-08,22:00:00,11.053,11.063,11.053,11.063,3632,0
2014-04-09,16:00:00,11.063,11.073,11.063,11.073,5927,0
2014-04-09,17:00:00,11.073,11.073,11.063,11.063,1439,0
2014-04-09,18:00:00,11.063,11.063,11.063,11.063,5288,0
2014-04-09,19:00:00,11.073,11.073,11.053,11.073,1912,0
2014-04-09,20:00:00,11.063,11.063,11.063,11.063,6708,0
2014-04-09,21:00:00,11.063,11.082,11.063,11.082,7674,0
2014-04-09,22:00:00,11.082,11.102,11.073,11.102,15805,0
2014-04-10,16:00:00,11.082,11.112,11.082,11.112,7222,0
2014-04-10,17:00:00,11.112,11.122,11.092,11.102,6596,0
2014-04-10,18:00:00,11.112,11.112,11.082,11.082,6279,0
2014-04-10,20:00:00,11.092,11.102,11.092,11.102,2205,0
2014-04-10,21:00:00,11.092,11.102,11.082,11.102,1859,0
2014-04-10,22:00:00,11.082,11.092,11.082,11.082,1637,0
2014-04-11,16:00:00,11.082,11.291,11.063,11.132,9220,0
2014-04-11,17:00:00,11.112,11.122,11.082,11.082,4858,0
2014-04-11,18:00:00,11.082,11.082,11.082,11.082,1149,0
2014-04-11,19:00:00,11.082,11.082,11.082,11.082,2350,0
2014-04-11,20:00:00,11.073,11.082,11.073,11.082,3497,0
2014-04-11,21:00:00,11.082,11.092,11.082,11.082,5937,0
2014-04-11,22:00:00,11.092,11.092,11.092,11.092,4337,0
2014-04-14,16:00:00,11.102,11.102,11.102,11.102,1187,0
2014-04-14,17:00:00,11.092,11.112,11.092,11.102,5584,0
2014-04-14,18:00:00,11.102,11.102,11.073,11.073,9358,0
2014-04-14,19:00:00,11.073,11.082,11.073,11.073,1907,0
2014-04-14,20:00:00,11.082,11.082,11.063,11.063,4808,0
2014-04-14,21:00:00,11.073,11.082,11.063,11.082,2372,0
2014-04-14,22:00:00,11.063,11.082,11.053,11.082,8730,0
2014-04-15,16:00:00,11.13,11.14,11.1,11.1,859,0
2014-04-15,17:00:00,11.09,11.1,11.05,11.06,7844,0
2014-04-15,18:00:00,11.07,11.08,11.05,11.06,2846,0
2014-04-15,19:00:00,11.04,11.06,11.04,11.05,2761,0
2014-04-15,20:00:00,11.05,11.05,11.01,11.02,26024,0
2014-04-15,21:00:00,11.02,11.02,11.02,11.02,1000,0
2014-04-15,22:00:00,11.04,11.05,11.04,11.04,2915,0
2014-04-16,16:00:00,11.06,11.07,11.06,11.07,400,0
2014-04-16,17:00:00,11.06,11.06,11.05,11.06,1830,0
2014-04-16,18:00:00,11.04,11.04,11.04,11.04,3034,0
2014-04-16,19:00:00,11.05,11.06,11.04,11.04,3529,0
2014-04-16,20:00:00,11.06,11.06,11.04,11.04,400,0
2014-04-16,22:00:00,11.06,11.06,11.03,11.03,3669,0
2014-04-17,16:00:00,11.03,11.03,11.03,11.03,1800,0
2014-04-17,17:00:00,11.05,11.05,11.05,11.05,800,0
2014-04-17,18:00:00,11.06,11.06,11.03,11.04,4300,0
2014-04-17,19:00:00,11.05,11.05,11.05,11.05,2500,0
2014-04-17,20:00:00,11.06,11.07,11.06,11.07,8644,0
2014-04-17,21:00:00,11.07,11.07,11.07,11.07,4777,0
2014-04-17,22:00:00,11.08,11.08,11.07,11.08,2912,0
2014-04-21,16:00:00,11.08,11.14,11.08,11.08,4968,0
2014-04-21,17:00:00,11.09,11.09,11.08,11.09,1200,0
2014-04-21,18:00:00,11.09,11.09,11.09,11.09,3000,0
2014-04-21,19:00:00,11.09,11.09,11.08,11.08,3072,0
2014-04-21,20:00:00,11.09,11.13,11.09,11.13,21294,0
2014-04-21,21:00:00,11.11,11.11,11.11,11.11,1000,0
2014-04-21,22:00:00,11.12,11.13,11.09,11.13,7378,0
2014-04-22,16:00:00,11.17,11.18,11.09,11.12,12183,0
2014-04-22,17:00:00,11.12,11.12,11.11,11.12,4028,0
2014-04-22,18:00:00,11.13,11.15,11.12,11.15,4455,0
2014-04-22,19:00:00,11.15,11.16,11.15,11.16,6770,0
2014-04-22,20:00:00,11.16,11.17,11.16,11.17,6373,0
2014-04-22,21:00:00,11.16,11.17,11.16,11.17,15333,0
2014-04-22,22:00:00,11.16,11.17,11.16,11.16,11345,0
2014-04-23,16:00:00,11.13,11.16,11.13,11.16,3122,0
2014-04-23,17:00:00,11.15,11.16,11.15,11.16,10240,0
2014-04-23,18:00:00,11.16,11.17,11.16,11.16,3690,0
2014-04-23,19:00:00,11.16,11.17,11.16,11.17,2492,0
2014-04-23,20:00:00,11.17,11.17,11.15,11.17,2374,0
2014-04-23,21:00:00,11.17,11.17,11.15,11.15,6051,0
2014-04-23,22:00:00,11.16,11.16,11.14,11.16,3936,0
2014-04-24,16:00:00,11.11,11.15,11.11,11.12,4277,0
2014-04-24,17:00:00,11.14,11.15,11.14,11.14,3540,0
2014-04-24,18:00:00,11.15,11.15,11.14,11.15,1300,0
2014-04-24,19:00:00,11.15,11.16,11.15,11.15,4400,0
2014-04-24,20:00:00,11.15,11.16,11.15,11.16,2136,0
2014-04-24,21:00:00,11.16,11.16,11.15,11.15,1473,0
2014-04-24,22:00:00,11.16,11.16,11.16,11.16,1498,0
2014-04-25,16:00:00,11.15,11.2,11.15,11.18,3242,0
2014-04-25,17:00:00,11.17,11.2,11.17,11.2,6025,0
2014-04-25,18:00:00,11.19,11.21,11.19,11.21,4949,0
2014-04-25,19:00:00,11.2,11.2,11.2,11.2,4860,0
2014-04-25,20:00:00,11.2,11.2,11.2,11.2,670,0
2014-04-25,21:00:00,11.2,11.2,11.2,11.2,2564,0
2014-04-25,22:00:00,11.2,11.22,11.2,11.22,4012,0
2014-04-28,16:00:00,11.21,11.22,11.21,11.22,3461,0
2014-04-28,17:00:00,11.22,11.22,11.2,11.2,5671,0
2014-04-28,18:00:00,11.2,11.21,11.19,11.21,1250,0
2014-04-28,19:00:00,11.21,11.22,11.21,11.22,3700,0
2014-04-28,20:00:00,11.21,11.22,11.21,11.22,1450,0
2014-04-28,21:00:00,11.22,11.23,11.19,11.22,11120,0
2014-04-28,22:00:00,11.2,11.22,11.2,11.22,5543,0
2014-04-29,16:00:00,11.16,11.25,11.16,11.23,5313,0
2014-04-29,17:00:00,11.23,11.23,11.2,11.23,1907,0
2014-04-29,18:00:00,11.24,11.24,11.21,11.21,3664,0
2014-04-29,19:00:00,11.23,11.23,11.22,11.22,400,0
2014-04-29,20:00:00,11.23,11.23,11.2,11.2,6754,0
2014-04-29,21:00:00,11.22,11.22,11.22,11.22,300,0
2014-04-29,22:00:00,11.2,11.22,11.19,11.19,4240,0
2014-04-30,16:00:00,11.22,11.25,11.17,11.25,4000,0
2014-04-30,17:00:00,11.25,11.28,11.22,11.26,11080,0
2014-04-30,18:00:00,11.28,11.28,11.27,11.27,1578,0
2014-04-30,19:00:00,11.26,11.28,11.26,11.26,2322,0
2014-04-30,20:00:00,11.28,11.28,11.28,11.28,600,0
2014-04-30,21:00:00,11.28,11.28,11.23,11.23,2409,0
2014-04-30,22:00:00,11.23,11.24,11.23,11.23,1441,0
2014-05-01,16:00:00,11.25,11.27,11.25,11.27,3300,0
2014-05-01,17:00:00,11.27,11.31,11.27,11.31,7691,0
2014-05-01,18:00:00,11.32,11.34,11.31,11.31,11104,0
2014-05-01,19:00:00,11.31,11.31,11.31,11.31,4960,0
2014-05-01,20:00:00,11.31,11.31,11.31,11.31,1962,0
2014-05-01,21:00:00,11.3,11.3,11.28,11.29,14584,0
2014-05-01,22:00:00,11.29,11.29,11.25,11.25,10843,0
2014-05-02,16:00:00,11.25,11.25,11.19,11.22,1600,0
2014-05-02,17:00:00,11.24,11.24,11.22,11.23,4545,0
2014-05-02,18:00:00,11.22,11.23,11.22,11.23,1000,0
2014-05-02,19:00:00,11.22,11.23,11.2,11.2,10443,0
2014-05-02,20:00:00,11.22,11.22,11.19,11.2,19600,0
2014-05-02,21:00:00,11.19,11.2,11.19,11.2,2100,0
2014-05-02,22:00:00,11.19,11.2,11.16,11.2,7826,0
2014-05-05,16:00:00,11.16,11.18,11.15,11.17,2056,0
2014-05-05,17:00:00,11.17,11.19,11.17,11.19,5450,0
2014-05-05,18:00:00,11.19,11.19,11.17,11.17,1724,0
2014-05-05,19:00:00,11.17,11.21,11.17,11.18,10382,0
2014-05-05,20:00:00,11.18,11.18,11.18,11.18,1400,0
2014-05-05,21:00:00,11.18,11.18,11.17,11.17,1704,0
2014-05-05,22:00:00,11.18,11.18,11.16,11.16,2974,0
2014-05-06,16:00:00,11.2,11.21,11.16,11.16,5975,0
2014-05-06,17:00:00,11.17,11.17,11.17,11.17,200,0
2014-05-06,18:00:00,11.17,11.21,11.17,11.21,3050,0
2014-05-06,19:00:00,11.18,11.22,11.17,11.18,7100,0
2014-05-06,20:00:00,11.2,11.2,11.17,11.17,2500,0
2014-05-06,21:00:00,11.17,11.19,11.17,11.19,727,0
2014-05-06,22:00:00,11.18,11.19,11.17,11.17,1444,0
2014-05-07,16:00:00,11.15,11.16,11.11,11.16,6721,0
2014-05-07,17:00:00,11.16,11.18,11.16,11.18,2000,0
2014-05-07,18:00:00,11.18,11.2,11.17,11.2,2500,0
2014-05-07,19:00:00,11.2,11.2,11.17,11.17,5900,0
2014-05-07,20:00:00,11.17,11.2,11.17,11.17,1750,0
2014-05-07,21:00:00,11.18,11.18,11.17,11.17,2303,0
2014-05-07,22:00:00,11.18,11.19,11.17,11.19,3239,0
