Date,Time,Open,High,Low,Close,Volume,OpenInt
2014-02-10,16:00:00,9.85756,10.0157,9.85756,10.0157,6268,0
2014-02-10,17:00:00,9.9762,9.9762,9.94654,9.94654,4230,0
2014-02-10,18:00:00,9.94654,9.9762,9.92677,9.92677,6972,0
2014-02-10,19:00:00,9.9762,9.9762,9.91688,9.91688,5816,0
2014-02-10,20:00:00,9.90699,9.98609,9.90699,9.98609,2617,0
2014-02-10,21:00:00,9.98609,10.0059,9.9762,9.99598,4298,0
2014-02-10,22:00:00,9.98609,9.98609,9.93665,9.93665,5136,0
2014-02-11,16:00:00,9.92677,9.95643,9.91688,9.95643,1400,0
2014-02-11,17:00:00,9.95643,10.0652,9.95643,9.98609,9732,0
2014-02-11,18:00:00,9.98609,10.0652,9.9762,10.0652,10120,0
2014-02-11,19:00:00,10.0355,10.0652,10.0355,10.0652,3793,0
2014-02-11,20:00:00,10.0652,10.0751,10.0652,10.0751,4617,0
2014-02-11,21:00:00,10.0751,10.1146,10.0256,10.0948,7901,0
2014-02-11,22:00:00,10.1047,10.1047,10.0454,10.085,9771,0
2014-02-12,17:00:00,10.0256,10.0652,10.0256,10.0454,1939,0
2014-02-12,18:00:00,10.0454,10.0454,10.0355,10.0355,2121,0
2014-02-12,19:00:00,10.0652,10.0652,10.0355,10.0454,2326,0
2014-02-12,20:00:00,10.0553,10.0652,10.0355,10.0355,10586,0
2014-02-12,21:00:00,10.0355,10.0454,10.0256,10.0256,7065,0
2014-02-12,22:00:00,10.0256,10.0355,9.99598,9.99598,20954,0
2014-02-13,16:00:00,9.94654,9.98609,9.94654,9.95643,1011,0
2014-02-13,17:00:00,9.9762,9.98609,9.93665,9.93665,4321,0
2014-02-13,18:00:00,9.94654,10.0454,9.94654,10.0157,12808,0
2014-02-13,19:00:00,10.0059,10.0059,9.95643,9.98609,12669,0
2014-02-13,20:00:00,9.9762,10.0157,9.96632,9.99598,3776,0
2014-02-13,21:00:00,9.99598,10.0355,9.98609,9.99598,5368,0
2014-02-13,22:00:00,9.99598,10.0157,9.9762,9.98609,21066,0
2014-02-14,16:00:00,10.0553,10.0652,10.0553,10.0553,506,0
2014-02-14,17:00:00,10.0751,10.1245,10.0751,10.1245,4703,0
2014-02-14,18:00:00,10.1146,10.1146,10.085,10.1146,5158,0
2014-02-14,19:00:00,10.1245,10.1245,10.0948,10.0948,2630,0
2014-02-14,20:00:00,10.1047,10.1146,10.085,10.085,9271,0
2014-02-14,21:00:00,10.085,10.1047,10.0652,10.1047,16036,0
2014-02-14,22:00:00,10.085,10.1146,10.085,10.085,1886,0
2014-02-18,16:00:00,10.0652,10.1047,10.0553,10.0553,1305,0
2014-02-18,17:00:00,10.0454,10.1146,10.0454,10.0652,2968,0
2014-02-18,18:00:00,10.0553,10.1146,10.0553,10.1146,13658,0
2014-02-18,19:00:00,10.085,10.1047,10.085,10.1047,1178,0
2014-02-18,20:00:00,10.1047,10.1047,10.0652,10.0751,4193,0
2014-02-18,21:00:00,10.0948,10.0948,10.0256,10.0256,8561,0
2014-02-18,22:00:00,10.0355,10.0355,10.0256,10.0256,4900,0
2014-02-19,16:00:00,10.0553,10.1047,10.0553,10.1047,4324,0
2014-02-19,17:00:00,10.1146,10.1542,10.1047,10.1443,4391,0
2014-02-19,18:00:00,10.1443,10.1542,10.1344,10.1542,4713,0
2014-02-19,19:00:00,10.1542,10.1542,10.1047,10.1047,5530,0
2014-02-19,20:00:00,10.0948,10.1146,10.0948,10.1146,1826,0
2014-02-19,21:00:00,10.1146,10.1146,10.0652,10.0652,6211,0
2014-02-19,22:00:00,10.0751,10.1146,10.0652,10.1047,4441,0
2014-02-20,16:00:00,10.1245,10.1245,10.1245,10.1245,303,0
2014-02-20,17:00:00,10.1245,10.1344,10.1245,10.1344,1644,0
2014-02-20,18:00:00,10.1146,10.1146,10.1146,10.1146,354,0
2014-02-20,19:00:00,10.1146,10.1443,10.1146,10.1146,8136,0
2014-02-20,20:00:00,10.1245,10.1542,10.1245,10.1245,4147,0
2014-02-20,21:00:00,10.1245,10.1641,10.1245,10.1641,10864,0
2014-02-20,22:00:00,10.1245,10.1641,10.1245,10.1245,4695,0
2014-02-21,16:00:00,10.1542,10.1542,10.1542,10.1542,296,0
2014-02-21,17:00:00,10.174,10.2036,10.174,10.2036,8536,0
2014-02-21,18:00:00,10.2135,10.2432,10.1047,10.1047,18548,0
2014-02-21,19:00:00,10.174,10.1838,10.174,10.1838,946,0
2014-02-21,20:00:00,10.1542,10.1641,10.1542,10.1641,3135,0
2014-02-21,21:00:00,10.1443,10.1443,10.1443,10.1443,202,0
2014-02-21,22:00:00,10.1542,10.1542,10.0454,10.085,3231,0
2014-02-24,17:00:00,10.1443,10.1838,10.1443,10.1838,5435,0
2014-02-24,18:00:00,10.2135,10.2135,10.1641,10.2036,5336,0
2014-02-24,19:00:00,10.1937,10.2135,10.1937,10.2135,288,0
2014-02-24,20:00:00,10.2135,10.2135,10.1641,10.1641,5755,0
2014-02-24,21:00:00,10.1641,10.1838,10.1443,10.1542,16354,0
2014-02-24,22:00:00,10.1641,10.1641,10.1047,10.1344,20177,0
2014-02-25,16:00:00,10.1443,10.2234,10.1344,10.1542,10004,0
2014-02-25,17:00:00,10.1641,10.1641,10.1542,10.1641,5611,0
2014-02-25,18:00:00,10.1542,10.1542,10.085,10.085,32488,0
2014-02-25,19:00:00,10.0948,10.1245,10.0751,10.1245,26138,0
2014-02-25,20:00:00,10.1146,10.1344,10.1047,10.1344,1843,0
2014-02-25,21:00:00,10.1641,10.1641,10.1344,10.1344,5971,0
2014-02-25,22:00:00,10.1245,10.1443,10.0948,10.1344,9547,0
2014-02-26,16:00:00,10.1047,10.1641,10.1047,10.1641,3202,0
2014-02-26,17:00:00,10.1838,10.1838,10.1443,10.1443,1978,0
2014-02-26,18:00:00,10.1443,10.174,10.1245,10.1245,7444,0
2014-02-26,19:00:00,10.1344,10.1344,10.1146,10.1146,25020,0
2014-02-26,20:00:00,10.1146,10.1344,10.1146,10.1344,1452,0
2014-02-26,21:00:00,10.1245,10.1344,10.0948,10.1146,9605,0
2014-02-26,22:00:00,10.1146,10.1542,10.1146,10.1443,15082,0
2014-02-27,16:00:00,10.1641,10.3223,10.1641,10.2432,20046,0
2014-02-27,17:00:00,10.2629,10.2629,10.2333,10.2432,7434,0
2014-02-27,18:00:00,10.2333,10.2926,10.2333,10.2926,5942,0
2014-02-27,19:00:00,10.2629,10.2728,10.2629,10.2629,3078,0
2014-02-27,20:00:00,10.2728,10.2728,10.2629,10.2629,4051,0
2014-02-27,21:00:00,10.253,10.2629,10.253,10.253,1651,0
2014-02-27,22:00:00,10.2629,10.2728,10.253,10.2728,9872,0
2014-02-28,16:00:00,10.3025,10.3025,10.3025,10.3025,1317,0
2014-02-28,17:00:00,10.3519,10.3519,10.3124,10.3321,1618,0
2014-02-28,18:00:00,10.342,10.342,10.3124,10.3321,3622,0
2014-02-28,19:00:00,10.3124,10.3519,10.3025,10.3124,19907,0
2014-02-28,20:00:00,10.342,10.3618,10.342,10.3618,2832,0
2014-02-28,21:00:00,10.3618,10.3618,10.3223,10.3321,3616,0
2014-02-28,22:00:00,10.3321,10.3321,10.2926,10.3321,11070,0
2014-03-03,16:00:00,10.2432,10.2827,10.2333,10.2827,4268,0
2014-03-03,17:00:00,10.2827,10.2926,10.2629,10.2926,6957,0
2014-03-03,18:00:00,10.3025,10.3025,10.2827,10.2827,11111,0
2014-03-03,19:00:00,10.3025,10.3025,10.2629,10.2926,4652,0
2014-03-03,20:00:00,10.3223,10.431,10.2926,10.431,17438,0
2014-03-03,21:00:00,10.431,10.431,10.3618,10.3618,4252,0
2014-03-03,22:00:00,10.4014,10.4014,10.3519,10.3519,8389,0
2014-03-04,16:00:00,10.4211,10.4706,10.4112,10.431,5258,0
2014-03-04,17:00:00,10.4804,10.52,10.4804,10.52,21035,0
2014-03-04,18:00:00,10.5398,10.5596,10.5299,10.5596,15952,0
2014-03-04,19:00:00,10.5596,10.5793,10.5398,10.5497,5662,0
2014-03-04,20:00:00,10.5497,10.5694,10.5497,10.5596,12297,0
2014-03-04,21:00:00,10.5596,10.5596,10.5497,10.5497,2883,0
2014-03-04,22:00:00,10.5497,10.5694,10.5299,10.5398,3617,0
2014-03-05,16:00:00,10.4903,10.5694,10.4804,10.5694,4860,0
2014-03-05,17:00:00,10.5299,10.5497,10.5101,10.5497,1959,0
2014-03-05,18:00:00,10.5299,10.5497,10.5002,10.52,8114,0
2014-03-05,19:00:00,10.52,10.5694,10.52,10.5694,917,0
2014-03-05,20:00:00,10.5694,10.5694,10.5299,10.5299,1320,0
2014-03-05,21:00:00,10.5596,10.5793,10.5299,10.5793,7367,0
2014-03-05,22:00:00,10.5299,10.5892,10.5299,10.5398,5785,0
2014-03-06,16:00:00,10.6189,10.6782,10.6189,10.6683,3034,0
2014-03-06,17:00:00,10.6485,10.6881,10.6485,10.6881,11131,0
2014-03-06,18:00:00,10.6782,10.6881,10.6386,10.6485,15061,0
2014-03-06,19:00:00,10.6683,10.6782,10.6288,10.6584,14953,0
2014-03-06,20:00:00,10.6288,10.6485,10.5694,10.5694,15486,0
2014-03-06,21:00:00,10.5694,10.609,10.5398,10.5991,15648,0
2014-03-06,22:00:00,10.5596,10.609,10.5398,10.5892,20779,0
2014-03-07,16:00:00,10.5793,10.5892,10.5299,10.5299,10895,0
2014-03-07,17:00:00,10.5002,10.5299,10.4804,10.4804,5328,0
2014-03-07,18:00:00,10.4508,10.4508,10.4112,10.4211,14870,0
2014-03-07,19:00:00,10.4112,10.4112,10.4112,10.4112,513,0
2014-03-07,20:00:00,10.4112,10.4112,10.3915,10.4014,6193,0
2014-03-07,21:00:00,10.4014,10.4112,10.3915,10.4112,10519,0
2014-03-07,22:00:00,10.4112,10.5398,10.4112,10.5398,7108,0
2014-03-10,15:00:00,10.609,10.6485,10.5497,10.6485,12616,0
2014-03-10,16:00:00,10.609,10.609,10.5892,10.5892,2903,0
2014-03-10,17:00:00,10.5892,10.609,10.5596,10.609,13178,0
2014-03-10,18:00:00,10.609,10.609,10.609,10.609,1252,0
2014-03-10,19:00:00,10.5892,10.6288,10.5892,10.6288,11399,0
2014-03-10,20:00:00,10.6386,10.6386,10.6288,10.6386,7795,0
2014-03-10,21:00:00,10.6386,10.7276,10.6386,10.7177,12042,0
2014-03-11,15:00:00,10.6881,10.7276,10.6881,10.7079,2933,0
2014-03-11,16:00:00,10.7276,10.7573,10.7276,10.7573,4551,0
2014-03-11,17:00:00,10.7573,10.7672,10.7375,10.7375,12849,0
2014-03-11,18:00:00,10.7375,10.7375,10.5892,10.5892,12705,0
2014-03-11,19:00:00,10.5991,10.6386,10.5793,10.5793,7942,0
2014-03-11,20:00:00,10.5793,10.6189,10.5793,10.6189,8516,0
2014-03-11,21:00:00,10.6189,10.6386,10.609,10.6288,13236,0
2014-03-12,15:00:00,10.5497,10.5892,10.5497,10.5793,2727,0
2014-03-12,16:00:00,10.5793,10.5991,10.5398,10.5398,2929,0
2014-03-12,17:00:00,10.5398,10.5398,10.5299,10.5299,2648,0
2014-03-12,18:00:00,10.52,10.52,10.4607,10.4903,8101,0
2014-03-12,19:00:00,10.4409,10.4706,10.4409,10.4607,8466,0
2014-03-12,20:00:00,10.4409,10.5101,10.4409,10.5101,7076,0
2014-03-12,21:00:00,10.5101,10.5299,10.5101,10.52,1694,0
2014-03-13,15:00:00,10.54,10.57,10.54,10.56,6500,0
2014-03-13,16:00:00,10.55,10.55,10.51,10.51,2920,0
2014-03-13,17:00:00,10.53,10.56,10.51,10.51,8303,0
2014-03-13,18:00:00,10.51,10.52,10.46,10.46,3600,0
2014-03-13,19:00:00,10.45,10.45,10.39,10.4,5561,0
2014-03-13,20:00:00,10.44,10.44,10.39,10.39,18874,0
2014-03-13,21:00:00,10.4,10.43,10.33,10.37,18215,0
2014-03-14,15:00:00,10.31,10.33,10.26,10.32,13792,0
2014-03-14,16:00:00,10.31,10.37,10.3,10.3,6250,0
2014-03-14,17:00:00,10.3,10.34,10.3,10.31,2800,0
2014-03-14,18:00:00,10.3,10.34,10.3,10.31,2615,0
2014-03-14,19:00:00,10.31,10.33,10.3,10.3,7140,0
2014-03-14,20:00:00,10.3,10.32,10.3,10.3,7526,0
2014-03-14,21:00:00,10.3,10.33,10.3,10.3,5160,0
2014-03-17,15:00:00,10.4,10.41,10.36,10.39,6368,0
2014-03-17,16:00:00,10.45,10.46,10.45,10.46,1934,0
2014-03-17,17:00:00,10.45,10.45,10.37,10.45,10783,0
2014-03-17,18:00:00,10.37,10.44,10.37,10.4,2300,0
2014-03-17,19:00:00,10.37,10.4,10.37,10.37,8653,0
2014-03-17,20:00:00,10.39,10.43,10.37,10.42,6198,0
2014-03-17,21:00:00,10.42,10.42,10.35,10.37,7715,0
2014-03-18,15:00:00,10.34,10.35,10.34,10.35,300,0
2014-03-18,16:00:00,10.38,10.39,10.34,10.34,9766,0
2014-03-18,17:00:00,10.34,10.35,10.34,10.34,10878,0
2014-03-18,18:00:00,10.35,10.4,10.35,10.4,3974,0
2014-03-18,19:00:00,10.38,10.4,10.37,10.4,17335,0
2014-03-18,20:00:00,10.39,10.43,10.37,10.4,11920,0
2014-03-18,21:00:00,10.41,10.42,10.39,10.4,5814,0
2014-03-19,15:00:00,10.44,10.49,10.43,10.49,1600,0
2014-03-19,16:00:00,10.47,10.49,10.46,10.49,7254,0
2014-03-19,17:00:00,10.46,10.49,10.42,10.44,12346,0
2014-03-19,18:00:00,10.43,10.43,10.37,10.38,12537,0
2014-03-19,19:00:00,10.38,10.42,10.38,10.41,8338,0
2014-03-19,20:00:00,10.41,10.44,10.35,10.35,29069,0
2014-03-19,21:00:00,10.35,10.35,10.33,10.34,9926,0
2014-03-20,15:00:00,10.35,10.35,10.32,10.32,1500,0
2014-03-20,16:00:00,10.34,10.36,10.34,10.35,4300,0
2014-03-20,17:00:00,10.35,10.36,10.35,10.35,2700,0
2014-03-20,18:00:00,10.35,10.36,10.35,10.36,4202,0
2014-03-20,19:00:00,10.38,10.38,10.36,10.38,2850,0
2014-03-20,20:00:00,10.38,10.39,10.38,10.38,6040,0
2014-03-20,21:00:00,10.38,10.44,10.38,10.42,17077,0
2014-03-21,15:00:00,10.45,10.48,10.45,10.48,1986,0
2014-03-21,16:00:00,10.48,10.48,10.41,10.44,5085,0
2014-03-21,17:00:00,10.44,10.44,10.41,10.41,9500,0
2014-03-21,18:00:00,10.44,10.44,10.43,10.44,3330,0
2014-03-21,19:00:00,10.42,10.43,10.37,10.39,14079,0
2014-03-21,20:00:00,10.38,10.4,10.38,10.4,10045,0
2014-03-21,21:00:00,10.39,10.4,10.37,10.4,4831,0
2014-03-24,15:00:00,10.48,10.52,10.24,10.24,8081,0
2014-03-24,16:00:00,10.24,10.27,10.24,10.25,3748,0
2014-03-24,17:00:00,10.25,10.33,10.22,10.31,21767,0
2014-03-24,18:00:00,10.32,10.32,10.3,10.3,1924,0
2014-03-24,19:00:00,10.26,10.31,10.26,10.31,17900,0
2014-03-24,20:00:00,10.33,10.33,10.26,10.26,4357,0
2014-03-24,21:00:00,10.3,10.32,10.26,10.3,2492,0
2014-03-25,15:00:00,10.33,10.47,10.33,10.44,8993,0
2014-03-25,16:00:00,10.45,10.45,10.36,10.4,27380,0
2014-03-25,17:00:00,10.4,10.41,10.31,10.32,10631,0
2014-03-25,18:00:00,10.32,10.39,10.31,10.39,5911,0
2014-03-25,19:00:00,10.39,10.4,10.39,10.4,1700,0
2014-03-25,20:00:00,10.37,10.38,10.37,10.38,1368,0
2014-03-25,21:00:00,10.39,10.39,10.38,10.38,1900,0
2014-03-26,16:00:00,10.39,10.42,10.39,10.42,768,0
2014-03-26,17:00:00,10.4,10.41,10.39,10.39,1434,0
2014-03-26,18:00:00,10.39,10.39,10.39,10.39,835,0
2014-03-26,19:00:00,10.39,10.39,10.39,10.39,6510,0
2014-03-26,20:00:00,10.37,10.37,10.37,10.37,445,0
2014-03-26,21:00:00,10.38,10.38,10.36,10.37,805,0
2014-03-27,16:00:00,10.36,10.38,10.36,10.38,3500,0
2014-03-27,17:00:00,10.37,10.37,10.37,10.37,200,0
2014-03-27,18:00:00,10.37,10.39,10.37,10.39,1372,0
2014-03-27,19:00:00,10.36,10.36,10.31,10.31,8347,0
2014-03-27,20:00:00,10.28,10.31,10.25,10.25,3965,0
2014-03-27,21:00:00,10.25,10.27,10.25,10.25,7299,0
2014-03-28,15:00:00,10.27,10.28,10.26,10.27,1839,0
2014-03-28,16:00:00,10.28,10.29,10.27,10.28,13561,0
2014-03-28,17:00:00,10.29,10.34,10.29,10.29,5700,0
2014-03-28,18:00:00,10.31,10.34,10.31,10.34,976,0
2014-03-28,19:00:00,10.3,10.33,10.3,10.31,1506,0
2014-03-28,20:00:00,10.28,10.31,10.27,10.27,6748,0
2014-03-28,21:00:00,10.26,10.27,10.26,10.27,2000,0
2014-03-31,16:00:00,10.37,10.37,10.37,10.37,1000,0
2014-03-31,17:00:00,10.4,10.4,10.37,10.37,4700,0
2014-03-31,18:00:00,10.36,10.37,10.34,10.37,2160,0
2014-03-31,19:00:00,10.37,10.37,10.37,10.37,1200,0
2014-03-31,20:00:00,10.36,10.36,10.35,10.35,10608,0
2014-03-31,21:00:00,10.35,10.35,10.33,10.35,4202,0
2014-03-31,22:00:00,10.35,10.35,10.34,10.34,3345,0
2014-04-01,16:00:00,10.38,10.39,10.33,10.39,4150,0
2014-04-01,17:00:00,10.36,10.39,10.36,10.38,3107,0
2014-04-01,18:00:00,10.36,10.37,10.36,10.37,12905,0
2014-04-01,19:00:00,10.37,10.39,10.35,10.37,2784,0
2014-04-01,20:00:00,10.38,10.4,10.38,10.4,1900,0
2014-04-01,21:00:00,10.4,10.45,10.39,10.45,11382,0
2014-04-01,22:00:00,10.47,10.47,10.42,10.44,2233,0
2014-04-02,16:00:00,10.5,10.5,10.5,10.5,700,0
2014-04-02,17:00:00,10.44,10.44,10.44,10.44,500,0
2014-04-02,18:00:00,10.44,10.44,10.44,10.44,6240,0
2014-04-02,19:00:00,10.44,10.48,10.44,10.48,1055,0
2014-04-02,20:00:00,10.46,10.47,10.44,10.46,3300,0
2014-04-02,21:00:00,10.44,10.46,10.44,10.44,3982,0
2014-04-02,22:00:00,10.46,10.47,10.46,10.47,820,0
2014-04-03,16:00:00,10.52,10.52,10.45,10.45,800,0
2014-04-03,17:00:00,10.49,10.49,10.46,10.47,2009,0
2014-04-03,18:00:00,10.48,10.48,10.43,10.43,6986,0
2014-04-03,19:00:00,10.45,10.47,10.43,10.46,5571,0
2014-04-03,20:00:00,10.45,10.45,10.44,10.44,1156,0
2014-04-03,21:00:00,10.45,10.46,10.45,10.46,6500,0
2014-04-03,22:00:00,10.44,10.48,10.44,10.48,2883,0
2014-04-04,16:00:00,10.5,10.5,10.5,10.5,300,0
2014-04-04,17:00:00,10.49,10.51,10.49,10.51,5953,0
2014-04-04,18:00:00,10.49,10.51,10.46,10.46,5699,0
2014-04-04,19:00:00,10.48,10.48,10.46,10.48,2345,0
2014-04-04,20:00:00,10.48,10.49,10.43,10.43,6409,0
2014-04-04,21:00:00,10.43,10.43,10.37,10.39,26003,0
2014-04-07,16:00:00,10.42,10.42,10.27,10.27,7165,0
2014-04-07,17:00:00,10.29,10.32,10.26,10.26,8812,0
2014-04-07,18:00:00,10.28,10.29,10.26,10.26,2700,0
2014-04-07,19:00:00,10.27,10.28,10.26,10.28,2711,0
2014-04-07,20:00:00,10.28,10.28,10.28,10.28,3658,0
2014-04-07,21:00:00,10.29,10.29,10.23,10.25,8844,0
2014-04-07,22:00:00,10.25,10.26,10.23,10.25,1093,0
2014-04-08,17:00:00,10.26,10.27,10.16,10.16,7828,0
2014-04-08,18:00:00,10.22,10.22,10.16,10.17,4147,0
2014-04-08,19:00:00,10.16,10.26,10.16,10.23,3880,0
2014-04-08,20:00:00,10.2,10.24,10.2,10.22,1348,0
2014-04-08,21:00:00,10.23,10.23,10.23,10.23,3790,0
2014-04-08,22:00:00,10.23,10.25,10.23,10.25,2526,0
2014-04-09,16:00:00,10.26,10.26,10.26,10.26,808,0
2014-04-09,17:00:00,10.28,10.29,10.28,10.29,2932,0
2014-04-09,18:00:00,10.31,10.31,10.31,10.31,251,0
2014-04-09,19:00:00,10.3,10.32,10.3,10.32,3430,0
2014-04-09,20:00:00,10.32,10.32,10.31,10.32,1967,0
2014-04-09,21:00:00,10.32,10.38,10.32,10.38,7185,0
2014-04-09,22:00:00,10.37,10.46,10.37,10.44,6564,0
2014-04-10,16:00:00,10.39,10.39,10.39,10.39,1000,0
2014-04-10,17:00:00,10.39,10.4,10.39,10.4,3300,0
2014-04-10,18:00:00,10.39,10.42,10.3,10.32,59401,0
2014-04-10,19:00:00,10.33,10.42,10.3,10.33,30190,0
2014-04-10,20:00:00,10.33,10.42,10.3,10.33,27970,0
2014-04-10,21:00:00,10.35,10.35,10.25,10.25,5826,0
2014-04-10,22:00:00,10.23,10.26,10.21,10.24,11500,0
2014-04-11,16:00:00,10.18,10.25,10.18,10.22,9406,0
2014-04-11,17:00:00,10.18,10.24,10.07,10.22,63775,0
2014-04-11,18:00:00,10.15,10.2,10.11,10.16,7962,0
2014-04-11,19:00:00,10.15,10.15,10.15,10.15,608,0
2014-04-11,21:00:00,10.21,10.21,10.21,10.21,1260,0
2014-04-11,22:00:00,10.16,10.18,10.16,10.16,2238,0
2014-04-14,16:00:00,10.33,10.33,10.21,10.21,2800,0
2014-04-14,17:00:00,10.29,10.31,10.08,10.11,48906,0
2014-04-14,18:00:00,10.11,10.18,10.11,10.16,17921,0
2014-04-14,19:00:00,10.17,10.18,10.17,10.18,2075,0
2014-04-14,20:00:00,10.17,10.17,10.05,10.09,11384,0
2014-04-14,21:00:00,10.09,10.19,10.09,10.19,13330,0
2014-04-14,22:00:00,10.15,10.15,10.12,10.14,4182,0
2014-04-15,16:00:00,10.11,10.11,10.03,10.06,8904,0
2014-04-15,17:00:00,10.07,10.11,10.07,10.1,4600,0
2014-04-15,18:00:00,10.07,10.07,10.04,10.04,7355,0
2014-04-15,19:00:00,10.03,10.03,9.98,9.99,20678,0
2014-04-15,20:00:00,9.98,10.04,9.98,10.02,8819,0
2014-04-15,21:00:00,10.02,10.07,10.01,10.06,3523,0
2014-04-15,22:00:00,10.08,10.09,10.01,10.04,13526,0
2014-04-16,16:00:00,10.16,10.16,10.16,10.16,2000,0
2014-04-16,17:00:00,10.09,10.11,10.09,10.11,600,0
2014-04-16,18:00:00,10.08,10.1,10.08,10.1,11714,0
2014-04-16,19:00:00,10.11,10.13,10.09,10.09,4500,0
2014-04-16,20:00:00,10.09,10.09,10.05,10.06,3651,0
2014-04-16,21:00:00,10.06,10.07,10.04,10.07,11487,0
2014-04-16,22:00:00,10.07,10.09,10.07,10.08,8468,0
2014-04-17,16:00:00,10.08,10.11,10.08,10.11,3259,0
2014-04-17,17:00:00,10.11,10.14,10.1,10.14,18427,0
2014-04-17,19:00:00,10.12,10.12,10.12,10.12,134,0
2014-04-17,20:00:00,10.14,10.16,10.14,10.16,5038,0
2014-04-17,21:00:00,10.16,10.18,10.16,10.18,1394,0
2014-04-17,22:00:00,10.16,10.2,10.16,10.2,1400,0
2014-04-21,16:00:00,10.14,10.14,10.14,10.14,432,0
2014-04-21,17:00:00,10.14,10.16,10.13,10.13,13585,0
2014-04-21,18:00:00,10.16,10.23,10.16,10.22,11830,0
2014-04-21,19:00:00,10.21,10.21,10.15,10.2,46722,0
2014-04-21,20:00:00,10.19,10.23,10.18,10.19,2762,0
2014-04-21,21:00:00,10.2,10.22,10.18,10.2,2638,0
2014-04-21,22:00:00,10.22,10.22,10.22,10.22,3500,0
2014-04-22,16:00:00,10.22,10.22,10.22,10.22,1500,0
2014-04-22,17:00:00,10.26,10.27,10.24,10.27,3650,0
2014-04-22,19:00:00,10.27,10.3,10.27,10.29,8349,0
2014-04-22,20:00:00,10.3,10.33,10.3,10.32,5082,0
2014-04-22,21:00:00,10.32,10.33,10.32,10.33,5111,0
2014-04-22,22:00:00,10.32,10.34,10.32,10.32,7298,0
2014-04-23,16:00:00,10.33,10.33,10.32,10.32,1300,0
2014-04-23,17:00:00,10.32,10.34,10.3,10.31,2929,0
2014-04-23,18:00:00,10.3,10.3,10.3,10.3,19037,0
2014-04-23,19:00:00,10.3,10.31,10.3,10.31,6268,0
2014-04-23,20:00:00,10.3,10.3,10.26,10.28,4067,0
2014-04-23,21:00:00,10.28,10.28,10.25,10.25,1447,0
2014-04-23,22:00:00,10.26,10.28,10.26,10.28,20737,0
2014-04-24,16:00:00,10.3,10.3,10.3,10.3,100,0
2014-04-24,17:00:00,10.26,10.28,10.25,10.25,13759,0
2014-04-24,18:00:00,10.26,10.28,10.25,10.28,8404,0
2014-04-24,19:00:00,10.28,10.28,10.27,10.28,6821,0
2014-04-24,20:00:00,10.28,10.28,10.27,10.27,4085,0
2014-04-24,21:00:00,10.25,10.28,10.25,10.28,3676,0
2014-04-24,22:00:00,10.26,10.3,10.26,10.27,4958,0
2014-04-25,17:00:00,10.25,10.25,10.25,10.25,114,0
2014-04-25,18:00:00,10.24,10.24,10.21,10.21,850,0
2014-04-25,19:00:00,10.21,10.23,10.21,10.23,1888,0
2014-04-25,20:00:00,10.23,10.23,10.21,10.21,1116,0
2014-04-25,22:00:00,10.22,10.23,10.22,10.22,3000,0
2014-04-28,16:00:00,10.26,10.26,10.26,10.26,1050,0
2014-04-28,17:00:00,10.26,10.28,10.26,10.28,1500,0
2014-04-28,18:00:00,10.28,10.28,10.28,10.28,800,0
2014-04-28,19:00:00,10.25,10.25,10.23,10.23,7318,0
2014-04-28,20:00:00,10.23,10.23,10.19,10.19,400,0
2014-04-28,21:00:00,10.21,10.27,10.21,10.27,8277,0
2014-04-28,22:00:00,10.26,10.26,10.23,10.25,7811,0
2014-04-29,16:00:00,10.28,10.36,10.28,10.36,500,0
2014-04-29,17:00:00,10.31,10.31,10.31,10.31,684,0
2014-04-29,18:00:00,10.3,10.31,10.3,10.31,1200,0
2014-04-29,19:00:00,10.35,10.35,10.34,10.35,2170,0
2014-04-29,20:00:00,10.3,10.3,10.3,10.3,354,0
2014-04-29,21:00:00,10.3,10.33,10.3,10.33,1700,0
2014-04-29,22:00:00,10.31,10.32,10.3,10.3,1441,0
2014-04-30,16:00:00,10.26,10.29,10.26,10.29,1490,0
2014-04-30,17:00:00,10.29,10.34,10.29,10.31,4510,0
2014-04-30,18:00:00,10.31,10.31,10.29,10.29,1738,0
2014-04-30,19:00:00,10.3,10.34,10.29,10.31,1800,0
2014-04-30,20:00:00,10.32,10.35,10.3,10.35,8575,0
2014-04-30,21:00:00,10.35,10.35,10.31,10.35,3688,0
2014-04-30,22:00:00,10.35,10.38,10.34,10.36,5260,0
2014-05-01,16:00:00,10.36,10.37,10.34,10.35,2878,0
2014-05-01,17:00:00,10.37,10.37,10.36,10.36,1441,0
2014-05-01,18:00:00,10.36,10.37,10.36,10.37,4187,0
2014-05-01,19:00:00,10.38,10.38,10.37,10.38,5851,0
2014-05-01,20:00:00,10.36,10.36,10.34,10.34,7976,0
2014-05-01,21:00:00,10.33,10.35,10.33,10.33,2700,0
2014-05-01,22:00:00,10.35,10.35,10.31,10.33,6378,0
2014-05-02,17:00:00,10.31,10.36,10.31,10.34,2304,0
2014-05-02,20:00:00,10.34,10.37,10.34,10.36,4100,0
2014-05-02,21:00:00,10.33,10.34,10.29,10.29,3900,0
2014-05-02,22:00:00,10.3,10.3,10.29,10.29,675,0
2014-05-05,16:00:00,10.31,10.31,10.31,10.31,650,0
2014-05-05,17:00:00,10.32,10.32,10.3,10.32,2836,0
2014-05-05,18:00:00,10.31,10.31,10.3,10.3,3700,0
2014-05-05,19:00:00,10.32,10.32,10.31,10.31,2612,0
2014-05-05,20:00:00,10.29,10.29,10.27,10.29,3576,0
2014-05-05,21:00:00,10.28,10.31,10.28,10.31,1162,0
2014-05-05,22:00:00,10.3,10.3,10.27,10.27,8763,0
2014-05-06,16:00:00,10.25,10.29,10.25,10.29,1100,0
2014-05-06,17:00:00,10.26,10.3,10.26,10.27,9714,0
2014-05-06,18:00:00,10.27,10.28,10.25,10.25,3849,0
2014-05-06,19:00:00,10.24,10.29,10.24,10.25,8592,0
2014-05-06,20:00:00,10.3,10.3,10.25,10.25,4046,0
2014-05-06,21:00:00,10.27,10.28,10.27,10.28,1600,0
2014-05-06,22:00:00,10.29,10.29,10.28,10.28,2300,0
2014-05-07,16:00:00,10.27,10.3,10.27,10.3,1170,0
2014-05-07,17:00:00,10.26,10.29,10.24,10.29,6943,0
2014-05-07,18:00:00,10.26,10.28,10.25,10.27,2154,0
2014-05-07,19:00:00,10.28,10.28,10.28,10.28,1046,0
2014-05-07,20:00:00,10.25,10.28,10.25,10.28,4337,0
2014-05-07,21:00:00,10.26,10.32,10.26,10.32,5824,0
2014-05-07,22:00:00,10.29,10.29,10.27,10.28,7288,0
