Date,Time,Open,High,Low,Close,Volume,OpenInt
2014-02-10,17:00:00,26.353,26.353,26.323,26.353,4174,0
2014-02-10,22:00:00,26.304,26.304,26.304,26.304,255,0
2014-02-11,16:00:00,26.206,26.206,26.206,26.206,917,0
2014-02-11,17:00:00,26.206,26.206,26.206,26.206,1799,0
2014-02-11,18:00:00,26.206,26.206,26.206,26.206,1320,0
2014-02-11,22:00:00,26.5,26.5,26.5,26.5,713,0
2014-02-12,17:00:00,26.127,26.127,26.127,26.127,229,0
2014-02-12,20:00:00,26.451,26.451,26.451,26.451,102,0
2014-02-12,21:00:00,26.451,26.451,26.451,26.451,713,0
2014-02-13,17:00:00,26.451,26.451,26.441,26.441,5094,0
2014-02-13,18:00:00,26.441,26.441,26.156,26.156,509,0
2014-02-14,20:00:00,26.196,26.196,26.156,26.196,2955,0
2014-02-18,21:00:00,26.421,26.421,26.421,26.421,611,0
2014-02-18,22:00:00,26.421,26.421,26.421,26.421,306,0
2014-02-19,16:00:00,26.225,26.225,26.225,26.225,611,0
2014-02-20,21:00:00,26.431,26.431,26.431,26.431,509,0
2014-02-21,18:00:00,26.215,26.245,26.117,26.156,3158,0
2014-02-21,19:00:00,26.107,26.107,26.019,26.019,672,0
2014-02-21,20:00:00,26.294,26.294,26.294,26.294,1019,0
2014-02-24,17:00:00,26.304,26.304,26.304,26.304,408,0
2014-02-24,18:00:00,26.304,26.304,26.304,26.304,102,0
2014-02-24,20:00:00,26.304,26.304,26.284,26.304,2445,0
2014-02-24,21:00:00,26.353,26.353,26.353,26.353,102,0
2014-02-24,22:00:00,26.314,26.314,26.314,26.314,509,0
2014-02-25,18:00:00,26.117,26.333,26.117,26.333,408,0
2014-02-25,19:00:00,26.333,26.333,26.333,26.333,4238,0
2014-02-25,21:00:00,26.333,26.363,26.333,26.363,978,0
2014-02-25,22:00:00,26.402,26.402,26.402,26.402,764,0
2014-02-26,17:00:00,26.078,26.078,26.078,26.078,509,0
2014-02-26,19:00:00,26.5,26.5,26.5,26.5,1019,0
2014-02-26,20:00:00,26.5,26.5,26.5,26.5,1834,0
2014-02-26,21:00:00,26.5,26.5,26.5,26.5,408,0
2014-02-26,22:00:00,26.51,26.51,26.5,26.5,1426,0
2014-02-27,21:00:00,26.637,26.637,26.637,26.637,102,0
2014-02-28,18:00:00,26.235,26.353,26.235,26.284,1630,0
2014-02-28,21:00:00,26.412,26.421,26.412,26.421,815,0
2014-03-03,21:00:00,26.461,26.647,26.461,26.598,3770,0
2014-03-05,21:00:00,26.579,26.579,26.579,26.579,163,0
2014-03-05,22:00:00,26.48,26.48,26.48,26.48,102,0
2014-03-06,18:00:00,26.215,26.235,26.215,26.215,1630,0
2014-03-07,16:00:00,26.107,26.107,26.107,26.107,1936,0
2014-03-07,17:00:00,26.314,26.323,26.304,26.304,1391,0
2014-03-07,19:00:00,26.5,26.5,26.461,26.5,728,0
2014-03-07,21:00:00,26.314,26.402,26.255,26.402,12328,0
2014-03-10,17:00:00,26.5,26.5,26.5,26.5,611,0
2014-03-10,18:00:00,27.02,27.02,26.451,26.451,1039,0
2014-03-10,20:00:00,26.451,26.451,26.451,26.451,2140,0
2014-03-10,21:00:00,26.5,26.5,26.451,26.451,1019,0
2014-03-11,20:00:00,26.245,26.245,26.245,26.245,194,0
2014-03-11,21:00:00,26.245,26.245,26.029,26.137,9032,0
2014-03-12,15:00:00,26.274,27.589,26.274,26.353,5705,0
2014-03-12,17:00:00,26.353,26.353,26.353,26.353,1070,0
2014-03-12,20:00:00,26.51,26.51,26.5,26.5,1374,0
2014-03-12,21:00:00,26.529,26.529,26.5,26.5,1528,0
2014-03-13,15:00:00,26.107,26.107,26.107,26.107,1019,0
2014-03-13,17:00:00,26.451,26.5,26.451,26.451,1223,0
2014-03-13,18:00:00,26.451,26.451,26.451,26.451,611,0
2014-03-13,21:00:00,26.421,26.451,26.421,26.451,1722,0
2014-03-17,19:00:00,26.353,26.402,26.353,26.402,2140,0
2014-03-18,16:00:00,26.107,26.107,26.098,26.107,4106,0
2014-03-18,18:00:00,26.176,26.304,26.166,26.304,1426,0
2014-03-18,19:00:00,26.284,26.284,26.284,26.284,1019,0
2014-03-19,16:00:00,26.166,26.166,26.156,26.156,7882,0
2014-03-19,17:00:00,26.156,26.156,26.156,26.156,204,0
2014-03-19,19:00:00,26.166,26.166,26.166,26.166,764,0
2014-03-19,20:00:00,26.166,26.166,26.156,26.156,3561,0
2014-03-19,21:00:00,26.058,26.421,26.058,26.421,1009,0
2014-03-20,20:00:00,26.451,26.451,26.451,26.451,1019,0
2014-03-26,19:00:00,26.628,26.628,26.628,26.628,250,0
2014-03-26,21:00:00,26.461,26.5,26.461,26.5,240,0
2014-03-27,16:00:00,26.402,26.402,26.402,26.402,1172,0
2014-03-27,17:00:00,26.402,26.49,26.392,26.49,4667,0
2014-03-27,18:00:00,26.48,26.5,26.48,26.5,2013,0
2014-03-27,21:00:00,26.402,26.48,26.402,26.48,815,0
2014-04-01,22:00:00,26.51,26.52,26.51,26.52,1121,0
2014-04-02,19:00:00,26.52,26.539,26.52,26.539,1936,0
2014-04-03,17:00:00,26.539,26.539,26.539,26.539,204,0
2014-04-03,18:00:00,26.559,26.559,26.559,26.559,102,0
2014-04-03,20:00:00,26.559,26.559,26.559,26.559,255,0
2014-04-03,21:00:00,26.549,26.549,26.549,26.549,306,0
2014-04-03,22:00:00,26.559,26.598,26.559,26.598,1376,0
2014-04-04,18:00:00,26.608,26.608,26.608,26.608,1020,0
2014-04-04,22:00:00,26.382,26.628,26.382,26.628,484,0
2014-04-07,17:00:00,26.372,26.372,26.372,26.372,255,0
2014-04-07,20:00:00,26.647,26.647,26.647,26.647,306,0
2014-04-07,21:00:00,26.637,26.637,26.637,26.637,102,0
2014-04-07,22:00:00,26.647,26.755,26.647,26.647,2753,0
2014-04-08,19:00:00,26.529,26.647,26.51,26.647,4649,0
2014-04-08,20:00:00,26.647,26.657,26.647,26.657,714,0
2014-04-08,22:00:00,26.657,26.657,26.657,26.657,102,0
2014-04-09,18:00:00,26.412,26.412,26.412,26.412,408,0
2014-04-09,21:00:00,26.421,26.421,26.421,26.421,764,0
2014-04-10,16:00:00,26.5,26.5,26.5,26.5,1444,0
2014-04-10,18:00:00,26.5,26.5,26.5,26.5,1018,0
2014-04-14,17:00:00,26.82,26.82,26.8,26.8,900,0
2014-04-14,19:00:00,26.65,26.65,26.65,26.65,100,0
2014-04-14,20:00:00,26.7,26.7,26.7,26.7,100,0
2014-04-15,16:00:00,26.66,26.66,26.66,26.66,200,0
2014-04-15,17:00:00,26.61,26.61,26.6,26.6,800,0
2014-04-15,21:00:00,26.45,26.5,26.4,26.4,1675,0
2014-04-15,22:00:00,26.35,26.42,26.35,26.42,6824,0
2014-04-16,17:00:00,26.37,26.37,26.35,26.35,920,0
2014-04-16,19:00:00,26.56,26.56,26.56,26.56,1200,0
2014-04-16,22:00:00,26.4,26.56,26.4,26.51,4334,0
2014-04-17,21:00:00,26.58,26.85,26.58,26.85,762,0
2014-04-17,22:00:00,26.41,26.67,26.41,26.67,5526,0
2014-04-21,19:00:00,26.73,26.77,26.73,26.77,7321,0
2014-04-21,20:00:00,26.78,26.88,26.78,26.8,7193,0
2014-04-21,21:00:00,26.8,26.82,26.8,26.82,200,0
2014-04-21,22:00:00,26.8,26.8,26.8,26.8,500,0
2014-04-22,20:00:00,26.7,26.7,26.7,26.7,677,0
2014-04-22,22:00:00,26.8,26.9,26.8,26.89,2150,0
2014-04-25,20:00:00,26.74,26.74,26.74,26.74,2000,0
2014-04-25,21:00:00,26.96,26.96,26.96,26.96,400,0
2014-04-25,22:00:00,26.97,26.97,26.94,26.97,1120,0
2014-04-29,18:00:00,26.9,26.98,26.9,26.98,2300,0
2014-04-29,19:00:00,26.98,26.98,26.98,26.98,400,0
2014-04-30,16:00:00,26.98,26.98,26.98,26.98,526,0
2014-04-30,17:00:00,26.98,26.98,26.98,26.98,100,0
2014-04-30,22:00:00,26.98,26.98,26.98,26.98,185,0
2014-05-01,19:00:00,26.98,26.98,26.98,26.98,180,0
2014-05-02,21:00:00,26.98,26.98,26.98,26.98,100,0
2014-05-05,20:00:00,26.98,26.98,26.98,26.98,750,0
2014-05-06,22:00:00,26.9,26.9,26.9,26.9,1042,0
2014-05-07,16:00:00,26.8,26.8,26.8,26.8,380,0
2014-05-07,17:00:00,26.5,26.5,26.5,26.5,100,0
2014-05-07,21:00:00,26.7,26.89,26.7,26.89,600,0
2014-05-07,22:00:00,26.89,26.98,26.89,26.98,1605,0
