Date,Time,Open,High,Low,Close,Volume,OpenInt
2014-02-10,16:00:00,42.81,43.21,42.81,43,117361,0
2014-02-10,17:00:00,43.01,43.37,42.96,43.24,293661,0
2014-02-10,18:00:00,43.23,44.05,43.17,44.03,273418,0
2014-02-10,19:00:00,44.03,44.08,43.8,43.91,193083,0
2014-02-10,20:00:00,43.91,43.94,43.81,43.89,280998,0
2014-02-10,21:00:00,43.9,44.4,43.89,44.39,392859,0
2014-02-10,22:00:00,44.39,44.74,44.33,44.62,955870,0
2014-02-11,16:00:00,44.54,44.62,44.21,44.4,69460,0
2014-02-11,17:00:00,44.41,44.54,44.1,44.19,151103,0
2014-02-11,18:00:00,44.2,44.46,44.03,44.46,155875,0
2014-02-11,19:00:00,44.45,44.56,44.41,44.46,148355,0
2014-02-11,20:00:00,44.46,44.49,44.39,44.39,134133,0
2014-02-11,21:00:00,44.4,44.49,44.33,44.33,171599,0
2014-02-11,22:00:00,44.34,44.38,44.23,44.26,900996,0
2014-02-12,16:00:00,44.14,45.23,42.88,44.97,471198,0
2014-02-12,17:00:00,44.96,44.99,44.16,44.52,380310,0
2014-02-12,18:00:00,44.53,45.23,44.5,44.7,508481,0
2014-02-12,19:00:00,44.71,44.76,44.63,44.69,228969,0
2014-02-12,20:00:00,44.7,44.71,44.41,44.57,389118,0
2014-02-12,21:00:00,44.57,44.6,44.3,44.39,624414,0
2014-02-12,22:00:00,44.38,44.48,44.28,44.41,709257,0
2014-02-13,16:00:00,44.14,44.35,43.8,43.87,142204,0
2014-02-13,17:00:00,43.86,43.91,43.35,43.51,329185,0
2014-02-13,18:00:00,43.52,43.91,43.46,43.88,462883,0
2014-02-13,19:00:00,43.88,43.93,43.74,43.9,340895,0
2014-02-13,20:00:00,43.9,44.17,43.87,43.99,441286,0
2014-02-13,21:00:00,43.99,44.29,43.89,44.15,397373,0
2014-02-13,22:00:00,44.15,44.21,43.97,44.11,827036,0
2014-02-14,16:00:00,44.09,44.29,43.93,44.2,82413,0
2014-02-14,17:00:00,44.23,44.26,43.95,43.97,212182,0
2014-02-14,18:00:00,43.98,44.01,43.52,43.75,241094,0
2014-02-14,19:00:00,43.76,43.78,43.6,43.62,156303,0
2014-02-14,20:00:00,43.62,43.66,43.56,43.59,136337,0
2014-02-14,21:00:00,43.59,43.61,43.54,43.59,249537,0
2014-02-14,22:00:00,43.59,43.65,43.38,43.55,810114,0
2014-02-18,16:00:00,43.74,44.04,43.7,43.88,82929,0
2014-02-18,17:00:00,43.89,43.92,43.71,43.88,166454,0
2014-02-18,18:00:00,43.89,44.05,43.87,43.96,189745,0
2014-02-18,19:00:00,43.96,43.98,43.78,43.82,130236,0
2014-02-18,20:00:00,43.83,43.86,43.69,43.72,159288,0
2014-02-18,21:00:00,43.71,43.92,43.7,43.87,107488,0
2014-02-18,22:00:00,43.88,43.95,43.84,43.88,347930,0
2014-02-19,16:00:00,43.76,44.09,43.76,44.03,94520,0
2014-02-19,17:00:00,44.04,44.09,43.74,43.86,135479,0
2014-02-19,18:00:00,43.88,44.05,43.84,43.88,169981,0
2014-02-19,19:00:00,43.87,43.9,43.59,43.71,108209,0
2014-02-19,20:00:00,43.71,43.85,43.68,43.8,58934,0
2014-02-19,21:00:00,43.8,43.95,43.78,43.91,129480,0
2014-02-19,22:00:00,43.9,43.93,43.73,43.78,432660,0
2014-02-20,16:00:00,43.94,44.02,43.67,43.81,33618,0
2014-02-20,17:00:00,43.72,44.01,43.7,43.96,121472,0
2014-02-20,18:00:00,43.97,43.98,43.88,43.98,115246,0
2014-02-20,19:00:00,43.98,44.03,43.96,43.98,67760,0
2014-02-20,20:00:00,43.98,44.01,43.86,43.99,100588,0
2014-02-20,21:00:00,43.98,44.09,43.92,44.05,123659,0
2014-02-20,22:00:00,44.05,44.07,43.9,43.98,457515,0
2014-02-21,16:00:00,43.9,43.9,42.13,42.5,558592,0
2014-02-21,17:00:00,42.52,42.56,42.02,42.08,507212,0
2014-02-21,18:00:00,42.08,42.11,41.88,41.95,332364,0
2014-02-21,19:00:00,41.95,42.21,41.86,42.01,246910,0
2014-02-21,20:00:00,42.01,42.42,41.89,42.25,675141,0
2014-02-21,21:00:00,42.25,42.3,42.1,42.24,291977,0
2014-02-21,22:00:00,42.23,42.28,42.13,42.27,963446,0
2014-02-24,16:00:00,42.29,42.74,42.16,42.72,150196,0
2014-02-24,17:00:00,42.73,42.74,42.38,42.47,154459,0
2014-02-24,18:00:00,42.47,42.61,42.28,42.43,195513,0
2014-02-24,19:00:00,42.45,42.7,42.45,42.64,102662,0
2014-02-24,20:00:00,42.65,42.71,42.51,42.61,121714,0
2014-02-24,21:00:00,42.61,42.72,42.54,42.57,159899,0
2014-02-24,22:00:00,42.57,42.59,42.43,42.5,588162,0
2014-02-25,16:00:00,42.51,42.65,42.39,42.51,184185,0
2014-02-25,17:00:00,42.48,42.52,42.28,42.46,149830,0
2014-02-25,18:00:00,42.43,42.59,42.42,42.43,141913,0
2014-02-25,19:00:00,42.42,42.51,42.36,42.37,89047,0
2014-02-25,20:00:00,42.36,42.49,42.33,42.45,140473,0
2014-02-25,21:00:00,42.45,43,42.31,42.74,624674,0
2014-02-25,22:00:00,42.74,43,42.64,42.7,868131,0
2014-02-26,16:00:00,42.74,42.82,42.4,42.45,97861,0
2014-02-26,17:00:00,42.53,42.9,42.52,42.83,112770,0
2014-02-26,18:00:00,42.83,42.97,42.74,42.77,124379,0
2014-02-26,19:00:00,42.77,42.85,42.69,42.69,135543,0
2014-02-26,20:00:00,42.69,42.73,42.57,42.59,121159,0
2014-02-26,21:00:00,42.58,42.78,42.44,42.78,296308,0
2014-02-26,22:00:00,42.78,43,42.61,42.99,551500,0
2014-02-27,16:00:00,42.99,43,42.76,42.97,69597,0
2014-02-27,17:00:00,42.97,43,42.76,42.86,165191,0
2014-02-27,18:00:00,42.86,43.11,42.86,43.03,200154,0
2014-02-27,19:00:00,43.02,43.12,42.93,43.12,182635,0
2014-02-27,20:00:00,43.09,43.29,43.09,43.17,116200,0
2014-02-27,21:00:00,43.18,43.34,43.14,43.16,180296,0
2014-02-27,22:00:00,43.14,43.21,43,43.09,333900,0
2014-02-28,16:00:00,43.18,43.39,42.89,43.1,58614,0
2014-02-28,17:00:00,43.11,43.55,43.11,43.36,156666,0
2014-02-28,18:00:00,43.32,43.81,43.31,43.73,193782,0
2014-02-28,19:00:00,43.72,43.86,43.66,43.7,100480,0
2014-02-28,20:00:00,43.69,43.77,43.58,43.59,91779,0
2014-02-28,21:00:00,43.6,43.64,43.25,43.31,135273,0
2014-02-28,22:00:00,43.32,43.36,43.01,43.28,1042796,0
2014-03-03,16:00:00,42.69,42.8,42.48,42.67,98064,0
2014-03-03,17:00:00,42.66,42.81,42.61,42.72,165781,0
2014-03-03,18:00:00,42.73,42.78,42.6,42.63,364120,0
2014-03-03,19:00:00,42.63,42.71,42.43,42.49,163117,0
2014-03-03,20:00:00,42.48,42.52,42.21,42.24,167510,0
2014-03-03,21:00:00,42.25,42.42,42.15,42.2,222535,0
2014-03-03,22:00:00,42.2,42.39,42.07,42.36,854261,0
2014-03-04,16:00:00,42.71,42.99,42.66,42.99,53107,0
2014-03-04,17:00:00,42.99,43.32,42.82,43.28,177432,0
2014-03-04,18:00:00,43.27,43.28,43.08,43.08,109847,0
2014-03-04,19:00:00,43.07,43.24,43.07,43.1,121363,0
2014-03-04,20:00:00,43.1,43.22,42.97,42.97,176531,0
2014-03-04,21:00:00,42.96,43.02,42.77,42.9,157771,0
2014-03-04,22:00:00,42.91,42.99,42.82,42.99,618185,0
2014-03-05,16:00:00,42.8,42.83,42.3,42.34,82583,0
2014-03-05,17:00:00,42.44,42.7,42.38,42.65,90509,0
2014-03-05,18:00:00,42.65,42.78,42.55,42.55,118360,0
2014-03-05,19:00:00,42.55,42.57,42.4,42.55,68610,0
2014-03-05,20:00:00,42.56,42.71,42.53,42.65,67863,0
2014-03-05,21:00:00,42.64,42.81,42.62,42.77,69202,0
2014-03-05,22:00:00,42.77,42.79,42.61,42.65,665029,0
2014-03-06,16:00:00,42.85,43.11,42.7,43.02,130733,0
2014-03-06,17:00:00,43,43.07,42.95,43.02,69246,0
2014-03-06,18:00:00,43.03,43.14,42.98,43.1,65732,0
2014-03-06,19:00:00,43.1,43.44,43.04,43.41,204715,0
2014-03-06,20:00:00,43.41,43.44,43.17,43.3,196308,0
2014-03-06,21:00:00,43.29,43.52,43.25,43.48,298381,0
2014-03-06,22:00:00,43.49,43.54,43.47,43.53,453063,0
2014-03-07,16:00:00,43.61,43.7,43.02,43.08,162148,0
2014-03-07,17:00:00,43.05,43.41,42.99,43.38,211836,0
2014-03-07,18:00:00,43.37,43.42,43.17,43.41,208219,0
2014-03-07,19:00:00,43.41,43.42,43.25,43.28,97752,0
2014-03-07,20:00:00,43.28,43.38,43.18,43.32,103426,0
2014-03-07,21:00:00,43.32,43.39,43.2,43.34,125319,0
2014-03-07,22:00:00,43.34,43.38,43.3,43.35,514930,0
2014-03-10,15:00:00,43.25,43.5,42.98,43.45,82379,0
2014-03-10,16:00:00,43.41,43.41,43.02,43.08,86965,0
2014-03-10,17:00:00,43.07,43.33,43.04,43.28,144531,0
2014-03-10,18:00:00,43.29,43.39,43.14,43.36,129579,0
2014-03-10,19:00:00,43.36,43.4,43.19,43.24,100130,0
2014-03-10,20:00:00,43.24,43.34,43.2,43.34,65386,0
2014-03-10,21:00:00,43.34,43.36,43.26,43.31,257985,0
2014-03-11,15:00:00,43.26,43.46,43.1,43.14,41982,0
2014-03-11,16:00:00,43.16,43.69,42.9,43.66,188444,0
2014-03-11,17:00:00,43.68,43.96,43.64,43.7,143441,0
2014-03-11,18:00:00,43.71,43.81,43.59,43.76,104302,0
2014-03-11,19:00:00,43.71,44,43.37,43.52,568498,0
2014-03-11,20:00:00,43.54,43.55,42.01,42.45,1041493,0
2014-03-11,21:00:00,42.43,42.73,42.41,42.68,767693,0
2014-03-12,15:00:00,42.52,42.52,42.2,42.33,84384,0
2014-03-12,16:00:00,42.32,42.85,42.31,42.85,251023,0
2014-03-12,17:00:00,42.87,42.89,42.62,42.76,110508,0
2014-03-12,18:00:00,42.75,42.89,42.5,42.68,152090,0
2014-03-12,19:00:00,42.68,42.76,42.61,42.67,127080,0
2014-03-12,20:00:00,42.67,42.87,42.65,42.79,158018,0
2014-03-12,21:00:00,42.78,42.91,42.68,42.88,546000,0
2014-03-13,15:00:00,42.96,43.12,42.68,42.78,174089,0
2014-03-13,16:00:00,42.76,42.76,42.43,42.58,327696,0
2014-03-13,17:00:00,42.54,42.67,42.54,42.62,70990,0
2014-03-13,18:00:00,42.61,42.64,42.45,42.52,151659,0
2014-03-13,19:00:00,42.51,42.53,42.33,42.34,235922,0
2014-03-13,20:00:00,42.32,42.39,42.15,42.15,170037,0
2014-03-13,21:00:00,42.14,42.27,42.08,42.15,488503,0
2014-03-14,15:00:00,42.09,42.65,41.99,42.4,232344,0
2014-03-14,16:00:00,42.38,42.52,42.34,42.4,219296,0
2014-03-14,17:00:00,42.37,42.41,42.19,42.32,98953,0
2014-03-14,18:00:00,42.32,42.43,42.23,42.4,121429,0
2014-03-14,19:00:00,42.4,42.4,42.26,42.34,45917,0
2014-03-14,20:00:00,42.35,42.35,42.08,42.09,91562,0
2014-03-14,21:00:00,42.09,42.17,42.03,42.1,212823,0
2014-03-17,15:00:00,42.23,43.1,42.23,43.02,670198,0
2014-03-17,16:00:00,43.01,43.19,42.89,42.95,202233,0
2014-03-17,17:00:00,42.94,43.07,42.91,43,136994,0
2014-03-17,18:00:00,43,43.06,42.9,42.94,135609,0
2014-03-17,19:00:00,42.94,42.97,42.82,42.9,104683,0
2014-03-17,20:00:00,42.91,42.92,42.76,42.84,94292,0
2014-03-17,21:00:00,42.84,42.86,42.73,42.78,521614,0
2014-03-18,15:00:00,42.73,42.84,42.37,42.81,116903,0
2014-03-18,16:00:00,42.82,42.82,42.62,42.68,222594,0
2014-03-18,17:00:00,42.68,42.75,42.65,42.7,278207,0
2014-03-18,18:00:00,42.7,42.9,42.67,42.85,404084,0
2014-03-18,19:00:00,42.85,43.2,42.78,43.14,197815,0
2014-03-18,20:00:00,43.13,43.16,43.02,43.05,118972,0
2014-03-18,21:00:00,43.05,43.1,42.89,42.95,529339,0
2014-03-19,15:00:00,42.94,43.11,42.56,43.11,106599,0
2014-03-19,16:00:00,43.14,43.14,42.89,42.95,92002,0
2014-03-19,17:00:00,42.95,43.04,42.91,42.99,100337,0
2014-03-19,18:00:00,43,43.01,42.95,42.98,85332,0
2014-03-19,19:00:00,42.99,43,42.93,42.99,58450,0
2014-03-19,20:00:00,42.97,42.98,42.68,42.78,106966,0
2014-03-19,21:00:00,42.77,42.82,42.41,42.74,468503,0
2014-03-20,15:00:00,42.6,42.68,42.26,42.41,34294,0
2014-03-20,16:00:00,42.47,42.73,42.36,42.7,98159,0
2014-03-20,17:00:00,42.69,42.71,42.43,42.51,53202,0
2014-03-20,18:00:00,42.5,42.73,42.43,42.71,40871,0
2014-03-20,19:00:00,42.71,42.75,42.55,42.62,58799,0
2014-03-20,20:00:00,42.64,42.8,42.62,42.78,71204,0
2014-03-20,21:00:00,42.77,42.8,42.68,42.75,201825,0
2014-03-21,15:00:00,42.93,43.02,42.65,42.67,88665,0
2014-03-21,16:00:00,42.67,42.72,42.16,42.18,208153,0
2014-03-21,17:00:00,42.19,42.49,42.02,42.36,276169,0
2014-03-21,18:00:00,42.36,42.51,42.31,42.4,164513,0
2014-03-21,19:00:00,42.4,42.47,42.22,42.36,140468,0
2014-03-21,20:00:00,42.35,42.43,42.25,42.34,177835,0
2014-03-21,21:00:00,42.32,42.39,42.23,42.33,1458977,0
2014-03-24,15:00:00,42.29,42.41,41.66,41.67,109838,0
2014-03-24,16:00:00,41.64,41.66,41.14,41.18,170497,0
2014-03-24,17:00:00,41.1,41.28,41,41.16,144346,0
2014-03-24,18:00:00,41.16,41.27,41.11,41.19,112295,0
2014-03-24,19:00:00,41.2,41.25,41.12,41.22,100496,0
2014-03-24,20:00:00,41.23,41.47,41.19,41.44,133595,0
2014-03-24,21:00:00,41.42,41.63,41.38,41.46,425952,0
2014-03-25,15:00:00,41.72,41.92,41.64,41.8,70414,0
2014-03-25,16:00:00,41.8,42.07,41.59,41.6,193244,0
2014-03-25,17:00:00,41.57,41.72,41.22,41.27,85597,0
2014-03-25,18:00:00,41.27,41.46,41.19,41.43,53427,0
2014-03-25,19:00:00,41.42,41.73,41.4,41.46,72165,0
2014-03-25,20:00:00,41.45,41.57,41.3,41.32,136263,0
2014-03-25,21:00:00,41.33,41.53,41.32,41.47,395687,0
2014-03-26,15:00:00,41.74,41.74,41.39,41.72,14784,0
2014-03-26,16:00:00,41.72,41.82,41.34,41.35,52384,0
2014-03-26,17:00:00,41.32,41.44,41.23,41.29,47752,0
2014-03-26,18:00:00,41.3,41.59,41.23,41.59,49317,0
2014-03-26,19:00:00,41.58,41.59,41.17,41.31,38246,0
2014-03-26,20:00:00,41.29,41.32,41.1,41.21,88664,0
2014-03-26,21:00:00,41.21,41.23,40.89,40.89,291003,0
2014-03-27,15:00:00,40.87,41.06,40.41,40.82,106954,0
2014-03-27,16:00:00,40.85,41.21,40.75,41.14,272570,0
2014-03-27,17:00:00,41.14,41.38,40.98,41.18,185374,0
2014-03-27,18:00:00,41.18,41.55,41.08,41.53,139565,0
2014-03-27,19:00:00,41.52,41.79,41.49,41.72,205569,0
2014-03-27,20:00:00,41.72,42.07,41.59,42.04,237885,0
2014-03-27,21:00:00,42.05,42.13,41.91,42.08,782518,0
2014-03-28,15:00:00,42.25,42.64,42.19,42.5,535931,0
2014-03-28,16:00:00,42.53,42.75,42.4,42.75,278281,0
2014-03-28,17:00:00,42.76,43.19,42.73,43.13,244970,0
2014-03-28,18:00:00,43.14,43.18,43,43.05,186423,0
2014-03-28,19:00:00,43.06,43.13,42.83,42.9,339061,0
2014-03-28,20:00:00,42.9,43,42.65,42.66,356242,0
2014-03-28,21:00:00,42.67,42.73,42.56,42.59,359680,0
2014-03-31,16:00:00,42.75,42.77,42.54,42.77,83414,0
2014-03-31,17:00:00,42.79,43.02,42.73,43.02,147862,0
2014-03-31,18:00:00,43.01,43.09,42.94,43.08,122534,0
2014-03-31,19:00:00,43.09,43.3,43.08,43.25,71913,0
2014-03-31,20:00:00,43.26,43.43,43.23,43.32,111291,0
2014-03-31,21:00:00,43.32,43.47,43.32,43.44,109964,0
2014-03-31,22:00:00,43.44,43.46,43.19,43.25,3691125,0
2014-04-01,16:00:00,43.27,43.7,43.02,43.7,82780,0
2014-04-01,17:00:00,43.71,44.11,43.69,43.96,233316,0
2014-04-01,18:00:00,43.95,44.03,43.78,43.84,165204,0
2014-04-01,19:00:00,43.83,43.97,43.76,43.88,85006,0
2014-04-01,20:00:00,43.87,43.99,43.83,43.98,86985,0
2014-04-01,21:00:00,43.97,44.16,43.97,44.15,144607,0
2014-04-01,22:00:00,44.15,44.27,44.05,44.27,640980,0
2014-04-02,16:00:00,44.3,44.61,44.21,44.3,140618,0
2014-04-02,17:00:00,44.31,44.49,43.9,43.95,317933,0
2014-04-02,18:00:00,43.95,44.01,43.86,43.95,192081,0
2014-04-02,19:00:00,43.95,44.06,43.91,44.05,89773,0
2014-04-02,20:00:00,44.04,44.04,43.84,43.87,202433,0
2014-04-02,21:00:00,43.86,44.26,43.85,44.23,166493,0
2014-04-02,22:00:00,44.24,44.24,44.06,44.19,300556,0
2014-04-03,16:00:00,44.16,44.24,43.7,44.23,47348,0
2014-04-03,17:00:00,44.22,44.28,44.14,44.25,150708,0
2014-04-03,18:00:00,44.25,44.37,44.22,44.3,102753,0
2014-04-03,19:00:00,44.27,44.37,44.21,44.35,89218,0
2014-04-03,20:00:00,44.36,44.54,44.29,44.54,91720,0
2014-04-03,21:00:00,44.54,44.69,44.44,44.58,234993,0
2014-04-03,22:00:00,44.57,44.65,44.49,44.55,409961,0
2014-04-04,16:00:00,44.74,44.78,43.65,44.02,315275,0
2014-04-04,17:00:00,44.04,44.37,43.95,44.02,330130,0
2014-04-04,18:00:00,44.02,44.2,43.78,43.85,289474,0
2014-04-04,19:00:00,43.85,43.85,43.29,43.37,273759,0
2014-04-04,20:00:00,43.37,43.88,43.32,43.86,182339,0
2014-04-04,21:00:00,43.87,43.88,43.5,43.57,264757,0
2014-04-04,22:00:00,43.58,43.59,43.26,43.38,655760,0
2014-04-07,16:00:00,43.32,43.33,42.91,43.29,31525,0
2014-04-07,17:00:00,43.33,43.66,43.17,43.21,132450,0
2014-04-07,18:00:00,43.19,43.3,42.75,42.79,183730,0
2014-04-07,19:00:00,42.77,42.87,42.6,42.87,161042,0
2014-04-07,20:00:00,42.87,43.01,42.77,42.9,210590,0
2014-04-07,21:00:00,42.89,42.97,42.74,42.93,114941,0
2014-04-07,22:00:00,42.92,43.13,42.9,43.01,667261,0
2014-04-08,16:00:00,42.93,43.31,42.83,43.02,131200,0
2014-04-08,17:00:00,43.02,43.09,42.48,42.81,142160,0
2014-04-08,18:00:00,42.81,43.11,42.77,43.08,93344,0
2014-04-08,19:00:00,43.04,43.22,43,43.1,143348,0
2014-04-08,20:00:00,43.13,43.22,43.04,43.22,201456,0
2014-04-08,21:00:00,43.22,43.4,43.1,43.2,245848,0
2014-04-08,22:00:00,43.2,43.56,43.2,43.52,576516,0
2014-04-09,16:00:00,43.71,43.76,43.27,43.48,53093,0
2014-04-09,17:00:00,43.53,43.83,43.52,43.78,317865,0
2014-04-09,18:00:00,43.76,44.05,43.75,43.96,210714,0
2014-04-09,19:00:00,43.95,44.11,43.89,44,130584,0
2014-04-09,20:00:00,44,44.1,43.89,43.96,106346,0
2014-04-09,21:00:00,43.97,44.36,43.97,44.11,164266,0
2014-04-09,22:00:00,44.12,44.28,44.11,44.21,423954,0
2014-04-10,16:00:00,44.1,44.18,43.64,43.7,43655,0
2014-04-10,17:00:00,43.65,43.77,43.39,43.42,114831,0
2014-04-10,18:00:00,43.42,43.54,43.19,43.23,129086,0
2014-04-10,19:00:00,43.21,43.24,42.95,43.08,136741,0
2014-04-10,20:00:00,43.09,43.09,42.9,43.05,105084,0
2014-04-10,21:00:00,43.04,43.07,42.75,42.75,103146,0
2014-04-10,22:00:00,42.73,42.81,42.61,42.72,765586,0
2014-04-11,16:00:00,42.52,42.52,42.06,42.15,150548,0
2014-04-11,17:00:00,42.15,42.45,42.01,42.39,229010,0
2014-04-11,18:00:00,42.39,42.6,42.04,42.09,152057,0
2014-04-11,19:00:00,42.08,42.48,42.08,42.43,130966,0
2014-04-11,20:00:00,42.44,42.54,42.22,42.42,171461,0
2014-04-11,21:00:00,42.38,42.4,42.09,42.24,186620,0
2014-04-11,22:00:00,42.23,42.29,42.1,42.14,393855,0
2014-04-14,16:00:00,42.41,42.59,42.24,42.26,32220,0
2014-04-14,17:00:00,42.24,43.11,42.24,43.04,153557,0
2014-04-14,18:00:00,43.04,43.32,42.95,43.3,191611,0
2014-04-14,19:00:00,43.29,43.66,43.28,43.57,296864,0
2014-04-14,20:00:00,43.56,43.66,43.05,43.05,296473,0
2014-04-14,21:00:00,43.05,43.19,42.74,42.8,172377,0
2014-04-14,22:00:00,42.8,42.95,42.52,42.93,539161,0
2014-04-15,16:00:00,43.15,43.42,42.95,43.06,230632,0
2014-04-15,17:00:00,43.05,43.19,42.43,42.45,256280,0
2014-04-15,18:00:00,42.46,42.58,42.24,42.28,173877,0
2014-04-15,19:00:00,42.26,42.37,42.16,42.3,137844,0
2014-04-15,20:00:00,42.29,42.83,42.26,42.83,131037,0
2014-04-15,21:00:00,42.83,43.4,42.83,43.32,127637,0
2014-04-15,22:00:00,43.32,43.51,43.2,43.43,472633,0
2014-04-16,16:00:00,43.6,43.6,42.82,43.2,92251,0
2014-04-16,17:00:00,43.23,43.35,42.99,43.04,108244,0
2014-04-16,18:00:00,43.03,43.1,42.82,43.02,61565,0
2014-04-16,19:00:00,43.02,43.07,42.87,42.88,85452,0
2014-04-16,20:00:00,42.88,43.01,42.79,42.92,91521,0
2014-04-16,21:00:00,42.92,42.97,42.8,42.91,96341,0
2014-04-16,22:00:00,42.91,43.01,42.82,43,361946,0
2014-04-17,16:00:00,42.61,42.91,42.51,42.8,49802,0
2014-04-17,17:00:00,42.76,43.22,42.68,43.06,73388,0
2014-04-17,18:00:00,43.06,43.09,42.65,42.69,59910,0
2014-04-17,19:00:00,42.69,42.76,42.59,42.69,66437,0
2014-04-17,20:00:00,42.7,42.84,42.7,42.8,85092,0
2014-04-17,21:00:00,42.8,42.84,42.73,42.79,85195,0
2014-04-17,22:00:00,42.8,42.92,42.79,42.84,152379,0
2014-04-21,16:00:00,42.53,43.11,42.45,42.99,33389,0
2014-04-21,17:00:00,42.96,43.01,42.73,42.85,114666,0
2014-04-21,18:00:00,42.87,42.93,42.83,42.88,40630,0
2014-04-21,19:00:00,42.86,42.97,42.8,42.94,84523,0
2014-04-21,20:00:00,42.91,43.06,42.89,43.05,24287,0
2014-04-21,21:00:00,43.09,43.2,43,43.17,44282,0
2014-04-21,22:00:00,43.19,43.22,43.04,43.17,185907,0
2014-04-22,16:00:00,43.29,43.59,43.22,43.5,59636,0
2014-04-22,17:00:00,43.52,43.82,43.5,43.82,134003,0
2014-04-22,18:00:00,43.81,43.85,43.64,43.66,98289,0
2014-04-22,19:00:00,43.65,43.77,43.59,43.71,59924,0
2014-04-22,20:00:00,43.71,43.79,43.68,43.76,72659,0
2014-04-22,21:00:00,43.76,43.78,43.65,43.66,89932,0
2014-04-22,22:00:00,43.66,43.75,43.61,43.71,373252,0
2014-04-23,16:00:00,43.58,43.81,43.55,43.55,59433,0
2014-04-23,17:00:00,43.5,43.64,43.34,43.52,74351,0
2014-04-23,18:00:00,43.52,43.55,43.39,43.45,67349,0
2014-04-23,19:00:00,43.45,43.58,43.42,43.58,28033,0
2014-04-23,20:00:00,43.57,43.68,43.48,43.49,39102,0
2014-04-23,21:00:00,43.5,43.57,43.48,43.56,43593,0
2014-04-23,22:00:00,43.56,43.78,43.52,43.76,350035,0
2014-04-24,16:00:00,43.89,43.99,43.4,43.4,74531,0
2014-04-24,17:00:00,43.37,43.55,43.23,43.51,88259,0
2014-04-24,18:00:00,43.48,43.72,43.43,43.71,66251,0
2014-04-24,19:00:00,43.71,43.81,43.62,43.81,112331,0
2014-04-24,20:00:00,43.79,43.82,43.53,43.54,67561,0
2014-04-24,21:00:00,43.54,43.75,43.51,43.69,84760,0
2014-04-24,22:00:00,43.71,43.97,43.69,43.96,463686,0
2014-04-25,16:00:00,43.88,43.97,43.4,43.49,64678,0
2014-04-25,17:00:00,43.47,43.61,43.36,43.42,82285,0
2014-04-25,18:00:00,43.41,43.53,43.28,43.49,87569,0
2014-04-25,19:00:00,43.48,43.57,43.44,43.5,60988,0
2014-04-25,20:00:00,43.5,43.51,43.27,43.29,46045,0
2014-04-25,21:00:00,43.29,43.3,43.12,43.23,64007,0
2014-04-25,22:00:00,43.23,43.37,43.23,43.31,455256,0
2014-04-28,16:00:00,43.62,43.76,43.38,43.73,89275,0
2014-04-28,17:00:00,43.76,44.03,43.56,44,179188,0
2014-04-28,18:00:00,44.01,44.08,43.76,43.8,249456,0
2014-04-28,19:00:00,43.82,43.93,43.68,43.85,164401,0
2014-04-28,20:00:00,43.85,43.92,43.63,43.84,188887,0
2014-04-28,21:00:00,43.84,43.94,43.74,43.93,158430,0
2014-04-28,22:00:00,43.93,44.27,43.92,44.2,446842,0
2014-04-29,16:00:00,44.25,44.28,44.01,44.26,96686,0
2014-04-29,17:00:00,44.25,44.61,44.05,44.37,232295,0
2014-04-29,18:00:00,44.38,44.77,44.38,44.68,229573,0
2014-04-29,19:00:00,44.68,44.73,44.58,44.65,199449,0
2014-04-29,20:00:00,44.66,45.13,44.62,45.06,424804,0
2014-04-29,21:00:00,45.06,45.46,44.82,45.43,389277,0
2014-04-29,22:00:00,45.44,45.96,45.33,45.46,1733313,0
2014-04-30,16:00:00,46.4,46.96,45.67,46,635675,0
2014-04-30,17:00:00,46.01,46.25,45.47,45.59,584445,0
2014-04-30,18:00:00,45.63,45.75,44.85,45.23,336600,0
2014-04-30,19:00:00,45.23,45.25,44.6,44.64,230676,0
2014-04-30,20:00:00,44.66,45.06,44.6,44.99,220350,0
2014-04-30,21:00:00,44.99,45.8,44.9,45.61,496328,0
2014-04-30,22:00:00,45.63,45.94,45.35,45.8,3930965,0
2014-05-01,16:00:00,45.75,46.02,44.9,44.9,136333,0
2014-05-01,17:00:00,44.87,45.16,44.48,45.11,217077,0
2014-05-01,18:00:00,45.12,45.78,45.11,45.5,240587,0
2014-05-01,19:00:00,45.5,45.59,45.41,45.45,153479,0
2014-05-01,20:00:00,45.46,45.61,45.44,45.5,173085,0
2014-05-01,21:00:00,45.5,45.65,45.44,45.47,180601,0
2014-05-01,22:00:00,45.47,45.64,45.39,45.57,456438,0
2014-05-02,16:00:00,45.6,46.01,45.33,46.01,387421,0
2014-05-02,17:00:00,46.01,46.2,45.78,46.03,539517,0
2014-05-02,18:00:00,46.03,46.07,45.86,46,280941,0
2014-05-02,19:00:00,46,46.07,45.81,45.98,190990,0
2014-05-02,20:00:00,45.97,46.13,45.93,46.02,250675,0
2014-05-02,21:00:00,46.02,46.14,45.96,46,251858,0
2014-05-02,22:00:00,46,46.27,45.99,46.2,655042,0
2014-05-05,16:00:00,45.89,46.43,45.69,45.92,285307,0
2014-05-05,17:00:00,46,46.18,45.93,46.04,238683,0
2014-05-05,18:00:00,46.05,46.23,45.99,46.23,112082,0
2014-05-05,19:00:00,46.23,46.27,46.04,46.08,110979,0
2014-05-05,20:00:00,46.08,46.39,46.08,46.39,106660,0
2014-05-05,21:00:00,46.38,46.72,46.38,46.66,222532,0
2014-05-05,22:00:00,46.66,46.95,46.62,46.92,849569,0
2014-05-06,16:00:00,46.73,46.82,46.28,46.28,195137,0
2014-05-06,17:00:00,46.31,46.47,46.17,46.38,130470,0
2014-05-06,18:00:00,46.36,46.48,46.28,46.43,125283,0
2014-05-06,19:00:00,46.43,46.58,46.39,46.58,123774,0
2014-05-06,20:00:00,46.58,46.58,46.31,46.36,101526,0
2014-05-06,21:00:00,46.36,46.44,46.28,46.4,104477,0
2014-05-06,22:00:00,46.4,46.52,46.37,46.38,466713,0
2014-05-07,16:00:00,46.46,46.92,46.43,46.8,184031,0
2014-05-07,17:00:00,46.83,47,46.56,46.83,532214,0
2014-05-07,18:00:00,46.84,47.63,46.71,47.5,507330,0
2014-05-07,19:00:00,47.51,47.51,47.22,47.24,154252,0
2014-05-07,20:00:00,47.24,47.35,47.18,47.2,164795,0
2014-05-07,21:00:00,47.18,47.64,47.18,47.54,203211,0
2014-05-07,22:00:00,47.55,47.77,47.5,47.72,391533,0
