Date,Time,Open,High,Low,Close,Volume,OpenInt
2014-02-10,16:00:00,26.5997,27.1444,26.5106,26.6591,351742,0
2014-02-10,17:00:00,26.6591,26.7978,26.6492,26.6492,433916,0
2014-02-10,18:00:00,26.6591,26.7284,26.5799,26.5799,265228,0
2014-02-10,19:00:00,26.5799,26.6987,26.5106,26.6591,217129,0
2014-02-10,20:00:00,26.6591,26.7383,26.6492,26.7185,204720,0
2014-02-10,21:00:00,26.7185,26.7383,26.6591,26.7185,258675,0
2014-02-10,22:00:00,26.7185,26.7978,26.669,26.7185,1407164,0
2014-02-11,16:00:00,26.7185,27.075,26.7086,26.8572,328688,0
2014-02-11,17:00:00,26.8572,27.0156,26.7978,26.9859,149646,0
2014-02-11,18:00:00,26.9859,26.9859,26.8968,26.9067,205954,0
2014-02-11,19:00:00,26.9067,26.9067,26.8176,26.8275,191607,0
2014-02-11,20:00:00,26.8275,26.8869,26.8176,26.8473,155600,0
2014-02-11,21:00:00,26.8473,26.976,26.8176,26.976,143280,0
2014-02-11,22:00:00,26.976,26.976,26.8374,26.8572,592801,0
2014-02-12,16:00:00,26.976,27.0057,26.7878,26.9958,54678,0
2014-02-12,17:00:00,26.9859,26.9958,26.877,26.9265,101061,0
2014-02-12,18:00:00,26.9265,26.9463,26.8671,26.877,40255,0
2014-02-12,19:00:00,26.877,27.0057,26.6789,26.9067,509079,0
2014-02-12,20:00:00,26.9166,26.9562,26.8275,26.8968,138596,0
2014-02-12,21:00:00,26.8968,26.8968,26.778,26.8671,124024,0
2014-02-12,22:00:00,26.877,26.9562,26.877,26.9166,932513,0
2014-02-13,16:00:00,26.7878,26.9265,26.7383,26.8572,63005,0
2014-02-13,17:00:00,26.8473,27.1047,26.8473,27.0949,160075,0
2014-02-13,18:00:00,27.1047,27.1939,27.0552,27.0651,121672,0
2014-02-13,19:00:00,27.075,27.0949,27.0552,27.075,76143,0
2014-02-13,20:00:00,27.075,27.2533,27.0651,27.2434,137871,0
2014-02-13,21:00:00,27.2533,27.3226,27.2137,27.2533,93959,0
2014-02-13,22:00:00,27.2533,27.3622,27.2434,27.3424,529469,0
2014-02-14,16:00:00,27.3127,27.4117,27.2236,27.3919,64150,0
2014-02-14,17:00:00,27.4018,27.6791,27.3721,27.5405,125697,0
2014-02-14,18:00:00,27.5306,27.6494,27.5306,27.6395,65405,0
2014-02-14,19:00:00,27.6395,27.6593,27.59,27.6098,101697,0
2014-02-14,20:00:00,27.6098,27.798,27.59,27.7386,163449,0
2014-02-14,21:00:00,27.7484,27.7881,27.7386,27.7782,93213,0
2014-02-14,22:00:00,27.7782,27.8178,27.7088,27.7386,537521,0
2014-02-18,16:00:00,27.7484,27.8871,27.5999,27.7881,121405,0
2014-02-18,17:00:00,27.7881,27.8079,27.7386,27.7881,118487,0
2014-02-18,18:00:00,27.798,27.8574,27.7484,27.7484,103307,0
2014-02-18,19:00:00,27.7584,28.0753,27.7584,27.9069,263723,0
2014-02-18,20:00:00,27.9069,27.9762,27.8277,27.9366,158651,0
2014-02-18,21:00:00,27.9366,28.0059,27.9168,27.9762,198179,0
2014-02-18,22:00:00,27.9762,28.0356,27.9762,27.9861,416644,0
2014-02-19,16:00:00,27.8574,28.0257,27.8574,27.9267,91540,0
2014-02-19,17:00:00,27.9366,28.0951,27.9267,28.0951,107819,0
2014-02-19,18:00:00,28.0951,28.1248,28.0455,28.0455,131486,0
2014-02-19,19:00:00,28.0356,28.0555,27.9861,28.0555,139430,0
2014-02-19,20:00:00,28.0653,28.2139,28.0455,28.1743,116925,0
2014-02-19,21:00:00,28.1743,28.303,28.0158,28.0653,198624,0
2014-02-19,22:00:00,28.0653,28.0951,27.9861,28.0356,390954,0
2014-02-20,16:00:00,28.0356,28.1248,27.8277,27.897,84173,0
2014-02-20,17:00:00,27.8772,27.9762,27.8376,27.897,170972,0
2014-02-20,18:00:00,27.897,28.1347,27.8871,28.0158,263418,0
2014-02-20,19:00:00,28.0158,28.0653,27.9663,27.9762,124923,0
2014-02-20,20:00:00,27.9861,28.0257,27.9663,27.9663,110432,0
2014-02-20,21:00:00,27.9762,28.0555,27.9663,28.0257,102255,0
2014-02-20,22:00:00,28.0356,28.0851,27.996,28.0257,517024,0
2014-02-21,16:00:00,28.0753,28.105,27.8871,27.9267,193082,0
2014-02-21,17:00:00,27.9366,28.1743,27.9267,28.1248,157342,0
2014-02-21,18:00:00,28.1347,28.3723,28.0851,28.2733,277976,0
2014-02-21,19:00:00,28.2832,28.2832,28.2139,28.2535,81632,0
2014-02-21,20:00:00,28.2436,28.2733,28.2337,28.2436,104754,0
2014-02-21,21:00:00,28.2535,28.3822,28.2337,28.3327,215066,0
2014-02-21,22:00:00,28.3426,28.4516,28.303,28.3327,762546,0
2014-02-24,16:00:00,28.3624,28.5506,28.3327,28.4912,88750,0
2014-02-24,17:00:00,28.5011,28.719,28.5011,28.61,244410,0
2014-02-24,18:00:00,28.61,28.9071,28.61,28.7883,201917,0
2014-02-24,19:00:00,28.7883,28.8081,28.511,28.5506,178389,0
2014-02-24,20:00:00,28.5506,28.6199,28.4219,28.4219,118255,0
2014-02-24,21:00:00,28.4219,28.4417,28.3624,28.3922,114932,0
2014-02-24,22:00:00,28.3822,28.4021,28.2535,28.3426,676570,0
2014-02-25,16:00:00,28.3129,28.412,28.2139,28.3525,59667,0
2014-02-25,17:00:00,28.3624,28.5209,28.3426,28.4813,168070,0
2014-02-25,18:00:00,28.4813,28.5704,28.412,28.4417,221459,0
2014-02-25,19:00:00,28.4516,28.5308,28.4219,28.4813,147651,0
2014-02-25,20:00:00,28.4813,28.5407,28.4714,28.5407,103832,0
2014-02-25,21:00:00,28.5407,28.6199,28.5011,28.5407,212114,0
2014-02-25,22:00:00,28.5407,28.5506,28.4417,28.5209,458738,0
2014-02-26,16:00:00,28.6397,28.719,28.204,28.2139,82053,0
2014-02-26,17:00:00,28.1941,28.4516,28.1842,28.3327,136766,0
2014-02-26,18:00:00,28.3426,28.3822,28.2733,28.3525,104948,0
2014-02-26,19:00:00,28.3624,28.4417,28.3624,28.3822,66593,0
2014-02-26,20:00:00,28.3822,28.3822,28.2931,28.3723,101964,0
2014-02-26,21:00:00,28.3723,28.3723,28.2139,28.2733,120278,0
2014-02-26,22:00:00,28.2634,28.2733,28.1545,28.2535,327706,0
2014-02-27,16:00:00,28.3922,28.5011,28.303,28.5011,89719,0
2014-02-27,17:00:00,28.511,28.511,28.204,28.3129,100778,0
2014-02-27,18:00:00,28.3129,28.6397,28.2832,28.2931,420009,0
2014-02-27,19:00:00,28.2931,28.3327,28.0158,28.1842,403224,0
2014-02-27,20:00:00,28.1842,28.2238,28.0951,28.1446,205966,0
2014-02-27,21:00:00,28.1446,28.204,28.0158,28.0158,230136,0
2014-02-27,22:00:00,28.0158,28.1545,28.0158,28.1347,700313,0
2014-02-28,16:00:00,28.5704,28.8081,27.3523,27.3622,289934,0
2014-02-28,17:00:00,27.3622,27.5801,27.1147,27.2731,632015,0
2014-02-28,18:00:00,27.2731,27.5207,27.0949,27.3622,357353,0
2014-02-28,19:00:00,27.3622,27.4216,27.0651,27.2731,327347,0
2014-02-28,20:00:00,27.2731,27.3721,26.9463,26.976,354937,0
2014-02-28,21:00:00,26.9859,27.1543,26.8572,26.9958,492164,0
2014-02-28,22:00:00,26.9859,27.075,26.9166,26.9364,698727,0
2014-03-03,16:00:00,26.6393,26.8374,26.3818,26.4611,238909,0
2014-03-03,17:00:00,26.4511,26.6492,26.362,26.6096,287261,0
2014-03-03,18:00:00,26.5997,26.6096,26.4908,26.5304,207072,0
2014-03-03,19:00:00,26.5205,26.6888,26.4709,26.6789,171292,0
2014-03-03,20:00:00,26.6789,26.8968,26.6789,26.8572,187582,0
2014-03-03,21:00:00,26.8671,27.1642,26.8671,27.1147,374135,0
2014-03-03,22:00:00,27.1245,27.3028,27.1047,27.184,1099692,0
2014-03-04,16:00:00,27.4117,27.5999,27.3325,27.5306,121569,0
2014-03-04,17:00:00,27.5207,27.6395,27.4514,27.6296,174208,0
2014-03-04,18:00:00,27.6296,27.6791,27.59,27.5999,193406,0
2014-03-04,19:00:00,27.59,27.5999,27.3028,27.3325,147555,0
2014-03-04,20:00:00,27.3325,27.4712,27.3226,27.4018,158989,0
2014-03-04,21:00:00,27.3919,27.4018,27.2236,27.4018,288262,0
2014-03-04,22:00:00,27.3919,27.4415,27.3622,27.4018,758422,0
2014-03-05,16:00:00,27.4216,27.6197,27.3127,27.5405,82781,0
2014-03-05,17:00:00,27.5603,27.6395,27.4613,27.4613,137042,0
2014-03-05,18:00:00,27.4613,27.5009,27.3028,27.3226,94839,0
2014-03-05,19:00:00,27.3226,27.491,27.3226,27.4216,106492,0
2014-03-05,20:00:00,27.4117,27.4117,27.2632,27.2632,122335,0
2014-03-05,21:00:00,27.2632,27.3523,27.2632,27.3325,87803,0
2014-03-05,22:00:00,27.3226,27.3919,27.2533,27.3622,551447,0
2014-03-06,16:00:00,27.2929,27.3919,27.283,27.3523,45677,0
2014-03-06,17:00:00,27.3622,27.4018,27.1642,27.2434,347458,0
2014-03-06,18:00:00,27.2335,27.2929,27.1741,27.1939,118604,0
2014-03-06,19:00:00,27.1939,27.2929,27.1939,27.2731,108315,0
2014-03-06,20:00:00,27.2731,27.3028,27.0651,27.0949,142611,0
2014-03-06,21:00:00,27.0949,27.1741,27.0949,27.1345,106864,0
2014-03-06,22:00:00,27.1245,27.2731,27.1147,27.2533,360243,0
2014-03-07,16:00:00,27.3028,27.689,27.2632,27.6692,216841,0
2014-03-07,17:00:00,27.6692,27.8475,27.5801,27.6791,219116,0
2014-03-07,18:00:00,27.6791,27.6791,27.5405,27.6197,349957,0
2014-03-07,19:00:00,27.6098,27.8178,27.6098,27.7088,205916,0
2014-03-07,20:00:00,27.7088,27.7088,27.5702,27.6395,165704,0
2014-03-07,21:00:00,27.6395,27.7782,27.5999,27.7782,197662,0
2014-03-07,22:00:00,27.7683,27.7683,27.4712,27.5405,1304802,0
2014-03-10,15:00:00,27.5009,27.8277,27.5009,27.8079,150085,0
2014-03-10,16:00:00,27.8079,27.9069,27.6989,27.8079,199797,0
2014-03-10,17:00:00,27.8079,27.8475,27.7584,27.7683,141258,0
2014-03-10,18:00:00,27.7683,27.798,27.6791,27.7584,95208,0
2014-03-10,19:00:00,27.7584,27.798,27.6989,27.6989,139917,0
2014-03-10,20:00:00,27.6989,27.8277,27.6791,27.8277,200738,0
2014-03-10,21:00:00,27.8277,27.8772,27.7584,27.8475,453563,0
2014-03-11,15:00:00,27.9168,28.0455,27.6395,27.6395,275672,0
2014-03-11,16:00:00,27.6395,27.7782,27.3325,27.7484,221923,0
2014-03-11,17:00:00,27.7584,27.8277,27.4712,27.5405,188912,0
2014-03-11,18:00:00,27.5405,27.5603,27.3325,27.3424,122741,0
2014-03-11,19:00:00,27.3424,27.4415,27.2533,27.4315,169399,0
2014-03-11,20:00:00,27.4315,27.4514,27.2929,27.2929,146362,0
2014-03-11,21:00:00,27.2929,27.3721,27.2533,27.3424,537143,0
2014-03-12,15:00:00,27.2038,27.2335,27.0453,27.1741,53818,0
2014-03-12,16:00:00,27.1642,27.2137,27.0949,27.2038,93839,0
2014-03-12,17:00:00,27.2038,27.3127,27.1047,27.283,207984,0
2014-03-12,18:00:00,27.283,27.382,27.2335,27.3622,112994,0
2014-03-12,19:00:00,27.3721,27.3721,27.2632,27.3226,115152,0
2014-03-12,20:00:00,27.3226,27.4514,27.3028,27.4117,125918,0
2014-03-12,21:00:00,27.4117,27.5504,27.4117,27.5504,530354,0
2014-03-13,15:00:00,27.5999,27.7584,27.5108,27.5108,51079,0
2014-03-13,16:00:00,27.5108,27.5504,27.3919,27.4514,116505,0
2014-03-13,17:00:00,27.4415,27.5405,27.4018,27.4811,110709,0
2014-03-13,18:00:00,27.4712,27.5207,27.3919,27.3919,173672,0
2014-03-13,19:00:00,27.3919,27.4018,27.283,27.3325,163453,0
2014-03-13,20:00:00,27.3325,27.3523,27.2335,27.2929,196934,0
2014-03-13,21:00:00,27.283,27.3127,27.2038,27.3127,618040,0
2014-03-14,15:00:00,27.3226,27.6692,27.3028,27.6098,78411,0
2014-03-14,16:00:00,27.6296,27.689,27.4712,27.491,91418,0
2014-03-14,17:00:00,27.4712,27.5108,27.283,27.4415,79898,0
2014-03-14,18:00:00,27.4514,27.5207,27.3226,27.5009,125442,0
2014-03-14,19:00:00,27.5009,27.5108,27.382,27.4117,61906,0
2014-03-14,20:00:00,27.4117,27.4216,27.2335,27.2335,60550,0
2014-03-14,21:00:00,27.2335,27.2632,27.1047,27.1543,266646,0
2014-03-17,15:00:00,27.283,27.4415,27.283,27.3721,43447,0
2014-03-17,16:00:00,27.382,27.4216,27.2434,27.2632,151748,0
2014-03-17,17:00:00,27.2533,27.3424,27.2434,27.3325,146520,0
2014-03-17,18:00:00,27.3721,27.4613,27.3523,27.4216,101370,0
2014-03-17,19:00:00,27.4216,27.4315,27.3622,27.3622,77802,0
2014-03-17,20:00:00,27.3721,27.4613,27.3325,27.4514,146778,0
2014-03-17,21:00:00,27.4514,27.5306,27.4216,27.5108,549539,0
2014-03-18,15:00:00,27.5108,27.8277,27.4613,27.8178,86025,0
2014-03-18,16:00:00,27.8277,27.9267,27.7881,27.7881,161535,0
2014-03-18,17:00:00,27.7881,27.9366,27.7187,27.897,155759,0
2014-03-18,18:00:00,27.897,28.0158,27.897,28.0158,92349,0
2014-03-18,19:00:00,28.0158,28.105,28.0059,28.0653,85320,0
2014-03-18,20:00:00,28.0753,28.1347,28.0455,28.0951,128873,0
2014-03-18,21:00:00,28.105,28.105,28.0455,28.0951,517935,0
2014-03-19,15:00:00,28.1248,28.1446,27.996,28.0257,67704,0
2014-03-19,16:00:00,28.0257,28.2832,28.0257,28.1941,101860,0
2014-03-19,17:00:00,28.1941,28.1941,28.0555,28.1545,94807,0
2014-03-19,18:00:00,28.1545,28.2238,28.1446,28.1941,88228,0
2014-03-19,19:00:00,28.204,28.2238,28.1545,28.1941,86555,0
2014-03-19,20:00:00,28.1743,28.1743,27.9465,27.9762,207436,0
2014-03-19,21:00:00,27.9861,28.0158,27.7683,27.9762,746556,0
2014-03-20,15:00:00,27.9564,27.9663,27.7683,27.7881,39103,0
2014-03-20,16:00:00,27.798,27.9861,27.7386,27.9564,120543,0
2014-03-20,17:00:00,27.9564,27.9663,27.6395,27.7088,169354,0
2014-03-20,18:00:00,27.7187,27.7386,27.6593,27.6989,106016,0
2014-03-20,19:00:00,27.6989,27.7187,27.491,27.5306,137995,0
2014-03-20,20:00:00,27.5405,27.5999,27.5108,27.5702,94531,0
2014-03-20,21:00:00,27.5702,27.59,27.491,27.59,567057,0
2014-03-21,15:00:00,27.61,28.03,27.53,28.01,99911,0
2014-03-21,16:00:00,28.02,28.08,27.8,27.88,202806,0
2014-03-21,17:00:00,27.9,27.97,27.87,27.93,90487,0
2014-03-21,18:00:00,27.94,27.96,27.84,27.85,67735,0
2014-03-21,19:00:00,27.85,27.86,27.62,27.63,159413,0
2014-03-21,20:00:00,27.63,27.65,27.55,27.61,181257,0
2014-03-21,21:00:00,27.6,27.62,27.5,27.61,972386,0
2014-03-24,15:00:00,27.75,27.78,27.56,27.58,68939,0
2014-03-24,16:00:00,27.56,27.56,27.3,27.46,172790,0
2014-03-24,17:00:00,27.45,27.45,27.34,27.34,111828,0
2014-03-24,18:00:00,27.33,27.54,27.3,27.54,234793,0
2014-03-24,19:00:00,27.54,27.63,27.51,27.63,63983,0
2014-03-24,20:00:00,27.63,27.63,27.51,27.55,125313,0
2014-03-24,21:00:00,27.55,27.74,27.54,27.65,449393,0
2014-03-25,15:00:00,27.61,27.72,27.53,27.56,42395,0
2014-03-25,16:00:00,27.56,27.61,27.34,27.35,112682,0
2014-03-25,17:00:00,27.34,27.44,27.33,27.4,201385,0
2014-03-25,18:00:00,27.39,27.39,27.24,27.3,68519,0
2014-03-25,19:00:00,27.3,27.34,27.27,27.29,101757,0
2014-03-25,20:00:00,27.3,27.34,27.24,27.31,173376,0
2014-03-25,21:00:00,27.31,27.36,27.23,27.24,581066,0
2014-03-26,15:00:00,27.5,27.57,27.41,27.49,88748,0
2014-03-26,16:00:00,27.49,27.51,27.37,27.4,127929,0
2014-03-26,17:00:00,27.39,27.45,27.33,27.36,100177,0
2014-03-26,18:00:00,27.34,27.34,27.27,27.29,39849,0
2014-03-26,19:00:00,27.29,27.36,27.26,27.31,171619,0
2014-03-26,20:00:00,27.29,27.38,27.23,27.38,164152,0
2014-03-26,21:00:00,27.37,27.38,27.19,27.19,201733,0
2014-03-27,15:00:00,27.19,27.19,26.97,27.12,72979,0
2014-03-27,16:00:00,27.13,27.2,27.05,27.06,126856,0
2014-03-27,17:00:00,27.07,27.16,26.95,26.95,193541,0
2014-03-27,18:00:00,26.95,27.02,26.9,27,108859,0
2014-03-27,19:00:00,26.99,27.03,26.94,26.96,83823,0
2014-03-27,20:00:00,26.96,26.96,26.89,26.95,86765,0
2014-03-27,21:00:00,26.94,26.97,26.91,26.92,358483,0
2014-03-28,15:00:00,26.99,27.19,26.98,27.19,30890,0
2014-03-28,16:00:00,27.21,27.39,27.21,27.36,101377,0
2014-03-28,17:00:00,27.36,27.38,27.3,27.35,145609,0
2014-03-28,18:00:00,27.35,27.39,27.3,27.34,117530,0
2014-03-28,19:00:00,27.34,27.35,27.18,27.19,73702,0
2014-03-28,20:00:00,27.18,27.19,27.05,27.09,108898,0
2014-03-28,21:00:00,27.09,27.1,27.03,27.09,438431,0
2014-03-31,16:00:00,27.09,27.26,27.06,27.17,55241,0
2014-03-31,17:00:00,27.17,27.21,27.07,27.07,250004,0
2014-03-31,18:00:00,27.08,27.37,27.03,27.23,329227,0
2014-03-31,19:00:00,27.24,27.29,27.19,27.22,160982,0
2014-03-31,20:00:00,27.23,27.4,27.23,27.39,187298,0
2014-03-31,21:00:00,27.39,27.42,27.28,27.42,152177,0
2014-03-31,22:00:00,27.42,27.58,27.39,27.57,809864,0
2014-04-01,16:00:00,27.67,27.82,27.65,27.75,138993,0
2014-04-01,17:00:00,27.74,27.76,27.61,27.67,167658,0
2014-04-01,18:00:00,27.67,27.79,27.66,27.75,230411,0
2014-04-01,19:00:00,27.75,27.76,27.68,27.74,250514,0
2014-04-01,20:00:00,27.74,27.88,27.74,27.79,202800,0
2014-04-01,21:00:00,27.79,27.8,27.72,27.75,175870,0
2014-04-01,22:00:00,27.74,27.86,27.72,27.84,622235,0
2014-04-02,16:00:00,27.85,28.03,27.78,28.01,125526,0
2014-04-02,17:00:00,28,28.1,27.98,28.09,175612,0
2014-04-02,18:00:00,28.1,28.12,28.02,28.12,141109,0
2014-04-02,19:00:00,28.12,28.17,28,28.01,133005,0
2014-04-02,20:00:00,28.02,28.13,28.01,28.04,238505,0
2014-04-02,21:00:00,28.05,28.08,27.99,28.06,308670,0
2014-04-02,22:00:00,28.06,28.14,28.04,28.11,650280,0
2014-04-03,16:00:00,28.16,28.17,27.69,27.72,208340,0
2014-04-03,17:00:00,27.72,27.81,27.65,27.66,299539,0
2014-04-03,18:00:00,27.66,27.69,27.52,27.54,291861,0
2014-04-03,19:00:00,27.54,27.63,27.39,27.42,144257,0
2014-04-03,20:00:00,27.42,27.45,27.27,27.27,182837,0
2014-04-03,21:00:00,27.26,27.31,27.22,27.25,237338,0
2014-04-03,22:00:00,27.25,27.43,27.19,27.41,1058098,0
2014-04-04,16:00:00,27.63,27.64,27.45,27.61,89411,0
2014-04-04,17:00:00,27.6,27.95,27.59,27.91,274135,0
2014-04-04,18:00:00,27.91,27.91,27.66,27.71,235018,0
2014-04-04,19:00:00,27.71,27.78,27.65,27.72,223147,0
2014-04-04,20:00:00,27.72,27.74,27.65,27.69,149713,0
2014-04-04,21:00:00,27.68,27.72,27.51,27.6,277400,0
2014-04-04,22:00:00,27.59,27.79,27.55,27.59,652667,0
2014-04-07,16:00:00,27.59,27.74,27.54,27.71,91733,0
2014-04-07,17:00:00,27.71,27.77,27.64,27.73,332507,0
2014-04-07,18:00:00,27.72,27.8,27.56,27.61,182994,0
2014-04-07,19:00:00,27.58,27.69,27.51,27.61,246904,0
2014-04-07,20:00:00,27.6,27.66,27.56,27.61,123247,0
2014-04-07,21:00:00,27.61,27.63,27.58,27.59,156753,0
2014-04-07,22:00:00,27.59,27.64,27.48,27.49,594855,0
2014-04-08,16:00:00,27.55,27.56,27.33,27.42,263397,0
2014-04-08,17:00:00,27.42,27.48,27.32,27.38,582605,0
2014-04-08,18:00:00,27.39,27.47,27.39,27.43,177950,0
2014-04-08,19:00:00,27.42,27.44,27.26,27.39,221481,0
2014-04-08,20:00:00,27.39,27.51,27.38,27.5,107574,0
2014-04-08,21:00:00,27.5,27.51,27.35,27.4,203116,0
2014-04-08,22:00:00,27.4,27.47,27.35,27.45,584424,0
2014-04-09,16:00:00,27.48,27.52,27.41,27.49,97647,0
2014-04-09,17:00:00,27.48,27.6,27.44,27.51,225559,0
2014-04-09,18:00:00,27.5,27.54,27.45,27.54,149051,0
2014-04-09,19:00:00,27.53,27.53,27.48,27.5,65243,0
2014-04-09,20:00:00,27.49,27.58,27.49,27.52,41455,0
2014-04-09,21:00:00,27.52,27.79,27.52,27.74,141159,0
2014-04-09,22:00:00,27.73,28.02,27.73,28.01,700647,0
2014-04-10,16:00:00,28.05,28.19,27.83,28.17,131690,0
2014-04-10,17:00:00,28.19,28.45,28.18,28.29,316422,0
2014-04-10,18:00:00,28.29,28.29,27.99,28.08,106118,0
2014-04-10,19:00:00,28.08,28.09,27.93,27.94,106698,0
2014-04-10,20:00:00,27.93,27.96,27.7,27.77,260127,0
2014-04-10,21:00:00,27.78,27.82,27.57,27.59,352324,0
2014-04-10,22:00:00,27.58,27.58,27.32,27.32,970908,0
2014-04-11,16:00:00,27.15,27.24,27.11,27.13,57707,0
2014-04-11,17:00:00,27.11,27.13,26.85,26.97,259738,0
2014-04-11,18:00:00,26.97,27.07,26.82,26.83,126762,0
2014-04-11,19:00:00,26.84,26.84,26.63,26.68,150617,0
2014-04-11,20:00:00,26.67,26.68,26.55,26.57,150228,0
2014-04-11,21:00:00,26.57,26.6,26.41,26.42,310051,0
2014-04-11,22:00:00,26.42,26.46,26.22,26.28,941027,0
2014-04-14,16:00:00,26.4,26.53,26.29,26.47,116438,0
2014-04-14,17:00:00,26.47,26.52,26.31,26.4,152427,0
2014-04-14,18:00:00,26.39,26.39,26.31,26.33,189294,0
2014-04-14,19:00:00,26.34,26.38,26.33,26.36,133444,0
2014-04-14,20:00:00,26.36,26.37,26.29,26.35,157211,0
2014-04-14,21:00:00,26.35,26.38,26.29,26.3,120986,0
2014-04-14,22:00:00,26.3,26.34,26.17,26.34,771259,0
2014-04-15,16:00:00,26.28,26.41,26.23,26.31,81811,0
2014-04-15,17:00:00,26.3,26.32,26.12,26.14,176456,0
2014-04-15,18:00:00,26.14,26.2,26.07,26.12,85536,0
2014-04-15,19:00:00,26.11,26.11,25.96,25.96,152837,0
2014-04-15,20:00:00,25.96,26.05,25.95,26.02,146647,0
2014-04-15,21:00:00,26.02,26.25,26.02,26.21,163487,0
2014-04-15,22:00:00,26.21,26.28,26.21,26.27,567028,0
2014-04-16,16:00:00,26.41,26.49,26.32,26.39,76694,0
2014-04-16,17:00:00,26.4,26.42,26.24,26.25,131513,0
2014-04-16,18:00:00,26.25,26.35,26.23,26.32,128702,0
2014-04-16,19:00:00,26.33,26.38,26.32,26.34,147325,0
2014-04-16,20:00:00,26.34,26.55,26.29,26.54,344845,0
2014-04-16,21:00:00,26.54,27.69,26.5,27.57,2216446,0
2014-04-16,22:00:00,27.57,27.67,27.07,27.27,1756576,0
2014-04-17,16:00:00,27.28,27.37,27.15,27.26,86060,0
2014-04-17,17:00:00,27.27,27.29,26.89,26.9,424102,0
2014-04-17,18:00:00,26.9,26.95,26.79,26.93,228558,0
2014-04-17,19:00:00,26.93,26.95,26.79,26.81,169002,0
2014-04-17,20:00:00,26.81,26.98,26.78,26.92,277829,0
2014-04-17,21:00:00,26.92,26.98,26.88,26.96,229279,0
2014-04-17,22:00:00,26.97,27.1,26.94,27.1,491004,0
2014-04-21,16:00:00,27.11,27.25,27.04,27.12,133831,0
2014-04-21,17:00:00,27.12,27.41,27.1,27.4,284635,0
2014-04-21,18:00:00,27.4,27.5,27.31,27.34,110114,0
2014-04-21,19:00:00,27.35,27.36,27.3,27.33,63623,0
2014-04-21,20:00:00,27.33,27.33,27.26,27.26,64128,0
2014-04-21,21:00:00,27.27,27.31,27.25,27.3,54542,0
2014-04-21,22:00:00,27.31,27.32,27.21,27.28,288925,0
2014-04-22,16:00:00,27.34,27.49,27.27,27.48,30739,0
2014-04-22,17:00:00,27.49,27.53,27.39,27.46,130867,0
2014-04-22,18:00:00,27.47,27.5,27.4,27.41,105903,0
2014-04-22,19:00:00,27.41,27.5,27.4,27.49,54040,0
2014-04-22,20:00:00,27.5,27.55,27.48,27.48,86509,0
2014-04-22,21:00:00,27.48,27.5,27.41,27.49,117718,0
2014-04-22,22:00:00,27.5,27.51,27.45,27.51,469944,0
2014-04-23,16:00:00,27.57,27.68,27.56,27.67,52050,0
2014-04-23,17:00:00,27.65,27.78,27.58,27.71,107483,0
2014-04-23,18:00:00,27.7,28.78,27.64,27.8,1144798,0
2014-04-23,19:00:00,27.79,27.85,27.77,27.83,109033,0
2014-04-23,20:00:00,27.83,27.92,27.8,27.83,152691,0
2014-04-23,21:00:00,27.83,27.87,27.82,27.83,104887,0
2014-04-23,22:00:00,27.84,27.94,27.83,27.93,516824,0
2014-04-24,16:00:00,28.07,28.12,27.94,28.01,123748,0
2014-04-24,17:00:00,28.01,28.08,27.92,28.06,177559,0
2014-04-24,18:00:00,28.06,28.09,27.99,28.04,270812,0
2014-04-24,19:00:00,28.02,28.02,27.96,27.99,95545,0
2014-04-24,20:00:00,28,28.03,27.99,27.99,296283,0
2014-04-24,21:00:00,28,28.06,27.99,28.03,102816,0
2014-04-24,22:00:00,28.03,28.1,28.02,28.09,456482,0
2014-04-25,16:00:00,28.02,28.12,27.8,27.8,111083,0
2014-04-25,17:00:00,27.8,27.88,27.71,27.75,78440,0
2014-04-25,18:00:00,27.75,27.87,27.66,27.84,66512,0
2014-04-25,19:00:00,27.82,27.83,27.74,27.74,44240,0
2014-04-25,20:00:00,27.75,27.76,27.64,27.72,65947,0
2014-04-25,21:00:00,27.72,27.72,27.62,27.65,67940,0
2014-04-25,22:00:00,27.64,27.66,27.58,27.61,334438,0
2014-04-28,16:00:00,27.7,27.85,27.68,27.81,53877,0
2014-04-28,17:00:00,27.8,27.94,27.75,27.75,83756,0
2014-04-28,18:00:00,27.75,27.84,27.66,27.67,119763,0
2014-04-28,19:00:00,27.66,27.71,27.65,27.66,69228,0
2014-04-28,20:00:00,27.66,27.66,27.54,27.6,141120,0
2014-04-28,21:00:00,27.6,27.75,27.57,27.71,59370,0
2014-04-28,22:00:00,27.71,27.91,27.69,27.84,310578,0
2014-04-29,16:00:00,27.91,28.02,27.87,27.87,43604,0
2014-04-29,17:00:00,27.88,28.01,27.87,27.98,120661,0
2014-04-29,18:00:00,27.97,28.04,27.96,28,121463,0
2014-04-29,19:00:00,28,28.08,28,28.08,66235,0
2014-04-29,20:00:00,28.07,28.09,28.03,28.09,125493,0
2014-04-29,21:00:00,28.09,28.09,28.04,28.05,89003,0
2014-04-29,22:00:00,28.04,28.1,28.04,28.06,526126,0
2014-04-30,16:00:00,27.99,28.06,27.91,27.98,37422,0
2014-04-30,17:00:00,27.98,28.16,27.93,28.03,122916,0
2014-04-30,18:00:00,28.03,28.03,27.96,27.97,195041,0
2014-04-30,19:00:00,27.97,28,27.94,27.99,172301,0
2014-04-30,20:00:00,28,28.21,28,28.21,134531,0
2014-04-30,21:00:00,28.21,28.42,28.18,28.41,171856,0
2014-04-30,22:00:00,28.41,28.44,28.31,28.44,970202,0
2014-05-01,16:00:00,28.4,28.52,28.3,28.42,128447,0
2014-05-01,17:00:00,28.42,28.65,28.4,28.45,241084,0
2014-05-01,18:00:00,28.44,28.64,28.42,28.64,294113,0
2014-05-01,19:00:00,28.64,28.72,28.5,28.66,160914,0
2014-05-01,20:00:00,28.67,28.67,28.15,28.17,257286,0
2014-05-01,21:00:00,28.17,28.36,28.16,28.28,213915,0
2014-05-01,22:00:00,28.28,28.33,28.24,28.29,652770,0
2014-05-02,16:00:00,28.14,28.21,27.95,28.09,131590,0
2014-05-02,17:00:00,28.12,28.2,27.95,27.99,128032,0
2014-05-02,18:00:00,27.99,28.04,27.87,27.88,188316,0
2014-05-02,19:00:00,27.89,27.92,27.87,27.91,149918,0
2014-05-02,20:00:00,27.91,27.94,27.8,27.83,136401,0
2014-05-02,21:00:00,27.82,28.25,27.79,28.18,208849,0
2014-05-02,22:00:00,28.18,28.19,28.09,28.11,553908,0
2014-05-05,16:00:00,27.97,28.06,27.63,27.65,108097,0
2014-05-05,17:00:00,27.65,27.84,27.56,27.75,152335,0
2014-05-05,18:00:00,27.74,27.74,27.55,27.57,139879,0
2014-05-05,19:00:00,27.58,27.86,27.57,27.78,120137,0
2014-05-05,20:00:00,27.78,27.84,27.63,27.81,138610,0
2014-05-05,21:00:00,27.81,27.81,27.71,27.71,92110,0
2014-05-05,22:00:00,27.7,27.91,27.7,27.8,1112874,0
2014-05-06,16:00:00,27.73,27.82,27.5,27.52,95576,0
2014-05-06,17:00:00,27.54,27.8,27.51,27.73,234256,0
2014-05-06,18:00:00,27.73,27.83,27.66,27.77,107587,0
2014-05-06,19:00:00,27.76,27.76,27.62,27.64,72606,0
2014-05-06,20:00:00,27.64,27.65,27.47,27.47,183057,0
2014-05-06,21:00:00,27.48,27.53,27.41,27.49,170534,0
2014-05-06,22:00:00,27.49,27.55,27.43,27.43,473514,0
2014-05-07,16:00:00,27.46,27.49,27.35,27.36,49436,0
2014-05-07,17:00:00,27.36,27.37,27.05,27.11,229912,0
2014-05-07,18:00:00,27.1,27.3,27.07,27.24,194945,0
2014-05-07,19:00:00,27.24,27.28,27.13,27.13,94566,0
2014-05-07,20:00:00,27.14,27.2,27.03,27.03,120477,0
2014-05-07,21:00:00,27.02,27.17,27.02,27.11,124512,0
2014-05-07,22:00:00,27.11,27.19,27.05,27.13,484068,0
