Date,Time,Open,High,Low,Close,Volume,OpenInt
2014-02-10,16:00:00,29.9599,30.0496,29.8203,29.9299,15639,0
2014-02-10,17:00:00,29.9,29.9698,29.8402,29.8402,14153,0
2014-02-10,18:00:00,29.8402,30.0197,29.8203,29.8601,19960,0
2014-02-10,19:00:00,29.8801,29.9599,29.8502,29.8601,10231,0
2014-02-10,20:00:00,29.8601,29.9,29.7605,29.7904,29387,0
2014-02-10,21:00:00,29.7904,29.8601,29.7605,29.8502,49023,0
2014-02-10,22:00:00,29.8502,29.91,29.8302,29.91,58074,0
2014-02-11,16:00:00,29.9798,30.0595,29.91,29.9299,4509,0
2014-02-11,17:00:00,29.9299,30.1094,29.9299,29.9798,13680,0
2014-02-11,18:00:00,29.9499,30.3188,29.9499,30.2889,13139,0
2014-02-11,19:00:00,30.3088,30.4384,30.2889,30.3387,11569,0
2014-02-11,20:00:00,30.2789,30.4185,30.2689,30.2889,5316,0
2014-02-11,21:00:00,30.2789,30.4484,30.2789,30.4384,7989,0
2014-02-11,22:00:00,30.4384,30.4982,30.2191,30.2889,42238,0
2014-02-12,16:00:00,28.2849,29.0725,28.1553,28.8831,93813,0
2014-02-12,17:00:00,28.8133,28.913,28.5541,28.6239,67111,0
2014-02-12,18:00:00,28.6637,28.7934,28.6139,28.7036,39260,0
2014-02-12,19:00:00,28.6837,28.8831,28.6837,28.8033,16053,0
2014-02-12,20:00:00,28.7834,28.8631,28.7236,28.7834,34597,0
2014-02-12,21:00:00,28.7834,28.8332,28.7236,28.8033,23164,0
2014-02-12,22:00:00,28.8233,28.8731,28.7635,28.8432,105224,0
2014-02-13,16:00:00,28.4444,28.7535,28.1653,28.5441,20694,0
2014-02-13,17:00:00,28.6039,29.242,28.5441,29.1722,26656,0
2014-02-13,18:00:00,29.1523,29.2619,29.1423,29.232,22054,0
2014-02-13,19:00:00,29.242,29.4314,29.232,29.2919,16560,0
2014-02-13,20:00:00,29.2919,29.5411,29.2919,29.4913,23354,0
2014-02-13,21:00:00,29.4913,29.5311,29.2919,29.3517,29241,0
2014-02-13,22:00:00,29.3517,29.3916,29.2121,29.3118,90360,0
2014-02-14,16:00:00,29.2719,29.4215,29.2221,29.4015,6231,0
2014-02-14,17:00:00,29.4015,29.571,29.3517,29.3916,16170,0
2014-02-14,18:00:00,29.4015,29.5511,29.3916,29.4713,5261,0
2014-02-14,19:00:00,29.4713,29.5311,29.3816,29.4215,7301,0
2014-02-14,20:00:00,29.4414,29.5212,29.2619,29.4015,26711,0
2014-02-14,21:00:00,29.4015,29.4314,29.3816,29.4015,7101,0
2014-02-14,22:00:00,29.4015,29.4314,29.3916,29.4215,29678,0
2014-02-18,16:00:00,29.4215,29.6109,29.1323,29.3517,15990,0
2014-02-18,17:00:00,29.3517,29.4613,29.3417,29.4115,17215,0
2014-02-18,18:00:00,29.4314,29.571,29.4115,29.5112,14053,0
2014-02-18,19:00:00,29.4913,29.5212,29.4115,29.4514,16994,0
2014-02-18,20:00:00,29.4613,29.5012,29.4015,29.5012,6203,0
2014-02-18,21:00:00,29.4713,29.5212,29.4514,29.5112,11267,0
2014-02-18,22:00:00,29.5212,29.5212,29.3517,29.4115,52829,0
2014-02-19,16:00:00,29.2121,29.4215,29.2121,29.4115,2115,0
2014-02-19,17:00:00,29.4015,29.4514,29.3118,29.3617,56280,0
2014-02-19,18:00:00,29.3816,29.4115,29.3417,29.3417,17131,0
2014-02-19,19:00:00,29.3517,29.3517,29.1224,29.1224,19890,0
2014-02-19,20:00:00,29.1323,29.1423,29.0227,29.0825,13881,0
2014-02-19,21:00:00,29.0625,29.1024,28.8332,28.8631,26545,0
2014-02-19,22:00:00,28.8233,28.8731,28.6937,28.7535,54802,0
2014-02-20,16:00:00,28.7435,28.923,28.4743,28.7036,21550,0
2014-02-20,17:00:00,28.6737,29.0725,28.6039,29.0127,33056,0
2014-02-20,18:00:00,29.0127,29.0426,28.913,28.923,14507,0
2014-02-20,19:00:00,28.913,29.1722,28.8931,29.1523,10706,0
2014-02-20,20:00:00,29.1523,29.242,29.0825,29.2121,16094,0
2014-02-20,21:00:00,29.2121,29.242,29.1224,29.242,11381,0
2014-02-20,22:00:00,29.2121,29.3118,29.1124,29.3018,34929,0
2014-02-21,16:00:00,29.2619,29.2619,29.1623,29.2121,21529,0
2014-02-21,17:00:00,29.1922,29.1922,29.0227,29.0526,15179,0
2014-02-21,18:00:00,29.0526,29.2121,29.0326,29.1523,6309,0
2014-02-21,19:00:00,29.1523,29.252,29.0526,29.1124,8307,0
2014-02-21,20:00:00,29.1523,29.1722,29.0326,29.0326,6901,0
2014-02-21,21:00:00,29.0326,29.0526,28.8432,28.9629,14880,0
2014-02-21,22:00:00,28.9429,29.0825,28.8133,28.913,41089,0
2014-02-24,16:00:00,29.0227,29.0526,28.9429,29.0426,1700,0
2014-02-24,17:00:00,29.1224,29.1623,29.0426,29.1323,4905,0
2014-02-24,18:00:00,29.1623,29.4514,28.8432,29.1822,32384,0
2014-02-24,19:00:00,29.2121,29.3816,29.1722,29.2919,20141,0
2014-02-24,20:00:00,29.3118,29.3716,29.242,29.3417,5814,0
2014-02-24,21:00:00,29.3716,29.3916,29.2819,29.3317,7300,0
2014-02-24,22:00:00,29.3218,29.3417,29.2121,29.2121,59225,0
2014-02-25,16:00:00,29.1623,29.1822,29.0725,29.1822,2401,0
2014-02-25,17:00:00,29.1423,29.3417,29.0925,29.1323,13966,0
2014-02-25,18:00:00,29.232,29.3617,29.1523,29.2619,8406,0
2014-02-25,19:00:00,29.232,29.232,29.0625,29.1523,4001,0
2014-02-25,20:00:00,29.1722,29.3018,29.1623,29.2619,8106,0
2014-02-25,21:00:00,29.2221,29.232,29.1224,29.1224,2500,0
2014-02-25,22:00:00,29.1822,29.1822,29.0027,29.0725,24342,0
2014-02-26,16:00:00,29.1722,29.2221,29.1323,29.1523,3496,0
2014-02-26,17:00:00,29.1722,29.591,29.1623,29.4314,15841,0
2014-02-26,18:00:00,29.3916,29.5311,29.3517,29.4015,9702,0
2014-02-26,19:00:00,29.5012,29.6009,29.3317,29.5511,8603,0
2014-02-26,20:00:00,29.5511,29.6009,29.4115,29.4115,13162,0
2014-02-26,21:00:00,29.4314,29.4314,29.1922,29.3317,7633,0
2014-02-26,22:00:00,29.3118,29.4414,29.2919,29.4015,32152,0
2014-02-27,16:00:00,29.2021,29.2021,29.2021,29.2021,600,0
2014-02-27,17:00:00,29.3218,29.6209,29.2819,29.6209,6061,0
2014-02-27,18:00:00,29.571,29.6907,29.5411,29.591,4889,0
2014-02-27,19:00:00,29.581,29.6807,29.4015,29.6508,24322,0
2014-02-27,20:00:00,29.6308,29.6508,29.5212,29.6308,5501,0
2014-02-27,21:00:00,29.591,29.6707,29.5511,29.6109,12501,0
2014-02-27,22:00:00,29.6009,29.8203,29.5411,29.8003,38465,0
2014-02-28,16:00:00,29.9,30.1293,29.9,30.0695,9132,0
2014-02-28,17:00:00,30.0895,30.2091,29.8601,29.9299,21512,0
2014-02-28,18:00:00,29.8901,30.0197,29.8103,29.9698,6501,0
2014-02-28,19:00:00,29.9898,30.0496,29.92,30.0097,28637,0
2014-02-28,20:00:00,30.0097,30.1892,29.92,30.0197,24332,0
2014-02-28,21:00:00,29.9997,30.0595,29.91,29.9898,18608,0
2014-02-28,22:00:00,29.9698,30.2191,29.9,30.0695,102120,0
2014-03-03,16:00:00,29.8203,30.0595,29.7006,30.0097,51187,0
2014-03-03,17:00:00,29.9299,30.0097,29.6109,29.7804,25803,0
2014-03-03,18:00:00,29.8203,30.1393,29.7106,30.0396,30913,0
2014-03-03,19:00:00,30.0197,30.1493,29.9698,30.0296,6403,0
2014-03-03,20:00:00,30.0895,30.249,30.0895,30.249,6856,0
2014-03-03,21:00:00,30.2091,30.3188,30.0895,30.229,7111,0
2014-03-03,22:00:00,30.249,30.3487,29.9399,30.0795,84395,0
2014-03-04,16:00:00,30.5381,30.9768,30.5082,30.9768,9615,0
2014-03-04,17:00:00,30.9768,31.1463,30.8272,31.0167,24388,0
2014-03-04,18:00:00,30.9868,31.0067,30.7774,30.907,42407,0
2014-03-04,19:00:00,30.8372,30.9668,30.8073,30.9369,19649,0
2014-03-04,20:00:00,30.9668,31.0167,30.7674,31.0167,19089,0
2014-03-04,21:00:00,30.8771,30.9369,30.7475,30.8571,25082,0
2014-03-04,22:00:00,30.8272,31.1064,30.7674,30.9868,171594,0
2014-03-05,16:00:00,30.8771,30.8771,29.8003,29.9299,44609,0
2014-03-05,17:00:00,29.91,30.0496,29.571,29.7605,105588,0
2014-03-05,18:00:00,29.7605,29.7605,29.4813,29.6109,73229,0
2014-03-05,19:00:00,29.6508,29.8003,29.581,29.7804,47545,0
2014-03-05,20:00:00,29.8203,29.9698,29.7006,29.9,18613,0
2014-03-05,21:00:00,29.9299,30.0296,29.9,30.0097,14537,0
2014-03-05,22:00:00,30.0097,30.0097,29.8901,29.91,100877,0
2014-03-06,16:00:00,30,30.25,29.99,30.15,9430,0
2014-03-06,17:00:00,30.16,30.33,30.16,30.29,15112,0
2014-03-06,18:00:00,30.29,30.3,30.16,30.21,14000,0
2014-03-06,19:00:00,30.24,30.46,30.22,30.46,19972,0
2014-03-06,20:00:00,30.52,30.52,30.29,30.36,6500,0
2014-03-06,21:00:00,30.36,30.52,30.29,30.51,8400,0
2014-03-06,22:00:00,30.56,30.74,30.5,30.57,49745,0
2014-03-07,16:00:00,30.89,30.89,30.52,30.57,44580,0
2014-03-07,17:00:00,30.61,30.89,30.58,30.86,11101,0
2014-03-07,18:00:00,30.83,30.97,30.72,30.93,18110,0
2014-03-07,19:00:00,30.93,31.11,30.93,30.99,23057,0
2014-03-07,20:00:00,30.99,31.08,30.93,31,15000,0
2014-03-07,21:00:00,31,31.06,30.9,31.04,18979,0
2014-03-07,22:00:00,30.98,31.16,30.93,31.14,72079,0
2014-03-10,15:00:00,31.17,31.17,30.95,31.13,6288,0
2014-03-10,16:00:00,31.14,31.15,31,31.09,21304,0
2014-03-10,17:00:00,31.1,31.27,31.06,31.12,14065,0
2014-03-10,18:00:00,31.15,31.25,31.15,31.22,10533,0
2014-03-10,19:00:00,31.27,31.4,31.19,31.19,15700,0
2014-03-10,20:00:00,31.23,31.25,31.12,31.16,9798,0
2014-03-10,21:00:00,31.17,31.35,31.12,31.35,74026,0
2014-03-11,15:00:00,31.35,31.35,31.18,31.18,7500,0
2014-03-11,16:00:00,31.2,31.37,31.12,31.37,15902,0
2014-03-11,17:00:00,31.39,31.39,31.17,31.3,14700,0
2014-03-11,18:00:00,31.3,31.41,31.28,31.3,12585,0
2014-03-11,19:00:00,31.27,31.36,31.26,31.29,10327,0
2014-03-11,20:00:00,31.3,31.32,31.06,31.06,31498,0
2014-03-11,21:00:00,30.98,31.03,30.84,30.9,50407,0
2014-03-12,15:00:00,30.87,30.87,30.48,30.55,8147,0
2014-03-12,16:00:00,30.63,30.91,30.63,30.79,48316,0
2014-03-12,17:00:00,30.8,31.03,30.75,30.75,5200,0
2014-03-12,18:00:00,30.72,30.85,30.7,30.8,4700,0
2014-03-12,19:00:00,30.78,30.78,30.7,30.76,7660,0
2014-03-12,20:00:00,30.74,30.89,30.74,30.83,7300,0
2014-03-12,21:00:00,30.83,30.97,30.81,30.91,39763,0
2014-03-13,15:00:00,30.74,30.87,30.65,30.73,4306,0
2014-03-13,16:00:00,30.74,30.74,30.16,30.41,54000,0
2014-03-13,17:00:00,30.37,30.41,30.33,30.41,9066,0
2014-03-13,18:00:00,30.34,30.34,30.1,30.19,23400,0
2014-03-13,19:00:00,30.14,30.32,30.05,30.25,22500,0
2014-03-13,20:00:00,30.21,30.26,29.9,29.91,16922,0
2014-03-13,21:00:00,29.91,30.17,29.91,30.16,74184,0
2014-03-14,15:00:00,29.98,30.29,29.98,30.18,12004,0
2014-03-14,16:00:00,30.29,30.64,30.29,30.39,44537,0
2014-03-14,17:00:00,30.34,30.53,30.34,30.44,9700,0
2014-03-14,18:00:00,30.44,30.53,30.33,30.46,6300,0
2014-03-14,19:00:00,30.48,30.49,30.31,30.47,16693,0
2014-03-14,20:00:00,30.46,30.62,30.35,30.46,12300,0
2014-03-14,21:00:00,30.37,30.57,30.37,30.55,41989,0
2014-03-17,15:00:00,30.92,31.56,30.92,31.53,35733,0
2014-03-17,16:00:00,31.52,31.72,31.35,31.35,14295,0
2014-03-17,17:00:00,31.35,31.39,31.12,31.22,9997,0
2014-03-17,18:00:00,31.22,31.3,31.15,31.2,10300,0
2014-03-17,19:00:00,31.24,31.31,31.1,31.1,7775,0
2014-03-17,20:00:00,31.12,31.13,31.05,31.13,12200,0
2014-03-17,21:00:00,31.08,31.16,31,31.08,59021,0
2014-03-18,15:00:00,31.19,31.19,30.99,31.02,22532,0
2014-03-18,16:00:00,30.94,31.32,30.94,31.25,9304,0
2014-03-18,17:00:00,31.28,31.28,31.22,31.22,6685,0
2014-03-18,18:00:00,31.26,31.27,31.21,31.24,17783,0
2014-03-18,19:00:00,31.2,31.24,31.14,31.21,12037,0
2014-03-18,20:00:00,31.2,31.29,31.15,31.29,6740,0
2014-03-18,21:00:00,31.23,31.41,31.23,31.4,38297,0
2014-03-19,15:00:00,31.34,31.49,31.19,31.3,20814,0
2014-03-19,16:00:00,31.22,31.33,31.22,31.33,9990,0
2014-03-19,17:00:00,31.33,31.49,31.33,31.41,3300,0
2014-03-19,18:00:00,31.44,31.54,31.41,31.49,4300,0
2014-03-19,19:00:00,31.49,31.49,31.45,31.48,2900,0
2014-03-19,20:00:00,31.45,31.45,31.27,31.4,17970,0
2014-03-19,21:00:00,31.38,31.4,31,31.33,54442,0
2014-03-20,15:00:00,31.27,31.54,31.27,31.3,6654,0
2014-03-20,16:00:00,31.26,31.56,31.26,31.43,7300,0
2014-03-20,17:00:00,31.41,31.42,31.34,31.36,2100,0
2014-03-20,18:00:00,31.29,31.37,31.28,31.3,2000,0
2014-03-20,19:00:00,31.31,31.32,31.21,31.22,3600,0
2014-03-20,20:00:00,31.27,31.28,31.25,31.25,4000,0
2014-03-20,21:00:00,31.22,31.22,31.06,31.15,24137,0
2014-03-21,15:00:00,31.34,31.34,31.09,31.09,244364,0
2014-03-21,16:00:00,31.13,31.56,31.07,31.56,6500,0
2014-03-21,17:00:00,31.52,31.74,31.52,31.64,6677,0
2014-03-21,18:00:00,31.69,31.71,31.3,31.3,8062,0
2014-03-21,19:00:00,31.31,31.31,31.09,31.13,7281,0
2014-03-21,20:00:00,31.14,31.19,30.92,30.98,16107,0
2014-03-21,21:00:00,30.98,31.09,30.8,31.03,79934,0
2014-03-24,15:00:00,31.04,31.23,31,31.22,6544,0
2014-03-24,16:00:00,31.16,31.2,30.78,30.96,29083,0
2014-03-24,17:00:00,30.94,31.02,30.82,31,32918,0
2014-03-24,18:00:00,30.97,30.97,30.81,30.82,22485,0
2014-03-24,19:00:00,30.75,30.95,30.75,30.94,6197,0
2014-03-24,20:00:00,30.92,30.95,30.83,30.83,17312,0
2014-03-24,21:00:00,30.85,31.05,30.81,31,51370,0
2014-03-25,15:00:00,31.19,31.26,31,31.18,8318,0
2014-03-25,16:00:00,31.17,31.28,30.89,30.98,26780,0
2014-03-25,17:00:00,30.98,31.11,30.91,31.05,18800,0
2014-03-25,18:00:00,31.02,31.1,30.84,31.01,13199,0
2014-03-25,19:00:00,31.04,31.08,30.86,30.95,42953,0
2014-03-25,20:00:00,30.94,31.01,30.83,30.92,17104,0
2014-03-25,21:00:00,30.89,30.96,30.77,30.83,110529,0
2014-03-26,15:00:00,30.85,31.09,30.58,30.58,2400,0
2014-03-26,16:00:00,30.52,30.73,30.39,30.51,9094,0
2014-03-26,17:00:00,30.44,30.76,30.44,30.63,23100,0
2014-03-26,18:00:00,30.59,30.71,30.54,30.71,18070,0
2014-03-26,19:00:00,30.69,30.71,30.39,30.41,9850,0
2014-03-26,20:00:00,30.48,30.68,30.33,30.65,21260,0
2014-03-26,21:00:00,30.64,30.65,30.08,30.15,90884,0
2014-03-27,15:00:00,30.04,30.04,29.91,29.97,2400,0
2014-03-27,16:00:00,29.91,30.13,29.91,29.99,11900,0
2014-03-27,17:00:00,29.98,30.12,29.91,30.05,16649,0
2014-03-27,18:00:00,30.09,30.09,29.99,30.05,5850,0
2014-03-27,19:00:00,30.1,30.23,30.08,30.18,7484,0
2014-03-27,20:00:00,30.2,30.32,30.11,30.12,27578,0
2014-03-27,21:00:00,30.1,30.23,29.88,30.15,46393,0
2014-03-28,15:00:00,30.13,30.16,29.84,30.11,15317,0
2014-03-28,16:00:00,30.2,30.53,30.19,30.53,6914,0
2014-03-28,17:00:00,30.57,30.62,30.42,30.42,3448,0
2014-03-28,18:00:00,30.49,30.49,30.35,30.38,6000,0
2014-03-28,19:00:00,30.35,30.35,30.12,30.14,4241,0
2014-03-28,20:00:00,30.1,30.12,29.99,30.1,9553,0
2014-03-28,21:00:00,30.12,30.12,29.99,30.07,28750,0
2014-03-31,16:00:00,29.93,30.15,29.93,30.14,5050,0
2014-03-31,17:00:00,30.08,30.67,30.08,30.54,89290,0
2014-03-31,18:00:00,30.49,30.59,30.42,30.47,5900,0
2014-03-31,19:00:00,30.48,30.84,30.48,30.72,28076,0
2014-03-31,20:00:00,30.76,30.94,30.68,30.81,10548,0
2014-03-31,21:00:00,30.78,30.88,30.66,30.82,8432,0
2014-03-31,22:00:00,30.81,31.06,30.77,30.9,45364,0
2014-04-01,16:00:00,31.32,31.32,30.99,30.99,10390,0
2014-04-01,17:00:00,31.04,31.18,30.98,31.08,16442,0
2014-04-01,18:00:00,31.04,31.06,30.94,30.94,8860,0
2014-04-01,19:00:00,30.94,31.4,30.94,31.38,12314,0
2014-04-01,20:00:00,31.33,31.4,31.26,31.28,10387,0
2014-04-01,21:00:00,31.28,31.41,31.27,31.41,6400,0
2014-04-01,22:00:00,31.34,31.49,31.25,31.3,60200,0
2014-04-02,16:00:00,31.27,31.37,31.22,31.25,3050,0
2014-04-02,17:00:00,31.36,31.59,31.36,31.58,5636,0
2014-04-02,18:00:00,31.6,31.6,31.44,31.5,8217,0
2014-04-02,19:00:00,31.53,31.58,31.5,31.53,5145,0
2014-04-02,20:00:00,31.54,31.59,31.42,31.47,4700,0
2014-04-02,21:00:00,31.48,31.54,31.44,31.5,5100,0
2014-04-02,22:00:00,31.51,31.63,31.51,31.62,22101,0
2014-04-03,16:00:00,31.53,31.74,31.44,31.6,6063,0
2014-04-03,17:00:00,31.7,31.7,31.27,31.27,7160,0
2014-04-03,18:00:00,31.25,31.35,31.17,31.22,6499,0
2014-04-03,19:00:00,31.2,31.25,31.04,31.09,10817,0
2014-04-03,20:00:00,31.13,31.22,31.04,31.17,7584,0
2014-04-03,21:00:00,31.12,31.16,31.02,31.16,7700,0
2014-04-03,22:00:00,31.18,31.35,31.07,31.26,43517,0
2014-04-04,16:00:00,31.54,31.54,31.28,31.3,4562,0
2014-04-04,17:00:00,31.39,31.42,31.29,31.39,5800,0
2014-04-04,18:00:00,31.29,31.36,30.54,30.61,20017,0
2014-04-04,19:00:00,30.52,30.54,30.23,30.27,13157,0
2014-04-04,20:00:00,30.37,30.77,30.36,30.62,20500,0
2014-04-04,21:00:00,30.65,30.67,30.52,30.62,26881,0
2014-04-04,22:00:00,30.62,30.75,30.52,30.59,69852,0
2014-04-07,16:00:00,30.3,30.35,29.99,30.27,7200,0
2014-04-07,17:00:00,30.23,30.39,30.07,30.12,8672,0
2014-04-07,18:00:00,30.04,30.19,29.99,30.08,15535,0
2014-04-07,19:00:00,30.07,30.28,30.04,30.28,11496,0
2014-04-07,20:00:00,30.18,30.25,30,30.05,11708,0
2014-04-07,21:00:00,30.05,30.11,29.97,30.11,10028,0
2014-04-07,22:00:00,30.07,30.18,29.99,30.01,61709,0
2014-04-08,16:00:00,30.07,30.31,30,30.07,6377,0
2014-04-08,17:00:00,30.12,30.5,30.12,30.29,13000,0
2014-04-08,18:00:00,30.37,30.63,30.36,30.5,11580,0
2014-04-08,19:00:00,30.5,30.57,30.39,30.45,11775,0
2014-04-08,20:00:00,30.42,30.53,30.37,30.42,17599,0
2014-04-08,21:00:00,30.4,30.4,30.27,30.29,16000,0
2014-04-08,22:00:00,30.28,30.42,30.17,30.33,43758,0
2014-04-09,16:00:00,30.52,30.56,30.4,30.54,2600,0
2014-04-09,17:00:00,30.54,30.6,30.35,30.36,10100,0
2014-04-09,18:00:00,30.34,30.54,30.26,30.48,9436,0
2014-04-09,19:00:00,30.47,30.6,30.37,30.55,5000,0
2014-04-09,20:00:00,30.58,30.61,30.42,30.58,4100,0
2014-04-09,21:00:00,30.61,30.83,30.61,30.63,4500,0
2014-04-09,22:00:00,30.64,30.83,30.64,30.78,38856,0
2014-04-10,16:00:00,30.68,30.77,30.55,30.62,3365,0
2014-04-10,17:00:00,30.63,30.67,30.14,30.17,7500,0
2014-04-10,18:00:00,30.13,30.38,30.13,30.28,17009,0
2014-04-10,19:00:00,30.28,30.35,30.17,30.3,13800,0
2014-04-10,20:00:00,30.22,30.43,30.17,30.24,8418,0
2014-04-10,21:00:00,30.25,30.25,30.02,30.1,6200,0
2014-04-10,22:00:00,30.02,30.3,30,30.05,38922,0
2014-04-11,16:00:00,29.7,30.2,29.38,30.06,20488,0
2014-04-11,17:00:00,29.97,30.18,29.72,30.15,10100,0
2014-04-11,18:00:00,30.12,30.12,29.84,29.85,18902,0
2014-04-11,19:00:00,29.89,30.01,29.89,29.94,16298,0
2014-04-11,20:00:00,29.92,29.99,29.79,29.85,20600,0
2014-04-11,21:00:00,29.85,29.92,29.55,29.61,19356,0
2014-04-11,22:00:00,29.71,29.73,29.5,29.52,88380,0
2014-04-14,16:00:00,29.73,29.74,29.55,29.61,2900,0
2014-04-14,17:00:00,29.49,29.94,29.44,29.94,6288,0
2014-04-14,18:00:00,29.95,29.96,29.62,29.72,4200,0
2014-04-14,19:00:00,29.66,29.87,29.61,29.83,11236,0
2014-04-14,20:00:00,29.81,29.82,29.72,29.79,10500,0
2014-04-14,21:00:00,29.72,29.74,29.49,29.57,8480,0
2014-04-14,22:00:00,29.56,29.56,29.24,29.42,62430,0
2014-04-15,16:00:00,29.6,29.64,29.41,29.64,2100,0
2014-04-15,17:00:00,29.65,29.65,29.2,29.23,17666,0
2014-04-15,18:00:00,29.21,29.25,29.03,29.11,11300,0
2014-04-15,19:00:00,29.12,29.12,28.97,28.98,8300,0
2014-04-15,20:00:00,28.97,29.25,28.96,29.24,16350,0
2014-04-15,21:00:00,29.22,29.33,29.12,29.2,19997,0
2014-04-15,22:00:00,29.2,29.64,29.18,29.51,41237,0
2014-04-16,16:00:00,29.79,29.79,29.77,29.77,6934,0
2014-04-16,17:00:00,29.76,29.84,29.74,29.77,6500,0
2014-04-16,18:00:00,29.78,29.9,29.74,29.77,9655,0
2014-04-16,19:00:00,29.84,29.91,29.81,29.91,2000,0
2014-04-16,20:00:00,29.92,29.98,29.75,29.82,8490,0
2014-04-16,21:00:00,29.87,30.06,29.75,30.06,6100,0
2014-04-16,22:00:00,30,30.08,29.96,30,33803,0
2014-04-17,16:00:00,30,30.13,29.87,29.87,17190,0
2014-04-17,17:00:00,30.06,30.33,30.06,30.33,6100,0
2014-04-17,18:00:00,30.34,30.4,30.15,30.26,3382,0
2014-04-17,19:00:00,30.28,30.32,30.19,30.32,2734,0
2014-04-17,20:00:00,30.33,30.45,30.24,30.45,3200,0
2014-04-17,21:00:00,30.42,30.45,30.32,30.32,6833,0
2014-04-17,22:00:00,30.32,30.57,30.32,30.39,14186,0
2014-04-21,16:00:00,30.31,30.43,30.31,30.35,2700,0
2014-04-21,17:00:00,30.39,30.4,30.04,30.09,7192,0
2014-04-21,18:00:00,30.11,30.42,30.11,30.42,32540,0
2014-04-21,19:00:00,30.33,30.45,30.23,30.29,6300,0
2014-04-21,20:00:00,30.34,30.39,30.31,30.31,5191,0
2014-04-21,21:00:00,30.4,30.56,30.32,30.51,18300,0
2014-04-21,22:00:00,30.54,30.55,30.36,30.47,23879,0
2014-04-22,16:00:00,30.31,30.62,30.28,30.33,4597,0
2014-04-22,17:00:00,30.28,30.7,30.24,30.69,46260,0
2014-04-22,18:00:00,30.73,30.8,30.66,30.7,11511,0
2014-04-22,19:00:00,30.77,30.86,30.68,30.86,8780,0
2014-04-22,20:00:00,30.89,30.97,30.86,30.97,10552,0
2014-04-22,21:00:00,30.94,30.99,30.85,30.87,6540,0
2014-04-22,22:00:00,30.87,30.87,30.65,30.74,36187,0
2014-04-23,16:00:00,30.62,30.62,30.37,30.59,11616,0
2014-04-23,17:00:00,30.54,30.77,30.46,30.7,8825,0
2014-04-23,18:00:00,30.73,30.77,30.49,30.67,9480,0
2014-04-23,19:00:00,30.65,30.7,30.58,30.62,5800,0
2014-04-23,20:00:00,30.62,30.63,30.46,30.59,10700,0
2014-04-23,21:00:00,30.58,30.66,30.46,30.51,10105,0
2014-04-23,22:00:00,30.56,30.85,30.54,30.61,157880,0
2014-04-24,16:00:00,30.76,30.76,30.18,30.2,9818,0
2014-04-24,17:00:00,30.34,30.48,30.11,30.28,25642,0
2014-04-24,18:00:00,30.32,30.44,30.25,30.29,18400,0
2014-04-24,19:00:00,30.26,30.38,30.25,30.35,6000,0
2014-04-24,20:00:00,30.23,30.32,30.16,30.28,1202,0
2014-04-24,21:00:00,30.21,30.26,30.1,30.1,7014,0
2014-04-24,22:00:00,30.16,30.33,30.14,30.16,34049,0
2014-04-25,16:00:00,29.94,29.98,29.6,29.68,25814,0
2014-04-25,17:00:00,29.59,29.75,29.4,29.46,8922,0
2014-04-25,18:00:00,29.28,29.55,29.19,29.49,5000,0
2014-04-25,19:00:00,29.46,29.62,29.44,29.51,10000,0
2014-04-25,20:00:00,29.5,29.51,29.34,29.48,29457,0
2014-04-25,21:00:00,29.51,29.65,29.42,29.58,28343,0
2014-04-25,22:00:00,29.58,29.76,29.49,29.49,54214,0
2014-04-28,16:00:00,29.67,29.67,29.29,29.32,9518,0
2014-04-28,17:00:00,29.5,29.67,29.34,29.34,16861,0
2014-04-28,18:00:00,29.38,29.43,29.1,29.1,17627,0
2014-04-28,19:00:00,29.13,29.28,29.05,29.17,12876,0
2014-04-28,20:00:00,29.14,29.25,29.02,29.1,59373,0
2014-04-28,21:00:00,29.1,29.33,29.05,29.24,21583,0
2014-04-28,22:00:00,29.22,29.54,29.14,29.26,41654,0
2014-04-29,16:00:00,29.45,29.62,29.39,29.39,4314,0
2014-04-29,17:00:00,29.4,29.4,28.96,29.09,18386,0
2014-04-29,18:00:00,29.11,29.26,29.01,29.14,18281,0
2014-04-29,19:00:00,29.23,29.24,29.08,29.2,6800,0
2014-04-29,20:00:00,29.22,29.23,29.09,29.14,8840,0
2014-04-29,21:00:00,29.24,29.31,29.17,29.21,16190,0
2014-04-29,22:00:00,29.21,29.31,29,29.03,59022,0
2014-04-30,16:00:00,28.83,29.11,28.49,28.66,15336,0
2014-04-30,17:00:00,28.68,29.01,28.6,28.85,16670,0
2014-04-30,18:00:00,28.8,28.92,28.67,28.88,16660,0
2014-04-30,19:00:00,28.84,29.02,28.75,29,11460,0
2014-04-30,20:00:00,29,29.01,28.73,28.79,23300,0
2014-04-30,21:00:00,28.79,29.08,28.67,29.08,22646,0
2014-04-30,22:00:00,29.05,29.1,28.85,28.99,149012,0
2014-05-01,16:00:00,28.86,28.93,28.58,28.66,15020,0
2014-05-01,17:00:00,28.68,28.82,28.36,28.75,24222,0
2014-05-01,18:00:00,28.71,28.98,28.68,28.86,63500,0
2014-05-01,19:00:00,28.84,28.92,28.75,28.79,17370,0
2014-05-01,20:00:00,28.75,28.79,28.37,28.41,16700,0
2014-05-01,21:00:00,28.48,28.66,28.43,28.45,20658,0
2014-05-01,22:00:00,28.45,28.68,28.35,28.65,67361,0
2014-05-02,16:00:00,28.69,28.9,28.65,28.65,6280,0
2014-05-02,17:00:00,28.74,29.05,28.64,28.69,10227,0
2014-05-02,18:00:00,28.77,28.96,28.72,28.78,6646,0
2014-05-02,19:00:00,28.75,28.92,28.75,28.9,4900,0
2014-05-02,20:00:00,28.88,28.88,28.6,28.66,7000,0
2014-05-02,21:00:00,28.65,28.75,28.65,28.75,8442,0
2014-05-02,22:00:00,28.73,28.84,28.56,28.65,44731,0
2014-05-05,16:00:00,28.36,28.57,28.22,28.41,6121,0
2014-05-05,17:00:00,28.42,28.66,28.36,28.54,12565,0
2014-05-05,18:00:00,28.54,28.61,28.39,28.47,10800,0
2014-05-05,19:00:00,28.5,28.54,28.25,28.3,8421,0
2014-05-05,20:00:00,28.28,28.43,28.09,28.33,15609,0
2014-05-05,21:00:00,28.33,28.5,28.3,28.44,11700,0
2014-05-05,22:00:00,28.43,28.45,28.27,28.27,54138,0
2014-05-06,16:00:00,28.34,28.85,28.03,28.44,20908,0
2014-05-06,17:00:00,28.38,29.17,28.16,28.76,21597,0
2014-05-06,18:00:00,28.7,29.03,28.7,28.96,33252,0
2014-05-06,19:00:00,29,29.03,28.88,29.02,23338,0
2014-05-06,20:00:00,29.03,29.06,28.8,28.95,42395,0
2014-05-06,21:00:00,28.92,29.07,28.85,29.03,41778,0
2014-05-06,22:00:00,29.02,29.05,28.7,28.83,102889,0
2014-05-07,16:00:00,28.85,28.97,28.81,28.81,9444,0
2014-05-07,17:00:00,28.81,28.85,28.56,28.69,34029,0
2014-05-07,18:00:00,28.62,28.82,28.58,28.7,11650,0
2014-05-07,19:00:00,28.71,28.82,28.64,28.72,12300,0
2014-05-07,20:00:00,28.68,28.75,28.52,28.52,10800,0
2014-05-07,21:00:00,28.53,28.76,28.5,28.76,9200,0
2014-05-07,22:00:00,28.72,28.92,28.55,28.88,48330,0
