Date,Time,Open,High,Low,Close,Volume,OpenInt
2014-02-10,16:00:00,12.4055,12.4055,12.4055,12.4055,1225,0
2014-02-10,17:00:00,12.4152,12.4152,12.3859,12.3957,4286,0
2014-02-10,18:00:00,12.3957,12.4152,12.3859,12.4055,7605,0
2014-02-10,19:00:00,12.425,12.425,12.3859,12.4152,5631,0
2014-02-10,20:00:00,12.4055,12.425,12.3859,12.425,9636,0
2014-02-10,21:00:00,12.3957,12.4348,12.3957,12.4348,6992,0
2014-02-10,22:00:00,12.4348,12.4348,12.3859,12.4348,13064,0
2014-02-11,16:00:00,12.4642,12.4642,12.425,12.4446,1735,0
2014-02-11,17:00:00,12.474,12.5132,12.474,12.4838,10526,0
2014-02-11,18:00:00,12.4937,12.5132,12.4838,12.5034,4379,0
2014-02-11,19:00:00,12.5132,12.5426,12.5034,12.523,5256,0
2014-02-11,20:00:00,12.5132,12.5426,12.5132,12.523,6425,0
2014-02-11,21:00:00,12.5426,12.5916,12.5132,12.572,11880,0
2014-02-11,22:00:00,12.572,12.6014,12.5132,12.5426,53107,0
2014-02-12,16:00:00,12.572,12.6504,12.523,12.5426,14769,0
2014-02-12,17:00:00,12.5426,12.5426,12.4937,12.4937,14112,0
2014-02-12,18:00:00,12.5034,12.5524,12.474,12.474,15747,0
2014-02-12,19:00:00,12.5034,12.5132,12.474,12.474,6113,0
2014-02-12,20:00:00,12.474,12.4838,12.474,12.4838,12123,0
2014-02-12,21:00:00,12.4838,12.5034,12.4544,12.4838,37604,0
2014-02-12,22:00:00,12.4838,12.5132,12.4642,12.5132,18142,0
2014-02-13,16:00:00,12.4544,12.5034,12.4544,12.4838,18314,0
2014-02-13,17:00:00,12.4838,12.5524,12.474,12.5524,5051,0
2014-02-13,18:00:00,12.5328,12.5622,12.5132,12.5622,6439,0
2014-02-13,19:00:00,12.5622,12.572,12.5524,12.572,4184,0
2014-02-13,20:00:00,12.5622,12.621,12.5622,12.6014,13166,0
2014-02-13,21:00:00,12.5818,12.6112,12.5818,12.6112,8578,0
2014-02-13,22:00:00,12.6014,12.621,12.5426,12.6112,35827,0
2014-02-14,16:00:00,12.6406,12.6406,12.621,12.621,5046,0
2014-02-14,17:00:00,12.6308,12.6406,12.6112,12.6112,10608,0
2014-02-14,18:00:00,12.6112,12.6504,12.6112,12.6308,3516,0
2014-02-14,19:00:00,12.621,12.6308,12.6112,12.6112,8020,0
2014-02-14,20:00:00,12.6112,12.6896,12.6112,12.6504,4985,0
2014-02-14,21:00:00,12.6406,12.67,12.6406,12.6504,1352,0
2014-02-14,22:00:00,12.6406,12.6798,12.6308,12.67,9814,0
2014-02-18,16:00:00,12.67,12.6798,12.67,12.6798,3674,0
2014-02-18,17:00:00,12.67,12.6896,12.6308,12.6406,8105,0
2014-02-18,18:00:00,12.6504,12.6994,12.6504,12.6896,6970,0
2014-02-18,19:00:00,12.6602,12.6896,12.6602,12.6798,8297,0
2014-02-18,20:00:00,12.6798,12.6896,12.67,12.67,3215,0
2014-02-18,21:00:00,12.6602,12.6994,12.6602,12.6896,21237,0
2014-02-18,22:00:00,12.6896,12.7288,12.67,12.7092,16931,0
2014-02-19,16:00:00,12.6994,12.719,12.6602,12.719,13591,0
2014-02-19,17:00:00,12.6896,12.7288,12.6896,12.7288,5131,0
2014-02-19,18:00:00,12.7092,12.7092,12.6896,12.6896,5862,0
2014-02-19,19:00:00,12.6896,12.6896,12.6602,12.6602,5205,0
2014-02-19,20:00:00,12.67,12.7092,12.67,12.6798,1964,0
2014-02-19,21:00:00,12.6798,12.6896,12.6602,12.67,6531,0
2014-02-19,22:00:00,12.67,12.67,12.5916,12.6014,16950,0
2014-02-20,16:00:00,12.6406,12.6602,12.6308,12.6406,9207,0
2014-02-20,17:00:00,12.621,12.6504,12.6112,12.6504,6131,0
2014-02-20,18:00:00,12.6308,12.67,12.6308,12.67,1633,0
2014-02-20,19:00:00,12.6406,12.6798,12.6406,12.6602,4661,0
2014-02-20,20:00:00,12.6602,12.6798,12.6504,12.6798,1653,0
2014-02-20,21:00:00,12.67,12.67,12.6406,12.6406,3164,0
2014-02-20,22:00:00,12.6602,12.7092,12.6504,12.6896,25430,0
2014-02-21,16:00:00,12.7386,12.7386,12.7092,12.7288,5760,0
2014-02-21,17:00:00,12.7386,12.7386,12.7092,12.719,11103,0
2014-02-21,18:00:00,12.7386,12.7386,12.6994,12.7386,16323,0
2014-02-21,19:00:00,12.7386,12.7386,12.67,12.719,8912,0
2014-02-21,20:00:00,12.6994,12.7386,12.6994,12.7288,11643,0
2014-02-21,21:00:00,12.719,12.719,12.67,12.67,1839,0
2014-02-21,22:00:00,12.67,12.719,12.6308,12.6602,17895,0
2014-02-24,16:00:00,12.6994,12.768,12.6994,12.7582,7668,0
2014-02-24,17:00:00,12.768,12.7876,12.768,12.7876,918,0
2014-02-24,18:00:00,12.7484,12.768,12.7386,12.768,26949,0
2014-02-24,19:00:00,12.768,12.817,12.768,12.7876,8849,0
2014-02-24,20:00:00,12.7876,12.8072,12.7876,12.8072,14164,0
2014-02-24,21:00:00,12.7876,12.8072,12.768,12.8072,11719,0
2014-02-24,22:00:00,12.7974,12.8072,12.7484,12.7876,51937,0
2014-02-25,16:00:00,12.7386,12.7974,12.7386,12.7386,14730,0
2014-02-25,17:00:00,12.7386,12.7778,12.7386,12.7778,15618,0
2014-02-25,18:00:00,12.768,12.7778,12.7582,12.7582,6672,0
2014-02-25,19:00:00,12.7582,12.7778,12.7582,12.768,7989,0
2014-02-25,20:00:00,12.768,12.7876,12.768,12.7876,11450,0
2014-02-25,21:00:00,12.7974,12.7974,12.768,12.7778,7004,0
2014-02-25,22:00:00,12.7974,12.7974,12.7582,12.7876,20335,0
2014-02-26,16:00:00,12.8072,12.8072,12.67,12.7288,16136,0
2014-02-26,17:00:00,12.7386,12.7778,12.6994,12.7778,9787,0
2014-02-26,18:00:00,12.7386,12.7876,12.7386,12.7582,5603,0
2014-02-26,19:00:00,12.768,12.7778,12.7386,12.7582,3185,0
2014-02-26,20:00:00,12.7484,12.7974,12.7484,12.7974,18647,0
2014-02-26,21:00:00,12.7974,12.7974,12.7386,12.7386,10761,0
2014-02-26,22:00:00,12.7582,12.7974,12.7386,12.7974,17965,0
2014-02-27,16:00:00,12.7288,12.7876,12.719,12.7484,7269,0
2014-02-27,17:00:00,12.7484,12.7876,12.7484,12.7876,4240,0
2014-02-27,18:00:00,12.7876,12.7974,12.7484,12.7582,7108,0
2014-02-27,19:00:00,12.7582,12.768,12.7484,12.768,15920,0
2014-02-27,20:00:00,12.7876,12.7974,12.7778,12.7974,21629,0
2014-02-27,21:00:00,12.7876,12.7876,12.768,12.7778,4600,0
2014-02-27,22:00:00,12.7778,12.8072,12.7778,12.8072,6264,0
2014-02-28,16:00:00,12.8856,12.8856,12.8268,12.8268,6124,0
2014-02-28,17:00:00,12.8268,12.8268,12.7876,12.8268,9353,0
2014-02-28,18:00:00,12.817,12.8562,12.817,12.8366,10775,0
2014-02-28,19:00:00,12.8562,12.8562,12.8562,12.8562,2908,0
2014-02-28,20:00:00,12.8268,12.866,12.8268,12.8562,9790,0
2014-02-28,21:00:00,12.866,12.866,12.8464,12.8464,6931,0
2014-02-28,22:00:00,12.8464,12.8856,12.8268,12.8562,24389,0
2014-03-03,16:00:00,12.7876,12.7974,12.7484,12.7778,10485,0
2014-03-03,17:00:00,12.7778,12.7778,12.6994,12.768,7662,0
2014-03-03,18:00:00,12.7386,12.768,12.6994,12.6994,9348,0
2014-03-03,19:00:00,12.7386,12.7386,12.67,12.6994,5154,0
2014-03-03,20:00:00,12.719,12.7484,12.719,12.7386,3970,0
2014-03-03,21:00:00,12.7484,12.7582,12.6798,12.7484,28441,0
2014-03-03,22:00:00,12.719,12.7484,12.6504,12.7386,21515,0
2014-03-04,16:00:00,12.7876,12.8562,12.7484,12.7778,15463,0
2014-03-04,17:00:00,12.7582,12.7974,12.7484,12.768,28106,0
2014-03-04,18:00:00,12.768,12.768,12.7484,12.7582,9598,0
2014-03-04,19:00:00,12.7484,12.7582,12.7288,12.7582,7439,0
2014-03-04,20:00:00,12.7484,12.7778,12.7288,12.7288,14595,0
2014-03-04,21:00:00,12.7092,12.768,12.7092,12.768,6786,0
2014-03-04,22:00:00,12.7386,12.7974,12.7386,12.7974,18809,0
2014-03-05,16:00:00,12.7876,12.8072,12.768,12.768,2295,0
2014-03-05,17:00:00,12.768,12.7974,12.7092,12.7778,11704,0
2014-03-05,18:00:00,12.768,12.8464,12.768,12.8072,8606,0
2014-03-05,19:00:00,12.7876,12.8366,12.7582,12.8072,9091,0
2014-03-05,20:00:00,12.7974,12.7974,12.7484,12.7974,6675,0
2014-03-05,21:00:00,12.8072,12.8072,12.7778,12.8072,9724,0
2014-03-05,22:00:00,12.7876,12.8268,12.7778,12.8268,7599,0
2014-03-06,16:00:00,12.866,12.9444,12.8366,12.8954,23221,0
2014-03-06,17:00:00,12.915,12.9346,12.8954,12.9052,7943,0
2014-03-06,18:00:00,12.9052,12.9052,12.8954,12.9052,13937,0
2014-03-06,19:00:00,12.9052,12.9052,12.9052,12.9052,3011,0
2014-03-06,20:00:00,12.8954,12.8954,12.8856,12.8856,3270,0
2014-03-06,21:00:00,12.8856,12.8954,12.866,12.8856,8631,0
2014-03-06,22:00:00,12.8856,12.9052,12.8856,12.9052,7625,0
2014-03-07,16:00:00,12.9052,12.9052,12.8268,12.8268,6429,0
2014-03-07,17:00:00,12.8366,12.8856,12.817,12.817,9667,0
2014-03-07,18:00:00,12.8268,12.8464,12.7876,12.8464,3419,0
2014-03-07,19:00:00,12.8562,12.8562,12.7876,12.7876,7080,0
2014-03-07,20:00:00,12.8268,12.8562,12.8072,12.8366,8415,0
2014-03-07,21:00:00,12.8268,12.866,12.8268,12.8562,3585,0
2014-03-07,22:00:00,12.8758,12.8758,12.8366,12.8366,7849,0
2014-03-10,15:00:00,12.8856,12.8954,12.8072,12.8464,20283,0
2014-03-10,16:00:00,12.8366,12.8562,12.8072,12.8268,15704,0
2014-03-10,17:00:00,12.7974,12.8464,12.7974,12.8464,9634,0
2014-03-10,18:00:00,12.817,12.8366,12.817,12.817,8879,0
2014-03-10,19:00:00,12.8464,12.9248,12.8464,12.9248,3209,0
2014-03-10,20:00:00,12.8758,12.8856,12.8562,12.8856,15157,0
2014-03-10,21:00:00,12.8758,12.915,12.8366,12.915,20301,0
2014-03-11,15:00:00,12.9346,12.9346,12.8856,12.9052,6952,0
2014-03-11,16:00:00,12.9052,12.9346,12.8856,12.9346,18961,0
2014-03-11,17:00:00,12.9248,12.9346,12.9052,12.9052,2964,0
2014-03-11,18:00:00,12.9052,12.915,12.9052,12.915,5091,0
2014-03-11,19:00:00,12.9052,12.9052,12.8856,12.9052,7826,0
2014-03-11,20:00:00,12.8856,12.9052,12.8856,12.9052,12956,0
2014-03-11,21:00:00,12.8856,12.915,12.8856,12.915,14091,0
2014-03-12,15:00:00,12.91,12.93,12.8,12.86,19659,0
2014-03-12,16:00:00,12.89,12.89,12.87,12.89,1888,0
2014-03-12,17:00:00,12.92,12.94,12.91,12.92,6512,0
2014-03-12,18:00:00,12.93,12.93,12.9,12.9,3665,0
2014-03-12,19:00:00,12.93,12.93,12.91,12.91,3555,0
2014-03-12,20:00:00,12.93,12.95,12.92,12.92,5404,0
2014-03-12,21:00:00,12.95,13,12.93,12.97,18324,0
2014-03-13,15:00:00,12.96,12.96,12.94,12.95,29984,0
2014-03-13,16:00:00,12.93,12.95,12.92,12.93,6422,0
2014-03-13,17:00:00,12.92,12.93,12.91,12.93,2935,0
2014-03-13,18:00:00,12.9,12.9,12.83,12.85,6692,0
2014-03-13,19:00:00,12.89,12.89,12.79,12.79,19131,0
2014-03-13,20:00:00,12.8,12.84,12.79,12.83,7209,0
2014-03-13,21:00:00,12.84,12.9,12.81,12.88,12326,0
2014-03-14,15:00:00,12.85,12.92,12.84,12.92,2500,0
2014-03-14,16:00:00,12.9,12.9,12.85,12.9,32556,0
2014-03-14,17:00:00,12.91,12.92,12.89,12.91,7138,0
2014-03-14,18:00:00,12.89,12.92,12.89,12.89,3429,0
2014-03-14,19:00:00,12.92,12.92,12.86,12.88,13204,0
2014-03-14,20:00:00,12.89,12.91,12.88,12.9,10130,0
2014-03-14,21:00:00,12.9,12.91,12.88,12.91,4979,0
2014-03-17,15:00:00,12.92,12.95,12.92,12.95,10519,0
2014-03-17,16:00:00,12.92,12.95,12.91,12.92,19852,0
2014-03-17,17:00:00,12.93,12.98,12.93,12.95,5038,0
2014-03-17,18:00:00,12.95,12.96,12.95,12.96,300,0
2014-03-17,19:00:00,12.96,12.97,12.95,12.95,5819,0
2014-03-17,20:00:00,12.97,12.98,12.95,12.95,2805,0
2014-03-17,21:00:00,12.99,12.99,12.96,12.97,5324,0
2014-03-18,15:00:00,12.98,12.98,12.93,12.97,13058,0
2014-03-18,16:00:00,12.98,13,12.94,13,2400,0
2014-03-18,17:00:00,13,13,12.98,12.98,4050,0
2014-03-18,18:00:00,13,13,12.99,13,2707,0
2014-03-18,19:00:00,13,13,12.97,13,2121,0
2014-03-18,20:00:00,12.97,13,12.97,13,7305,0
2014-03-18,21:00:00,13,13,12.95,12.95,11675,0
2014-03-19,15:00:00,12.96,12.99,12.95,12.98,15241,0
2014-03-19,16:00:00,12.99,12.99,12.95,12.95,4101,0
2014-03-19,17:00:00,12.96,12.97,12.95,12.95,3062,0
2014-03-19,18:00:00,12.96,12.96,12.95,12.96,9747,0
2014-03-19,19:00:00,12.97,12.97,12.95,12.97,2865,0
2014-03-19,20:00:00,12.97,12.97,12.88,12.95,32848,0
2014-03-19,21:00:00,12.94,12.94,12.86,12.87,8868,0
2014-03-20,15:00:00,12.82,12.83,12.75,12.8,37085,0
2014-03-20,16:00:00,12.81,12.88,12.8,12.85,12742,0
2014-03-20,17:00:00,12.85,12.86,12.81,12.86,4560,0
2014-03-20,18:00:00,12.87,12.9,12.85,12.9,1846,0
2014-03-20,19:00:00,12.9,12.92,12.88,12.91,12257,0
2014-03-20,20:00:00,12.93,12.94,12.92,12.92,10303,0
2014-03-20,21:00:00,12.92,12.93,12.91,12.92,19173,0
2014-03-21,15:00:00,12.97,12.99,12.97,12.98,7777,0
2014-03-21,16:00:00,12.98,13.02,12.96,13.01,6645,0
2014-03-21,17:00:00,13.01,13.04,12.98,13.04,5005,0
2014-03-21,18:00:00,13.04,13.04,13,13,7388,0
2014-03-21,19:00:00,12.99,13.03,12.98,13,5681,0
2014-03-21,20:00:00,13,13,12.98,12.99,8622,0
2014-03-21,21:00:00,12.99,12.99,12.88,12.93,8171,0
2014-03-24,15:00:00,12.96,12.96,12.95,12.95,7669,0
2014-03-24,16:00:00,12.96,12.97,12.94,12.95,3185,0
2014-03-24,17:00:00,12.94,12.97,12.91,12.94,8753,0
2014-03-24,18:00:00,12.94,12.94,12.88,12.88,7399,0
2014-03-24,19:00:00,12.9,12.92,12.89,12.92,16058,0
2014-03-24,20:00:00,12.92,12.94,12.9,12.9,3786,0
2014-03-24,21:00:00,12.94,12.94,12.89,12.91,10918,0
2014-03-25,15:00:00,12.97,13.01,12.96,13.01,4746,0
2014-03-25,16:00:00,13.01,13.01,12.94,12.99,5526,0
2014-03-25,17:00:00,12.98,12.99,12.95,12.98,900,0
2014-03-25,18:00:00,12.98,12.98,12.96,12.96,3650,0
2014-03-25,19:00:00,12.97,13,12.97,13,1799,0
2014-03-25,20:00:00,12.99,13,12.98,12.98,1490,0
2014-03-25,21:00:00,12.98,13,12.96,12.97,7299,0
2014-03-26,15:00:00,13.03,13.05,13.01,13.01,2436,0
2014-03-26,16:00:00,12.99,13.01,12.98,12.98,4086,0
2014-03-26,17:00:00,12.98,13,12.97,12.98,2411,0
2014-03-26,18:00:00,12.96,12.99,12.96,12.98,2289,0
2014-03-26,19:00:00,12.97,12.98,12.95,12.95,2584,0
2014-03-26,20:00:00,12.91,12.94,12.91,12.94,2600,0
2014-03-26,21:00:00,12.92,12.94,12.89,12.92,6764,0
2014-03-27,15:00:00,12.92,12.99,12.92,12.98,18909,0
2014-03-27,16:00:00,12.99,12.99,12.97,12.98,13070,0
2014-03-27,17:00:00,12.96,12.97,12.93,12.93,6530,0
2014-03-27,18:00:00,12.93,12.96,12.91,12.91,4333,0
2014-03-27,19:00:00,12.92,12.96,12.92,12.93,2408,0
2014-03-27,20:00:00,12.93,12.96,12.91,12.96,7939,0
2014-03-27,21:00:00,12.92,12.99,12.91,12.92,11687,0
2014-03-28,15:00:00,12.96,13.04,12.96,13.02,9122,0
2014-03-28,16:00:00,13.03,13.05,13.01,13.05,13997,0
2014-03-28,17:00:00,13.03,13.04,13.01,13.01,4588,0
2014-03-28,18:00:00,13.01,13.03,13.01,13.03,6536,0
2014-03-28,19:00:00,13.01,13.03,13,13.01,5277,0
2014-03-28,20:00:00,13,13.02,13,13.01,6565,0
2014-03-28,21:00:00,13.02,13.03,12.97,13.02,12684,0
2014-03-31,16:00:00,13.07,13.13,13.07,13.08,8000,0
2014-03-31,17:00:00,13.09,13.12,13.09,13.1,3941,0
2014-03-31,18:00:00,13.1,13.12,13.09,13.12,23150,0
2014-03-31,19:00:00,13.12,13.14,13.12,13.14,9975,0
2014-03-31,20:00:00,13.15,13.15,13.13,13.13,4502,0
2014-03-31,21:00:00,13.15,13.15,13.1,13.1,8759,0
2014-03-31,22:00:00,13.1,13.13,13.09,13.1,26724,0
2014-04-01,16:00:00,13.16,13.18,13.12,13.16,27848,0
2014-04-01,17:00:00,13.18,13.18,13.15,13.18,8701,0
2014-04-01,18:00:00,13.15,13.18,13.15,13.16,6113,0
2014-04-01,19:00:00,13.16,13.18,13.15,13.17,11287,0
2014-04-01,20:00:00,13.15,13.17,13.12,13.16,13273,0
2014-04-01,21:00:00,13.14,13.17,13.14,13.16,8536,0
2014-04-01,22:00:00,13.15,13.17,13.14,13.16,25310,0
2014-04-02,16:00:00,13.18,13.19,13.15,13.18,2000,0
2014-04-02,17:00:00,13.18,13.2,13.17,13.18,14677,0
2014-04-02,18:00:00,13.17,13.2,13.17,13.17,19252,0
2014-04-02,19:00:00,13.17,13.2,13.17,13.18,8052,0
2014-04-02,20:00:00,13.18,13.19,13.17,13.17,6950,0
2014-04-02,21:00:00,13.18,13.2,13.17,13.18,12844,0
2014-04-02,22:00:00,13.2,13.2,13.18,13.18,11082,0
2014-04-03,16:00:00,13.18,13.25,13.18,13.25,16166,0
2014-04-03,17:00:00,13.25,13.27,13.19,13.19,23236,0
2014-04-03,18:00:00,13.19,13.22,13.17,13.18,6668,0
2014-04-03,19:00:00,13.18,13.19,13.17,13.17,11170,0
2014-04-03,20:00:00,13.18,13.19,13.17,13.18,4205,0
2014-04-03,21:00:00,13.18,13.21,13.17,13.19,7630,0
2014-04-03,22:00:00,13.2,13.22,13.17,13.22,13099,0
2014-04-04,16:00:00,13.23,13.3,13.23,13.29,6057,0
2014-04-04,17:00:00,13.3,13.33,13.3,13.32,2836,0
2014-04-04,18:00:00,13.28,13.3,13.22,13.25,33722,0
2014-04-04,19:00:00,13.25,13.29,13.25,13.26,9850,0
2014-04-04,20:00:00,13.26,13.26,13.23,13.23,5175,0
2014-04-04,21:00:00,13.22,13.25,13.18,13.22,32457,0
2014-04-04,22:00:00,13.22,13.22,13.16,13.16,14832,0
2014-04-07,16:00:00,13.18,13.18,13.16,13.16,1193,0
2014-04-07,17:00:00,13.18,13.19,13.15,13.17,9698,0
2014-04-07,18:00:00,13.17,13.19,13.15,13.15,3447,0
2014-04-07,19:00:00,13.17,13.17,13.09,13.09,13656,0
2014-04-07,20:00:00,13.09,13.13,13.05,13.07,10709,0
2014-04-07,21:00:00,13.05,13.07,13.05,13.07,5177,0
2014-04-07,22:00:00,13.07,13.1,13.07,13.1,18633,0
2014-04-08,16:00:00,13.07,13.14,13.07,13.11,7292,0
2014-04-08,17:00:00,13.11,13.14,13.08,13.09,36642,0
2014-04-08,18:00:00,13.09,13.11,13.08,13.11,7881,0
2014-04-08,19:00:00,13.11,13.13,13.1,13.13,2473,0
2014-04-08,20:00:00,13.12,13.12,13.09,13.09,20658,0
2014-04-08,21:00:00,13.1,13.11,13.09,13.09,3018,0
2014-04-08,22:00:00,13.11,13.15,13.1,13.15,16641,0
2014-04-09,16:00:00,13.22,13.22,13.15,13.16,13032,0
2014-04-09,17:00:00,13.18,13.18,13.11,13.16,9652,0
2014-04-09,18:00:00,13.16,13.22,13.14,13.22,32482,0
2014-04-09,19:00:00,13.22,13.24,13.19,13.23,4908,0
2014-04-09,20:00:00,13.24,13.25,13.22,13.25,6612,0
2014-04-09,21:00:00,13.24,13.32,13.24,13.31,18909,0
2014-04-09,22:00:00,13.32,13.32,13.24,13.32,27730,0
2014-04-10,16:00:00,13.36,13.36,13.23,13.23,16697,0
2014-04-10,17:00:00,13.23,13.26,13.22,13.22,20937,0
2014-04-10,18:00:00,13.22,13.22,13.19,13.19,12585,0
2014-04-10,19:00:00,13.18,13.18,13.14,13.16,17636,0
2014-04-10,20:00:00,13.18,13.2,13.16,13.2,11429,0
2014-04-10,21:00:00,13.2,13.22,13.19,13.19,15807,0
2014-04-10,22:00:00,13.21,13.21,13.18,13.2,18705,0
2014-04-11,16:00:00,13.2,13.2,13.07,13.08,9242,0
2014-04-11,17:00:00,13.08,13.08,13.05,13.08,7178,0
2014-04-11,18:00:00,13.09,13.09,13.07,13.08,3853,0
2014-04-11,19:00:00,13.09,13.09,13.08,13.08,1912,0
2014-04-11,20:00:00,13.08,13.09,13.08,13.08,4406,0
2014-04-11,21:00:00,13.08,13.09,13.05,13.08,29328,0
2014-04-11,22:00:00,13.09,13.11,13.08,13.11,5181,0
2014-04-14,16:00:00,13.22,13.22,13.13,13.16,17885,0
2014-04-14,17:00:00,13.16,13.16,13.1,13.14,12207,0
2014-04-14,18:00:00,13.15,13.18,13.11,13.13,7767,0
2014-04-14,19:00:00,13.12,13.12,13.09,13.09,6598,0
2014-04-14,20:00:00,13.09,13.13,13.09,13.11,5991,0
2014-04-14,21:00:00,13.11,13.11,13.09,13.1,5283,0
2014-04-14,22:00:00,13.1,13.14,13.05,13.13,26839,0
2014-04-15,16:00:00,13.1,13.15,13.1,13.14,4619,0
2014-04-15,17:00:00,13.13,13.15,13.08,13.09,13066,0
2014-04-15,18:00:00,13.08,13.12,13.06,13.07,3982,0
2014-04-15,19:00:00,13.06,13.08,13.05,13.05,12563,0
2014-04-15,20:00:00,13.06,13.07,13.06,13.07,1813,0
2014-04-15,21:00:00,13.07,13.08,13.05,13.08,7333,0
2014-04-15,22:00:00,13.08,13.09,13.08,13.08,4464,0
2014-04-16,16:00:00,13.18,13.18,13.12,13.12,6179,0
2014-04-16,17:00:00,13.12,13.15,13.12,13.15,7825,0
2014-04-16,18:00:00,13.13,13.19,13.13,13.19,5301,0
2014-04-16,19:00:00,13.16,13.19,13.16,13.19,8648,0
2014-04-16,20:00:00,13.2,13.22,13.19,13.22,2264,0
2014-04-16,21:00:00,13.2,13.22,13.18,13.19,5535,0
2014-04-16,22:00:00,13.19,13.24,13.16,13.24,17626,0
2014-04-17,16:00:00,13.25,13.25,13.19,13.19,3335,0
2014-04-17,17:00:00,13.2,13.25,13.19,13.25,7495,0
2014-04-17,18:00:00,13.22,13.27,13.22,13.23,11812,0
2014-04-17,19:00:00,13.22,13.23,13.21,13.22,10349,0
2014-04-17,20:00:00,13.22,13.24,13.22,13.23,12761,0
2014-04-17,21:00:00,13.23,13.24,13.23,13.23,6031,0
2014-04-17,22:00:00,13.23,13.26,13.21,13.26,8629,0
2014-04-21,16:00:00,13.18,13.22,13.17,13.17,2650,0
2014-04-21,17:00:00,13.2,13.2,13.16,13.16,5347,0
2014-04-21,18:00:00,13.16,13.19,13.15,13.17,4924,0
2014-04-21,19:00:00,13.17,13.19,13.16,13.18,6666,0
2014-04-21,20:00:00,13.18,13.18,13.18,13.18,4200,0
2014-04-21,21:00:00,13.17,13.26,13.17,13.19,6475,0
2014-04-21,22:00:00,13.19,13.24,13.17,13.21,11519,0
2014-04-22,16:00:00,13.23,13.25,13.23,13.25,2645,0
2014-04-22,17:00:00,13.23,13.26,13.23,13.24,6064,0
2014-04-22,18:00:00,13.25,13.26,13.24,13.24,3875,0
2014-04-22,19:00:00,13.24,13.26,13.24,13.25,12104,0
2014-04-22,20:00:00,13.25,13.26,13.24,13.26,17537,0
2014-04-22,21:00:00,13.26,13.31,13.24,13.25,23563,0
2014-04-22,22:00:00,13.27,13.28,13.24,13.28,14399,0
2014-04-23,16:00:00,13.3,13.33,13.27,13.29,13576,0
2014-04-23,17:00:00,13.3,13.31,13.3,13.31,1940,0
2014-04-23,18:00:00,13.29,13.33,13.29,13.3,7966,0
2014-04-23,19:00:00,13.3,13.3,13.29,13.3,11365,0
2014-04-23,20:00:00,13.3,13.34,13.3,13.3,15507,0
2014-04-23,21:00:00,13.3,13.32,13.3,13.3,7369,0
2014-04-23,22:00:00,13.3,13.35,13.3,13.34,25054,0
2014-04-24,16:00:00,13.32,13.34,13.28,13.28,12207,0
2014-04-24,17:00:00,13.29,13.3,13.28,13.28,5328,0
2014-04-24,18:00:00,13.28,13.32,13.28,13.3,7975,0
2014-04-24,19:00:00,13.31,13.32,13.31,13.32,4400,0
2014-04-24,20:00:00,13.32,13.33,13.31,13.33,6225,0
2014-04-24,21:00:00,13.32,13.33,13.3,13.32,4639,0
2014-04-24,22:00:00,13.32,13.39,13.32,13.39,23274,0
2014-04-25,16:00:00,13.33,13.37,13.33,13.37,2727,0
2014-04-25,17:00:00,13.37,13.37,13.35,13.35,4151,0
2014-04-25,18:00:00,13.33,13.35,13.33,13.35,3393,0
2014-04-25,19:00:00,13.33,13.34,13.3,13.34,11707,0
2014-04-25,20:00:00,13.34,13.34,13.33,13.34,5203,0
2014-04-25,21:00:00,13.35,13.36,13.32,13.36,10838,0
2014-04-25,22:00:00,13.36,13.39,13.36,13.38,5400,0
2014-04-28,16:00:00,13.42,13.44,13.42,13.43,5540,0
2014-04-28,17:00:00,13.43,13.46,13.42,13.45,29284,0
2014-04-28,18:00:00,13.45,13.46,13.44,13.45,12637,0
2014-04-28,19:00:00,13.45,13.47,13.45,13.47,5122,0
2014-04-28,20:00:00,13.45,13.47,13.44,13.46,11948,0
2014-04-28,21:00:00,13.46,13.48,13.45,13.48,19813,0
2014-04-28,22:00:00,13.48,13.52,13.46,13.5,29413,0
2014-04-29,16:00:00,13.5,13.57,13.5,13.57,14851,0
2014-04-29,17:00:00,13.59,13.6,13.55,13.58,3655,0
2014-04-29,18:00:00,13.6,13.6,13.57,13.58,19003,0
2014-04-29,19:00:00,13.58,13.6,13.58,13.6,5055,0
2014-04-29,20:00:00,13.6,13.63,13.59,13.59,22126,0
2014-04-29,21:00:00,13.61,13.61,13.59,13.61,7111,0
2014-04-29,22:00:00,13.6,13.62,13.6,13.62,7562,0
2014-04-30,16:00:00,13.63,13.68,13.56,13.66,14928,0
2014-04-30,17:00:00,13.65,13.66,13.63,13.65,9878,0
2014-04-30,18:00:00,13.65,13.65,13.65,13.65,3340,0
2014-04-30,19:00:00,13.64,13.67,13.64,13.66,5706,0
2014-04-30,20:00:00,13.67,13.68,13.65,13.65,6864,0
2014-04-30,21:00:00,13.66,13.68,13.66,13.67,1700,0
2014-04-30,22:00:00,13.66,13.67,13.65,13.66,19775,0
2014-05-01,16:00:00,13.71,13.75,13.7,13.75,10062,0
2014-05-01,17:00:00,13.75,13.78,13.71,13.75,15109,0
2014-05-01,18:00:00,13.77,13.78,13.7,13.73,16434,0
2014-05-01,19:00:00,13.72,13.73,13.71,13.72,1609,0
2014-05-01,20:00:00,13.73,13.73,13.7,13.7,4140,0
2014-05-01,21:00:00,13.71,13.72,13.69,13.69,3900,0
2014-05-01,22:00:00,13.68,13.69,13.65,13.69,38422,0
2014-05-02,16:00:00,13.69,13.71,13.69,13.69,4426,0
2014-05-02,17:00:00,13.69,13.69,13.62,13.62,7850,0
2014-05-02,18:00:00,13.64,13.64,13.64,13.64,2320,0
2014-05-02,19:00:00,13.65,13.67,13.65,13.67,2000,0
2014-05-02,20:00:00,13.67,13.67,13.66,13.67,4700,0
2014-05-02,21:00:00,13.67,13.67,13.65,13.65,4374,0
2014-05-02,22:00:00,13.65,13.69,13.65,13.69,6784,0
2014-05-05,16:00:00,13.72,13.72,13.66,13.66,616,0
2014-05-05,17:00:00,13.66,13.7,13.64,13.69,6446,0
2014-05-05,18:00:00,13.66,13.71,13.64,13.68,73833,0
2014-05-05,19:00:00,13.66,13.66,13.64,13.64,2474,0
2014-05-05,20:00:00,13.65,13.66,13.63,13.63,10471,0
2014-05-05,21:00:00,13.64,13.65,13.62,13.64,6724,0
2014-05-05,22:00:00,13.64,13.65,13.64,13.65,5424,0
2014-05-06,16:00:00,13.67,13.67,13.65,13.66,4390,0
2014-05-06,17:00:00,13.63,13.64,13.62,13.64,7773,0
2014-05-06,18:00:00,13.63,13.64,13.62,13.62,5527,0
2014-05-06,19:00:00,13.62,13.63,13.62,13.62,5089,0
2014-05-06,20:00:00,13.62,13.62,13.6,13.6,6090,0
2014-05-06,21:00:00,13.58,13.59,13.57,13.59,7412,0
2014-05-06,22:00:00,13.59,13.59,13.56,13.59,11101,0
2014-05-07,16:00:00,13.62,13.64,13.62,13.64,2525,0
2014-05-07,17:00:00,13.62,13.62,13.59,13.6,8299,0
2014-05-07,18:00:00,13.6,13.61,13.57,13.58,13392,0
2014-05-07,19:00:00,13.58,13.59,13.51,13.59,209745,0
2014-05-07,20:00:00,13.57,13.6,13.57,13.58,14702,0
2014-05-07,21:00:00,13.58,13.61,13.56,13.6,20204,0
2014-05-07,22:00:00,13.6,13.62,13.58,13.62,45515,0
