Date,Time,Open,High,Low,Close,Volume,OpenInt
2014-02-10,16:00:00,54.5,54.69,54.44,54.57,3800,0
2014-02-10,17:00:00,54.5,54.74,54.48,54.56,14271,0
2014-02-10,18:00:00,54.7,54.72,54.46,54.5,18665,0
2014-02-10,19:00:00,54.5,54.61,54.49,54.58,14596,0
2014-02-10,20:00:00,54.61,54.97,54.61,54.85,17530,0
2014-02-10,21:00:00,54.81,54.93,54.69,54.77,16966,0
2014-02-10,22:00:00,54.75,54.87,54.68,54.83,71104,0
2014-02-11,16:00:00,54.6,54.95,54.19,54.95,6894,0
2014-02-11,17:00:00,54.98,55.44,54.95,55.26,15910,0
2014-02-11,18:00:00,55.25,55.48,55.11,55.48,17260,0
2014-02-11,19:00:00,55.49,55.66,55.39,55.64,31234,0
2014-02-11,20:00:00,55.6,55.85,55.6,55.73,15663,0
2014-02-11,21:00:00,55.74,56.22,55.72,56.11,88341,0
2014-02-11,22:00:00,56.13,56.16,55.66,55.69,85437,0
2014-02-12,16:00:00,55.69,55.89,54.9,55.89,41842,0
2014-02-12,17:00:00,55.95,56.14,55.78,55.84,80854,0
2014-02-12,18:00:00,55.88,56.31,55.85,55.87,20600,0
2014-02-12,19:00:00,55.86,56.09,55.86,55.91,15808,0
2014-02-12,20:00:00,55.94,55.95,55.81,55.86,13161,0
2014-02-12,21:00:00,55.84,55.88,55.64,55.7,19391,0
2014-02-12,22:00:00,55.72,55.86,55.51,55.63,61835,0
2014-02-13,16:00:00,55.2,55.44,54.88,55.3,4174,0
2014-02-13,17:00:00,55.31,55.67,55.31,55.63,9714,0
2014-02-13,18:00:00,55.72,55.81,55.57,55.67,11190,0
2014-02-13,19:00:00,55.69,55.82,55.51,55.63,16478,0
2014-02-13,20:00:00,55.59,55.84,55.58,55.79,13531,0
2014-02-13,21:00:00,55.79,55.83,55.7,55.75,17509,0
2014-02-13,22:00:00,55.78,55.87,55.71,55.84,71524,0
2014-02-14,16:00:00,55.99,55.99,55.86,55.98,4895,0
2014-02-14,17:00:00,55.94,55.98,55.71,55.71,7736,0
2014-02-14,18:00:00,55.71,56,55.71,55.9,6106,0
2014-02-14,19:00:00,55.94,56,55.71,55.96,16294,0
2014-02-14,20:00:00,55.92,56.14,55.87,56.12,12687,0
2014-02-14,21:00:00,56.09,56.09,55.79,55.86,32110,0
2014-02-14,22:00:00,55.86,55.93,55.74,55.89,51338,0
2014-02-18,16:00:00,55.78,55.97,55.75,55.93,4637,0
2014-02-18,17:00:00,55.92,56.12,55.74,55.74,12262,0
2014-02-18,18:00:00,55.84,55.98,55.76,55.96,17701,0
2014-02-18,19:00:00,56,56.06,55.86,56.05,13678,0
2014-02-18,20:00:00,56.06,56.2,55.97,56.18,25138,0
2014-02-18,21:00:00,56.22,56.34,56.15,56.27,18608,0
2014-02-18,22:00:00,56.26,56.31,55.98,56.1,66556,0
2014-02-19,16:00:00,55.91,56.29,55.77,55.99,6520,0
2014-02-19,17:00:00,56,56.51,55.92,56.51,19270,0
2014-02-19,18:00:00,56.41,56.65,56.38,56.41,29795,0
2014-02-19,19:00:00,56.24,56.31,55.97,56.07,20460,0
2014-02-19,20:00:00,56.06,56.32,55.97,56.26,14294,0
2014-02-19,21:00:00,56.33,56.33,56.05,56.07,16942,0
2014-02-19,22:00:00,56,56.11,55.68,55.97,54963,0
2014-02-20,16:00:00,55.97,56.69,55.96,56.66,55908,0
2014-02-20,17:00:00,56.53,57,56.38,57,26756,0
2014-02-20,18:00:00,56.99,57.25,56,56,79240,0
2014-02-20,19:00:00,56,56.35,55.94,56.3,55090,0
2014-02-20,20:00:00,56.26,56.42,56.05,56.05,17712,0
2014-02-20,21:00:00,56.04,56.35,56.04,56.29,19841,0
2014-02-20,22:00:00,56.3,56.49,56.05,56.44,58508,0
2014-02-21,16:00:00,56.55,56.97,56.48,56.79,5709,0
2014-02-21,17:00:00,56.7,57.05,56.62,56.96,17495,0
2014-02-21,18:00:00,56.88,57.04,56.86,56.98,5522,0
2014-02-21,19:00:00,56.98,57.02,56.82,56.97,12306,0
2014-02-21,20:00:00,56.96,57.11,56.89,57.1,19468,0
2014-02-21,21:00:00,57.11,57.13,56.83,57.08,21431,0
2014-02-21,22:00:00,57.07,57.23,56.59,56.7,59513,0
2014-02-24,16:00:00,56.73,57.02,56.71,56.88,7400,0
2014-02-24,17:00:00,56.95,57.24,56.86,57.14,21822,0
2014-02-24,18:00:00,57.13,57.53,57.13,57.26,15055,0
2014-02-24,19:00:00,57.26,57.33,57.1,57.23,10238,0
2014-02-24,20:00:00,57.27,57.32,57.03,57.13,11084,0
2014-02-24,21:00:00,57.13,57.17,56.97,56.99,15950,0
2014-02-24,22:00:00,56.99,57.1,56.82,56.84,70502,0
2014-02-25,16:00:00,57.3,57.3,56.76,56.76,2500,0
2014-02-25,17:00:00,56.87,57.09,56.76,56.93,59673,0
2014-02-25,18:00:00,56.84,57,56.81,56.87,112541,0
2014-02-25,19:00:00,56.87,56.96,56.79,56.88,32112,0
2014-02-25,20:00:00,56.87,56.98,56.77,56.97,34074,0
2014-02-25,21:00:00,56.91,57,56.79,56.88,30177,0
2014-02-25,22:00:00,56.86,57.2,56.82,57.13,88421,0
2014-02-26,16:00:00,57.31,57.4,57.19,57.4,1600,0
2014-02-26,17:00:00,57.3,57.67,57.19,57.53,20763,0
2014-02-26,18:00:00,57.61,57.66,57.42,57.62,10103,0
2014-02-26,19:00:00,57.64,57.64,57.16,57.48,25381,0
2014-02-26,20:00:00,57.42,57.67,57.28,57.37,20407,0
2014-02-26,21:00:00,57.37,57.48,57.1,57.36,46674,0
2014-02-26,22:00:00,57.37,57.49,57.14,57.24,45383,0
2014-02-27,16:00:00,56.67,57.59,56.67,57.25,4142,0
2014-02-27,17:00:00,57.41,57.41,56.91,57.05,15250,0
2014-02-27,18:00:00,56.99,57.15,56.85,57.01,37947,0
2014-02-27,19:00:00,56.99,57.25,56.95,57.11,17706,0
2014-02-27,20:00:00,57.08,57.23,57.05,57.05,17352,0
2014-02-27,21:00:00,57.06,57.06,56.83,56.86,23657,0
2014-02-27,22:00:00,56.82,57,56.7,56.95,125257,0
2014-02-28,16:00:00,57.08,57.99,57.08,57.56,4105,0
2014-02-28,17:00:00,57.63,57.84,57.52,57.74,33414,0
2014-02-28,18:00:00,57.73,57.85,57.46,57.85,11325,0
2014-02-28,19:00:00,57.72,58,57.71,57.92,19153,0
2014-02-28,20:00:00,57.86,58,57.61,57.91,23174,0
2014-02-28,21:00:00,57.86,57.97,57.74,57.74,24900,0
2014-02-28,22:00:00,57.77,58.18,57.59,58.03,365552,0
2014-03-03,16:00:00,57.94,57.94,57.35,57.49,13866,0
2014-03-03,17:00:00,57.5,57.63,56.98,57.04,37699,0
2014-03-03,18:00:00,57.05,57.29,56.74,56.94,48443,0
2014-03-03,19:00:00,56.84,57.19,56.75,57.16,26824,0
2014-03-03,20:00:00,57.32,57.5,57.18,57.49,13702,0
2014-03-03,21:00:00,57.51,57.54,57.22,57.36,19479,0
2014-03-03,22:00:00,57.35,57.36,56.97,57.08,53973,0
2014-03-04,16:00:00,57.5,57.77,57.02,57.77,16469,0
2014-03-04,17:00:00,57.7,57.87,57.46,57.52,33421,0
2014-03-04,18:00:00,57.55,57.55,57.35,57.42,22854,0
2014-03-04,19:00:00,57.44,57.5,57.36,57.42,14726,0
2014-03-04,20:00:00,57.41,57.47,57.1,57.12,24906,0
2014-03-04,21:00:00,57.14,57.39,56.94,57.25,71876,0
2014-03-04,22:00:00,57.36,57.36,56.98,57.15,192487,0
2014-03-05,16:00:00,57.15,57.3,56.97,56.97,8601,0
2014-03-05,17:00:00,57.01,57.24,56.98,57.12,122487,0
2014-03-05,18:00:00,57.1,57.26,57.03,57.14,67359,0
2014-03-05,19:00:00,57.17,57.29,57.08,57.2,80757,0
2014-03-05,20:00:00,57.21,57.33,57.14,57.23,45980,0
2014-03-05,21:00:00,57.24,57.28,57.07,57.15,55694,0
2014-03-05,22:00:00,57.15,57.17,57.08,57.13,135419,0
2014-03-06,16:00:00,57.06,57.36,57.06,57.26,31392,0
2014-03-06,17:00:00,57.29,57.37,57.12,57.15,33149,0
2014-03-06,18:00:00,57.2,57.3,57.1,57.23,88418,0
2014-03-06,19:00:00,57.27,57.3,57.18,57.26,30669,0
2014-03-06,20:00:00,57.28,57.3,57.18,57.26,22095,0
2014-03-06,21:00:00,57.26,57.6,57.25,57.45,48758,0
2014-03-06,22:00:00,57.43,57.43,57.22,57.3,145486,0
2014-03-07,16:00:00,57.5,57.57,57.32,57.32,7212,0
2014-03-07,17:00:00,57.29,57.51,57.29,57.41,10845,0
2014-03-07,18:00:00,57.35,57.65,57.14,57.5,46876,0
2014-03-07,19:00:00,57.46,57.54,57.36,57.44,14290,0
2014-03-07,20:00:00,57.47,57.57,57.4,57.51,13405,0
2014-03-07,21:00:00,57.49,57.52,57.28,57.45,18128,0
2014-03-07,22:00:00,57.5,57.51,57.19,57.42,64160,0
2014-03-10,15:00:00,57.25,57.72,57.17,57.2,18720,0
2014-03-10,16:00:00,57.17,57.43,57.09,57.2,18014,0
2014-03-10,17:00:00,57.17,57.41,57.17,57.34,21299,0
2014-03-10,18:00:00,57.27,57.47,57.18,57.4,34713,0
2014-03-10,19:00:00,57.48,57.63,57.37,57.4,22586,0
2014-03-10,20:00:00,57.4,57.55,57.36,57.37,17518,0
2014-03-10,21:00:00,57.39,57.67,57.27,57.48,144418,0
2014-03-11,15:00:00,58,58.23,57.3,58.18,37566,0
2014-03-11,16:00:00,58.17,58.28,57.79,57.88,122779,0
2014-03-11,17:00:00,57.99,58.01,57.25,57.34,41587,0
2014-03-11,18:00:00,57.37,57.69,57.37,57.67,30498,0
2014-03-11,19:00:00,57.63,57.78,57.29,57.46,15842,0
2014-03-11,20:00:00,57.46,58.11,57.46,58.07,81266,0
2014-03-11,21:00:00,58.05,58.05,57.55,57.63,128217,0
2014-03-12,15:00:00,57.16,57.65,57.16,57.63,18019,0
2014-03-12,16:00:00,57.63,58.27,57.63,58.1,85481,0
2014-03-12,17:00:00,58.09,58.25,57.95,58.08,129420,0
2014-03-12,18:00:00,58.05,58.15,57.85,58,72470,0
2014-03-12,19:00:00,58.1,58.29,57.85,58.25,98649,0
2014-03-12,20:00:00,58.24,58.26,57.98,58.2,39627,0
2014-03-12,21:00:00,58.2,58.68,58.15,58.62,225854,0
2014-03-13,15:00:00,58.65,58.99,58.58,58.76,34894,0
2014-03-13,16:00:00,58.81,58.87,58.35,58.43,72543,0
2014-03-13,17:00:00,58.43,58.63,58.31,58.63,28714,0
2014-03-13,18:00:00,58.64,58.64,58.2,58.3,30702,0
2014-03-13,19:00:00,58.33,58.33,57.92,58.02,30558,0
2014-03-13,20:00:00,58.05,58.05,57.85,57.86,33277,0
2014-03-13,21:00:00,57.83,57.85,57.64,57.76,103565,0
2014-03-14,15:00:00,57.48,58.5,56.61,57.77,49512,0
2014-03-14,16:00:00,57.76,57.95,57.49,57.74,59916,0
2014-03-14,17:00:00,57.73,57.78,56.6,57.18,60034,0
2014-03-14,18:00:00,57.25,57.43,56.99,57.19,64838,0
2014-03-14,19:00:00,57.17,57.33,57,57.11,37151,0
2014-03-14,20:00:00,57.03,57.27,56.85,56.85,47543,0
2014-03-14,21:00:00,56.91,57.02,56.77,56.93,73790,0
2014-03-17,15:00:00,57.24,57.42,57.07,57.26,16670,0
2014-03-17,16:00:00,57.45,57.59,56.72,56.75,70903,0
2014-03-17,17:00:00,56.75,57,56.7,57,35386,0
2014-03-17,18:00:00,57.03,57.21,56.94,57.08,21480,0
2014-03-17,19:00:00,57.03,57.17,57,57.02,22154,0
2014-03-17,20:00:00,56.94,57.17,56.94,57.06,32066,0
2014-03-17,21:00:00,57.05,57.18,56.85,57,119093,0
2014-03-18,15:00:00,56.77,57.48,56.77,57.37,5569,0
2014-03-18,16:00:00,57.39,57.57,57.25,57.25,16247,0
2014-03-18,17:00:00,57.24,57.57,57.21,57.45,15993,0
2014-03-18,18:00:00,57.52,57.52,57.21,57.28,13718,0
2014-03-18,19:00:00,57.34,57.38,57.05,57.23,18249,0
2014-03-18,20:00:00,57.22,57.24,56.97,56.99,49586,0
2014-03-18,21:00:00,57.02,57.25,56.99,57.2,111346,0
2014-03-19,15:00:00,57.48,57.52,57.23,57.4,29700,0
2014-03-19,16:00:00,57.26,57.46,57.23,57.39,40108,0
2014-03-19,17:00:00,57.4,57.47,57.27,57.27,13961,0
2014-03-19,18:00:00,57.3,57.39,57.24,57.28,11410,0
2014-03-19,19:00:00,57.2,57.39,57.2,57.34,7182,0
2014-03-19,20:00:00,57.31,57.31,57.03,57.1,15900,0
2014-03-19,21:00:00,57.13,57.29,56.87,57.07,72304,0
2014-03-20,15:00:00,57.11,57.39,56.39,56.52,21648,0
2014-03-20,16:00:00,56.5,57.07,56.43,56.71,68326,0
2014-03-20,17:00:00,56.75,56.75,56.57,56.59,10518,0
2014-03-20,18:00:00,56.65,56.74,56.54,56.72,30354,0
2014-03-20,19:00:00,56.71,56.79,56.68,56.75,24713,0
2014-03-20,20:00:00,56.73,56.83,56.62,56.62,55064,0
2014-03-20,21:00:00,56.66,56.71,56.53,56.63,53407,0
2014-03-21,15:00:00,56.55,56.95,56.55,56.82,16291,0
2014-03-21,16:00:00,56.76,57.01,56.76,56.92,42543,0
2014-03-21,17:00:00,56.95,57,56.86,56.94,33984,0
2014-03-21,18:00:00,56.94,56.95,56.87,56.87,17132,0
2014-03-21,19:00:00,56.88,56.9,56.42,56.5,17043,0
2014-03-21,20:00:00,56.5,56.64,56.38,56.61,28288,0
2014-03-21,21:00:00,56.6,56.74,56.53,56.74,242906,0
2014-03-24,15:00:00,56.96,56.99,56.74,56.92,16745,0
2014-03-24,16:00:00,56.79,56.87,56.12,56.47,28489,0
2014-03-24,17:00:00,56.45,56.45,55.95,56.04,30972,0
2014-03-24,18:00:00,55.93,56.06,55.87,55.94,16154,0
2014-03-24,19:00:00,55.96,56.14,55.92,56.11,21448,0
2014-03-24,20:00:00,56.15,56.15,55.86,55.97,26661,0
2014-03-24,21:00:00,55.97,56.12,55.87,56.01,55908,0
2014-03-25,15:00:00,56.32,56.39,56.13,56.21,32103,0
2014-03-25,16:00:00,56.15,56.37,56.03,56.03,83045,0
2014-03-25,17:00:00,56.12,56.32,55.62,55.62,88743,0
2014-03-25,18:00:00,55.66,55.95,55.57,55.85,57131,0
2014-03-25,19:00:00,55.84,56.18,55.84,56.18,33900,0
2014-03-25,20:00:00,56.17,56.3,56.09,56.22,14057,0
2014-03-25,21:00:00,56.2,56.37,56.14,56.28,60816,0
2014-03-26,15:00:00,56.51,56.6,56.19,56.33,9210,0
2014-03-26,16:00:00,56.16,56.55,56.09,56.19,27401,0
2014-03-26,17:00:00,56.22,56.3,55.87,56.2,34219,0
2014-03-26,18:00:00,56.11,56.3,55.99,56.17,18642,0
2014-03-26,19:00:00,56.26,56.39,56.1,56.18,16669,0
2014-03-26,20:00:00,56.14,56.3,56.01,56.2,24498,0
2014-03-26,21:00:00,56.26,56.4,56.06,56.22,32733,0
2014-03-27,15:00:00,56.36,56.44,56.03,56.21,38800,0
2014-03-27,16:00:00,56.09,56.44,56.05,56.43,64041,0
2014-03-27,17:00:00,56.44,56.49,55.97,56.39,18193,0
2014-03-27,18:00:00,56.38,56.5,56.12,56.27,64386,0
2014-03-27,19:00:00,56.38,56.54,56.28,56.4,52723,0
2014-03-27,20:00:00,56.42,56.53,56.26,56.41,32062,0
2014-03-27,21:00:00,56.4,56.59,56.35,56.5,110116,0
2014-03-28,15:00:00,56.82,56.96,56.78,56.96,12647,0
2014-03-28,16:00:00,57,57.49,56.97,57.47,28063,0
2014-03-28,17:00:00,57.47,57.55,57.11,57.2,22973,0
2014-03-28,18:00:00,57.22,57.42,57.15,57.19,14270,0
2014-03-28,19:00:00,57.21,57.31,57.08,57.09,17733,0
2014-03-28,20:00:00,57.1,57.1,56.73,56.82,26478,0
2014-03-28,21:00:00,56.91,57.12,56.86,57.05,69963,0
2014-03-31,16:00:00,57.05,57.48,57.05,57.4,8021,0
2014-03-31,17:00:00,57.34,57.89,57.34,57.8,20985,0
2014-03-31,18:00:00,57.71,58.02,57.5,57.5,40325,0
2014-03-31,19:00:00,57.47,57.93,57.47,57.7,40003,0
2014-03-31,20:00:00,57.7,57.82,57.56,57.73,33029,0
2014-03-31,21:00:00,57.75,57.93,57.68,57.85,29667,0
2014-03-31,22:00:00,57.81,57.92,57.64,57.64,177509,0
2014-04-01,16:00:00,57.36,57.89,57.34,57.81,30825,0
2014-04-01,17:00:00,57.89,58.16,57.87,58.01,58694,0
2014-04-01,18:00:00,58.03,58.07,57.91,57.91,26594,0
2014-04-01,19:00:00,57.89,58.16,57.87,58.11,30139,0
2014-04-01,20:00:00,58.17,58.2,57.97,58.05,32852,0
2014-04-01,21:00:00,58.1,58.33,57.98,58.09,34720,0
2014-04-01,22:00:00,58.08,58.4,58.05,58.29,156821,0
2014-04-02,16:00:00,58.47,58.63,58.04,58.5,63299,0
2014-04-02,17:00:00,58.44,58.79,58.44,58.69,89834,0
2014-04-02,18:00:00,58.69,59,58.69,58.99,34690,0
2014-04-02,19:00:00,58.99,58.99,58.61,58.71,29958,0
2014-04-02,20:00:00,58.68,58.78,58.54,58.54,37048,0
2014-04-02,21:00:00,58.54,58.6,58.3,58.52,34011,0
2014-04-02,22:00:00,58.52,58.86,58.24,58.83,57886,0
2014-04-03,16:00:00,59,59,58.77,58.84,23645,0
2014-04-03,17:00:00,58.92,58.92,58.64,58.72,29829,0
2014-04-03,18:00:00,58.68,58.8,58.61,58.72,22017,0
2014-04-03,19:00:00,58.72,58.82,58.44,58.54,19603,0
2014-04-03,20:00:00,58.53,58.58,58.22,58.22,20301,0
2014-04-03,21:00:00,58.25,58.29,57.95,58.13,32259,0
2014-04-03,22:00:00,58.13,58.25,58.02,58.05,68390,0
2014-04-04,16:00:00,58.49,58.7,58.23,58.37,11060,0
2014-04-04,17:00:00,58.36,58.86,58.3,58.56,24428,0
2014-04-04,18:00:00,58.55,58.55,57.69,57.79,36592,0
2014-04-04,19:00:00,57.69,57.76,57.34,57.42,34459,0
2014-04-04,20:00:00,57.45,57.75,57.28,57.44,23114,0
2014-04-04,21:00:00,57.37,57.53,57.16,57.37,32599,0
2014-04-04,22:00:00,57.37,57.68,57.18,57.51,98235,0
2014-04-07,16:00:00,57.27,57.39,56.83,57.19,19468,0
2014-04-07,17:00:00,57.14,57.41,56.94,57.26,54655,0
2014-04-07,18:00:00,57.26,57.34,56.87,57.18,66672,0
2014-04-07,19:00:00,57.17,57.25,56.42,56.89,150199,0
2014-04-07,20:00:00,56.81,57.24,56.47,57.05,79539,0
2014-04-07,21:00:00,57.12,57.59,56.83,57.45,28600,0
2014-04-07,22:00:00,57.51,57.9,57.14,57.57,159003,0
2014-04-08,16:00:00,57.43,57.73,57.32,57.47,29031,0
2014-04-08,17:00:00,57.4,57.77,57.24,57.51,56348,0
2014-04-08,18:00:00,57.63,58,57.54,57.72,55533,0
2014-04-08,19:00:00,57.72,57.97,57.66,57.7,148891,0
2014-04-08,20:00:00,57.64,57.99,57.63,57.99,75315,0
2014-04-08,21:00:00,57.95,58,57.72,57.99,28307,0
2014-04-08,22:00:00,57.91,58,57.76,57.84,79346,0
2014-04-09,16:00:00,56.85,57.25,56.85,56.9,39110,0
2014-04-09,17:00:00,56.89,56.89,56.16,56.16,61562,0
2014-04-09,18:00:00,56.11,56.5,56.05,56.31,61953,0
2014-04-09,19:00:00,56.33,56.58,56.27,56.53,20748,0
2014-04-09,20:00:00,56.43,56.78,56.3,56.52,184669,0
2014-04-09,21:00:00,56.51,56.67,56.38,56.54,73192,0
2014-04-09,22:00:00,56.43,56.63,56.26,56.51,86528,0
2014-04-10,16:00:00,56.42,56.7,56.23,56.23,48260,0
2014-04-10,17:00:00,56.32,56.5,56.15,56.15,85167,0
2014-04-10,18:00:00,56.14,56.36,56,56.19,20708,0
2014-04-10,19:00:00,56.23,56.24,55.87,56.05,39106,0
2014-04-10,20:00:00,56.03,56.24,55.81,56.01,20698,0
2014-04-10,21:00:00,56,56.26,55.89,55.98,31929,0
2014-04-10,22:00:00,55.94,56.1,55.73,55.87,104690,0
2014-04-11,16:00:00,56.21,56.21,55.2,55.87,17262,0
2014-04-11,17:00:00,55.68,55.74,55.4,55.72,111068,0
2014-04-11,18:00:00,55.7,55.72,55.08,55.09,21624,0
2014-04-11,19:00:00,55.21,55.25,54.84,54.85,28637,0
2014-04-11,20:00:00,54.86,54.86,54.52,54.52,25261,0
2014-04-11,21:00:00,54.53,54.64,54.03,54.16,46561,0
2014-04-11,22:00:00,54.21,54.22,53.78,53.89,151499,0
2014-04-14,16:00:00,54.4,55.17,54.19,55.17,47612,0
2014-04-14,17:00:00,55.07,55.74,55.01,55.64,84311,0
2014-04-14,18:00:00,55.63,55.64,55.15,55.21,49061,0
2014-04-14,19:00:00,55.22,55.34,55.06,55.23,75402,0
2014-04-14,20:00:00,55.22,55.36,54.98,55.34,34295,0
2014-04-14,21:00:00,55.28,55.44,55.09,55.1,53261,0
2014-04-14,22:00:00,55.08,55.09,54.79,54.81,158482,0
2014-04-15,16:00:00,54.91,55.36,54.85,55.25,35903,0
2014-04-15,17:00:00,55.3,55.36,54.79,54.85,61480,0
2014-04-15,18:00:00,54.86,55.3,54.76,54.87,57120,0
2014-04-15,19:00:00,54.86,54.87,54.68,54.76,30186,0
2014-04-15,20:00:00,54.76,55.31,54.69,55.31,60976,0
2014-04-15,21:00:00,55.34,55.56,55.15,55.37,38324,0
2014-04-15,22:00:00,55.39,55.67,55.36,55.51,109916,0
2014-04-16,16:00:00,56.04,56.34,56.04,56.34,18500,0
2014-04-16,17:00:00,56.31,56.38,56.1,56.12,47250,0
2014-04-16,18:00:00,56.11,56.64,56.1,56.54,39325,0
2014-04-16,19:00:00,56.55,57.03,56.55,56.94,104870,0
2014-04-16,20:00:00,56.95,57.29,56.89,57.04,59273,0
2014-04-16,21:00:00,57.06,57.1,56.73,56.91,39842,0
2014-04-16,22:00:00,56.93,56.99,56.43,56.56,115390,0
2014-04-17,16:00:00,56.64,56.68,55.76,56.49,23178,0
2014-04-17,17:00:00,56.5,56.63,56.4,56.49,28181,0
2014-04-17,18:00:00,56.47,56.59,56.31,56.38,23800,0
2014-04-17,19:00:00,56.31,56.37,56.15,56.33,29242,0
2014-04-17,20:00:00,56.34,56.42,56.23,56.39,26758,0
2014-04-17,21:00:00,56.42,56.43,56.14,56.27,188773,0
2014-04-17,22:00:00,56.26,56.68,56.18,56.3,717278,0
2014-04-21,16:00:00,56.38,56.38,55.23,56.17,46696,0
2014-04-21,17:00:00,56.19,56.22,55.83,56.05,45316,0
2014-04-21,18:00:00,56.06,56.42,56.03,56.35,15654,0
2014-04-21,19:00:00,56.31,56.57,56.3,56.54,30395,0
2014-04-21,20:00:00,56.53,56.65,56.44,56.46,11416,0
2014-04-21,21:00:00,56.45,56.57,56.39,56.54,21199,0
2014-04-21,22:00:00,56.54,56.66,56.39,56.57,66872,0
2014-04-22,16:00:00,56.57,57.02,56.57,56.87,62202,0
2014-04-22,17:00:00,56.77,56.96,56.72,56.9,84815,0
2014-04-22,18:00:00,56.94,57.2,56.89,57.1,28588,0
2014-04-22,19:00:00,57.15,57.49,57.15,57.41,21398,0
2014-04-22,20:00:00,57.41,57.59,57.3,57.43,12784,0
2014-04-22,21:00:00,57.39,57.56,57.34,57.42,16575,0
2014-04-22,22:00:00,57.4,57.48,57.16,57.27,114998,0
2014-04-23,16:00:00,57.36,57.49,57.2,57.32,12594,0
2014-04-23,17:00:00,57.32,57.71,57.27,57.63,18216,0
2014-04-23,18:00:00,57.54,57.68,57.46,57.68,21343,0
2014-04-23,19:00:00,57.63,57.67,57.45,57.61,13943,0
2014-04-23,20:00:00,57.61,57.7,57.56,57.6,13217,0
2014-04-23,21:00:00,57.59,57.74,57.52,57.74,28727,0
2014-04-23,22:00:00,57.73,57.78,57.44,57.46,80116,0
2014-04-24,16:00:00,57.97,57.97,57.12,57.36,10800,0
2014-04-24,17:00:00,57.26,57.55,57.08,57.34,11764,0
2014-04-24,18:00:00,57.34,57.81,57.32,57.56,16198,0
2014-04-24,19:00:00,57.61,57.75,57.57,57.6,22100,0
2014-04-24,20:00:00,57.6,57.63,57.18,57.28,13208,0
2014-04-24,21:00:00,57.29,57.57,57.26,57.35,22365,0
2014-04-24,22:00:00,57.41,57.55,57.31,57.38,86922,0
2014-04-25,16:00:00,57.31,57.38,57.11,57.15,9662,0
2014-04-25,17:00:00,57.15,57.36,57,57.26,17623,0
2014-04-25,18:00:00,57.21,57.37,57.04,57.24,11475,0
2014-04-25,19:00:00,57.23,57.28,57.11,57.22,7441,0
2014-04-25,20:00:00,57.18,57.22,57,57.02,13098,0
2014-04-25,21:00:00,57.03,57.13,56.97,57.08,18163,0
2014-04-25,22:00:00,57.04,57.15,56.93,57.01,37675,0
2014-04-28,16:00:00,56.88,57.18,56.77,57.18,17623,0
2014-04-28,17:00:00,57.47,57.71,57.1,57.45,12104,0
2014-04-28,18:00:00,57.42,57.51,56.78,56.78,16691,0
2014-04-28,19:00:00,56.87,56.91,56.54,56.74,23480,0
2014-04-28,20:00:00,56.67,56.7,56.34,56.53,25850,0
2014-04-28,21:00:00,56.48,56.87,56.43,56.61,20283,0
2014-04-28,22:00:00,56.61,57.06,56.61,56.95,78417,0
2014-04-29,16:00:00,57.91,57.91,56.94,57.28,8900,0
2014-04-29,17:00:00,57.44,57.68,57.23,57.54,17114,0
2014-04-29,18:00:00,57.58,57.7,57.48,57.55,17853,0
2014-04-29,19:00:00,57.6,57.81,57.52,57.63,29600,0
2014-04-29,20:00:00,57.63,57.84,57.56,57.84,31767,0
2014-04-29,21:00:00,57.83,57.92,57.67,57.74,27357,0
2014-04-29,22:00:00,57.78,57.84,57.49,57.63,81589,0
2014-04-30,16:00:00,57.31,57.5,56.95,56.95,22898,0
2014-04-30,17:00:00,56.95,57.58,56.73,57.43,50611,0
2014-04-30,18:00:00,57.42,57.5,56.99,57.33,12058,0
2014-04-30,19:00:00,57.37,57.56,57.22,57.5,7100,0
2014-04-30,20:00:00,57.51,57.55,57.36,57.49,11652,0
2014-04-30,21:00:00,57.41,57.78,57.32,57.68,19068,0
2014-04-30,22:00:00,57.6,57.67,57.39,57.46,164929,0
2014-05-01,16:00:00,57.32,57.35,56.87,57.17,53943,0
2014-05-01,17:00:00,57.11,57.19,56.82,57.01,23767,0
2014-05-01,18:00:00,57,57.7,57,57.57,16317,0
2014-05-01,19:00:00,57.56,57.82,57.56,57.8,12793,0
2014-05-01,20:00:00,57.79,57.81,57.28,57.31,12412,0
2014-05-01,21:00:00,57.35,57.44,57.2,57.27,16060,0
2014-05-01,22:00:00,57.17,57.31,56.98,57.13,55310,0
2014-05-02,16:00:00,57.14,57.2,56.9,57.15,3505,0
2014-05-02,17:00:00,57.32,57.47,56.96,56.96,25287,0
2014-05-02,18:00:00,57.03,57.14,56.86,56.96,12300,0
2014-05-02,19:00:00,56.95,57.17,56.91,56.94,5435,0
2014-05-02,20:00:00,56.98,57.02,56.78,56.92,10290,0
2014-05-02,21:00:00,56.87,57.11,56.66,57,16834,0
2014-05-02,22:00:00,57,57.03,56.7,56.82,68749,0
2014-05-05,16:00:00,56.54,56.59,56.29,56.53,8482,0
2014-05-05,17:00:00,56.6,57.05,56.56,56.9,23410,0
2014-05-05,18:00:00,56.9,57.01,56.82,56.96,15042,0
2014-05-05,19:00:00,57.01,57.06,56.8,56.9,22768,0
2014-05-05,20:00:00,56.86,56.99,56.8,56.93,11464,0
2014-05-05,21:00:00,56.92,57.08,56.86,57.03,11312,0
2014-05-05,22:00:00,57.07,57.07,56.84,56.85,55341,0
2014-05-06,16:00:00,56.9,56.9,56.41,56.57,4906,0
2014-05-06,17:00:00,56.65,56.87,56.36,56.61,30603,0
2014-05-06,18:00:00,56.59,56.59,56.35,56.59,9920,0
2014-05-06,19:00:00,56.51,56.54,56.41,56.46,12067,0
2014-05-06,20:00:00,56.43,56.51,56.3,56.33,15519,0
2014-05-06,21:00:00,56.33,56.35,56.03,56.35,22537,0
2014-05-06,22:00:00,56.25,56.41,56.07,56.11,120657,0
2014-05-07,16:00:00,56.26,56.55,56.15,56.28,7000,0
2014-05-07,17:00:00,56.31,56.32,55.73,56.04,20506,0
2014-05-07,18:00:00,55.96,56.16,55.63,56.16,23924,0
2014-05-07,19:00:00,56.02,56.18,55.93,55.98,18805,0
2014-05-07,20:00:00,56.01,56.12,55.91,56,18168,0
2014-05-07,21:00:00,55.98,55.99,55.73,55.9,28701,0
2014-05-07,22:00:00,55.93,55.93,55.35,55.51,177538,0
