Date,Time,Open,High,Low,Close,Volume,OpenInt
2014-02-10,16:00:00,36.0688,36.2281,35.9693,36.0887,242851,0
2014-02-10,17:00:00,36.0887,36.2082,35.9693,35.9991,415929,0
2014-02-10,18:00:00,35.9892,36.0987,35.9494,36.0887,330974,0
2014-02-10,19:00:00,36.0987,36.0987,36.0091,36.029,284582,0
2014-02-10,20:00:00,36.029,36.1087,36.0191,36.0887,252464,0
2014-02-10,21:00:00,36.0887,36.1286,36.0688,36.0987,351613,0
2014-02-10,22:00:00,36.0987,36.0987,35.9693,36.029,1009450,0
2014-02-11,16:00:00,35.8896,35.9991,35.8199,35.8399,226732,0
2014-02-11,17:00:00,35.8498,35.9792,35.8399,35.9693,721803,0
2014-02-11,18:00:00,35.9693,36.3376,35.9295,36.3078,753479,0
2014-02-11,19:00:00,36.3078,36.3575,36.1883,36.3476,409890,0
2014-02-11,20:00:00,36.3476,36.5865,36.3476,36.5467,317571,0
2014-02-11,21:00:00,36.5467,36.7657,36.5069,36.7657,533364,0
2014-02-11,22:00:00,36.7657,36.925,36.7259,36.925,2057919,0
2014-02-12,16:00:00,36.9,37.17,36.87,37.13,271008,0
2014-02-12,17:00:00,37.14,37.17,36.8,36.89,515715,0
2014-02-12,18:00:00,36.88,37.09,36.88,36.94,382907,0
2014-02-12,19:00:00,36.95,36.96,36.82,36.91,245624,0
2014-02-12,20:00:00,36.92,37.04,36.89,36.97,225498,0
2014-02-12,21:00:00,36.98,37.02,36.87,36.95,271738,0
2014-02-12,22:00:00,36.95,37,36.86,36.93,933975,0
2014-02-13,16:00:00,36.56,36.68,36.37,36.51,645889,0
2014-02-13,17:00:00,36.5,36.9,36.48,36.87,315724,0
2014-02-13,18:00:00,36.88,36.98,36.8,36.97,241964,0
2014-02-13,19:00:00,36.97,37.07,36.92,37.04,266194,0
2014-02-13,20:00:00,37.04,37.14,37,37.11,267952,0
2014-02-13,21:00:00,37.11,37.17,37.03,37.09,280616,0
2014-02-13,22:00:00,37.09,37.15,37.04,37.09,866611,0
2014-02-14,16:00:00,37.1,37.26,37.01,37.25,101677,0
2014-02-14,17:00:00,37.26,37.49,37.25,37.38,374721,0
2014-02-14,18:00:00,37.38,37.49,37.38,37.42,233928,0
2014-02-14,19:00:00,37.42,37.55,37.4,37.5,305554,0
2014-02-14,20:00:00,37.49,37.51,37.4,37.49,305175,0
2014-02-14,21:00:00,37.49,37.59,37.47,37.51,345995,0
2014-02-14,22:00:00,37.51,37.52,37.35,37.38,1350463,0
2014-02-18,16:00:00,37.63,37.64,37.28,37.33,1006863,0
2014-02-18,17:00:00,37.32,37.52,37.24,37.48,449114,0
2014-02-18,18:00:00,37.48,37.58,37.45,37.45,347265,0
2014-02-18,19:00:00,37.45,37.45,37.35,37.38,172756,0
2014-02-18,20:00:00,37.38,37.38,37.28,37.34,237044,0
2014-02-18,21:00:00,37.35,37.5,37.27,37.5,394320,0
2014-02-18,22:00:00,37.49,37.63,37.49,37.6,1369982,0
2014-02-19,16:00:00,37.55,37.85,37.41,37.84,259173,0
2014-02-19,17:00:00,37.85,38.24,37.78,38.2,796310,0
2014-02-19,18:00:00,38.19,38.34,38.14,38.3,516535,0
2014-02-19,19:00:00,38.3,38.42,38.29,38.42,551083,0
2014-02-19,20:00:00,38.42,38.65,38.41,38.56,589804,0
2014-02-19,21:00:00,38.56,38.89,38.53,38.78,823230,0
2014-02-19,22:00:00,38.78,38.81,38.58,38.77,2162403,0
2014-02-20,16:00:00,38.75,39.15,38.73,39,601617,0
2014-02-20,17:00:00,39,39.57,38.95,39.45,1380421,0
2014-02-20,18:00:00,39.45,39.52,39.12,39.2,803811,0
2014-02-20,19:00:00,39.2,39.27,39.17,39.2,450170,0
2014-02-20,20:00:00,39.21,39.34,39.05,39.07,641031,0
2014-02-20,21:00:00,39.07,39.17,39.03,39.16,558978,0
2014-02-20,22:00:00,39.16,39.31,39.15,39.28,1554411,0
2014-02-21,16:00:00,39.23,39.32,38.95,38.95,286786,0
2014-02-21,17:00:00,38.95,39.18,38.94,39.16,601925,0
2014-02-21,18:00:00,39.16,39.2,39.08,39.14,409347,0
2014-02-21,19:00:00,39.13,39.51,39.13,39.49,474986,0
2014-02-21,20:00:00,39.48,39.64,39.41,39.55,995410,0
2014-02-21,21:00:00,39.55,39.58,39.35,39.47,440413,0
2014-02-21,22:00:00,39.46,39.62,39.43,39.6,1364009,0
2014-02-24,16:00:00,39.64,40,39.64,39.97,380374,0
2014-02-24,17:00:00,39.97,39.99,39.79,39.83,416433,0
2014-02-24,18:00:00,39.83,40,39.8,39.96,360421,0
2014-02-24,19:00:00,39.97,40.1,39.9,39.95,297304,0
2014-02-24,20:00:00,39.95,39.97,39.86,39.87,337025,0
2014-02-24,21:00:00,39.86,40.1,39.85,40.05,591878,0
2014-02-24,22:00:00,40.04,40.05,39.78,39.78,2240978,0
2014-02-25,16:00:00,39.72,39.84,39.5,39.5,215473,0
2014-02-25,17:00:00,39.51,39.81,39.47,39.74,528868,0
2014-02-25,18:00:00,39.74,39.9,39.6,39.73,589764,0
2014-02-25,19:00:00,39.73,39.82,39.7,39.78,252808,0
2014-02-25,20:00:00,39.77,39.96,39.74,39.83,402756,0
2014-02-25,21:00:00,39.83,39.86,39.7,39.72,352123,0
2014-02-25,22:00:00,39.72,39.74,39.55,39.65,2036673,0
2014-02-26,16:00:00,39.81,39.98,39.65,39.78,303524,0
2014-02-26,17:00:00,39.78,39.91,39.72,39.89,732089,0
2014-02-26,18:00:00,39.89,40.17,39.88,40.14,698372,0
2014-02-26,19:00:00,40.15,40.3,40.12,40.28,544191,0
2014-02-26,20:00:00,40.27,40.28,40.11,40.13,418772,0
2014-02-26,21:00:00,40.13,40.15,39.91,40.05,500563,0
2014-02-26,22:00:00,40.05,40.12,39.97,40.03,1136828,0
2014-02-27,16:00:00,40.03,40.28,40.01,40.05,180176,0
2014-02-27,17:00:00,40.06,40.19,39.96,40.09,225229,0
2014-02-27,18:00:00,40.1,40.35,40.05,40.28,177772,0
2014-02-27,19:00:00,40.28,40.32,40.11,40.21,175831,0
2014-02-27,20:00:00,40.2,40.21,40.12,40.13,174312,0
2014-02-27,21:00:00,40.14,40.16,40.08,40.1,257519,0
2014-02-27,22:00:00,40.1,40.19,40.07,40.14,1083606,0
2014-02-28,16:00:00,40.18,40.68,40.14,40.67,839644,0
2014-02-28,17:00:00,40.67,41.26,40.67,41.17,976884,0
2014-02-28,18:00:00,41.17,41.38,41.15,41.3,552407,0
2014-02-28,19:00:00,41.3,41.32,41.13,41.28,384256,0
2014-02-28,20:00:00,41.28,41.48,41.24,41.33,463822,0
2014-02-28,21:00:00,41.33,41.44,41.26,41.4,932293,0
2014-02-28,22:00:00,41.4,41.96,41.39,41.94,6997337,0
2014-03-03,16:00:00,41.66,41.82,41.2,41.61,948414,0
2014-03-03,17:00:00,41.59,41.7,41.45,41.62,828142,0
2014-03-03,18:00:00,41.63,41.64,41.33,41.34,636407,0
2014-03-03,19:00:00,41.34,41.63,41.25,41.62,372040,0
2014-03-03,20:00:00,41.62,42.32,41.62,42.17,2203151,0
2014-03-03,21:00:00,42.17,42.17,41.99,42.02,822192,0
2014-03-03,22:00:00,42.02,42.08,41.76,41.99,2095290,0
2014-03-04,16:00:00,42.28,42.59,42.07,42.49,560529,0
2014-03-04,17:00:00,42.49,42.66,42.46,42.62,763680,0
2014-03-04,18:00:00,42.62,42.93,42.59,42.83,1040248,0
2014-03-04,19:00:00,42.83,42.98,42.66,42.66,747748,0
2014-03-04,20:00:00,42.67,42.68,42.56,42.6,593003,0
2014-03-04,21:00:00,42.61,42.62,42.54,42.54,532360,0
2014-03-04,22:00:00,42.55,42.58,42.39,42.39,2952475,0
2014-03-05,16:00:00,42.44,42.57,42.36,42.36,387202,0
2014-03-05,17:00:00,42.37,42.55,42.28,42.52,599744,0
2014-03-05,18:00:00,42.52,42.68,42.51,42.61,384217,0
2014-03-05,19:00:00,42.62,42.66,42.46,42.61,399833,0
2014-03-05,20:00:00,42.6,43.66,42.56,43.1,2623387,0
2014-03-05,21:00:00,43.11,43.65,43.1,43.5,1925180,0
2014-03-05,22:00:00,43.51,43.73,43.41,43.68,4202951,0
2014-03-06,16:00:00,44.82,45.25,44.32,45.25,2123347,0
2014-03-06,17:00:00,45.25,45.25,44.11,44.54,2250631,0
2014-03-06,18:00:00,44.53,44.61,43.81,43.99,1041066,0
2014-03-06,19:00:00,43.99,44.04,43.69,43.78,620833,0
2014-03-06,20:00:00,43.78,43.88,43.54,43.54,992898,0
2014-03-06,21:00:00,43.55,43.86,43.36,43.8,1320880,0
2014-03-06,22:00:00,43.79,43.85,43.1,43.37,4968475,0
2014-03-07,16:00:00,43.59,44.37,43.38,43.99,2593838,0
2014-03-07,17:00:00,43.99,44.09,43.75,43.76,1356307,0
2014-03-07,18:00:00,43.76,44.07,43.71,43.97,1085832,0
2014-03-07,19:00:00,43.98,44.13,43.93,43.98,685202,0
2014-03-07,20:00:00,43.97,44.03,43.9,43.96,767080,0
2014-03-07,21:00:00,43.97,44.17,43.91,43.91,939027,0
2014-03-07,22:00:00,43.91,43.97,43.77,43.78,2520834,0
2014-03-10,15:00:00,43.71,43.81,43.6,43.74,277375,0
2014-03-10,16:00:00,43.75,43.77,43.63,43.7,821842,0
2014-03-10,17:00:00,43.7,43.78,43.66,43.7,619932,0
2014-03-10,18:00:00,43.7,43.75,43.65,43.71,580613,0
2014-03-10,19:00:00,43.72,43.75,43.68,43.7,432891,0
2014-03-10,20:00:00,43.7,43.77,43.64,43.72,975412,0
2014-03-10,21:00:00,43.72,43.76,43.71,43.75,1739777,0
2014-03-11,15:00:00,43.85,44.02,43.77,43.97,632876,0
2014-03-11,16:00:00,43.97,44.1,43.78,44,1281430,0
2014-03-11,17:00:00,44.01,44.01,43.8,43.8,591608,0
2014-03-11,18:00:00,43.8,43.93,43.7,43.9,444145,0
2014-03-11,19:00:00,43.9,43.93,43.74,43.79,521515,0
2014-03-11,20:00:00,43.79,43.81,43.47,43.53,863982,0
2014-03-11,21:00:00,43.53,43.53,43.19,43.34,2017009,0
2014-03-12,15:00:00,43.31,43.59,43.25,43.42,291630,0
2014-03-12,16:00:00,43.42,43.6,43.34,43.53,609554,0
2014-03-12,17:00:00,43.54,43.67,43.51,43.57,697780,0
2014-03-12,18:00:00,43.57,43.75,43.56,43.75,495135,0
2014-03-12,19:00:00,43.74,43.76,43.67,43.7,351165,0
2014-03-12,20:00:00,43.7,43.73,43.66,43.67,396819,0
2014-03-12,21:00:00,43.67,43.87,43.64,43.87,1553189,0
2014-03-13,15:00:00,43.93,44.28,43.89,44.25,420590,0
2014-03-13,16:00:00,44.25,44.45,44.07,44.07,875948,0
2014-03-13,17:00:00,44.07,44.16,43.82,43.83,666807,0
2014-03-13,18:00:00,43.83,43.92,43.61,43.67,669211,0
2014-03-13,19:00:00,43.67,43.67,43.5,43.65,570501,0
2014-03-13,20:00:00,43.65,43.69,43.47,43.49,490696,0
2014-03-13,21:00:00,43.49,43.89,43.43,43.49,2437583,0
2014-03-14,15:00:00,43.46,43.75,43.46,43.67,495665,0
2014-03-14,16:00:00,43.68,43.97,43.66,43.66,570696,0
2014-03-14,17:00:00,43.67,44.04,43.64,44.03,273726,0
2014-03-14,18:00:00,44.02,44.04,43.76,44,298475,0
2014-03-14,19:00:00,44,44.01,43.88,44,230869,0
2014-03-14,20:00:00,43.99,44.07,43.88,43.89,351466,0
2014-03-14,21:00:00,43.88,43.93,43.82,43.91,1133249,0
2014-03-17,15:00:00,44.04,44.04,43.62,43.85,252636,0
2014-03-17,16:00:00,43.85,44.02,43.83,43.9,517405,0
2014-03-17,17:00:00,43.88,44.08,43.86,44.08,302732,0
2014-03-17,18:00:00,44.08,44.16,44,44.04,244418,0
2014-03-17,19:00:00,44.04,44.08,43.99,44.05,436847,0
2014-03-17,20:00:00,44.05,44.07,43.98,44.02,340463,0
2014-03-17,21:00:00,44.03,44.05,43.98,44.02,1133347,0
2014-03-18,15:00:00,44.03,44.19,44.02,44.14,76880,0
2014-03-18,16:00:00,44.16,44.16,44,44.01,400332,0
2014-03-18,17:00:00,44.02,44.16,44,44.13,271165,0
2014-03-18,18:00:00,44.13,44.15,44.02,44.11,363562,0
2014-03-18,19:00:00,44.1,44.16,44.06,44.12,311027,0
2014-03-18,20:00:00,44.12,44.13,44.03,44.09,315150,0
2014-03-18,21:00:00,44.09,44.09,43.96,44,1193216,0
2014-03-19,15:00:00,44.05,44.13,43.92,44.1,111138,0
2014-03-19,16:00:00,44.09,44.26,44.03,44.14,362501,0
2014-03-19,17:00:00,44.14,44.16,44.03,44.04,205117,0
2014-03-19,18:00:00,44.04,44.06,43.89,43.92,197753,0
2014-03-19,19:00:00,43.92,44.03,43.91,44.03,216271,0
2014-03-19,20:00:00,44.03,44.03,43.66,43.83,592224,0
2014-03-19,21:00:00,43.83,43.83,43.41,43.69,1438027,0
2014-03-20,15:00:00,43.62,43.87,43.61,43.73,117122,0
2014-03-20,16:00:00,43.73,43.94,43.66,43.89,232329,0
2014-03-20,17:00:00,43.89,43.94,43.8,43.81,275504,0
2014-03-20,18:00:00,43.81,44.12,43.75,44.06,283592,0
2014-03-20,19:00:00,44.05,44.11,43.94,43.96,181235,0
2014-03-20,20:00:00,43.96,43.96,43.87,43.91,186548,0
2014-03-20,21:00:00,43.91,44,43.77,43.99,1024157,0
2014-03-21,15:00:00,44.1,44.13,43.73,43.82,3052266,0
2014-03-21,16:00:00,43.83,44.09,43.73,44.07,572774,0
2014-03-21,17:00:00,44.08,44.31,44.04,44.29,445325,0
2014-03-21,18:00:00,44.3,44.56,44.26,44.36,594018,0
2014-03-21,19:00:00,44.36,44.46,44.1,44.11,430764,0
2014-03-21,20:00:00,44.11,44.23,43.95,43.98,347320,0
2014-03-21,21:00:00,43.98,44.23,43.91,43.97,7336006,0
2014-03-24,15:00:00,44.11,44.34,44.11,44.15,225410,0
2014-03-24,16:00:00,44.15,44.15,43.6,43.62,420520,0
2014-03-24,17:00:00,43.61,43.67,43.51,43.57,282098,0
2014-03-24,18:00:00,43.57,43.78,43.55,43.78,245919,0
2014-03-24,19:00:00,43.78,43.86,43.74,43.82,217517,0
2014-03-24,20:00:00,43.83,43.85,43.69,43.72,282919,0
2014-03-24,21:00:00,43.72,43.82,43.61,43.61,914614,0
2014-03-25,15:00:00,43.77,43.99,43.44,43.55,183542,0
2014-03-25,16:00:00,43.56,43.71,43.4,43.44,364536,0
2014-03-25,17:00:00,43.44,43.51,43.32,43.37,293492,0
2014-03-25,18:00:00,43.37,43.49,43.36,43.39,296452,0
2014-03-25,19:00:00,43.39,43.53,43.33,43.5,247932,0
2014-03-25,20:00:00,43.51,43.55,43.4,43.42,320808,0
2014-03-25,21:00:00,43.42,43.64,43.42,43.51,1116636,0
2014-03-26,15:00:00,43.71,43.99,43.71,43.78,172024,0
2014-03-26,16:00:00,43.77,43.92,43.68,43.74,442834,0
2014-03-26,17:00:00,43.74,43.91,43.68,43.88,369588,0
2014-03-26,18:00:00,43.86,43.94,43.73,43.89,305633,0
2014-03-26,19:00:00,43.88,43.9,43.59,43.65,212497,0
2014-03-26,20:00:00,43.65,43.66,43.49,43.52,354596,0
2014-03-26,21:00:00,43.51,43.54,43.27,43.27,777491,0
2014-03-27,15:00:00,43.25,43.35,43.02,43.08,198240,0
2014-03-27,16:00:00,43.08,43.33,43.03,43.32,540419,0
2014-03-27,17:00:00,43.33,43.35,43.08,43.2,332067,0
2014-03-27,18:00:00,43.2,43.47,43.12,43.45,334155,0
2014-03-27,19:00:00,43.45,43.49,43.41,43.47,300471,0
2014-03-27,20:00:00,43.46,43.7,43.46,43.61,553450,0
2014-03-27,21:00:00,43.62,43.67,43.54,43.63,1612720,0
2014-03-28,15:00:00,43.66,43.78,43.43,43.66,261132,0
2014-03-28,16:00:00,43.66,44.11,43.66,43.87,749240,0
2014-03-28,17:00:00,43.88,43.88,43.79,43.86,441474,0
2014-03-28,18:00:00,43.86,44.01,43.85,43.85,357664,0
2014-03-28,19:00:00,43.85,43.89,43.77,43.86,777962,0
2014-03-28,20:00:00,43.85,43.87,43.72,43.86,523987,0
2014-03-28,21:00:00,43.86,43.95,43.79,43.95,1393527,0
2014-03-31,16:00:00,44.14,44.19,43.82,43.85,212775,0
2014-03-31,17:00:00,43.85,43.9,43.69,43.69,460207,0
2014-03-31,18:00:00,43.7,43.74,43.5,43.67,333415,0
2014-03-31,19:00:00,43.67,43.9,43.67,43.87,319636,0
2014-03-31,20:00:00,43.88,43.88,43.66,43.73,323971,0
2014-03-31,21:00:00,43.72,43.92,43.69,43.89,405172,0
2014-03-31,22:00:00,43.89,43.89,43.64,43.65,893693,0
2014-04-01,16:00:00,43.73,44.04,43.68,43.93,283552,0
2014-04-01,17:00:00,43.93,43.99,43.45,43.46,720430,0
2014-04-01,18:00:00,43.45,43.5,43.33,43.43,614550,0
2014-04-01,19:00:00,43.44,43.51,43.41,43.47,372199,0
2014-04-01,20:00:00,43.47,43.49,43.41,43.49,416818,0
2014-04-01,21:00:00,43.49,43.6,43.41,43.6,620800,0
2014-04-01,22:00:00,43.6,43.69,43.54,43.62,1279638,0
2014-04-02,16:00:00,43.72,44.29,43.68,44.23,443683,0
2014-04-02,17:00:00,44.23,44.64,44.23,44.55,1341223,0
2014-04-02,18:00:00,44.55,44.57,44.41,44.49,766939,0
2014-04-02,19:00:00,44.49,44.63,44.45,44.58,509927,0
2014-04-02,20:00:00,44.58,44.79,44.56,44.78,707592,0
2014-04-02,21:00:00,44.77,45.08,44.77,45.03,1177669,0
2014-04-02,22:00:00,45.03,45.28,45.03,45.26,2056442,0
2014-04-03,16:00:00,45.33,45.47,45.08,45.4,396813,0
2014-04-03,17:00:00,45.41,45.46,45.04,45.09,830031,0
2014-04-03,18:00:00,45.1,45.11,44.83,44.88,539563,0
2014-04-03,19:00:00,44.89,45,44.83,44.96,444871,0
2014-04-03,20:00:00,44.96,44.98,44.9,44.9,379277,0
2014-04-03,21:00:00,44.9,44.97,44.77,44.86,485607,0
2014-04-03,22:00:00,44.86,44.99,44.81,44.96,1980934,0
2014-04-04,16:00:00,45.12,45.33,44.94,45,252054,0
2014-04-04,17:00:00,44.99,45.24,44.86,45.12,621192,0
2014-04-04,18:00:00,45.12,45.21,44.95,45.21,563168,0
2014-04-04,19:00:00,45.21,45.37,45.1,45.12,648759,0
2014-04-04,20:00:00,45.12,45.17,44.99,45.14,546853,0
2014-04-04,21:00:00,45.15,45.19,44.89,44.99,673250,0
2014-04-04,22:00:00,44.99,45.02,44.65,44.68,1470587,0
2014-04-07,16:00:00,44.68,45,44.62,44.79,349185,0
2014-04-07,17:00:00,44.79,44.9,44.63,44.77,519052,0
2014-04-07,18:00:00,44.76,44.79,44.44,44.53,464094,0
2014-04-07,19:00:00,44.52,44.56,44.39,44.45,351210,0
2014-04-07,20:00:00,44.46,44.48,44.31,44.35,356189,0
2014-04-07,21:00:00,44.35,44.35,44.18,44.31,488584,0
2014-04-07,22:00:00,44.31,44.37,44.11,44.14,2146181,0
2014-04-08,16:00:00,44.21,44.54,44.14,44.44,395522,0
2014-04-08,17:00:00,44.44,44.51,44.25,44.36,678684,0
2014-04-08,18:00:00,44.35,44.46,44.17,44.26,701886,0
2014-04-08,19:00:00,44.26,44.42,44.23,44.4,366613,0
2014-04-08,20:00:00,44.4,44.59,44.38,44.57,361665,0
2014-04-08,21:00:00,44.58,44.58,44.39,44.43,468946,0
2014-04-08,22:00:00,44.43,44.46,44.26,44.31,2345984,0
2014-04-09,16:00:00,44.54,44.81,44.44,44.65,423579,0
2014-04-09,17:00:00,44.67,44.74,44.39,44.46,770607,0
2014-04-09,18:00:00,44.46,44.7,44.46,44.57,550528,0
2014-04-09,19:00:00,44.56,44.67,44.54,44.58,389269,0
2014-04-09,20:00:00,44.58,44.72,44.45,44.6,383530,0
2014-04-09,21:00:00,44.61,44.96,44.61,44.76,517285,0
2014-04-09,22:00:00,44.77,44.81,44.71,44.72,1343784,0
2014-04-10,16:00:00,44.61,44.94,44.5,44.53,286311,0
2014-04-10,17:00:00,44.54,44.74,44.42,44.44,518074,0
2014-04-10,18:00:00,44.44,44.59,44.29,44.4,496438,0
2014-04-10,19:00:00,44.4,44.42,44.17,44.26,569969,0
2014-04-10,20:00:00,44.26,44.33,44.12,44.29,408595,0
2014-04-10,21:00:00,44.3,44.32,44.1,44.14,426584,0
2014-04-10,22:00:00,44.14,44.14,43.87,43.87,1630077,0
2014-04-11,16:00:00,43.74,44.16,43.69,44.01,377222,0
2014-04-11,17:00:00,44.01,44.09,43.83,44.07,851084,0
2014-04-11,18:00:00,44.07,44.07,43.73,43.75,407856,0
2014-04-11,19:00:00,43.76,43.94,43.76,43.85,416928,0
2014-04-11,20:00:00,43.85,44.09,43.83,43.9,812950,0
2014-04-11,21:00:00,43.9,44.01,43.88,43.98,550460,0
2014-04-11,22:00:00,43.98,44.12,43.9,44,963850,0
2014-04-14,16:00:00,44.17,44.27,44.09,44.2,148165,0
2014-04-14,17:00:00,44.21,44.4,44.19,44.32,489653,0
2014-04-14,18:00:00,44.33,44.41,44.25,44.26,372000,0
2014-04-14,19:00:00,44.26,44.49,44.26,44.47,260652,0
2014-04-14,20:00:00,44.47,44.51,44.36,44.4,307770,0
2014-04-14,21:00:00,44.4,44.51,44.34,44.4,434279,0
2014-04-14,22:00:00,44.41,44.6,44.28,44.58,1538400,0
2014-04-15,16:00:00,44.58,44.66,44.11,44.44,356887,0
2014-04-15,17:00:00,44.44,44.45,44.1,44.15,439817,0
2014-04-15,18:00:00,44.14,44.17,43.83,44,542798,0
2014-04-15,19:00:00,44,44.03,43.79,43.81,295059,0
2014-04-15,20:00:00,43.81,44.09,43.79,44.07,328409,0
2014-04-15,21:00:00,44.06,44.12,43.96,44.03,599069,0
2014-04-15,22:00:00,44.03,44.19,43.97,44.02,2610578,0
2014-04-16,16:00:00,44.35,44.42,44.19,44.2,437418,0
2014-04-16,17:00:00,44.2,44.31,44.07,44.17,529386,0
2014-04-16,18:00:00,44.17,44.31,44.12,44.27,335071,0
2014-04-16,19:00:00,44.26,44.35,44.12,44.12,318118,0
2014-04-16,20:00:00,44.13,44.19,43.96,44.02,468312,0
2014-04-16,21:00:00,44.03,44.42,44,44.41,566480,0
2014-04-16,22:00:00,44.42,44.42,44.29,44.32,1235731,0
2014-04-17,16:00:00,44.15,44.4,44.1,44.15,233907,0
2014-04-17,17:00:00,44.15,44.3,44.07,44.29,407587,0
2014-04-17,18:00:00,44.28,44.3,44.18,44.23,298685,0
2014-04-17,19:00:00,44.24,44.27,44.09,44.21,395050,0
2014-04-17,20:00:00,44.21,44.28,44.17,44.27,316704,0
2014-04-17,21:00:00,44.26,44.27,44.2,44.24,364572,0
2014-04-17,22:00:00,44.25,44.28,44.2,44.28,597777,0
2014-04-21,16:00:00,44.25,44.7,44.24,44.51,271397,0
2014-04-21,17:00:00,44.52,44.54,44.33,44.4,307181,0
2014-04-21,18:00:00,44.41,44.72,44.41,44.71,294336,0
2014-04-21,19:00:00,44.72,44.81,44.7,44.78,319419,0
2014-04-21,20:00:00,44.78,44.81,44.65,44.8,255970,0
2014-04-21,21:00:00,44.81,44.82,44.68,44.75,331229,0
2014-04-21,22:00:00,44.75,44.82,44.71,44.71,1040847,0
2014-04-22,16:00:00,44.7,45.16,44.51,45.14,391703,0
2014-04-22,17:00:00,45.15,45.25,44.97,45.13,618561,0
2014-04-22,18:00:00,45.13,45.32,45.13,45.29,423632,0
2014-04-22,19:00:00,45.29,45.41,45.27,45.39,395428,0
2014-04-22,20:00:00,45.38,45.57,45.37,45.53,487106,0
2014-04-22,21:00:00,45.52,45.58,45.43,45.43,464006,0
2014-04-22,22:00:00,45.43,45.47,45.19,45.2,1291931,0
2014-04-23,16:00:00,45.13,45.47,45.06,45.3,357476,0
2014-04-23,17:00:00,45.31,45.5,45.08,45.13,626099,0
2014-04-23,18:00:00,45.13,45.39,45.07,45.36,460154,0
2014-04-23,19:00:00,45.37,45.67,45.31,45.5,589695,0
2014-04-23,20:00:00,45.5,45.58,45.38,45.44,356226,0
2014-04-23,21:00:00,45.44,45.45,45.27,45.4,388957,0
2014-04-23,22:00:00,45.4,45.5,45.37,45.45,1304439,0
2014-04-24,16:00:00,45.43,45.65,44.92,45,542471,0
2014-04-24,17:00:00,45,45.22,44.86,45.08,818159,0
2014-04-24,18:00:00,45.08,45.4,45.06,45.29,397907,0
2014-04-24,19:00:00,45.3,45.46,45.26,45.43,277872,0
2014-04-24,20:00:00,45.42,45.44,45.11,45.12,308603,0
2014-04-24,21:00:00,45.13,45.3,45.13,45.27,249313,0
2014-04-24,22:00:00,45.27,45.47,45.27,45.35,871719,0
2014-04-25,16:00:00,45.27,45.34,44.93,44.94,254034,0
2014-04-25,17:00:00,44.96,45.1,44.9,44.95,467942,0
2014-04-25,18:00:00,44.95,45.08,44.88,45.03,366672,0
2014-04-25,19:00:00,45.03,45.23,44.98,44.98,338638,0
2014-04-25,20:00:00,44.98,45.17,44.72,45.15,620229,0
2014-04-25,21:00:00,45.15,45.16,45,45.05,282268,0
2014-04-25,22:00:00,45.06,45.28,45.05,45.15,1096517,0
2014-04-28,16:00:00,45.27,45.62,45.25,45.6,268915,0
2014-04-28,17:00:00,45.59,45.71,45.53,45.57,444573,0
2014-04-28,18:00:00,45.57,45.64,45.44,45.48,291322,0
2014-04-28,19:00:00,45.49,45.65,45.43,45.64,417977,0
2014-04-28,20:00:00,45.64,45.64,45.21,45.37,377654,0
2014-04-28,21:00:00,45.38,45.56,45.28,45.49,399401,0
2014-04-28,22:00:00,45.49,45.75,45.47,45.54,1613602,0
2014-04-29,16:00:00,45.67,45.78,45.58,45.7,285703,0
2014-04-29,17:00:00,45.7,45.89,45.55,45.67,515642,0
2014-04-29,18:00:00,45.67,45.73,45.54,45.7,344239,0
2014-04-29,19:00:00,45.7,45.79,45.68,45.77,274499,0
2014-04-29,20:00:00,45.76,45.8,45.67,45.74,312516,0
2014-04-29,21:00:00,45.74,45.76,45.58,45.62,539535,0
2014-04-29,22:00:00,45.62,45.67,45.53,45.55,872973,0
2014-04-30,16:00:00,45.51,45.61,45.35,45.48,231148,0
2014-04-30,17:00:00,45.48,45.73,45.34,45.68,476190,0
2014-04-30,18:00:00,45.68,45.78,45.57,45.75,277223,0
2014-04-30,19:00:00,45.76,45.83,45.72,45.83,211348,0
2014-04-30,20:00:00,45.83,45.85,45.79,45.79,234075,0
2014-04-30,21:00:00,45.79,45.9,45.69,45.84,513303,0
2014-04-30,22:00:00,45.85,46.04,45.82,46.04,1374699,0
2014-05-01,16:00:00,46.11,46.21,45.88,45.95,316896,0
2014-05-01,17:00:00,45.98,46.07,45.89,45.95,408548,0
2014-05-01,18:00:00,45.96,46.08,45.91,46,338044,0
2014-05-01,19:00:00,46,46.05,45.93,46,387431,0
2014-05-01,20:00:00,46,46.18,46,46.1,473409,0
2014-05-01,21:00:00,46.1,46.33,46.1,46.22,442594,0
2014-05-01,22:00:00,46.21,46.26,46.09,46.17,1159282,0
2014-05-02,16:00:00,46.14,46.49,45.97,46.46,241392,0
2014-05-02,17:00:00,46.47,46.7,46.42,46.61,529557,0
2014-05-02,18:00:00,46.6,46.69,46.43,46.69,6219211,0
2014-05-02,19:00:00,46.69,46.73,46.54,46.72,633912,0
2014-05-02,20:00:00,46.73,46.75,46.5,46.63,622944,0
2014-05-02,21:00:00,46.62,46.62,46.44,46.5,317518,0
2014-05-02,22:00:00,46.5,46.59,46.42,46.51,774145,0
2014-05-05,16:00:00,46.38,46.48,46.19,46.37,306720,0
2014-05-05,17:00:00,46.38,46.5,46.33,46.42,448398,0
2014-05-05,18:00:00,46.41,46.48,46.35,46.41,314996,0
2014-05-05,19:00:00,46.41,46.45,46.35,46.36,341687,0
2014-05-05,20:00:00,46.36,46.43,46.32,46.37,258086,0
2014-05-05,21:00:00,46.37,46.46,46.36,46.4,407913,0
2014-05-05,22:00:00,46.4,46.64,46.38,46.45,1629113,0
2014-05-06,16:00:00,46.34,46.46,46.23,46.33,245589,0
2014-05-06,17:00:00,46.33,46.35,46.12,46.16,480559,0
2014-05-06,18:00:00,46.15,46.37,46.14,46.37,457171,0
2014-05-06,19:00:00,46.38,46.45,46.32,46.44,344050,0
2014-05-06,20:00:00,46.45,46.47,46.18,46.24,431523,0
2014-05-06,21:00:00,46.23,46.51,46.21,46.47,581130,0
2014-05-06,22:00:00,46.46,46.53,46.37,46.39,1450161,0
2014-05-07,16:00:00,45.98,46.01,45.6,45.61,606383,0
2014-05-07,17:00:00,45.61,46.01,45.31,45.92,990786,0
2014-05-07,18:00:00,45.92,46.18,45.86,46.15,625254,0
2014-05-07,19:00:00,46.14,46.25,46.11,46.18,419927,0
2014-05-07,20:00:00,46.18,46.25,45.98,45.98,411768,0
2014-05-07,21:00:00,45.99,46.25,45.93,46.25,489381,0
2014-05-07,22:00:00,46.25,46.44,46.17,46.35,1867125,0
