Date,Time,Open,High,Low,Close,Volume,OpenInt
2014-02-10,16:00:00,16.99,17.09,16.82,16.88,186023,0
2014-02-10,17:00:00,16.89,16.91,16.77,16.84,380043,0
2014-02-10,18:00:00,16.84,16.97,16.73,16.96,295469,0
2014-02-10,19:00:00,16.95,17.01,16.87,16.94,398718,0
2014-02-10,20:00:00,16.94,16.97,16.85,16.92,239821,0
2014-02-10,21:00:00,16.91,16.99,16.88,16.94,330475,0
2014-02-10,22:00:00,16.93,16.93,16.81,16.89,608467,0
2014-02-11,16:00:00,16.89,17.05,16.77,16.87,119488,0
2014-02-11,17:00:00,16.88,16.99,16.83,16.93,197708,0
2014-02-11,18:00:00,16.93,17.09,16.85,17.08,211873,0
2014-02-11,19:00:00,17.07,17.08,16.94,16.99,281231,0
2014-02-11,20:00:00,17,17.06,16.97,17.02,318593,0
2014-02-11,21:00:00,17.01,17.07,16.9,16.98,422161,0
2014-02-11,22:00:00,16.99,17.2,16.99,17.19,929476,0
2014-02-12,16:00:00,17.2,17.63,17.2,17.42,419631,0
2014-02-12,17:00:00,17.42,17.5,17.19,17.2,426862,0
2014-02-12,18:00:00,17.19,17.35,17.17,17.19,239772,0
2014-02-12,19:00:00,17.2,17.25,17.16,17.19,302930,0
2014-02-12,20:00:00,17.18,17.2,17.13,17.16,285012,0
2014-02-12,21:00:00,17.17,17.18,17.03,17.04,505045,0
2014-02-12,22:00:00,17.05,17.15,16.99,17.11,1448366,0
2014-02-13,16:00:00,16.07,16.97,16.07,16.94,1165856,0
2014-02-13,17:00:00,16.94,17.39,16.81,17.33,689671,0
2014-02-13,18:00:00,17.33,17.73,17.15,17.6,584088,0
2014-02-13,19:00:00,17.59,18.03,17.56,17.81,805544,0
2014-02-13,20:00:00,17.8,18.28,17.72,18.23,926813,0
2014-02-13,21:00:00,18.23,18.4,18.12,18.33,885441,0
2014-02-13,22:00:00,18.33,18.34,18.02,18.07,2105598,0
2014-02-14,16:00:00,17.92,18.03,17.58,17.7,317726,0
2014-02-14,17:00:00,17.7,17.84,17.53,17.58,410480,0
2014-02-14,18:00:00,17.58,17.67,17.49,17.5,322120,0
2014-02-14,19:00:00,17.5,17.84,17.49,17.78,396652,0
2014-02-14,20:00:00,17.76,17.78,17.56,17.64,392021,0
2014-02-14,21:00:00,17.64,17.73,17.59,17.63,325381,0
2014-02-14,22:00:00,17.63,18.06,17.63,17.95,1508476,0
2014-02-18,16:00:00,18.02,18.02,17.71,17.75,166088,0
2014-02-18,17:00:00,17.75,17.75,17.53,17.58,447607,0
2014-02-18,18:00:00,17.58,17.69,17.56,17.59,305657,0
2014-02-18,19:00:00,17.58,17.65,17.57,17.59,198487,0
2014-02-18,20:00:00,17.6,17.61,17.45,17.49,256276,0
2014-02-18,21:00:00,17.5,17.51,17.36,17.41,272277,0
2014-02-18,22:00:00,17.41,17.49,17.41,17.41,946112,0
2014-02-19,16:00:00,17.36,17.57,17.27,17.57,212313,0
2014-02-19,17:00:00,17.58,17.67,17.43,17.5,348475,0
2014-02-19,18:00:00,17.51,17.54,17.39,17.39,165430,0
2014-02-19,19:00:00,17.39,17.44,17.24,17.31,172210,0
2014-02-19,20:00:00,17.31,17.37,17.27,17.27,145162,0
2014-02-19,21:00:00,17.27,17.34,17.09,17.19,266831,0
2014-02-19,22:00:00,17.19,17.23,17.12,17.15,843849,0
2014-02-20,16:00:00,17.14,17.42,17.11,17.22,148361,0
2014-02-20,17:00:00,17.22,17.27,17.14,17.17,439657,0
2014-02-20,18:00:00,17.17,17.18,16.99,17.08,430402,0
2014-02-20,19:00:00,17.08,17.13,17.01,17.13,301439,0
2014-02-20,20:00:00,17.12,17.25,17.08,17.17,433142,0
2014-02-20,21:00:00,17.17,17.19,17.08,17.13,155075,0
2014-02-20,22:00:00,17.13,17.17,17.06,17.08,531260,0
2014-02-21,16:00:00,17.23,17.37,17.14,17.37,193146,0
2014-02-21,17:00:00,17.36,17.7,17.35,17.7,433750,0
2014-02-21,18:00:00,17.7,17.71,17.57,17.64,277229,0
2014-02-21,19:00:00,17.64,17.75,17.63,17.71,354998,0
2014-02-21,20:00:00,17.72,17.91,17.72,17.9,334294,0
2014-02-21,21:00:00,17.9,17.95,17.67,17.88,934712,0
2014-02-21,22:00:00,17.88,18,17.85,17.9,1020320,0
2014-02-24,16:00:00,17.9,18.12,17.81,18.09,157585,0
2014-02-24,17:00:00,18.1,18.1,17.85,17.97,284448,0
2014-02-24,18:00:00,17.98,18.03,17.87,18.01,417830,0
2014-02-24,19:00:00,18.02,18.07,17.91,17.91,139716,0
2014-02-24,20:00:00,17.91,18,17.87,17.92,169700,0
2014-02-24,21:00:00,17.92,18.02,17.91,17.99,267272,0
2014-02-24,22:00:00,17.99,17.99,17.82,17.85,1009851,0
2014-02-25,16:00:00,17.82,17.93,17.71,17.76,97128,0
2014-02-25,17:00:00,17.75,17.85,17.69,17.8,260447,0
2014-02-25,18:00:00,17.81,18.11,17.79,18.05,279056,0
2014-02-25,19:00:00,18.05,18.12,17.95,18.12,325344,0
2014-02-25,20:00:00,18.12,18.15,18.06,18.13,319290,0
2014-02-25,21:00:00,18.13,18.31,18.08,18.3,523071,0
2014-02-25,22:00:00,18.29,18.35,18.21,18.22,1163491,0
2014-02-26,16:00:00,18.27,18.36,17.74,17.9,332983,0
2014-02-26,17:00:00,17.96,18.36,17.95,18.29,701664,0
2014-02-26,18:00:00,18.29,18.56,18.28,18.37,457070,0
2014-02-26,19:00:00,18.37,18.64,18.37,18.63,676250,0
2014-02-26,20:00:00,18.63,18.67,18.5,18.5,351040,0
2014-02-26,21:00:00,18.51,18.53,18.28,18.47,426053,0
2014-02-26,22:00:00,18.48,18.49,18.32,18.42,630971,0
2014-02-27,16:00:00,18.36,18.58,18.34,18.58,111019,0
2014-02-27,17:00:00,18.6,18.72,18.43,18.66,565093,0
2014-02-27,18:00:00,18.65,18.76,18.58,18.67,590356,0
2014-02-27,19:00:00,18.67,18.69,18.54,18.61,458403,0
2014-02-27,20:00:00,18.62,18.62,18.52,18.57,408588,0
2014-02-27,21:00:00,18.58,18.61,18.5,18.59,389324,0
2014-02-27,22:00:00,18.59,18.71,18.59,18.67,865759,0
2014-02-28,16:00:00,18.58,18.73,18.55,18.68,84009,0
2014-02-28,17:00:00,18.67,18.79,18.58,18.64,617946,0
2014-02-28,18:00:00,18.64,18.85,18.63,18.82,256952,0
2014-02-28,19:00:00,18.82,18.86,18.64,18.64,346559,0
2014-02-28,20:00:00,18.65,18.73,18.62,18.72,179930,0
2014-02-28,21:00:00,18.71,18.88,18.65,18.66,347208,0
2014-02-28,22:00:00,18.66,18.86,18.54,18.79,987213,0
2014-03-03,16:00:00,18.5,18.65,18.4,18.51,110561,0
2014-03-03,17:00:00,18.52,18.54,18.29,18.38,328442,0
2014-03-03,18:00:00,18.39,18.43,18.23,18.26,327379,0
2014-03-03,19:00:00,18.25,18.47,18.25,18.35,230776,0
2014-03-03,20:00:00,18.34,18.54,18.34,18.41,250025,0
2014-03-03,21:00:00,18.41,18.44,18.3,18.32,303059,0
2014-03-03,22:00:00,18.31,18.37,18.28,18.32,786460,0
2014-03-04,16:00:00,18.59,18.8,18.52,18.78,184228,0
2014-03-04,17:00:00,18.79,18.83,18.56,18.62,432853,0
2014-03-04,18:00:00,18.61,18.72,18.59,18.59,179367,0
2014-03-04,19:00:00,18.59,18.73,18.55,18.72,284445,0
2014-03-04,20:00:00,18.72,18.72,18.51,18.54,272674,0
2014-03-04,21:00:00,18.53,18.56,18.45,18.52,203778,0
2014-03-04,22:00:00,18.52,18.71,18.52,18.64,805914,0
2014-03-05,16:00:00,18.6,18.69,18.34,18.46,311022,0
2014-03-05,17:00:00,18.48,18.51,18.2,18.35,371473,0
2014-03-05,18:00:00,18.36,18.43,18.29,18.35,131702,0
2014-03-05,19:00:00,18.36,18.41,18.25,18.25,108684,0
2014-03-05,20:00:00,18.25,18.38,18.2,18.33,254964,0
2014-03-05,21:00:00,18.33,18.34,18.27,18.29,117162,0
2014-03-05,22:00:00,18.29,18.33,18.26,18.31,827191,0
2014-03-06,16:00:00,18.34,18.49,18.28,18.35,97215,0
2014-03-06,17:00:00,18.35,18.35,18.22,18.33,117359,0
2014-03-06,18:00:00,18.32,18.36,18.28,18.34,103420,0
2014-03-06,19:00:00,18.34,18.35,18.29,18.31,148771,0
2014-03-06,20:00:00,18.32,18.34,18.13,18.26,229815,0
2014-03-06,21:00:00,18.26,18.36,18.24,18.35,215942,0
2014-03-06,22:00:00,18.35,18.37,18.17,18.2,779516,0
2014-03-07,16:00:00,18.27,18.4,18.16,18.24,48696,0
2014-03-07,17:00:00,18.23,18.43,18.17,18.28,380610,0
2014-03-07,18:00:00,18.28,18.45,18.24,18.39,285302,0
2014-03-07,19:00:00,18.4,18.41,18.22,18.34,213455,0
2014-03-07,20:00:00,18.34,18.35,18.23,18.23,230800,0
2014-03-07,21:00:00,18.23,18.34,18.16,18.31,145058,0
2014-03-07,22:00:00,18.31,18.34,18.21,18.29,657062,0
2014-03-10,15:00:00,18.17,18.23,17.83,17.95,137153,0
2014-03-10,16:00:00,17.93,17.94,17.76,17.82,171681,0
2014-03-10,17:00:00,17.82,17.9,17.73,17.73,104917,0
2014-03-10,18:00:00,17.73,17.87,17.71,17.82,223053,0
2014-03-10,19:00:00,17.83,17.86,17.71,17.78,178595,0
2014-03-10,20:00:00,17.78,17.86,17.77,17.83,251068,0
2014-03-10,21:00:00,17.83,17.85,17.68,17.69,723437,0
2014-03-11,15:00:00,17.66,17.78,17.44,17.52,134499,0
2014-03-11,16:00:00,17.5,17.67,17.49,17.67,172693,0
2014-03-11,17:00:00,17.67,17.69,17.44,17.47,170130,0
2014-03-11,18:00:00,17.47,17.49,17.36,17.4,319480,0
2014-03-11,19:00:00,17.4,17.49,17.35,17.46,163791,0
2014-03-11,20:00:00,17.45,17.47,17.25,17.31,175798,0
2014-03-11,21:00:00,17.31,17.36,17.25,17.33,451443,0
2014-03-12,15:00:00,17.2,17.35,17.13,17.18,97031,0
2014-03-12,16:00:00,17.17,17.23,17.08,17.11,364833,0
2014-03-12,17:00:00,17.11,17.27,17.08,17.2,361921,0
2014-03-12,18:00:00,17.2,17.2,17.07,17.15,320176,0
2014-03-12,19:00:00,17.14,17.15,17.05,17.11,171114,0
2014-03-12,20:00:00,17.11,17.11,17.02,17.03,456225,0
2014-03-12,21:00:00,17.03,17.07,17,17.05,919344,0
2014-03-13,15:00:00,17.12,17.17,16.91,17.03,270753,0
2014-03-13,16:00:00,17.03,17.06,16.98,17,709934,0
2014-03-13,17:00:00,17.01,17.08,16.98,16.98,219685,0
2014-03-13,18:00:00,16.98,17.02,16.81,16.82,805516,0
2014-03-13,19:00:00,16.81,16.92,16.77,16.92,604682,0
2014-03-13,20:00:00,16.92,17.03,16.89,16.91,480176,0
2014-03-13,21:00:00,16.91,17.05,16.91,17.01,809584,0
2014-03-14,15:00:00,16.97,17.14,16.87,17,98594,0
2014-03-14,16:00:00,17.01,17.13,16.99,17,111530,0
2014-03-14,17:00:00,17,17.17,16.94,17.16,196457,0
2014-03-14,18:00:00,17.16,17.23,17.12,17.17,154416,0
2014-03-14,19:00:00,17.17,17.18,17.01,17.17,294612,0
2014-03-14,20:00:00,17.17,17.18,16.94,16.94,252970,0
2014-03-14,21:00:00,16.95,17,16.94,16.97,565215,0
2014-03-17,15:00:00,17.06,17.2,17.03,17.06,92708,0
2014-03-17,16:00:00,17.04,17.09,16.8,16.84,265027,0
2014-03-17,17:00:00,16.83,16.92,16.77,16.81,189513,0
2014-03-17,18:00:00,16.82,17.07,16.78,16.81,270664,0
2014-03-17,19:00:00,16.81,16.89,16.79,16.85,138330,0
2014-03-17,20:00:00,16.85,16.88,16.78,16.8,203228,0
2014-03-17,21:00:00,16.81,16.99,16.8,16.93,637506,0
2014-03-18,15:00:00,16.93,17.04,16.84,16.89,131296,0
2014-03-18,16:00:00,16.88,17.04,16.84,16.93,238290,0
2014-03-18,17:00:00,16.94,17.28,16.89,17.27,274406,0
2014-03-18,18:00:00,17.27,17.28,17.09,17.19,196336,0
2014-03-18,19:00:00,17.19,17.25,17.13,17.16,128052,0
2014-03-18,20:00:00,17.16,17.25,17.15,17.24,115518,0
2014-03-18,21:00:00,17.24,17.25,17.12,17.17,668718,0
2014-03-19,15:00:00,17.34,17.48,17.28,17.35,157151,0
2014-03-19,16:00:00,17.35,17.36,17.25,17.26,228443,0
2014-03-19,17:00:00,17.27,17.31,17.12,17.18,177666,0
2014-03-19,18:00:00,17.19,17.22,17.12,17.14,134173,0
2014-03-19,19:00:00,17.14,17.15,17.05,17.05,109680,0
2014-03-19,20:00:00,17.05,17.08,16.91,17.04,278947,0
2014-03-19,21:00:00,17.04,17.05,16.78,16.99,501083,0
2014-03-20,15:00:00,17.01,17.08,16.71,16.81,111833,0
2014-03-20,16:00:00,16.83,17.13,16.8,17.01,173161,0
2014-03-20,17:00:00,17.01,17.04,16.87,16.9,125764,0
2014-03-20,18:00:00,16.91,16.98,16.88,16.91,141065,0
2014-03-20,19:00:00,16.92,16.94,16.84,16.88,131654,0
2014-03-20,20:00:00,16.88,16.93,16.86,16.87,160791,0
2014-03-20,21:00:00,16.86,16.86,16.78,16.82,479888,0
2014-03-21,15:00:00,16.86,16.99,16.8,16.96,972038,0
2014-03-21,16:00:00,16.96,17.17,16.95,17.08,286076,0
2014-03-21,17:00:00,17.09,17.11,16.9,16.9,242151,0
2014-03-21,18:00:00,16.9,16.93,16.82,16.85,192175,0
2014-03-21,19:00:00,16.85,16.87,16.74,16.76,210608,0
2014-03-21,20:00:00,16.75,16.85,16.61,16.82,315623,0
2014-03-21,21:00:00,16.81,16.84,16.57,16.58,1045864,0
2014-03-24,15:00:00,16.63,16.75,16.55,16.57,69705,0
2014-03-24,16:00:00,16.56,16.59,16.41,16.45,991600,0
2014-03-24,17:00:00,16.45,16.45,16.35,16.37,187226,0
2014-03-24,18:00:00,16.36,16.4,16.31,16.32,133606,0
2014-03-24,19:00:00,16.32,16.42,16.31,16.41,108478,0
2014-03-24,20:00:00,16.41,16.44,16.33,16.42,172115,0
2014-03-24,21:00:00,16.42,16.58,16.41,16.52,609624,0
2014-03-25,15:00:00,16.59,16.75,16.46,16.48,110892,0
2014-03-25,16:00:00,16.48,16.56,16.37,16.45,210387,0
2014-03-25,17:00:00,16.46,16.56,16.35,16.38,184610,0
2014-03-25,18:00:00,16.37,16.38,16.21,16.27,198422,0
2014-03-25,19:00:00,16.26,16.39,16.25,16.35,183486,0
2014-03-25,20:00:00,16.35,16.36,16.24,16.24,241148,0
2014-03-25,21:00:00,16.24,16.38,16.21,16.38,950189,0
2014-03-26,15:00:00,16.5,16.74,16.35,16.35,101415,0
2014-03-26,16:00:00,16.36,16.39,16.21,16.22,194139,0
2014-03-26,17:00:00,16.19,16.29,16.14,16.17,178250,0
2014-03-26,18:00:00,16.16,16.21,16.12,16.15,124357,0
2014-03-26,19:00:00,16.14,16.15,16,16.04,244499,0
2014-03-26,20:00:00,16.02,16.03,15.96,16.03,470628,0
2014-03-26,21:00:00,16.02,16.07,16.01,16.01,988202,0
2014-03-27,15:00:00,16.06,16.12,15.85,16.11,162074,0
2014-03-27,16:00:00,16.09,16.55,16.02,16.46,594604,0
2014-03-27,17:00:00,16.47,16.5,16.17,16.24,315700,0
2014-03-27,18:00:00,16.25,16.36,16.21,16.34,188151,0
2014-03-27,19:00:00,16.34,16.41,16.31,16.39,223450,0
2014-03-27,20:00:00,16.39,16.43,16.33,16.42,349529,0
2014-03-27,21:00:00,16.42,16.55,16.4,16.54,1249727,0
2014-03-28,15:00:00,16.66,16.72,16.6,16.69,91277,0
2014-03-28,16:00:00,16.7,16.77,16.47,16.61,209984,0
2014-03-28,17:00:00,16.61,16.63,16.51,16.58,170091,0
2014-03-28,18:00:00,16.58,16.65,16.56,16.6,130106,0
2014-03-28,19:00:00,16.61,16.68,16.53,16.64,152627,0
2014-03-28,20:00:00,16.63,16.63,16.45,16.5,364454,0
2014-03-28,21:00:00,16.49,16.63,16.49,16.56,574629,0
2014-03-31,16:00:00,16.71,16.76,16.47,16.7,173670,0
2014-03-31,17:00:00,16.7,16.75,16.63,16.72,189998,0
2014-03-31,18:00:00,16.7,16.83,16.69,16.8,227053,0
2014-03-31,19:00:00,16.8,16.94,16.8,16.88,196398,0
2014-03-31,20:00:00,16.88,16.92,16.79,16.82,213526,0
2014-03-31,21:00:00,16.82,16.92,16.8,16.92,100706,0
2014-03-31,22:00:00,16.93,16.94,16.85,16.87,473778,0
2014-04-01,16:00:00,16.95,16.97,16.86,16.95,83857,0
2014-04-01,17:00:00,16.96,16.97,16.73,16.84,267494,0
2014-04-01,18:00:00,16.84,17.01,16.83,16.95,137031,0
2014-04-01,19:00:00,16.94,17.08,16.93,17.07,157009,0
2014-04-01,20:00:00,17.06,17.07,16.99,17.02,184823,0
2014-04-01,21:00:00,17.01,17.16,17,17.15,267209,0
2014-04-01,22:00:00,17.15,17.22,17.11,17.22,670699,0
2014-04-02,16:00:00,17.27,17.44,17.21,17.39,157148,0
2014-04-02,17:00:00,17.39,17.41,17.16,17.19,431909,0
2014-04-02,18:00:00,17.2,17.27,17.1,17.27,172344,0
2014-04-02,19:00:00,17.27,17.34,17.22,17.33,198550,0
2014-04-02,20:00:00,17.33,17.34,17.27,17.34,152417,0
2014-04-02,21:00:00,17.33,17.39,17.32,17.39,143676,0
2014-04-02,22:00:00,17.38,17.42,17.18,17.35,619518,0
2014-04-03,16:00:00,17.35,17.38,17.12,17.18,61716,0
2014-04-03,17:00:00,17.18,17.22,17.05,17.14,209727,0
2014-04-03,18:00:00,17.15,17.16,17.11,17.11,91214,0
2014-04-03,19:00:00,17.11,17.12,17,17.01,179726,0
2014-04-03,20:00:00,17.01,17.09,17.01,17.05,135061,0
2014-04-03,21:00:00,17.04,17.09,16.96,17.09,118449,0
2014-04-03,22:00:00,17.1,17.25,17.09,17.16,418860,0
2014-04-04,16:00:00,17.26,17.48,17.13,17.48,158172,0
2014-04-04,17:00:00,17.47,17.55,17.4,17.52,294662,0
2014-04-04,18:00:00,17.51,17.51,17.15,17.22,267297,0
2014-04-04,19:00:00,17.22,17.22,17.02,17.04,156868,0
2014-04-04,20:00:00,17.04,17.1,17,17.04,103747,0
2014-04-04,21:00:00,17.04,17.05,16.8,16.87,210176,0
2014-04-04,22:00:00,16.88,16.9,16.84,16.86,459743,0
2014-04-07,16:00:00,16.76,16.82,16.48,16.57,120007,0
2014-04-07,17:00:00,16.56,16.57,16.32,16.33,414298,0
2014-04-07,18:00:00,16.33,16.39,16.06,16.07,498849,0
2014-04-07,19:00:00,16.07,16.13,15.94,16.1,470193,0
2014-04-07,20:00:00,16.1,16.11,15.93,15.99,622638,0
2014-04-07,21:00:00,15.98,16.28,15.97,16.28,493284,0
2014-04-07,22:00:00,16.27,16.34,16.23,16.29,864676,0
2014-04-08,16:00:00,16.26,16.54,16.21,16.38,202464,0
2014-04-08,17:00:00,16.38,16.44,16.05,16.3,455416,0
2014-04-08,18:00:00,16.3,16.43,16.24,16.28,112273,0
2014-04-08,19:00:00,16.28,16.32,16.2,16.3,171148,0
2014-04-08,20:00:00,16.29,16.42,16.28,16.37,167153,0
2014-04-08,21:00:00,16.37,16.47,16.3,16.4,241624,0
2014-04-08,22:00:00,16.39,16.55,16.39,16.46,575484,0
2014-04-09,16:00:00,16.52,16.55,16.22,16.22,308365,0
2014-04-09,17:00:00,16.22,16.41,16.11,16.31,399946,0
2014-04-09,18:00:00,16.32,16.36,16.24,16.29,117347,0
2014-04-09,19:00:00,16.29,16.43,16.27,16.38,181925,0
2014-04-09,20:00:00,16.38,16.44,16.38,16.41,151827,0
2014-04-09,21:00:00,16.41,16.85,16.41,16.59,514805,0
2014-04-09,22:00:00,16.59,16.64,16.48,16.59,848151,0
2014-04-10,16:00:00,16.47,16.48,16.2,16.35,118512,0
2014-04-10,17:00:00,16.35,16.47,16.12,16.14,286904,0
2014-04-10,18:00:00,16.12,16.18,16.06,16.1,456072,0
2014-04-10,19:00:00,16.09,16.12,15.87,15.93,627404,0
2014-04-10,20:00:00,15.94,16.22,15.85,16.12,489271,0
2014-04-10,21:00:00,16.13,16.22,15.82,15.85,444258,0
2014-04-10,22:00:00,15.85,15.85,15.64,15.68,1570445,0
2014-04-11,16:00:00,15.6,15.76,15.59,15.67,425865,0
2014-04-11,17:00:00,15.67,15.73,15.58,15.66,488629,0
2014-04-11,18:00:00,15.65,15.65,15.49,15.51,375841,0
2014-04-11,19:00:00,15.51,15.62,15.4,15.49,368382,0
2014-04-11,20:00:00,15.48,15.49,15.36,15.38,312066,0
2014-04-11,21:00:00,15.37,15.45,15.3,15.39,497278,0
2014-04-11,22:00:00,15.4,15.44,15.23,15.26,901928,0
2014-04-14,16:00:00,15.47,15.55,15.33,15.4,136229,0
2014-04-14,17:00:00,15.4,15.5,15.35,15.48,224709,0
2014-04-14,18:00:00,15.48,15.49,15.37,15.4,139881,0
2014-04-14,19:00:00,15.39,15.5,15.38,15.42,231547,0
2014-04-14,20:00:00,15.44,15.52,15.38,15.46,556552,0
2014-04-14,21:00:00,15.46,15.47,15.27,15.27,295089,0
2014-04-14,22:00:00,15.27,15.27,14.99,15.14,1784745,0
2014-04-15,16:00:00,15.18,15.27,15.1,15.21,147145,0
2014-04-15,17:00:00,15.19,15.21,14.92,15.19,1249483,0
2014-04-15,18:00:00,15.19,15.2,14.86,14.88,558180,0
2014-04-15,19:00:00,14.89,14.93,14.76,14.87,482889,0
2014-04-15,20:00:00,14.87,15.1,14.74,15.09,515664,0
2014-04-15,21:00:00,15.09,15.27,14.95,15.21,622357,0
2014-04-15,22:00:00,15.21,15.37,15.15,15.35,842281,0
2014-04-16,16:00:00,15.46,15.53,15.34,15.5,269949,0
2014-04-16,17:00:00,15.51,15.53,15.37,15.38,307217,0
2014-04-16,18:00:00,15.38,15.4,15.3,15.33,145543,0
2014-04-16,19:00:00,15.34,15.43,15.33,15.33,150402,0
2014-04-16,20:00:00,15.32,15.42,15.27,15.37,162896,0
2014-04-16,21:00:00,15.36,15.53,15.35,15.52,209048,0
2014-04-16,22:00:00,15.52,15.52,15.33,15.39,603278,0
2014-04-17,16:00:00,15.38,15.41,15.2,15.26,133689,0
2014-04-17,17:00:00,15.26,15.33,15.16,15.32,169352,0
2014-04-17,18:00:00,15.32,15.33,15.13,15.15,170615,0
2014-04-17,19:00:00,15.15,15.17,15.05,15.06,203976,0
2014-04-17,20:00:00,15.05,15.34,15.05,15.33,185796,0
2014-04-17,21:00:00,15.33,15.41,15.28,15.4,289927,0
2014-04-17,22:00:00,15.4,15.4,15.25,15.25,422356,0
2014-04-21,16:00:00,15.35,15.37,15.24,15.33,142587,0
2014-04-21,17:00:00,15.33,15.41,15.18,15.29,279854,0
2014-04-21,18:00:00,15.29,15.46,15.29,15.39,211245,0
2014-04-21,19:00:00,15.38,15.46,15.34,15.43,273676,0
2014-04-21,20:00:00,15.42,15.51,15.38,15.51,163447,0
2014-04-21,21:00:00,15.51,15.69,15.5,15.62,308157,0
2014-04-21,22:00:00,15.62,15.73,15.49,15.71,733947,0
2014-04-22,16:00:00,15.77,15.87,15.7,15.77,184380,0
2014-04-22,17:00:00,15.77,16.03,15.76,16.03,1235507,0
2014-04-22,18:00:00,16.02,16.11,15.94,16.03,418577,0
2014-04-22,19:00:00,16.04,16.1,15.96,16.09,222275,0
2014-04-22,20:00:00,16.09,16.09,15.97,16.06,270197,0
2014-04-22,21:00:00,16.07,16.09,16.02,16.08,234911,0
2014-04-22,22:00:00,16.09,16.09,15.88,15.89,1128510,0
2014-04-23,16:00:00,15.85,15.97,15.66,15.74,241950,0
2014-04-23,17:00:00,15.7,15.73,15.5,15.65,394742,0
2014-04-23,18:00:00,15.65,15.69,15.5,15.65,243682,0
2014-04-23,19:00:00,15.65,15.74,15.61,15.74,200218,0
2014-04-23,20:00:00,15.73,15.81,15.7,15.76,153753,0
2014-04-23,21:00:00,15.75,15.8,15.7,15.73,295871,0
2014-04-23,22:00:00,15.72,15.76,15.71,15.71,980582,0
2014-04-24,16:00:00,15.87,15.87,15.46,15.54,145787,0
2014-04-24,17:00:00,15.53,15.74,15.47,15.62,208413,0
2014-04-24,18:00:00,15.62,15.95,15.6,15.84,232188,0
2014-04-24,19:00:00,15.83,15.93,15.8,15.87,156754,0
2014-04-24,20:00:00,15.87,15.9,15.71,15.73,231852,0
2014-04-24,21:00:00,15.73,15.86,15.69,15.84,347144,0
2014-04-24,22:00:00,15.84,15.88,15.79,15.81,406087,0
2014-04-25,16:00:00,15.65,15.71,15.51,15.51,193530,0
2014-04-25,17:00:00,15.51,15.62,15.38,15.46,347615,0
2014-04-25,18:00:00,15.45,15.48,15.34,15.37,486326,0
2014-04-25,19:00:00,15.37,15.4,15.33,15.35,124252,0
2014-04-25,20:00:00,15.35,15.36,15.26,15.3,226449,0
2014-04-25,21:00:00,15.3,15.91,15.22,15.76,1619237,0
2014-04-25,22:00:00,15.77,15.77,15.59,15.59,989033,0
2014-04-28,16:00:00,15.68,16.14,15.58,16.13,687674,0
2014-04-28,17:00:00,16.15,16.23,15.79,15.83,880617,0
2014-04-28,18:00:00,15.82,16.01,15.82,15.98,621298,0
2014-04-28,19:00:00,15.97,16.01,15.87,15.91,766958,0
2014-04-28,20:00:00,15.91,15.92,15.84,15.86,521702,0
2014-04-28,21:00:00,15.86,16.05,15.82,15.97,704577,0
2014-04-28,22:00:00,15.97,16.18,15.97,16.05,1346215,0
2014-04-29,16:00:00,16.17,16.19,15.96,16,241755,0
2014-04-29,17:00:00,16,16.04,15.93,16,534937,0
2014-04-29,18:00:00,16,16.05,15.98,16.02,285064,0
2014-04-29,19:00:00,16.01,16.11,15.98,16.06,203686,0
2014-04-29,20:00:00,16.06,16.09,15.99,16.04,191956,0
2014-04-29,21:00:00,16.04,16.11,16.03,16.09,276161,0
2014-04-29,22:00:00,16.09,16.15,16.07,16.14,697394,0
2014-04-30,16:00:00,16.05,16.36,16.01,16.28,691758,0
2014-04-30,17:00:00,16.27,16.53,16.22,16.27,597446,0
2014-04-30,18:00:00,16.26,16.3,16.24,16.24,328610,0
2014-04-30,19:00:00,16.24,16.25,16.12,16.2,221236,0
2014-04-30,20:00:00,16.2,16.35,16.2,16.25,294265,0
2014-04-30,21:00:00,16.25,16.4,16.12,16.37,505323,0
2014-04-30,22:00:00,16.37,16.47,16.32,16.39,1426005,0
2014-05-01,16:00:00,16.35,16.4,16.07,16.24,173678,0
2014-05-01,17:00:00,16.24,16.45,16.1,16.44,272949,0
2014-05-01,18:00:00,16.45,16.52,16.3,16.34,352353,0
2014-05-01,19:00:00,16.34,16.43,16.29,16.35,199201,0
2014-05-01,20:00:00,16.34,16.36,16.09,16.12,361681,0
2014-05-01,21:00:00,16.12,16.21,16.07,16.14,181115,0
2014-05-01,22:00:00,16.14,16.18,16.09,16.17,726415,0
2014-05-02,16:00:00,16.19,16.45,16.09,16.3,226816,0
2014-05-02,17:00:00,16.31,16.54,16.29,16.35,387294,0
2014-05-02,18:00:00,16.35,16.61,16.33,16.6,380137,0
2014-05-02,19:00:00,16.6,16.7,16.57,16.66,232922,0
2014-05-02,20:00:00,16.65,16.69,16.59,16.59,322443,0
2014-05-02,21:00:00,16.59,16.91,16.57,16.89,938456,0
2014-05-02,22:00:00,16.89,16.94,16.65,16.73,1226923,0
2014-05-05,16:00:00,16.56,16.7,16.33,16.5,197637,0
2014-05-05,17:00:00,16.51,16.71,16.37,16.58,327388,0
2014-05-05,18:00:00,16.58,16.64,16.5,16.58,205013,0
2014-05-05,19:00:00,16.59,16.61,16.49,16.49,124822,0
2014-05-05,20:00:00,16.5,16.56,16.5,16.5,193821,0
2014-05-05,21:00:00,16.5,16.53,16.48,16.49,257976,0
2014-05-05,22:00:00,16.5,16.51,16.46,16.48,1093364,0
2014-05-06,16:00:00,16.43,16.52,16.38,16.52,119256,0
2014-05-06,17:00:00,16.52,16.59,16.41,16.41,211443,0
2014-05-06,18:00:00,16.4,16.42,16.35,16.4,364692,0
2014-05-06,19:00:00,16.39,16.45,16.37,16.44,226506,0
2014-05-06,20:00:00,16.43,16.44,16.22,16.23,319441,0
2014-05-06,21:00:00,16.23,16.39,16.21,16.26,367986,0
2014-05-06,22:00:00,16.25,16.28,16.21,16.21,699360,0
2014-05-07,16:00:00,16.22,16.38,16.14,16.22,177335,0
2014-05-07,17:00:00,16.22,16.31,15.97,16.18,462860,0
2014-05-07,18:00:00,16.17,16.24,16.06,16.16,337120,0
2014-05-07,19:00:00,16.16,16.22,16.04,16.08,278390,0
2014-05-07,20:00:00,16.08,16.14,15.95,15.96,371971,0
2014-05-07,21:00:00,15.96,16.03,15.86,15.87,1040496,0
2014-05-07,22:00:00,15.87,15.94,15.73,15.91,2060438,0
