Date,Time,Open,High,Low,Close,Volume,OpenInt
2014-02-10,16:00:00,79.548,79.834,79.223,79.795,227090,0
2014-02-10,17:00:00,79.785,80.051,79.41,79.676,399486,0
2014-02-10,18:00:00,79.666,80.031,79.558,79.627,423817,0
2014-02-10,19:00:00,79.657,79.992,79.519,79.864,311057,0
2014-02-10,20:00:00,79.854,79.854,79.499,79.834,381369,0
2014-02-10,21:00:00,79.824,80.13,79.755,80.061,393697,0
2014-02-10,22:00:00,80.071,80.08,79.696,79.795,1001620,0
2014-02-11,16:00:00,80.002,80.701,79.657,80.534,348824,0
2014-02-11,17:00:00,80.544,80.829,80.277,80.425,641192,0
2014-02-11,18:00:00,80.415,81.056,80.415,80.967,597518,0
2014-02-11,19:00:00,80.967,80.977,80.563,80.662,413058,0
2014-02-11,20:00:00,80.672,81.086,80.553,80.553,635236,0
2014-02-11,21:00:00,80.553,80.928,80.297,80.879,568780,0
2014-02-11,22:00:00,80.889,80.987,80.435,80.504,1271044,0
2014-02-12,16:00:00,80.682,81.352,80.603,81.352,238780,0
2014-02-12,17:00:00,81.352,81.352,81.036,81.155,560342,0
2014-02-12,18:00:00,81.145,81.46,80.987,81.45,435689,0
2014-02-12,19:00:00,81.45,81.578,81.263,81.578,355717,0
2014-02-12,20:00:00,81.559,81.776,81.5,81.598,358895,0
2014-02-12,21:00:00,81.608,81.608,81.056,81.293,450372,0
2014-02-12,22:00:00,81.283,81.47,81.155,81.431,1328990,0
2014-02-13,16:00:00,80.701,81.372,80.701,81.056,319614,0
2014-02-13,17:00:00,81.105,81.273,80.977,81.145,417606,0
2014-02-13,18:00:00,81.145,81.805,81.125,81.785,662526,0
2014-02-13,19:00:00,81.776,82.13,81.746,82.091,388569,0
2014-02-13,20:00:00,82.091,82.554,81.923,82.278,633217,0
2014-02-13,21:00:00,82.268,82.337,82.14,82.219,357170,0
2014-02-13,22:00:00,82.199,82.278,82.012,82.17,739998,0
2014-02-14,16:00:00,82.002,82.426,81.845,82.416,207288,0
2014-02-14,17:00:00,82.416,83.264,82.278,82.87,640595,0
2014-02-14,18:00:00,82.889,83.126,82.722,82.85,373065,0
2014-02-14,19:00:00,82.82,82.88,82.702,82.87,336395,0
2014-02-14,20:00:00,82.87,83.146,82.83,82.978,263943,0
2014-02-14,21:00:00,82.968,83.264,82.968,83.224,289705,0
2014-02-14,22:00:00,83.224,83.303,83.037,83.254,1298691,0
2014-02-18,16:00:00,83.767,84.102,83.017,83.126,320988,0
2014-02-18,17:00:00,83.096,83.52,82.82,83.155,652071,0
2014-02-18,18:00:00,83.136,83.924,83.136,83.885,660078,0
2014-02-18,19:00:00,83.865,84.082,83.776,83.983,345255,0
2014-02-18,20:00:00,83.983,84.033,83.796,83.836,286469,0
2014-02-18,21:00:00,83.845,84.121,83.836,84.023,470931,0
2014-02-18,22:00:00,84.023,84.171,83.855,84.102,946981,0
2014-02-19,16:00:00,83.767,84.506,83.629,83.954,457546,0
2014-02-19,17:00:00,83.974,84.624,83.895,84.535,530667,0
2014-02-19,18:00:00,84.525,84.861,84.082,84.092,452584,0
2014-02-19,19:00:00,84.082,84.269,83.619,83.707,537364,0
2014-02-19,20:00:00,83.698,84.033,83.668,83.885,308023,0
2014-02-19,21:00:00,83.895,83.914,83.53,83.845,584164,0
2014-02-19,22:00:00,83.836,83.855,82.919,83.067,1610218,0
2014-02-20,16:00:00,83.106,83.382,82.535,82.594,775068,0
2014-02-20,17:00:00,82.574,83.993,82.268,83.648,803475,0
2014-02-20,18:00:00,83.668,84.269,83.668,83.983,444420,0
2014-02-20,19:00:00,83.974,84.466,83.845,84.121,355939,0
2014-02-20,20:00:00,84.131,84.663,84.121,84.516,304003,0
2014-02-20,21:00:00,84.516,84.663,84.309,84.575,452140,0
2014-02-20,22:00:00,84.575,84.999,84.525,84.565,2935542,0
2014-02-21,16:00:00,85.117,85.215,84.663,84.861,469630,0
2014-02-21,17:00:00,84.89,85.541,84.89,85.324,553722,0
2014-02-21,18:00:00,85.334,85.452,84.92,84.959,457252,0
2014-02-21,19:00:00,84.939,84.969,84.555,84.762,311600,0
2014-02-21,20:00:00,84.752,84.87,84.545,84.861,300410,0
2014-02-21,21:00:00,84.861,84.89,84.358,84.762,376626,0
2014-02-21,22:00:00,84.762,84.92,84.407,84.417,1037719,0
2014-02-24,16:00:00,84.466,85.413,84.378,85.235,226394,0
2014-02-24,17:00:00,85.294,85.846,85.058,85.777,431480,0
2014-02-24,18:00:00,85.787,85.807,85.481,85.491,371512,0
2014-02-24,19:00:00,85.511,85.6,85.432,85.442,201516,0
2014-02-24,20:00:00,85.432,85.629,85.245,85.324,300341,0
2014-02-24,21:00:00,85.324,85.511,85.196,85.215,427457,0
2014-02-24,22:00:00,85.196,85.265,84.723,84.732,1406542,0
2014-02-25,16:00:00,84.663,84.742,84.171,84.417,245490,0
2014-02-25,17:00:00,84.368,85.146,84.249,85.077,481867,0
2014-02-25,18:00:00,85.087,85.127,84.693,84.841,379326,0
2014-02-25,19:00:00,84.861,85.058,84.831,85.028,248986,0
2014-02-25,20:00:00,85.038,85.472,85.028,85.028,363691,0
2014-02-25,21:00:00,85.038,85.284,84.821,85.196,280229,0
2014-02-25,22:00:00,85.196,85.235,85.028,85.058,1483738,0
2014-02-26,16:00:00,85.146,85.432,84.939,84.989,247582,0
2014-02-26,17:00:00,85.018,85.915,84.949,85.748,475338,0
2014-02-26,18:00:00,85.738,85.836,85.511,85.817,344612,0
2014-02-26,19:00:00,85.807,86.171,85.748,85.925,288137,0
2014-02-26,20:00:00,85.915,85.974,85.797,85.886,315505,0
2014-02-26,21:00:00,85.886,85.935,85.639,85.856,491197,0
2014-02-26,22:00:00,85.846,86.24,85.757,86.162,1096127,0
2014-02-27,16:00:00,86.231,86.34,85.775,85.993,370252,0
2014-02-27,17:00:00,86.013,86.668,85.834,86.559,535391,0
2014-02-27,18:00:00,86.568,86.797,86.489,86.688,479262,0
2014-02-27,19:00:00,86.678,86.757,86.509,86.628,281171,0
2014-02-27,20:00:00,86.618,87.005,86.568,86.836,335728,0
2014-02-27,21:00:00,86.846,87.134,86.787,87.075,565718,0
2014-02-27,22:00:00,87.075,87.253,86.985,87.204,3414227,0
2014-02-28,16:00:00,86.975,87.829,86.975,87.64,435279,0
2014-02-28,17:00:00,87.64,88.206,87.63,88.077,465668,0
2014-02-28,18:00:00,88.087,88.514,87.869,88.444,341954,0
2014-02-28,19:00:00,88.444,88.444,87.938,88.057,389170,0
2014-02-28,20:00:00,88.047,88.365,87.898,87.898,298090,0
2014-02-28,21:00:00,87.908,87.928,87.372,87.501,299539,0
2014-02-28,22:00:00,87.501,87.541,87.015,87.412,4047940,0
2014-03-03,16:00:00,86.618,87.481,86.38,87.025,318821,0
2014-03-03,17:00:00,87.015,87.223,86.559,86.936,342036,0
2014-03-03,18:00:00,86.955,86.955,86.39,86.697,300102,0
2014-03-03,19:00:00,86.697,87.194,86.588,86.975,222078,0
2014-03-03,20:00:00,86.965,87.571,86.955,87.521,215461,0
2014-03-03,21:00:00,87.521,87.541,87.174,87.472,274056,0
2014-03-03,22:00:00,87.472,87.809,87.462,87.799,1769111,0
2014-03-04,16:00:00,88.95,89.119,88.186,88.414,301057,0
2014-03-04,17:00:00,88.404,88.742,88.365,88.722,384763,0
2014-03-04,18:00:00,88.722,88.851,88.504,88.732,358103,0
2014-03-04,19:00:00,88.742,89,88.702,88.99,268056,0
2014-03-04,20:00:00,88.98,89.119,88.613,88.782,255679,0
2014-03-04,21:00:00,88.772,89.01,88.682,88.94,267482,0
2014-03-04,22:00:00,88.94,89.089,88.851,89,1745905,0
2014-03-05,16:00:00,88.96,89.536,88.851,89.099,609498,0
2014-03-05,17:00:00,89.139,89.585,89.04,89.437,564844,0
2014-03-05,18:00:00,89.437,89.675,89.288,89.506,484729,0
2014-03-05,19:00:00,89.506,89.585,89.03,89.109,463162,0
2014-03-05,20:00:00,89.089,89.417,89.079,89.327,301822,0
2014-03-05,21:00:00,89.337,89.536,89.327,89.357,345471,0
2014-03-05,22:00:00,89.367,89.506,89.278,89.417,818781,0
2014-03-06,16:00:00,89.883,90.866,89.883,90.687,418881,0
2014-03-06,17:00:00,90.697,91.124,90.558,91.074,764186,0
2014-03-06,18:00:00,91.064,91.243,90.995,91.153,550880,0
2014-03-06,19:00:00,91.153,91.193,90.756,90.895,569782,0
2014-03-06,20:00:00,90.885,90.895,89.853,89.913,842703,0
2014-03-06,21:00:00,89.913,90.379,89.843,90.33,517906,0
2014-03-06,22:00:00,90.34,90.647,90.32,90.369,1790914,0
2014-03-07,16:00:00,90.618,90.876,90.161,90.23,236381,0
2014-03-07,17:00:00,90.221,90.528,90.131,90.141,335192,0
2014-03-07,18:00:00,90.141,90.141,89.625,89.953,389801,0
2014-03-07,19:00:00,89.953,90.052,89.853,89.923,246510,0
2014-03-07,20:00:00,89.923,89.933,89.615,89.913,379794,0
2014-03-07,21:00:00,89.913,90.072,89.804,90.042,543643,0
2014-03-07,22:00:00,90.022,90.25,89.893,90.211,1085375,0
2014-03-10,15:00:00,89.923,90.211,89.317,89.903,409151,0
2014-03-10,16:00:00,89.923,89.943,89.446,89.595,492158,0
2014-03-10,17:00:00,89.585,89.665,89.357,89.516,459645,0
2014-03-10,18:00:00,89.506,89.744,89.476,89.714,313670,0
2014-03-10,19:00:00,89.704,89.913,89.635,89.804,197703,0
2014-03-10,20:00:00,89.794,90.111,89.774,90.092,232211,0
2014-03-10,21:00:00,90.082,90.479,89.943,90.34,556224,0
2014-03-11,15:00:00,90.419,90.498,89.863,90.211,245869,0
2014-03-11,16:00:00,90.201,90.518,90.002,90.488,396441,0
2014-03-11,17:00:00,90.508,90.895,90.469,90.469,416150,0
2014-03-11,18:00:00,90.488,90.488,90.022,90.27,320522,0
2014-03-11,19:00:00,90.26,90.518,90.012,90.498,343217,0
2014-03-11,20:00:00,90.498,90.548,89.843,89.893,480149,0
2014-03-11,21:00:00,89.873,90.082,89.615,89.754,1658776,0
2014-03-12,15:00:00,89.208,89.496,88.762,89.139,272633,0
2014-03-12,16:00:00,89.129,90.042,88.901,90.042,438476,0
2014-03-12,17:00:00,90.032,90.141,89.675,89.685,243575,0
2014-03-12,18:00:00,89.685,89.824,89.546,89.804,161549,0
2014-03-12,19:00:00,89.784,89.794,89.566,89.605,146227,0
2014-03-12,20:00:00,89.605,89.645,89.496,89.546,235069,0
2014-03-12,21:00:00,89.556,89.774,89.476,89.476,3599167,0
2014-03-13,15:00:00,89.972,90.26,89.833,90.161,305849,0
2014-03-13,16:00:00,90.161,90.33,89.843,89.843,331593,0
2014-03-13,17:00:00,89.853,89.963,89.635,89.655,263942,0
2014-03-13,18:00:00,89.665,89.724,88.722,88.861,499296,0
2014-03-13,19:00:00,88.871,88.871,88.325,88.643,464775,0
2014-03-13,20:00:00,88.643,88.722,88.335,88.394,510623,0
2014-03-13,21:00:00,88.404,88.593,88.156,88.355,1145604,0
2014-03-14,15:00:00,88.424,89.407,88.186,88.782,237855,0
2014-03-14,16:00:00,88.831,88.95,88.504,88.623,631457,0
2014-03-14,17:00:00,88.662,88.96,88.127,88.732,450159,0
2014-03-14,18:00:00,88.732,88.92,88.444,88.821,336192,0
2014-03-14,19:00:00,88.831,89.129,88.742,89.02,261065,0
2014-03-14,20:00:00,89.069,89.149,88.524,88.524,285920,0
2014-03-14,21:00:00,88.524,88.583,88.057,88.246,963458,0
2014-03-17,15:00:00,88.891,89.744,88.831,89.595,234991,0
2014-03-17,16:00:00,89.595,90.022,89.188,89.238,359784,0
2014-03-17,17:00:00,89.228,89.754,89.129,89.744,280674,0
2014-03-17,18:00:00,89.764,90.171,89.744,90.121,277125,0
2014-03-17,19:00:00,90.121,90.33,90.101,90.28,253348,0
2014-03-17,20:00:00,90.28,90.33,90.141,90.211,324369,0
2014-03-17,21:00:00,90.221,90.23,89.833,89.913,750001,0
2014-03-18,15:00:00,90.072,90.32,89.863,90.27,126164,0
2014-03-18,16:00:00,90.28,90.419,90.082,90.121,304242,0
2014-03-18,17:00:00,90.121,90.379,90.042,90.29,228447,0
2014-03-18,18:00:00,90.29,90.32,90.092,90.221,240132,0
2014-03-18,19:00:00,90.221,90.29,90.101,90.29,2144954,0
2014-03-18,20:00:00,90.3,90.33,90.191,90.221,271974,0
2014-03-18,21:00:00,90.23,90.25,89.883,90.012,927785,0
2014-03-19,15:00:00,90.062,90.161,89.268,89.685,390338,0
2014-03-19,16:00:00,89.714,90.111,89.645,89.913,366246,0
2014-03-19,17:00:00,89.913,90.062,89.605,89.645,280814,0
2014-03-19,18:00:00,89.645,89.714,89.357,89.556,415285,0
2014-03-19,19:00:00,89.556,89.625,89.04,89.04,349211,0
2014-03-19,20:00:00,89.03,89.169,88.325,89.02,831539,0
2014-03-19,21:00:00,89.02,89.129,88.186,89.02,1527020,0
2014-03-20,15:00:00,88.782,89.367,88.573,89.298,268195,0
2014-03-20,16:00:00,89.347,89.506,89.099,89.228,473666,0
2014-03-20,17:00:00,89.258,89.466,89.208,89.407,320645,0
2014-03-20,18:00:00,89.397,89.595,89.377,89.536,244359,0
2014-03-20,19:00:00,89.536,89.566,89.357,89.496,193770,0
2014-03-20,20:00:00,89.496,89.615,89.486,89.546,279853,0
2014-03-20,21:00:00,89.546,89.585,89.407,89.575,718499,0
2014-03-21,15:00:00,89.863,90.042,89.556,89.804,4907903,0
2014-03-21,16:00:00,89.814,89.933,89.635,89.893,405407,0
2014-03-21,17:00:00,89.913,89.972,89.724,89.764,319681,0
2014-03-21,18:00:00,89.764,89.933,89.724,89.824,229765,0
2014-03-21,19:00:00,89.824,89.824,89.397,89.486,249198,0
2014-03-21,20:00:00,89.476,89.774,89.298,89.685,488625,0
2014-03-21,21:00:00,89.675,89.685,89.268,89.357,2719456,0
2014-03-24,15:00:00,89.833,90.211,89.367,89.824,276072,0
2014-03-24,16:00:00,89.824,89.824,88.772,88.891,458032,0
2014-03-24,17:00:00,88.881,88.881,88.444,88.712,376854,0
2014-03-24,18:00:00,88.702,88.861,88.454,88.623,192143,0
2014-03-24,19:00:00,88.643,89.049,88.573,89.04,227310,0
2014-03-24,20:00:00,89.03,89.228,88.93,88.94,377150,0
2014-03-24,21:00:00,88.96,89.466,88.851,88.891,6239070,0
2014-03-25,15:00:00,89.625,90.389,89.585,90.379,327158,0
2014-03-25,16:00:00,90.399,90.737,90.25,90.369,556373,0
2014-03-25,17:00:00,90.359,90.786,90.34,90.479,424596,0
2014-03-25,18:00:00,90.508,90.538,89.923,90.131,444348,0
2014-03-25,19:00:00,90.131,90.359,90.101,90.28,436483,0
2014-03-25,20:00:00,90.29,90.498,90.062,90.26,421807,0
2014-03-25,21:00:00,90.27,90.369,89.853,89.883,1188100,0
2014-03-26,15:00:00,90.677,90.677,90.052,90.26,213209,0
2014-03-26,16:00:00,90.211,90.548,90.032,90.082,247591,0
2014-03-26,17:00:00,90.082,90.469,90.052,90.389,335360,0
2014-03-26,18:00:00,90.369,90.369,90.141,90.32,241285,0
2014-03-26,19:00:00,90.32,90.33,89.566,89.754,327396,0
2014-03-26,20:00:00,89.754,89.774,89.317,89.695,379158,0
2014-03-26,21:00:00,89.704,89.833,89.179,89.198,1089012,0
2014-03-27,15:00:00,89.059,89.109,88.285,88.484,312735,0
2014-03-27,16:00:00,88.484,88.762,88.097,88.127,467773,0
2014-03-27,17:00:00,88.127,88.156,86.707,87.164,842752,0
2014-03-27,18:00:00,87.174,87.64,86.906,87.64,644667,0
2014-03-27,19:00:00,87.63,87.948,87.035,87.065,532783,0
2014-03-27,20:00:00,87.085,87.144,86.876,86.995,709870,0
2014-03-27,21:00:00,86.995,87.035,86.678,86.697,2443328,0
2014-03-28,15:00:00,86.608,87.69,86.539,87.67,317096,0
2014-03-28,16:00:00,87.7,88.097,87.501,87.68,479612,0
2014-03-28,17:00:00,87.7,87.74,87.392,87.472,256918,0
2014-03-28,18:00:00,87.472,87.591,87.432,87.521,201030,0
2014-03-28,19:00:00,87.521,87.7,87.402,87.541,228240,0
2014-03-28,20:00:00,87.511,87.68,87.184,87.591,382785,0
2014-03-28,21:00:00,87.601,87.789,87.521,87.71,908068,0
2014-03-31,16:00:00,88.861,89,88.196,88.702,283710,0
2014-03-31,17:00:00,88.692,89.099,88.553,88.702,298967,0
2014-03-31,18:00:00,88.702,88.702,88.375,88.375,301833,0
2014-03-31,19:00:00,88.394,88.891,88.394,88.434,303941,0
2014-03-31,20:00:00,88.444,88.583,88.097,88.166,273095,0
2014-03-31,21:00:00,88.156,88.454,88.136,88.186,329529,0
2014-03-31,22:00:00,88.186,88.335,88.127,88.265,874532,0
2014-04-01,16:00:00,88.474,88.484,88.117,88.365,543745,0
2014-04-01,17:00:00,88.365,88.394,88.166,88.275,684027,0
2014-04-01,18:00:00,88.275,88.335,87.948,88.037,363415,0
2014-04-01,19:00:00,88.027,88.365,87.988,88.166,252037,0
2014-04-01,20:00:00,88.176,88.176,87.829,88.017,298195,0
2014-04-01,21:00:00,88.007,88.027,87.888,87.988,499162,0
2014-04-01,22:00:00,87.988,88.136,87.819,88.097,1191418,0
2014-04-02,16:00:00,88.186,88.186,87.928,88.077,365744,0
2014-04-02,17:00:00,88.087,88.831,88.057,88.732,427543,0
2014-04-02,18:00:00,88.732,89.049,88.702,89.01,336916,0
2014-04-02,19:00:00,89.02,89.238,88.891,89.208,234137,0
2014-04-02,20:00:00,89.198,89.198,88.772,88.95,174806,0
2014-04-02,21:00:00,88.97,89.308,88.97,89.308,256940,0
2014-04-02,22:00:00,89.308,89.635,89.288,89.585,698543,0
2014-04-03,16:00:00,89.387,90.221,89.387,90.121,238347,0
2014-04-03,17:00:00,90.131,90.171,89.556,89.724,409950,0
2014-04-03,18:00:00,89.734,89.893,89.278,89.288,261921,0
2014-04-03,19:00:00,89.278,89.367,89.169,89.179,222999,0
2014-04-03,20:00:00,89.179,89.764,89.119,89.744,309400,0
2014-04-03,21:00:00,89.744,89.833,89.387,89.734,288533,0
2014-04-03,22:00:00,89.754,89.883,89.695,89.774,1284738,0
2014-04-04,16:00:00,91.163,91.173,90.032,90.419,217419,0
2014-04-04,17:00:00,90.429,91.005,90.35,90.419,800753,0
2014-04-04,18:00:00,90.399,90.409,89.069,89.417,315085,0
2014-04-04,19:00:00,89.397,89.427,88.871,89.02,380869,0
2014-04-04,20:00:00,88.98,89.099,88.514,88.643,315293,0
2014-04-04,21:00:00,88.643,88.762,88.305,88.583,366214,0
2014-04-04,22:00:00,88.573,88.653,88.335,88.355,1127910,0
2014-04-07,16:00:00,88.057,88.404,87.005,88.394,396503,0
2014-04-07,17:00:00,88.414,88.414,87.204,87.243,671250,0
2014-04-07,18:00:00,87.253,87.531,86.32,86.35,755691,0
2014-04-07,19:00:00,86.38,86.529,86.102,86.281,640360,0
2014-04-07,20:00:00,86.3,86.33,85.844,86.32,538949,0
2014-04-07,21:00:00,86.32,86.896,86.181,86.846,562581,0
2014-04-07,22:00:00,86.846,87.124,86.42,86.459,1058466,0
2014-04-08,16:00:00,86.489,87.114,86.132,86.251,414197,0
2014-04-08,17:00:00,86.251,86.549,85.844,86.31,685299,0
2014-04-08,18:00:00,86.32,86.946,86.191,86.628,681081,0
2014-04-08,19:00:00,86.628,86.826,86.4,86.42,329029,0
2014-04-08,20:00:00,86.439,86.846,86.42,86.727,368238,0
2014-04-08,21:00:00,86.727,86.737,86.181,86.628,408984,0
2014-04-08,22:00:00,86.618,86.737,86.32,86.38,874499,0
2014-04-09,16:00:00,86.598,87.124,86.251,86.539,259077,0
2014-04-09,17:00:00,86.578,87.283,86.37,87.243,599852,0
2014-04-09,18:00:00,87.243,87.521,86.896,87.442,429977,0
2014-04-09,19:00:00,87.452,87.69,87.223,87.541,276714,0
2014-04-09,20:00:00,87.551,87.819,87.432,87.73,330213,0
2014-04-09,21:00:00,87.73,88.375,87.73,87.869,487384,0
2014-04-09,22:00:00,87.869,88.077,87.749,87.869,1633533,0
2014-04-10,16:00:00,88.256,88.256,87.382,87.511,386275,0
2014-04-10,17:00:00,87.511,87.72,87.293,87.293,584755,0
2014-04-10,18:00:00,87.263,87.501,86.767,87.005,557562,0
2014-04-10,19:00:00,86.995,87.144,86.598,86.955,402944,0
2014-04-10,20:00:00,86.955,87.263,86.688,87.263,497608,0
2014-04-10,21:00:00,87.243,87.869,87.075,87.075,605174,0
2014-04-10,22:00:00,87.065,87.154,86.509,86.717,1600169,0
2014-04-11,16:00:00,84.752,87.571,84.752,87.174,401809,0
2014-04-11,17:00:00,87.134,87.293,86.281,87.104,852134,0
2014-04-11,18:00:00,87.114,87.362,86.688,86.995,721370,0
2014-04-11,19:00:00,87.025,87.352,86.717,86.916,349191,0
2014-04-11,20:00:00,86.946,86.946,86.41,86.638,337256,0
2014-04-11,21:00:00,86.648,86.797,86.191,86.598,460141,0
2014-04-11,22:00:00,86.598,87.094,86.43,86.449,1163950,0
2014-04-14,16:00:00,87.194,87.372,86.747,87.174,250175,0
2014-04-14,17:00:00,87.134,87.898,86.906,87.888,766344,0
2014-04-14,18:00:00,87.878,87.898,86.866,86.916,288980,0
2014-04-14,19:00:00,86.926,87.273,86.886,87.214,176979,0
2014-04-14,20:00:00,87.194,87.521,87.094,87.412,381240,0
2014-04-14,21:00:00,87.402,87.511,87.124,87.204,321705,0
2014-04-14,22:00:00,87.204,87.551,86.817,87.481,1093984,0
2014-04-15,16:00:00,87.749,88.404,87.66,87.968,360024,0
2014-04-15,17:00:00,87.948,88.563,87.591,88.136,959444,0
2014-04-15,18:00:00,88.107,88.275,87.62,87.799,453142,0
2014-04-15,19:00:00,87.779,87.938,87.283,87.422,540546,0
2014-04-15,20:00:00,87.412,88.375,87.134,88.355,359892,0
2014-04-15,21:00:00,88.365,88.95,88.206,88.722,496188,0
2014-04-15,22:00:00,88.712,88.99,88.504,88.871,1931167,0
2014-04-16,16:00:00,90.697,91.411,89.675,90.27,667211,0
2014-04-16,17:00:00,90.3,90.528,89.625,90.012,802142,0
2014-04-16,18:00:00,90.022,90.945,89.744,90.856,444431,0
2014-04-16,19:00:00,90.866,91.114,90.479,90.479,429946,0
2014-04-16,20:00:00,90.469,90.836,90.359,90.806,283281,0
2014-04-16,21:00:00,90.806,90.915,90.558,90.796,421318,0
2014-04-16,22:00:00,90.796,90.925,90.558,90.766,2331656,0
2014-04-17,16:00:00,89.744,91.282,89.744,91.064,1080522,0
2014-04-17,17:00:00,91.074,91.421,90.707,90.935,1194754,0
2014-04-17,18:00:00,90.935,91.064,90.816,90.905,552823,0
2014-04-17,19:00:00,90.895,91.302,90.826,91.282,370172,0
2014-04-17,20:00:00,91.273,91.61,91.273,91.55,239729,0
2014-04-17,21:00:00,91.57,91.719,91.402,91.471,247155,0
2014-04-17,22:00:00,91.471,91.789,91.392,91.411,462738,0
2014-04-21,16:00:00,91.282,92.354,91.104,91.997,241455,0
2014-04-21,17:00:00,91.977,92.255,91.124,91.173,601822,0
2014-04-21,18:00:00,91.173,91.56,91.134,91.56,205340,0
2014-04-21,19:00:00,91.56,91.828,91.491,91.511,268788,0
2014-04-21,20:00:00,91.491,91.59,91.243,91.471,226760,0
2014-04-21,21:00:00,91.491,91.779,91.461,91.669,339011,0
2014-04-21,22:00:00,91.689,91.769,91.471,91.54,856071,0
2014-04-22,16:00:00,92.324,92.761,91.61,92.731,310432,0
2014-04-22,17:00:00,92.751,93.277,92.672,93.198,863871,0
2014-04-22,18:00:00,93.178,93.198,92.692,92.721,268806,0
2014-04-22,19:00:00,92.751,92.979,92.692,92.9,181924,0
2014-04-22,20:00:00,92.89,92.97,92.731,92.96,192655,0
2014-04-22,21:00:00,92.95,92.989,92.811,92.89,317413,0
2014-04-22,22:00:00,92.86,92.92,92.503,92.563,1071996,0
2014-04-23,16:00:00,92.275,93.188,92.116,92.156,584250,0
2014-04-23,17:00:00,92.116,92.205,90.995,91.55,1020220,0
2014-04-23,18:00:00,91.58,91.729,90.895,91.163,648729,0
2014-04-23,19:00:00,91.173,91.54,91.014,91.411,424572,0
2014-04-23,20:00:00,91.421,91.63,91.352,91.63,362110,0
2014-04-23,21:00:00,91.64,91.769,91.511,91.699,409817,0
2014-04-23,22:00:00,91.689,91.798,91.57,91.6,1085142,0
2014-04-24,16:00:00,92.02,92.02,90.86,90.96,265055,0
2014-04-24,17:00:00,90.96,91.79,90.79,91.75,470830,0
2014-04-24,18:00:00,91.74,92.2,91.67,91.89,255456,0
2014-04-24,19:00:00,91.89,92.05,91.85,91.89,182494,0
2014-04-24,20:00:00,91.9,92.09,91.54,91.59,204087,0
2014-04-24,21:00:00,91.6,92,91.56,91.71,328526,0
2014-04-24,22:00:00,91.72,91.82,91.43,91.48,1199499,0
2014-04-25,16:00:00,91.35,91.48,90.79,90.87,572011,0
2014-04-25,17:00:00,90.85,91.39,90.73,91,1070717,0
2014-04-25,18:00:00,91,91.56,90.82,91.37,288636,0
2014-04-25,19:00:00,91.38,91.59,91.07,91.12,229847,0
2014-04-25,20:00:00,91.12,91.2,90.89,90.97,315291,0
2014-04-25,21:00:00,90.95,91.11,90.67,90.94,313474,0
2014-04-25,22:00:00,90.93,91.28,90.86,91.05,562918,0
2014-04-28,16:00:00,91.74,91.93,90.78,91.27,286231,0
2014-04-28,17:00:00,91.29,91.46,91.01,91.21,494972,0
2014-04-28,18:00:00,91.18,91.34,90.33,90.58,532264,0
2014-04-28,19:00:00,90.58,90.76,90.37,90.49,442215,0
2014-04-28,20:00:00,90.48,90.5,89.87,90.37,537272,0
2014-04-28,21:00:00,90.39,90.8,90.13,90.54,323777,0
2014-04-28,22:00:00,90.55,91.19,90.5,90.74,2200607,0
2014-04-29,16:00:00,90.22,90.63,89.75,90.23,919680,0
2014-04-29,17:00:00,90.27,91.59,89.99,91.53,1417049,0
2014-04-29,18:00:00,91.55,92.55,90.3,91.07,1637417,0
2014-04-29,19:00:00,91.09,91.15,90.62,90.94,488603,0
2014-04-29,20:00:00,90.96,91.07,90.67,90.96,370437,0
2014-04-29,21:00:00,90.97,91.06,90.38,90.6,586681,0
2014-04-29,22:00:00,90.61,91.01,90.47,90.97,2987544,0
2014-04-30,16:00:00,91.17,91.86,90.86,91.57,491132,0
2014-04-30,17:00:00,91.59,91.81,91.27,91.4,945239,0
2014-04-30,18:00:00,91.42,92.29,90.98,92.01,754987,0
2014-04-30,19:00:00,92,92.92,91.9,92.92,650911,0
2014-04-30,20:00:00,92.92,93.41,92.78,92.99,1128528,0
2014-04-30,21:00:00,92.97,93.31,92.65,92.87,555678,0
2014-04-30,22:00:00,92.89,92.9,92.41,92.5,5817309,0
2014-05-01,16:00:00,92.79,92.83,92.23,92.37,260098,0
2014-05-01,17:00:00,92.47,92.69,92.12,92.56,404413,0
2014-05-01,18:00:00,92.57,92.66,92.35,92.5,254101,0
2014-05-01,19:00:00,92.48,92.59,92.1,92.28,238585,0
2014-05-01,20:00:00,92.25,92.37,91.87,91.95,314288,0
2014-05-01,21:00:00,91.97,92.27,91.9,92.11,312236,0
2014-05-01,22:00:00,92.11,92.42,92.1,92.42,695758,0
2014-05-02,16:00:00,92.09,93.18,92,93.02,180694,0
2014-05-02,17:00:00,93,93.1,92.32,92.54,415688,0
2014-05-02,18:00:00,92.51,92.75,92.18,92.49,274483,0
2014-05-02,19:00:00,92.5,92.6,92.41,92.49,261767,0
2014-05-02,20:00:00,92.5,92.59,92.34,92.46,195618,0
2014-05-02,21:00:00,92.45,92.51,92.18,92.4,294655,0
2014-05-02,22:00:00,92.41,92.54,92.37,92.4,878042,0
2014-05-05,16:00:00,92.21,92.89,92.12,92.82,624634,0
2014-05-05,17:00:00,92.85,93.35,92.51,93.31,337502,0
2014-05-05,18:00:00,93.33,93.48,93.22,93.3,334069,0
2014-05-05,19:00:00,93.34,93.89,93.26,93.68,337100,0
2014-05-05,20:00:00,93.68,93.73,93.51,93.6,274295,0
2014-05-05,21:00:00,93.6,94.04,93.57,93.97,289991,0
2014-05-05,22:00:00,93.97,93.98,93.53,93.66,880412,0
2014-05-06,16:00:00,93.4,93.79,92.97,93.76,292567,0
2014-05-06,17:00:00,93.74,94.1,93.46,93.61,410724,0
2014-05-06,18:00:00,93.61,94.41,93.47,94.4,320344,0
2014-05-06,19:00:00,94.4,94.43,94.13,94.21,216918,0
2014-05-06,20:00:00,94.22,94.22,93.79,93.9,212298,0
2014-05-06,21:00:00,93.89,94.13,93.79,93.96,307698,0
2014-05-06,22:00:00,93.97,94.22,93.87,94.05,886195,0
2014-05-07,16:00:00,94.39,94.84,94.2,94.22,199282,0
2014-05-07,17:00:00,94.24,94.81,93.93,94.57,467968,0
2014-05-07,18:00:00,94.57,95.33,94.49,95.15,315284,0
2014-05-07,19:00:00,95.13,95.38,95.02,95.21,327595,0
2014-05-07,20:00:00,95.2,95.39,94.99,94.99,261336,0
2014-05-07,21:00:00,95,95.57,94.93,95.5,389936,0
2014-05-07,22:00:00,95.5,95.81,95.39,95.77,1126649,0
