Date,Time,Open,High,Low,Close,Volume,OpenInt
2014-02-10,16:00:00,32.4247,32.4247,32.0865,32.3451,128248,0
2014-02-10,17:00:00,32.3352,32.6435,32.3352,32.6236,124999,0
2014-02-10,18:00:00,32.6236,32.6236,32.5142,32.5242,43048,0
2014-02-10,19:00:00,32.5441,32.554,32.4247,32.4844,64569,0
2014-02-10,20:00:00,32.4943,32.6236,32.4844,32.5838,59264,0
2014-02-10,21:00:00,32.5739,32.6435,32.5739,32.6037,60559,0
2014-02-10,22:00:00,32.6037,32.6435,32.5739,32.5938,176846,0
2014-02-11,16:00:00,32.5142,32.7927,32.4943,32.6634,33095,0
2014-02-11,17:00:00,32.6634,32.8623,32.6634,32.8027,75601,0
2014-02-11,18:00:00,32.8126,32.9916,32.7828,32.9419,52842,0
2014-02-11,19:00:00,32.9618,33.0016,32.8922,32.9419,37956,0
2014-02-11,20:00:00,32.9717,33.0911,32.9519,32.9519,69152,0
2014-02-11,21:00:00,32.9717,32.9817,32.9121,32.9717,41033,0
2014-02-11,22:00:00,32.9618,32.9916,32.922,32.9618,209168,0
2014-02-12,16:00:00,33.0115,33.2105,32.9817,33.1906,22750,0
2014-02-12,17:00:00,33.2204,33.3099,32.932,32.9817,155575,0
2014-02-12,18:00:00,32.9916,33.0115,32.8723,32.9021,54010,0
2014-02-12,19:00:00,32.8822,33.0613,32.8623,33.0215,47743,0
2014-02-12,20:00:00,33.0215,33.1011,33.0215,33.0812,38685,0
2014-02-12,21:00:00,33.0812,33.0812,32.8226,32.8524,63267,0
2014-02-12,22:00:00,32.8822,33.0115,32.8325,33.0016,173872,0
2014-02-13,16:00:00,32.8226,33.1707,32.8226,33.1209,68998,0
2014-02-13,17:00:00,33.1607,33.3895,33.1408,33.2602,57438,0
2014-02-13,18:00:00,33.2801,33.3199,33.1508,33.2701,110798,0
2014-02-13,19:00:00,33.2701,33.3497,33.2403,33.3199,23160,0
2014-02-13,20:00:00,33.3199,33.4591,33.3099,33.4392,37061,0
2014-02-13,21:00:00,33.4492,33.5287,33.3795,33.5287,46348,0
2014-02-13,22:00:00,33.5188,33.5586,33.4691,33.5188,251935,0
2014-02-14,16:00:00,33.4591,33.5984,33.4591,33.5685,29592,0
2014-02-14,17:00:00,33.5685,33.6879,33.5088,33.6481,50166,0
2014-02-14,18:00:00,33.6481,33.6481,33.5188,33.5188,41836,0
2014-02-14,19:00:00,33.5188,33.5586,33.5088,33.5287,42112,0
2014-02-14,20:00:00,33.5287,33.6282,33.5188,33.6282,51387,0
2014-02-14,21:00:00,33.6183,33.7177,33.6183,33.6978,86285,0
2014-02-14,22:00:00,33.7078,33.7973,33.6879,33.7973,249540,0
2014-02-18,16:00:00,33.7575,34.0559,33.6978,33.9564,64031,0
2014-02-18,17:00:00,33.9067,33.9564,33.8172,33.9067,45180,0
2014-02-18,18:00:00,33.9166,34.0857,33.847,34.036,59387,0
2014-02-18,19:00:00,34.0459,34.1951,34.036,34.1852,64156,0
2014-02-18,20:00:00,34.1852,34.225,34.1553,34.1752,73701,0
2014-02-18,21:00:00,34.1752,34.3244,34.1653,34.1852,137478,0
2014-02-18,22:00:00,34.1951,34.3941,34.1653,34.3145,292154,0
2014-02-19,16:00:00,34.2349,34.4338,34.1852,34.404,55561,0
2014-02-19,17:00:00,34.3742,34.6129,34.3145,34.583,129971,0
2014-02-19,18:00:00,34.5631,34.6726,34.4438,34.583,64342,0
2014-02-19,19:00:00,34.583,34.583,34.3841,34.4836,80171,0
2014-02-19,20:00:00,34.4736,34.6825,34.4537,34.5731,52792,0
2014-02-19,21:00:00,34.5731,34.6129,34.4736,34.5035,113835,0
2014-02-19,22:00:00,34.5035,34.5035,34.1653,34.2846,347940,0
2014-02-20,16:00:00,34.2846,34.5035,34.2548,34.3145,29946,0
2014-02-20,17:00:00,34.3145,34.5433,34.2548,34.5234,45093,0
2014-02-20,18:00:00,34.4836,34.6029,34.4736,34.5333,53198,0
2014-02-20,19:00:00,34.5333,34.7621,34.5234,34.7621,50615,0
2014-02-20,20:00:00,34.7521,34.782,34.5433,34.5433,57886,0
2014-02-20,21:00:00,34.5333,34.6626,34.4537,34.6626,104341,0
2014-02-20,22:00:00,34.6527,34.7621,34.5731,34.6427,309476,0
2014-02-21,16:00:00,34.6626,34.7322,34.5333,34.5532,99486,0
2014-02-21,17:00:00,34.5731,34.6129,34.4736,34.5731,67156,0
2014-02-21,18:00:00,34.5731,34.593,34.4438,34.4438,76881,0
2014-02-21,19:00:00,34.4438,34.4935,34.3244,34.3742,56473,0
2014-02-21,20:00:00,34.3742,34.4836,34.3145,34.4537,89439,0
2014-02-21,21:00:00,34.4537,34.4736,34.3443,34.3443,99344,0
2014-02-21,22:00:00,34.3443,34.4438,34.3344,34.3642,242385,0
2014-02-24,16:00:00,34.5532,34.7123,34.3841,34.7123,55268,0
2014-02-24,17:00:00,34.7223,34.9113,34.6427,34.8317,92914,0
2014-02-24,18:00:00,34.8118,34.8914,34.7521,34.8217,91261,0
2014-02-24,19:00:00,34.8317,34.8914,34.8118,34.8615,53966,0
2014-02-24,20:00:00,34.8516,34.8814,34.782,34.7919,44503,0
2014-02-24,21:00:00,34.7919,34.7919,34.6726,34.7123,66630,0
2014-02-24,22:00:00,34.7123,34.7123,34.5731,34.593,275329,0
2014-02-25,16:00:00,34.6328,34.7322,34.4935,34.5731,79062,0
2014-02-25,17:00:00,34.583,34.7621,34.5035,34.7422,58568,0
2014-02-25,18:00:00,34.7123,34.8715,34.6825,34.7322,42694,0
2014-02-25,19:00:00,34.7621,34.782,34.6527,34.7123,34582,0
2014-02-25,20:00:00,34.6925,34.7322,34.583,34.593,34864,0
2014-02-25,21:00:00,34.593,34.6129,34.5234,34.5631,44300,0
2014-02-25,22:00:00,34.5731,34.5731,34.3941,34.5333,190293,0
2014-02-26,16:00:00,34.4239,34.6328,34.2846,34.3344,39408,0
2014-02-26,17:00:00,34.3742,34.6029,34.3244,34.5631,81309,0
2014-02-26,18:00:00,34.5433,34.5731,34.4736,34.4836,67533,0
2014-02-26,19:00:00,34.5035,34.5532,34.3941,34.4935,57903,0
2014-02-26,20:00:00,34.5134,34.5134,34.3045,34.3045,71173,0
2014-02-26,21:00:00,34.3145,34.3145,34.1553,34.215,112958,0
2014-02-26,22:00:00,34.225,34.2449,34.1255,34.215,205379,0
2014-02-27,16:00:00,34.225,34.4836,34.1454,34.2648,39273,0
2014-02-27,17:00:00,34.3145,34.3244,34.0857,34.1056,56689,0
2014-02-27,18:00:00,34.1156,34.1653,34.0459,34.0559,77689,0
2014-02-27,19:00:00,34.0658,34.0857,33.7873,33.8868,100365,0
2014-02-27,20:00:00,33.9067,33.9365,33.7973,33.9166,108318,0
2014-02-27,21:00:00,33.9166,33.9266,33.847,33.857,107664,0
2014-02-27,22:00:00,33.857,33.9266,33.8371,33.9166,316512,0
2014-02-28,16:00:00,33.9166,34.2449,33.8769,33.9166,60095,0
2014-02-28,17:00:00,33.8968,34.1852,33.8868,34.0658,107588,0
2014-02-28,18:00:00,34.0559,34.1355,33.9763,34.0559,104129,0
2014-02-28,19:00:00,34.0459,34.1056,34.0161,34.036,102020,0
2014-02-28,20:00:00,34.0459,34.1752,34.0061,34.0758,116438,0
2014-02-28,21:00:00,34.0758,34.0857,33.8172,33.8669,166773,0
2014-02-28,22:00:00,33.8669,33.8968,33.7376,33.7774,475924,0
2014-03-03,16:00:00,33.5685,33.7575,33.4691,33.5088,49133,0
2014-03-03,17:00:00,33.5387,33.5685,33.3596,33.4094,74871,0
2014-03-03,18:00:00,33.4094,33.4392,33.2403,33.2403,105595,0
2014-03-03,19:00:00,33.2403,33.4392,33.2005,33.4293,84462,0
2014-03-03,20:00:00,33.4094,33.5188,33.4094,33.4889,70669,0
2014-03-03,21:00:00,33.4989,33.5884,33.4492,33.4989,77498,0
2014-03-03,22:00:00,33.4889,33.5088,33.3398,33.3696,260902,0
2014-03-04,16:00:00,33.7674,34.036,33.7277,33.8371,52893,0
2014-03-04,17:00:00,33.8669,33.9067,33.668,33.8271,121503,0
2014-03-04,18:00:00,33.847,33.8868,33.7674,33.8271,70098,0
2014-03-04,19:00:00,33.8271,33.9067,33.7873,33.7873,53130,0
2014-03-04,20:00:00,33.7973,33.847,33.7177,33.7177,60411,0
2014-03-04,21:00:00,33.7177,33.7973,33.6978,33.7774,60005,0
2014-03-04,22:00:00,33.7774,33.8371,33.6978,33.7177,290195,0
2014-03-05,16:00:00,33.7376,33.7674,33.4591,33.4591,53629,0
2014-03-05,17:00:00,33.4889,33.6282,33.4591,33.6083,59305,0
2014-03-05,18:00:00,33.5984,33.5984,33.4492,33.5387,43142,0
2014-03-05,19:00:00,33.5387,33.5486,33.4492,33.4591,44823,0
2014-03-05,20:00:00,33.4591,33.4889,33.3298,33.3596,52580,0
2014-03-05,21:00:00,33.3696,33.4591,33.3696,33.4094,65276,0
2014-03-05,22:00:00,33.4094,33.4293,33.3099,33.3994,250650,0
2014-03-06,16:00:00,33.479,33.5884,33.2304,33.4293,48396,0
2014-03-06,17:00:00,33.4392,33.4492,33.3298,33.3497,45351,0
2014-03-06,18:00:00,33.3596,33.3895,33.3199,33.3497,62333,0
2014-03-06,19:00:00,33.3398,33.3994,33.2602,33.3099,34876,0
2014-03-06,20:00:00,33.3099,33.3497,33.2304,33.2502,39286,0
2014-03-06,21:00:00,33.2701,33.3398,33.2105,33.3199,59557,0
2014-03-06,22:00:00,33.3199,33.3795,33.1806,33.2105,307520,0
2014-03-07,16:00:00,33.3099,33.3099,32.9618,33.0414,67137,0
2014-03-07,17:00:00,33.0414,33.0812,32.8623,32.8723,41934,0
2014-03-07,18:00:00,32.8723,32.9916,32.7728,32.9618,56640,0
2014-03-07,19:00:00,32.9618,33.0712,32.932,32.9717,50256,0
2014-03-07,20:00:00,32.9717,33.0016,32.922,32.932,53283,0
2014-03-07,21:00:00,32.932,32.9717,32.8325,32.9519,75306,0
2014-03-07,22:00:00,32.9618,33.0314,32.8723,32.932,235051,0
2014-03-10,15:00:00,32.8723,32.9519,32.8226,32.8623,33877,0
2014-03-10,16:00:00,32.8524,32.8524,32.7728,32.7728,48627,0
2014-03-10,17:00:00,32.7728,32.8524,32.7231,32.733,54801,0
2014-03-10,18:00:00,32.733,32.9419,32.7231,32.9419,72009,0
2014-03-10,19:00:00,32.932,32.9618,32.8126,32.8126,53846,0
2014-03-10,20:00:00,32.8325,32.8524,32.7728,32.7927,66744,0
2014-03-10,21:00:00,32.7927,32.8623,32.7629,32.8325,235001,0
2014-03-11,15:00:00,32.94,33.03,32.69,32.7,47011,0
2014-03-11,16:00:00,32.7,32.97,32.61,32.95,70044,0
2014-03-11,17:00:00,32.95,33.05,32.93,32.97,85791,0
2014-03-11,18:00:00,32.97,32.98,32.89,32.94,65014,0
2014-03-11,19:00:00,32.92,33,32.85,32.99,54658,0
2014-03-11,20:00:00,33,33.01,32.85,32.88,102493,0
2014-03-11,21:00:00,32.88,33,32.85,32.97,230416,0
2014-03-12,15:00:00,32.94,33.05,32.82,32.98,29763,0
2014-03-12,16:00:00,33.01,33.2,32.98,33.17,73002,0
2014-03-12,17:00:00,33.17,33.32,33.11,33.25,65285,0
2014-03-12,18:00:00,33.25,33.39,33.25,33.39,65532,0
2014-03-12,19:00:00,33.38,33.39,33.33,33.35,50738,0
2014-03-12,20:00:00,33.34,33.39,33.32,33.34,74003,0
2014-03-12,21:00:00,33.33,33.49,33.33,33.49,545023,0
2014-03-13,15:00:00,33.5,33.66,33.47,33.5,50946,0
2014-03-13,16:00:00,33.5,33.6,33.41,33.48,46139,0
2014-03-13,17:00:00,33.47,33.62,33.46,33.6,56267,0
2014-03-13,18:00:00,33.62,33.62,33.52,33.54,61811,0
2014-03-13,19:00:00,33.54,33.66,33.5,33.66,76196,0
2014-03-13,20:00:00,33.67,33.68,33.55,33.57,67650,0
2014-03-13,21:00:00,33.58,33.66,33.54,33.57,253211,0
2014-03-14,15:00:00,33.52,34.05,33.38,33.93,51560,0
2014-03-14,16:00:00,33.92,34.06,33.89,34.01,58777,0
2014-03-14,17:00:00,33.98,34.06,33.91,34.06,45425,0
2014-03-14,18:00:00,34.04,34.14,33.96,34.14,90718,0
2014-03-14,19:00:00,34.14,34.16,34.02,34.08,65532,0
2014-03-14,20:00:00,34.07,34.13,33.97,33.99,70149,0
2014-03-14,21:00:00,33.98,34.1,33.98,34.06,212352,0
2014-03-17,15:00:00,34.22,34.4,34.12,34.28,40565,0
2014-03-17,16:00:00,34.32,34.39,34.19,34.21,50058,0
2014-03-17,17:00:00,34.19,34.4,34.19,34.32,175324,0
2014-03-17,18:00:00,34.31,34.34,34.25,34.29,71019,0
2014-03-17,19:00:00,34.3,34.31,34.23,34.25,69494,0
2014-03-17,20:00:00,34.25,34.33,34.23,34.23,86043,0
2014-03-17,21:00:00,34.23,34.29,34.18,34.25,320823,0
2014-03-18,15:00:00,34.23,34.4,34.12,34.37,29275,0
2014-03-18,16:00:00,34.38,34.49,34.28,34.32,80783,0
2014-03-18,17:00:00,34.35,34.5,34.32,34.47,48142,0
2014-03-18,18:00:00,34.47,34.59,34.45,34.47,76064,0
2014-03-18,19:00:00,34.46,34.51,34.43,34.44,42843,0
2014-03-18,20:00:00,34.46,34.49,34.43,34.43,64754,0
2014-03-18,21:00:00,34.46,34.46,34.3,34.35,274593,0
2014-03-19,15:00:00,34.22,34.51,34.18,34.31,29639,0
2014-03-19,16:00:00,34.31,34.35,34.17,34.21,59836,0
2014-03-19,17:00:00,34.22,34.27,33.95,33.95,139144,0
2014-03-19,18:00:00,33.96,33.97,33.8,33.88,84064,0
2014-03-19,19:00:00,33.89,34.14,33.89,34.14,134412,0
2014-03-19,20:00:00,34.13,34.13,33.9,33.98,173734,0
2014-03-19,21:00:00,33.98,33.99,33.73,33.83,417723,0
2014-03-20,15:00:00,33.74,33.77,33.5,33.5,36797,0
2014-03-20,16:00:00,33.56,33.69,33.4,33.49,153617,0
2014-03-20,17:00:00,33.5,33.5,33.27,33.28,61846,0
2014-03-20,18:00:00,33.29,33.38,33.24,33.36,53427,0
2014-03-20,19:00:00,33.37,33.45,33.33,33.37,60967,0
2014-03-20,20:00:00,33.37,33.63,33.37,33.6,95864,0
2014-03-20,21:00:00,33.59,33.61,33.48,33.59,220318,0
2014-03-21,15:00:00,33.78,34.01,33.7,33.9,55331,0
2014-03-21,16:00:00,33.9,33.93,33.7,33.84,70023,0
2014-03-21,17:00:00,33.85,34.04,33.83,33.99,62759,0
2014-03-21,18:00:00,33.99,34.04,33.91,33.91,52047,0
2014-03-21,19:00:00,33.91,33.94,33.76,33.81,97373,0
2014-03-21,20:00:00,33.81,33.85,33.74,33.74,71495,0
2014-03-21,21:00:00,33.74,33.75,33.6,33.75,1656590,0
2014-03-24,15:00:00,33.9,34,33.7,33.76,58282,0
2014-03-24,16:00:00,33.74,33.74,33.35,33.55,81122,0
2014-03-24,17:00:00,33.52,33.52,33.41,33.47,72207,0
2014-03-24,18:00:00,33.44,33.46,33.35,33.39,56722,0
2014-03-24,19:00:00,33.39,33.5,33.39,33.49,64701,0
2014-03-24,20:00:00,33.5,33.57,33.46,33.52,68577,0
2014-03-24,21:00:00,33.52,33.65,33.48,33.55,310811,0
2014-03-25,15:00:00,33.61,33.8,33.6,33.68,40820,0
2014-03-25,16:00:00,33.73,33.82,33.56,33.59,50007,0
2014-03-25,17:00:00,33.6,33.68,33.45,33.52,62483,0
2014-03-25,18:00:00,33.5,33.62,33.49,33.59,45615,0
2014-03-25,19:00:00,33.58,33.7,33.56,33.62,57071,0
2014-03-25,20:00:00,33.63,33.69,33.61,33.68,84369,0
2014-03-25,21:00:00,33.68,33.8,33.65,33.71,321689,0
2014-03-26,15:00:00,33.99,34.03,33.9,33.94,43116,0
2014-03-26,16:00:00,33.91,33.95,33.86,33.89,35055,0
2014-03-26,17:00:00,33.91,34.1,33.91,34.04,33147,0
2014-03-26,18:00:00,34.03,34.04,33.96,33.98,31462,0
2014-03-26,19:00:00,33.98,34,33.75,33.82,46881,0
2014-03-26,20:00:00,33.82,33.86,33.76,33.85,78081,0
2014-03-26,21:00:00,33.86,33.9,33.78,33.8,218004,0
2014-03-27,15:00:00,33.77,33.81,33.65,33.75,57903,0
2014-03-27,16:00:00,33.75,33.84,33.65,33.77,63714,0
2014-03-27,17:00:00,33.78,33.78,33.48,33.56,108062,0
2014-03-27,18:00:00,33.56,33.69,33.48,33.69,51534,0
2014-03-27,19:00:00,33.69,33.8,33.69,33.74,37882,0
2014-03-27,20:00:00,33.73,33.76,33.65,33.72,63516,0
2014-03-27,21:00:00,33.73,33.83,33.69,33.78,205349,0
2014-03-28,15:00:00,33.84,33.89,33.71,33.8,26926,0
2014-03-28,16:00:00,33.8,33.99,33.8,33.95,62782,0
2014-03-28,17:00:00,33.95,34,33.81,33.82,53736,0
2014-03-28,18:00:00,33.83,33.87,33.78,33.83,40127,0
2014-03-28,19:00:00,33.83,33.83,33.72,33.74,36872,0
2014-03-28,20:00:00,33.74,33.76,33.62,33.7,48693,0
2014-03-28,21:00:00,33.69,33.87,33.67,33.87,230411,0
2014-03-31,16:00:00,34.16,34.2,33.82,33.88,31013,0
2014-03-31,17:00:00,33.92,34.03,33.85,33.98,54342,0
2014-03-31,18:00:00,33.97,34.04,33.93,34.02,53698,0
2014-03-31,19:00:00,34.04,34.23,34.03,34.22,41427,0
2014-03-31,20:00:00,34.21,34.33,34.18,34.23,57549,0
2014-03-31,21:00:00,34.23,34.29,34.2,34.26,45166,0
2014-03-31,22:00:00,34.25,34.33,34.22,34.31,484981,0
2014-04-01,16:00:00,34.24,34.24,33.97,33.99,45857,0
2014-04-01,17:00:00,33.99,34.15,33.84,33.84,131442,0
2014-04-01,18:00:00,33.84,33.92,33.83,33.88,52804,0
2014-04-01,19:00:00,33.87,33.9,33.84,33.87,58725,0
2014-04-01,20:00:00,33.86,33.94,33.83,33.93,58075,0
2014-04-01,21:00:00,33.94,34.02,33.92,34.01,72300,0
2014-04-01,22:00:00,34,34.18,33.97,34.18,1192499,0
2014-04-02,16:00:00,34.2,34.55,34.06,34.32,65224,0
2014-04-02,17:00:00,34.33,34.49,34.3,34.47,68584,0
2014-04-02,18:00:00,34.46,34.57,34.45,34.54,67828,0
2014-04-02,19:00:00,34.53,34.66,34.53,34.59,60150,0
2014-04-02,20:00:00,34.58,34.61,34.54,34.56,63355,0
2014-04-02,21:00:00,34.57,34.58,34.53,34.58,63811,0
2014-04-02,22:00:00,34.58,34.74,34.56,34.74,237321,0
2014-04-03,16:00:00,34.78,34.91,34.69,34.84,34784,0
2014-04-03,17:00:00,34.81,34.84,34.69,34.81,74357,0
2014-04-03,18:00:00,34.8,34.82,34.71,34.76,48781,0
2014-04-03,19:00:00,34.77,34.85,34.77,34.79,54008,0
2014-04-03,20:00:00,34.79,34.87,34.75,34.75,68148,0
2014-04-03,21:00:00,34.75,34.78,34.72,34.76,86507,0
2014-04-03,22:00:00,34.77,34.86,34.72,34.82,247898,0
2014-04-04,16:00:00,34.81,35.15,34.81,35.15,103482,0
2014-04-04,17:00:00,35.12,35.6,35.12,35.59,93449,0
2014-04-04,18:00:00,35.6,35.6,35.29,35.34,137925,0
2014-04-04,19:00:00,35.34,35.39,35.03,35.05,115341,0
2014-04-04,20:00:00,35.06,35.07,34.89,34.9,66205,0
2014-04-04,21:00:00,34.91,34.95,34.83,34.9,96995,0
2014-04-04,22:00:00,34.89,35.12,34.85,35.06,301319,0
2014-04-07,16:00:00,34.91,35.04,34.71,34.98,55742,0
2014-04-07,17:00:00,34.99,35.04,34.78,34.83,59352,0
2014-04-07,18:00:00,34.82,35,34.82,34.92,59648,0
2014-04-07,19:00:00,34.91,34.95,34.8,34.81,53993,0
2014-04-07,20:00:00,34.81,34.82,34.64,34.65,75810,0
2014-04-07,21:00:00,34.64,34.71,34.61,34.7,101103,0
2014-04-07,22:00:00,34.71,34.72,34.63,34.66,342366,0
2014-04-08,16:00:00,34.69,34.69,34.33,34.33,40984,0
2014-04-08,17:00:00,34.34,34.4,34.19,34.31,68446,0
2014-04-08,18:00:00,34.32,34.54,34.32,34.51,59944,0
2014-04-08,19:00:00,34.51,34.55,34.45,34.45,54039,0
2014-04-08,20:00:00,34.46,34.68,34.46,34.67,51726,0
2014-04-08,21:00:00,34.67,34.68,34.49,34.5,65091,0
2014-04-08,22:00:00,34.51,34.68,34.48,34.66,198309,0
2014-04-09,16:00:00,34.72,34.76,34.54,34.6,42603,0
2014-04-09,17:00:00,34.61,34.64,34.52,34.59,37630,0
2014-04-09,18:00:00,34.59,34.6,34.39,34.45,57012,0
2014-04-09,19:00:00,34.47,34.48,34.39,34.41,61506,0
2014-04-09,20:00:00,34.41,34.47,34.32,34.47,64408,0
2014-04-09,21:00:00,34.5,34.76,34.5,34.74,74413,0
2014-04-09,22:00:00,34.74,35.01,34.72,34.98,390747,0
2014-04-10,16:00:00,35.01,35.01,34.83,34.9,17446,0
2014-04-10,17:00:00,34.85,35.01,34.7,34.7,119367,0
2014-04-10,18:00:00,34.68,34.68,34.46,34.46,66055,0
2014-04-10,19:00:00,34.45,34.47,34.23,34.23,51103,0
2014-04-10,20:00:00,34.23,34.33,34.13,34.25,56553,0
2014-04-10,21:00:00,34.25,34.39,34.22,34.28,83111,0
2014-04-10,22:00:00,34.27,34.32,34.14,34.22,222306,0
2014-04-11,16:00:00,34.08,34.2,33.93,34.2,95983,0
2014-04-11,17:00:00,34.17,34.41,34.13,34.41,60019,0
2014-04-11,18:00:00,34.41,34.46,34.24,34.28,66746,0
2014-04-11,19:00:00,34.29,34.33,34.24,34.26,49735,0
2014-04-11,20:00:00,34.26,34.26,34.13,34.16,40975,0
2014-04-11,21:00:00,34.16,34.2,33.9,33.96,94659,0
2014-04-11,22:00:00,33.96,33.99,33.85,33.88,702516,0
2014-04-14,16:00:00,34.19,34.19,33.87,34.16,37507,0
2014-04-14,17:00:00,34.16,34.27,34.1,34.22,136605,0
2014-04-14,18:00:00,34.22,34.26,34.09,34.09,207819,0
2014-04-14,19:00:00,34.1,34.53,34.1,34.52,129955,0
2014-04-14,20:00:00,34.51,34.52,34.34,34.35,57011,0
2014-04-14,21:00:00,34.34,34.38,34.3,34.34,67496,0
2014-04-14,22:00:00,34.33,34.53,34.22,34.52,378174,0
2014-04-15,16:00:00,34.52,34.86,34.45,34.79,38221,0
2014-04-15,17:00:00,34.81,34.81,34.45,34.64,73302,0
2014-04-15,18:00:00,34.64,34.74,34.56,34.67,81404,0
2014-04-15,19:00:00,34.67,34.7,34.53,34.62,96581,0
2014-04-15,20:00:00,34.61,34.75,34.55,34.71,51658,0
2014-04-15,21:00:00,34.72,34.82,34.58,34.78,57389,0
2014-04-15,22:00:00,34.77,34.92,34.76,34.89,236020,0
2014-04-16,16:00:00,35.07,35.23,34.98,34.98,24453,0
2014-04-16,17:00:00,34.98,35.11,34.95,35.08,63337,0
2014-04-16,18:00:00,35.08,35.21,35.06,35.14,46007,0
2014-04-16,19:00:00,35.15,35.21,35.14,35.14,35517,0
2014-04-16,20:00:00,35.14,35.2,35.1,35.15,45317,0
2014-04-16,21:00:00,35.15,35.23,35.1,35.21,59069,0
2014-04-16,22:00:00,35.22,35.34,35.2,35.32,258308,0
2014-04-17,16:00:00,35.32,35.48,35.23,35.32,74215,0
2014-04-17,17:00:00,35.3,35.39,35.2,35.2,58217,0
2014-04-17,18:00:00,35.18,35.22,35.11,35.17,43784,0
2014-04-17,19:00:00,35.19,35.2,35.11,35.12,24821,0
2014-04-17,20:00:00,35.1,35.16,35.03,35.13,48376,0
2014-04-17,21:00:00,35.13,35.2,35.09,35.11,48855,0
2014-04-17,22:00:00,35.11,35.16,35.08,35.08,439493,0
2014-04-21,16:00:00,35.08,35.08,34.84,35.08,21666,0
2014-04-21,17:00:00,35.1,35.18,35.07,35.11,42643,0
2014-04-21,18:00:00,35.13,35.24,35.12,35.16,42680,0
2014-04-21,19:00:00,35.17,35.19,35.01,35.03,19625,0
2014-04-21,20:00:00,35.04,35.04,34.93,34.94,29940,0
2014-04-21,21:00:00,34.95,34.98,34.87,34.96,48501,0
2014-04-21,22:00:00,34.95,34.96,34.92,34.94,81108,0
2014-04-22,16:00:00,34.9,35.07,34.77,35.04,60641,0
2014-04-22,17:00:00,35.06,35.14,34.93,35.01,64854,0
2014-04-22,18:00:00,35.01,35.15,34.97,35.14,82001,0
2014-04-22,19:00:00,35.15,35.31,35.14,35.31,61552,0
2014-04-22,20:00:00,35.31,35.45,35.28,35.41,61444,0
2014-04-22,21:00:00,35.41,35.44,35.37,35.44,64658,0
2014-04-22,22:00:00,35.43,35.6,35.42,35.58,358954,0
2014-04-23,16:00:00,35.6,35.79,35.6,35.77,32589,0
2014-04-23,17:00:00,35.73,35.93,35.72,35.82,96618,0
2014-04-23,18:00:00,35.81,35.81,35.61,35.71,58499,0
2014-04-23,19:00:00,35.71,35.71,35.54,35.57,41561,0
2014-04-23,20:00:00,35.57,35.6,35.49,35.57,36808,0
2014-04-23,21:00:00,35.57,35.59,35.45,35.52,70116,0
2014-04-23,22:00:00,35.54,35.54,35.39,35.45,241297,0
2014-04-24,16:00:00,35.62,35.62,35.38,35.43,38221,0
2014-04-24,17:00:00,35.44,35.65,35.43,35.56,88082,0
2014-04-24,18:00:00,35.56,35.87,35.51,35.87,63889,0
2014-04-24,19:00:00,35.87,35.89,35.8,35.82,111868,0
2014-04-24,20:00:00,35.83,35.85,35.76,35.81,74212,0
2014-04-24,21:00:00,35.81,35.9,35.8,35.89,87424,0
2014-04-24,22:00:00,35.88,35.93,35.83,35.93,181707,0
2014-04-25,16:00:00,35.83,35.97,35.76,35.87,45172,0
2014-04-25,17:00:00,35.87,35.95,35.76,35.77,78816,0
2014-04-25,18:00:00,35.76,35.8,35.7,35.77,52414,0
2014-04-25,19:00:00,35.75,35.83,35.74,35.82,33268,0
2014-04-25,20:00:00,35.82,35.82,35.67,35.73,53509,0
2014-04-25,21:00:00,35.73,35.74,35.64,35.71,53410,0
2014-04-25,22:00:00,35.7,35.77,35.67,35.75,168940,0
2014-04-28,16:00:00,35.93,35.93,35.66,35.66,24555,0
2014-04-28,17:00:00,35.71,35.89,35.69,35.69,39643,0
2014-04-28,18:00:00,35.72,35.79,35.55,35.55,43701,0
2014-04-28,19:00:00,35.58,35.58,35.42,35.44,48321,0
2014-04-28,20:00:00,35.43,35.43,35.21,35.33,89240,0
2014-04-28,21:00:00,35.31,35.51,35.26,35.5,65018,0
2014-04-28,22:00:00,35.51,35.76,35.49,35.75,192566,0
2014-04-29,16:00:00,35.88,35.99,35.82,35.89,18515,0
2014-04-29,17:00:00,35.89,35.97,35.72,35.74,49034,0
2014-04-29,18:00:00,35.73,35.75,35.63,35.63,38037,0
2014-04-29,19:00:00,35.67,35.68,35.56,35.63,36146,0
2014-04-29,20:00:00,35.66,35.66,35.51,35.57,47795,0
2014-04-29,21:00:00,35.57,35.59,35.48,35.49,55487,0
2014-04-29,22:00:00,35.49,35.53,35.44,35.51,207417,0
2014-04-30,16:00:00,35.41,35.48,35.33,35.43,28683,0
2014-04-30,17:00:00,35.41,35.54,35.3,35.52,104755,0
2014-04-30,18:00:00,35.53,35.53,35.34,35.52,75736,0
2014-04-30,19:00:00,35.52,35.58,35.41,35.43,98388,0
2014-04-30,20:00:00,35.43,35.47,35.27,35.28,100467,0
2014-04-30,21:00:00,35.29,35.51,35.22,35.49,160428,0
2014-04-30,22:00:00,35.49,35.57,35.38,35.42,1003849,0
2014-05-01,16:00:00,35.09,36.05,34.82,35.48,63982,0
2014-05-01,17:00:00,35.48,35.69,35.13,35.2,81465,0
2014-05-01,18:00:00,35.18,35.92,35.17,35.92,101701,0
2014-05-01,19:00:00,35.91,35.96,35.76,35.77,64486,0
2014-05-01,20:00:00,35.76,35.8,35.54,35.55,90801,0
2014-05-01,21:00:00,35.55,35.64,35.53,35.59,63761,0
2014-05-01,22:00:00,35.61,35.62,35.47,35.57,264636,0
2014-05-02,16:00:00,35.65,35.75,35.41,35.67,69864,0
2014-05-02,17:00:00,35.68,35.86,35.65,35.77,119264,0
2014-05-02,18:00:00,35.76,35.81,35.53,35.55,61870,0
2014-05-02,19:00:00,35.55,35.56,35.45,35.46,42088,0
2014-05-02,20:00:00,35.46,35.61,35.25,35.61,84338,0
2014-05-02,21:00:00,35.6,35.93,35.57,35.88,145560,0
2014-05-02,22:00:00,35.87,35.88,35.67,35.67,454480,0
2014-05-05,16:00:00,35.47,35.47,35.2,35.45,76857,0
2014-05-05,17:00:00,35.49,35.59,35.38,35.56,188115,0
2014-05-05,18:00:00,35.57,35.73,35.54,35.71,66128,0
2014-05-05,19:00:00,35.71,35.71,35.59,35.59,29522,0
2014-05-05,20:00:00,35.58,35.6,35.53,35.53,37144,0
2014-05-05,21:00:00,35.53,35.6,35.48,35.57,53223,0
2014-05-05,22:00:00,35.58,35.58,35.49,35.52,247361,0
2014-05-06,16:00:00,35.32,35.52,35.32,35.45,27041,0
2014-05-06,17:00:00,35.44,35.58,35.37,35.51,42484,0
2014-05-06,18:00:00,35.5,35.68,35.49,35.63,49871,0
2014-05-06,19:00:00,35.63,35.63,35.54,35.56,25768,0
2014-05-06,20:00:00,35.57,35.57,35.37,35.39,44648,0
2014-05-06,21:00:00,35.38,35.48,35.34,35.41,47692,0
2014-05-06,22:00:00,35.4,35.45,35.3,35.34,285091,0
2014-05-07,16:00:00,35.46,35.69,35.41,35.63,45497,0
2014-05-07,17:00:00,35.64,35.66,35.31,35.55,74125,0
2014-05-07,18:00:00,35.54,35.71,35.5,35.68,60032,0
2014-05-07,19:00:00,35.65,35.7,35.56,35.6,39958,0
2014-05-07,20:00:00,35.6,35.67,35.5,35.5,54133,0
2014-05-07,21:00:00,35.48,35.59,35.46,35.52,64700,0
2014-05-07,22:00:00,35.52,35.82,35.47,35.77,509350,0
