Date,Time,Open,High,Low,Close,Volume,OpenInt
2014-02-10,16:00:00,22.3113,22.3113,22.3113,22.3113,101,0
2014-02-10,17:00:00,22.3212,22.4498,22.3014,22.4003,4401,0
2014-02-10,18:00:00,22.4498,22.4498,22.43,22.43,303,0
2014-02-10,19:00:00,22.3608,22.4893,22.3509,22.4795,6382,0
2014-02-10,20:00:00,22.4795,22.7069,22.3509,22.3509,6205,0
2014-02-10,21:00:00,22.341,22.5388,22.341,22.4498,4637,0
2014-02-10,22:00:00,22.4893,22.4893,22.3014,22.3014,3614,0
2014-02-11,16:00:00,22.5487,22.5487,22.3311,22.3311,4348,0
2014-02-11,17:00:00,22.3113,22.5289,22.3113,22.43,3235,0
2014-02-11,18:00:00,22.43,22.5091,22.3014,22.3014,5839,0
2014-02-11,19:00:00,22.2817,22.2817,22.0245,22.1531,44424,0
2014-02-11,20:00:00,22.1926,22.2619,22.1333,22.1333,3070,0
2014-02-11,21:00:00,22.1333,22.252,22.1234,22.252,5043,0
2014-02-11,22:00:00,22.1432,22.1926,22.0542,22.1135,9460,0
2014-02-12,16:00:00,22.2124,22.2322,22.2124,22.2322,576,0
2014-02-12,17:00:00,22.1531,22.163,22.1333,22.1432,2932,0
2014-02-12,18:00:00,22.1531,22.1729,22.1036,22.1432,3201,0
2014-02-12,19:00:00,22.0839,22.0839,22.0641,22.0839,2578,0
2014-02-12,20:00:00,22.0938,22.1531,22.074,22.074,16564,0
2014-02-12,21:00:00,22.1036,22.1036,22.074,22.074,1502,0
2014-02-12,22:00:00,22.074,22.1036,22.0542,22.0641,9555,0
2014-02-13,16:00:00,22.0146,22.074,21.9058,22.074,2195,0
2014-02-13,17:00:00,22.0443,22.074,22.0443,22.0542,808,0
2014-02-13,18:00:00,22.074,22.0839,22.0641,22.0641,3604,0
2014-02-13,19:00:00,22.0839,22.0839,22.074,22.074,2075,0
2014-02-13,21:00:00,22.0542,22.0542,21.9652,22.0443,5929,0
2014-02-13,22:00:00,22.074,22.0839,22.0344,22.0641,3514,0
2014-02-14,16:00:00,22.0245,22.0443,22.0047,22.0443,1415,0
2014-02-14,17:00:00,22.0542,22.0641,21.985,21.9949,12180,0
2014-02-14,18:00:00,21.985,21.985,21.9652,21.985,4971,0
2014-02-14,19:00:00,21.9652,21.9652,21.9058,21.9553,3586,0
2014-02-14,20:00:00,21.985,21.985,21.9355,21.9751,22193,0
2014-02-14,21:00:00,21.9355,22.1135,21.9355,21.985,10714,0
2014-02-14,22:00:00,22.0146,22.0146,21.9652,21.9652,7180,0
2014-02-18,16:00:00,22.1234,22.1432,22.1234,22.1333,1414,0
2014-02-18,17:00:00,22.1135,22.1135,22.0344,22.0542,7784,0
2014-02-18,18:00:00,22.0245,22.0542,21.985,22.0146,1859,0
2014-02-18,19:00:00,21.9949,22.0542,21.9949,22.0542,3042,0
2014-02-18,20:00:00,22.0443,22.0542,21.7575,21.8564,27346,0
2014-02-18,21:00:00,21.8861,21.9256,21.8663,21.8762,5272,0
2014-02-18,22:00:00,21.896,21.9454,21.8564,21.9454,6410,0
2014-02-19,16:00:00,22.0047,22.0146,22.0047,22.0146,1415,0
2014-02-19,17:00:00,22.0047,22.0146,21.9652,22.0146,5133,0
2014-02-19,18:00:00,22.0047,22.0047,21.9058,21.9553,4700,0
2014-02-19,19:00:00,22.0047,22.0047,21.8564,21.9157,7445,0
2014-02-19,20:00:00,21.9157,22.0047,21.9157,21.9652,5135,0
2014-02-19,21:00:00,21.985,21.985,21.9553,21.985,12759,0
2014-02-19,22:00:00,21.9454,21.985,21.7872,21.9553,18352,0
2014-02-20,16:00:00,21.9949,22.0047,21.8465,21.896,1669,0
2014-02-20,17:00:00,21.9751,21.9751,21.9553,21.9652,3169,0
2014-02-20,18:00:00,21.985,22.0047,21.9256,21.985,7477,0
2014-02-20,19:00:00,21.985,22.0245,21.8564,21.9751,17157,0
2014-02-20,20:00:00,21.9751,21.985,21.9553,21.9553,4474,0
2014-02-20,21:00:00,21.9751,21.9751,21.9553,21.9652,5815,0
2014-02-20,22:00:00,21.9652,21.9652,21.9355,21.9355,2930,0
2014-02-21,16:00:00,22.0146,22.0146,21.985,21.9949,684,0
2014-02-21,17:00:00,21.9454,21.9949,21.9454,21.9949,8651,0
2014-02-21,18:00:00,21.9949,21.9949,21.9157,21.9454,5359,0
2014-02-21,19:00:00,21.985,21.9949,21.9652,21.9949,3386,0
2014-02-21,20:00:00,21.9454,21.9949,21.9454,21.9949,1402,0
2014-02-21,21:00:00,21.985,22.0047,21.9355,22.0047,13330,0
2014-02-21,22:00:00,22.0146,22.0146,21.9949,22.0047,3941,0
2014-02-24,16:00:00,22.0938,22.2421,22.0839,22.0839,2021,0
2014-02-24,17:00:00,22.0839,22.0839,22.0146,22.0542,11522,0
2014-02-24,18:00:00,22.074,22.0839,22.0542,22.0839,2475,0
2014-02-24,19:00:00,22.0839,22.0839,22.0641,22.074,6043,0
2014-02-24,20:00:00,22.074,22.074,22.0146,22.0344,5333,0
2014-02-24,21:00:00,22.0047,22.0146,21.9454,21.985,7263,0
2014-02-24,22:00:00,21.9652,21.985,21.9652,21.9751,3456,0
2014-02-25,16:00:00,22.0641,22.0641,21.985,21.985,1010,0
2014-02-25,17:00:00,22.0344,22.0344,21.9553,21.9553,4788,0
2014-02-25,18:00:00,21.9751,21.9949,21.8861,21.9949,4764,0
2014-02-25,19:00:00,21.9949,22.0047,21.9949,22.0047,9903,0
2014-02-25,20:00:00,21.9751,22.0047,21.9751,21.9949,7287,0
2014-02-25,21:00:00,21.9751,21.9751,21.9058,21.9652,14773,0
2014-02-25,22:00:00,21.9553,21.9652,21.8564,21.896,18490,0
2014-02-26,16:00:00,21.8267,21.8861,21.8267,21.8663,3769,0
2014-02-26,17:00:00,21.8465,21.8465,21.7872,21.8267,6138,0
2014-02-26,18:00:00,21.8366,21.8861,21.8366,21.8762,5093,0
2014-02-26,19:00:00,21.8366,21.9553,21.8366,21.8366,9523,0
2014-02-26,20:00:00,21.8762,21.9652,21.8564,21.9652,6840,0
2014-02-26,21:00:00,21.896,21.9157,21.8069,21.896,7938,0
2014-02-26,22:00:00,21.8861,21.9553,21.8267,21.8267,6835,0
2014-02-27,16:00:00,21.8663,22.0443,21.8663,22.0344,6509,0
2014-02-27,17:00:00,21.9652,22.0443,21.9652,21.985,3037,0
2014-02-27,18:00:00,21.9553,21.9751,21.9553,21.9652,10258,0
2014-02-27,19:00:00,21.9652,22.0542,21.9652,22.0542,22975,0
2014-02-27,20:00:00,22.0245,22.0542,21.9949,22.0542,4868,0
2014-02-27,21:00:00,22.0542,22.0542,22.0245,22.0245,2854,0
2014-02-27,22:00:00,22.0443,22.0443,21.9652,21.9652,12983,0
2014-02-28,16:00:00,22.0443,22.0443,21.9058,22.0245,2627,0
2014-02-28,17:00:00,21.9355,22.0344,21.9355,22.0146,5214,0
2014-02-28,18:00:00,22.0146,22.0146,21.9355,22.0047,6623,0
2014-02-28,19:00:00,22.0047,22.0047,21.9256,21.985,3654,0
2014-02-28,20:00:00,21.9355,21.9751,21.9058,21.9355,9443,0
2014-02-28,21:00:00,21.9553,21.9949,21.9256,21.9553,4921,0
2014-02-28,22:00:00,21.9355,21.9652,21.9058,21.9058,4447,0
2014-03-03,16:00:00,21.8069,21.9157,21.8069,21.9058,1011,0
2014-03-03,17:00:00,21.9256,21.9256,21.9058,21.9058,2374,0
2014-03-03,18:00:00,21.9058,22.0047,21.8564,21.9949,12495,0
2014-03-03,19:00:00,21.9949,22.0047,21.9553,21.9751,4195,0
2014-03-03,20:00:00,21.9652,22.0047,21.9652,22.0047,12365,0
2014-03-03,21:00:00,22.0047,22.0047,21.9751,22.0047,19161,0
2014-03-03,22:00:00,21.985,21.9949,21.9751,21.9751,3676,0
2014-03-04,16:00:00,22.0839,22.0839,22.0047,22.0344,12115,0
2014-03-04,17:00:00,22.0344,22.1333,22.0047,22.1333,7627,0
2014-03-04,18:00:00,22.0542,22.1036,22.0047,22.074,3078,0
2014-03-04,19:00:00,22.0344,22.0344,22.0146,22.0146,1673,0
2014-03-04,20:00:00,22.0047,22.0344,21.9751,21.9751,6198,0
2014-03-04,21:00:00,21.9949,22.0047,21.9949,22.0047,6407,0
2014-03-04,22:00:00,21.9949,21.9949,21.9355,21.9454,12752,0
2014-03-05,16:00:00,21.985,22.0344,21.985,22.0344,3283,0
2014-03-05,17:00:00,22.0344,22.0344,21.9949,21.9949,8511,0
2014-03-05,18:00:00,21.985,21.9949,21.9553,21.985,1919,0
2014-03-05,19:00:00,21.9949,22.0542,21.9949,22.0443,4870,0
2014-03-05,20:00:00,22.0047,22.0542,21.985,22.0443,15717,0
2014-03-05,21:00:00,22.0938,22.0938,22.0146,22.0839,3436,0
2014-03-05,22:00:00,22.0245,22.0938,21.9751,21.9751,6940,0
2014-03-06,16:00:00,22.0047,22.074,22.0047,22.074,4355,0
2014-03-06,17:00:00,22.0938,22.0938,22.0542,22.074,6940,0
2014-03-06,18:00:00,22.0839,22.0839,22.0344,22.0443,8013,0
2014-03-06,19:00:00,22.0344,22.2124,22.0344,22.2025,6983,0
2014-03-06,20:00:00,22.2025,22.2322,22.1926,22.2322,4794,0
2014-03-06,21:00:00,22.2223,22.252,22.2025,22.2025,8668,0
2014-03-06,22:00:00,22.2619,22.4597,22.2421,22.43,12372,0
2014-03-07,16:00:00,22.36,22.41,22.35,22.37,4750,0
2014-03-07,17:00:00,22.37,22.58,22.37,22.46,15453,0
2014-03-07,18:00:00,22.44,22.48,22.37,22.44,3125,0
2014-03-07,19:00:00,22.28,22.32,22.25,22.25,11229,0
2014-03-07,20:00:00,22.25,22.33,22.25,22.33,4350,0
2014-03-07,21:00:00,22.34,22.34,22.3,22.31,4206,0
2014-03-07,22:00:00,22.26,22.28,22.25,22.28,4887,0
2014-03-10,15:00:00,22.49,22.5,22.49,22.5,2013,0
2014-03-10,16:00:00,22.46,22.62,22.33,22.4,6440,0
2014-03-10,17:00:00,22.37,22.47,22.35,22.47,3428,0
2014-03-10,18:00:00,22.55,22.56,22.49,22.49,3955,0
2014-03-10,19:00:00,22.51,22.55,22.46,22.54,5435,0
2014-03-10,20:00:00,22.54,22.55,22.49,22.49,2025,0
2014-03-10,21:00:00,22.49,22.55,22.49,22.54,4948,0
2014-03-11,15:00:00,22.56,22.59,22.56,22.59,899,0
2014-03-11,16:00:00,22.64,22.64,22.42,22.46,5459,0
2014-03-11,17:00:00,22.53,22.53,22.48,22.48,1632,0
2014-03-11,18:00:00,22.49,22.49,22.49,22.49,1222,0
2014-03-11,19:00:00,22.48,22.48,22.43,22.44,2470,0
2014-03-11,20:00:00,22.48,22.51,22.46,22.46,4393,0
2014-03-11,21:00:00,22.42,22.5,22.42,22.49,3050,0
2014-03-12,15:00:00,22.41,22.53,22.41,22.53,2105,0
2014-03-12,16:00:00,22.47,22.53,22.47,22.53,1171,0
2014-03-12,17:00:00,22.53,22.59,22.53,22.58,6269,0
2014-03-12,18:00:00,22.53,22.55,22.53,22.55,1731,0
2014-03-12,19:00:00,22.55,22.55,22.55,22.55,2000,0
2014-03-12,20:00:00,22.54,22.58,22.54,22.57,3512,0
2014-03-12,21:00:00,22.58,22.64,22.55,22.55,6646,0
2014-03-13,15:00:00,22.62,22.62,22.61,22.61,900,0
2014-03-13,16:00:00,22.6,22.65,22.53,22.59,3241,0
2014-03-13,17:00:00,22.6,22.6,22.32,22.47,8646,0
2014-03-13,18:00:00,22.45,22.48,22.37,22.39,4005,0
2014-03-13,19:00:00,22.36,22.48,22.35,22.47,3743,0
2014-03-13,20:00:00,22.43,22.47,22.43,22.47,1300,0
2014-03-13,21:00:00,22.52,22.75,22.5,22.72,10666,0
2014-03-14,16:00:00,22.65,22.69,22.6,22.65,4624,0
2014-03-14,17:00:00,22.65,22.65,22.63,22.65,3852,0
2014-03-14,18:00:00,22.63,22.65,22.63,22.65,4800,0
2014-03-14,19:00:00,22.65,22.65,22.53,22.65,10471,0
2014-03-14,20:00:00,22.64,22.64,22.59,22.63,6100,0
2014-03-14,21:00:00,22.6,22.8,22.6,22.8,25635,0
2014-03-17,15:00:00,22.8,22.8,22.76,22.76,9550,0
2014-03-17,16:00:00,22.76,22.91,22.55,22.7,220895,0
2014-03-17,17:00:00,22.67,22.68,22.6,22.61,6284,0
2014-03-17,18:00:00,22.65,22.65,22.56,22.64,4850,0
2014-03-17,19:00:00,22.65,22.65,22.61,22.63,5613,0
2014-03-17,20:00:00,22.66,22.67,22.62,22.64,2896,0
2014-03-17,21:00:00,22.63,22.65,22.6,22.6,8397,0
2014-03-18,15:00:00,22.63,22.7,22.62,22.7,10050,0
2014-03-18,16:00:00,22.67,22.7,22.64,22.65,10433,0
2014-03-18,17:00:00,22.65,22.65,22.6,22.61,9908,0
2014-03-18,18:00:00,22.61,22.61,22.56,22.6,4675,0
2014-03-18,19:00:00,22.6,22.61,22.58,22.61,2700,0
2014-03-18,20:00:00,22.58,22.64,22.58,22.64,2989,0
2014-03-18,21:00:00,22.64,22.64,22.58,22.62,5820,0
2014-03-19,15:00:00,22.63,22.63,22.62,22.63,2200,0
2014-03-19,16:00:00,22.64,22.66,22.62,22.64,4995,0
2014-03-19,17:00:00,22.65,22.65,22.63,22.63,1900,0
2014-03-19,18:00:00,22.63,22.63,22.55,22.63,8653,0
2014-03-19,19:00:00,22.63,22.65,22.57,22.65,4825,0
2014-03-19,20:00:00,22.6,22.65,22.55,22.62,9442,0
2014-03-19,21:00:00,22.62,22.65,22.59,22.6,5582,0
2014-03-20,15:00:00,22.65,22.65,22.57,22.57,939,0
2014-03-20,16:00:00,22.64,22.79,22.64,22.78,5324,0
2014-03-20,17:00:00,22.78,22.85,22.78,22.85,5413,0
2014-03-20,18:00:00,22.84,22.93,22.84,22.92,8175,0
2014-03-20,19:00:00,22.92,22.95,22.78,22.78,8298,0
2014-03-20,20:00:00,22.74,22.85,22.74,22.81,5286,0
2014-03-20,21:00:00,22.85,22.85,22.8,22.8,4500,0
2014-03-21,15:00:00,22.85,22.94,22.82,22.88,2800,0
2014-03-21,16:00:00,22.93,22.97,22.83,22.84,5830,0
2014-03-21,17:00:00,22.82,22.96,22.8,22.93,8848,0
2014-03-21,18:00:00,22.93,22.94,22.79,22.79,8241,0
2014-03-21,19:00:00,22.86,22.89,22.62,22.62,14091,0
2014-03-21,20:00:00,22.65,22.81,22.65,22.81,6863,0
2014-03-21,21:00:00,22.84,22.92,22.71,22.71,4650,0
2014-03-24,15:00:00,22.71,22.9,22.71,22.9,749,0
2014-03-24,16:00:00,22.86,22.87,22.72,22.72,5610,0
2014-03-24,17:00:00,22.83,22.92,22.75,22.79,10715,0
2014-03-24,18:00:00,22.79,22.79,22.73,22.75,3231,0
2014-03-24,19:00:00,22.79,22.79,22.68,22.7,4618,0
2014-03-24,20:00:00,22.79,22.88,22.79,22.88,13923,0
2014-03-24,21:00:00,22.88,22.88,22.75,22.87,9944,0
2014-03-25,15:00:00,22.77,22.85,22.77,22.85,2282,0
2014-03-25,16:00:00,22.85,22.85,22.84,22.84,3294,0
2014-03-25,17:00:00,22.85,22.94,22.83,22.91,6100,0
2014-03-25,18:00:00,22.9,22.92,22.85,22.91,7843,0
2014-03-25,19:00:00,22.93,22.93,22.84,22.84,2727,0
2014-03-25,20:00:00,22.91,22.93,22.83,22.83,9348,0
2014-03-25,21:00:00,22.92,23.21,22.89,23.2,15897,0
2014-03-26,15:00:00,23.18,23.19,23.17,23.19,1545,0
2014-03-26,16:00:00,23.19,23.25,23.01,23.25,4488,0
2014-03-26,17:00:00,23.24,23.3,23.24,23.27,2800,0
2014-03-26,18:00:00,23.27,23.3,23.16,23.23,9275,0
2014-03-26,19:00:00,23.28,23.3,23.2,23.2,5928,0
2014-03-26,20:00:00,23.22,23.3,23.13,23.3,8437,0
2014-03-26,21:00:00,23.28,23.3,23.16,23.3,10645,0
2014-03-27,15:00:00,23.2,23.26,23.03,23.18,5058,0
2014-03-27,16:00:00,23.14,23.17,23.08,23.16,3800,0
2014-03-27,17:00:00,23.1,23.1,22.96,22.96,6502,0
2014-03-27,18:00:00,23,23.05,23,23.04,4696,0
2014-03-27,19:00:00,23.05,23.23,23.05,23.23,17151,0
2014-03-27,20:00:00,23.17,23.2,23.14,23.2,1913,0
2014-03-27,21:00:00,23.2,23.23,23.2,23.21,2300,0
2014-03-28,15:00:00,23.19,23.19,23.19,23.19,600,0
2014-03-28,16:00:00,23.2,23.2,23.1,23.16,1824,0
2014-03-28,17:00:00,23.16,23.27,23.16,23.27,3079,0
2014-03-28,18:00:00,23.28,23.29,23.28,23.29,700,0
2014-03-28,19:00:00,23.3,23.33,23.3,23.32,1200,0
2014-03-28,20:00:00,23.29,23.3,23.25,23.3,8651,0
2014-03-28,21:00:00,23.26,23.26,23.18,23.25,4391,0
2014-03-31,16:00:00,23.2,23.3,23.2,23.3,1134,0
2014-03-31,17:00:00,23.3,23.3,23.28,23.29,2181,0
2014-03-31,18:00:00,23.29,23.3,23.28,23.3,3276,0
2014-03-31,19:00:00,23.22,23.26,23.22,23.26,2210,0
2014-03-31,20:00:00,23.28,23.28,23.28,23.28,500,0
2014-03-31,21:00:00,23.3,23.3,23.29,23.3,11696,0
2014-03-31,22:00:00,23.3,23.3,23.2,23.2,15491,0
2014-04-01,16:00:00,23.27,23.27,23.26,23.26,500,0
2014-04-01,17:00:00,23.32,23.39,23.28,23.37,7300,0
2014-04-01,18:00:00,23.38,23.61,23.38,23.6,8494,0
2014-04-01,19:00:00,23.68,23.7,23.52,23.57,4010,0
2014-04-01,20:00:00,23.57,23.7,23.56,23.58,4844,0
2014-04-01,21:00:00,23.57,23.7,23.57,23.7,14377,0
2014-04-01,22:00:00,23.6,23.75,23.59,23.72,17777,0
2014-04-02,16:00:00,23.68,23.74,23.68,23.74,1200,0
2014-04-02,17:00:00,23.73,23.75,23.62,23.74,6110,0
2014-04-02,18:00:00,23.69,23.77,23.63,23.71,15232,0
2014-04-02,19:00:00,23.63,23.69,23.6,23.65,6635,0
2014-04-02,20:00:00,23.69,23.69,23.5,23.6,6221,0
2014-04-02,21:00:00,23.63,23.65,23.53,23.57,14097,0
2014-04-02,22:00:00,23.63,23.65,23.57,23.64,9641,0
2014-04-03,16:00:00,23.7,23.7,23.68,23.68,700,0
2014-04-03,17:00:00,23.7,23.75,23.64,23.64,9083,0
2014-04-03,18:00:00,23.6,23.62,23.59,23.59,3200,0
2014-04-03,19:00:00,23.59,23.59,23.59,23.59,655,0
2014-04-03,20:00:00,23.6,23.63,23.59,23.62,4430,0
2014-04-03,21:00:00,23.59,23.6,23.53,23.53,7423,0
2014-04-03,22:00:00,23.53,23.62,23.46,23.46,19668,0
2014-04-04,16:00:00,23.54,23.61,23.39,23.61,4742,0
2014-04-04,17:00:00,23.6,23.6,23.24,23.43,14518,0
2014-04-04,18:00:00,23.35,23.35,23.34,23.34,1060,0
2014-04-04,19:00:00,23.35,23.4,23.34,23.38,3070,0
2014-04-04,20:00:00,23.38,23.38,23.22,23.22,15892,0
2014-04-04,21:00:00,23.17,23.2,23.13,23.2,3530,0
2014-04-04,22:00:00,23.25,23.25,23.16,23.18,5655,0
2014-04-07,16:00:00,23.11,23.4,23.11,23.39,1209,0
2014-04-07,17:00:00,23.27,23.32,23.16,23.17,1961,0
2014-04-07,18:00:00,23.15,23.16,23.09,23.13,10282,0
2014-04-07,19:00:00,23.2,23.2,23.1,23.1,1075,0
2014-04-07,20:00:00,23.09,23.09,23,23,151200,0
2014-04-07,21:00:00,23.05,23.1,23.04,23.1,3450,0
2014-04-07,22:00:00,23,23.13,23,23.07,14650,0
2014-04-08,16:00:00,23.05,23.15,23.05,23.15,2000,0
2014-04-08,17:00:00,23.14,23.32,23.14,23.28,5979,0
2014-04-08,18:00:00,23.26,23.3,23.23,23.26,2600,0
2014-04-08,19:00:00,23.27,23.39,23.27,23.39,4610,0
2014-04-08,20:00:00,23.4,23.4,23.18,23.33,12565,0
2014-04-08,21:00:00,23.33,23.33,23.09,23.13,10756,0
2014-04-08,22:00:00,23.2,23.2,23.08,23.08,7239,0
2014-04-09,16:00:00,23.13,23.15,23.13,23.15,3809,0
2014-04-09,17:00:00,23.15,23.25,23.15,23.21,7850,0
2014-04-09,18:00:00,23.25,23.25,23.18,23.2,16950,0
2014-04-09,19:00:00,23.19,23.21,23.19,23.21,5715,0
2014-04-09,20:00:00,23.23,23.29,23.2,23.2,7089,0
2014-04-09,21:00:00,23.3,23.33,23.23,23.23,10593,0
2014-04-09,22:00:00,23.25,23.25,23.2,23.21,12495,0
2014-04-10,16:00:00,23.23,23.25,23.23,23.24,12279,0
2014-04-10,17:00:00,23.24,23.25,23.13,23.16,19639,0
2014-04-10,18:00:00,23.17,23.17,23.15,23.17,11100,0
2014-04-10,19:00:00,23.15,23.17,23.15,23.17,2840,0
2014-04-10,20:00:00,23.15,23.19,23.14,23.17,11123,0
2014-04-10,21:00:00,23.18,23.19,23.16,23.17,3881,0
2014-04-10,22:00:00,23.18,23.18,23.1,23.12,4620,0
2014-04-11,16:00:00,23.2,23.2,23.2,23.2,3641,0
2014-04-11,17:00:00,23.11,23.24,23.11,23.21,8107,0
2014-04-11,18:00:00,23.26,23.27,23.15,23.24,5760,0
2014-04-11,19:00:00,23.24,23.38,23.21,23.25,11856,0
2014-04-11,20:00:00,23.25,23.29,23.2,23.21,10263,0
2014-04-11,21:00:00,23.22,23.24,23.2,23.24,3200,0
2014-04-11,22:00:00,23.2,23.29,23.2,23.24,4949,0
2014-04-14,16:00:00,23.35,23.41,23.3,23.3,1032,0
2014-04-14,17:00:00,23.25,23.25,23.24,23.24,200,0
2014-04-14,18:00:00,23.26,23.28,23.25,23.28,1200,0
2014-04-14,19:00:00,23.27,23.27,23.21,23.27,8306,0
2014-04-14,20:00:00,23.24,23.3,23.24,23.27,2706,0
2014-04-14,21:00:00,23.3,23.34,23.29,23.34,1910,0
2014-04-14,22:00:00,23.3,23.31,23.24,23.24,2898,0
2014-04-15,16:00:00,23.26,23.29,23.26,23.27,1200,0
2014-04-15,17:00:00,23.29,23.29,23.23,23.23,5680,0
2014-04-15,18:00:00,23.23,23.33,23.23,23.33,5502,0
2014-04-15,19:00:00,23.33,23.36,23.33,23.34,6500,0
2014-04-15,20:00:00,23.35,23.66,23.31,23.66,20778,0
2014-04-15,21:00:00,23.62,23.7,23.57,23.65,13422,0
2014-04-15,22:00:00,23.7,23.7,23.52,23.52,7390,0
2014-04-16,16:00:00,23.61,23.7,23.56,23.66,850,0
2014-04-16,17:00:00,23.64,23.72,23.55,23.58,7706,0
2014-04-16,18:00:00,23.58,23.67,23.54,23.65,1775,0
2014-04-16,19:00:00,23.67,23.76,23.62,23.67,5676,0
2014-04-16,20:00:00,23.73,23.84,23.73,23.76,11436,0
2014-04-16,21:00:00,23.75,23.76,23.66,23.7,7787,0
2014-04-16,22:00:00,23.69,23.72,23.6,23.61,5600,0
2014-04-17,16:00:00,23.63,23.66,23.63,23.66,520,0
2014-04-17,17:00:00,23.69,23.69,23.61,23.63,4320,0
2014-04-17,18:00:00,23.63,23.78,23.5,23.73,409085,0
2014-04-17,19:00:00,23.67,23.68,23.67,23.68,700,0
2014-04-17,20:00:00,23.73,23.8,23.68,23.75,8393,0
2014-04-17,21:00:00,23.75,23.78,23.75,23.75,3487,0
2014-04-17,22:00:00,23.83,23.89,23.7,23.72,4860,0
2014-04-21,16:00:00,23.7,23.7,23.68,23.68,3775,0
2014-04-21,17:00:00,23.7,23.7,23.6,23.66,32787,0
2014-04-21,18:00:00,23.65,23.65,23.53,23.53,1050,0
2014-04-21,19:00:00,23.65,23.65,23.56,23.63,3311,0
2014-04-21,20:00:00,23.64,23.64,23.55,23.63,7063,0
2014-04-21,21:00:00,23.61,23.63,23.59,23.63,7858,0
2014-04-21,22:00:00,23.63,23.63,23.6,23.61,9400,0
2014-04-22,16:00:00,23.7,23.7,23.34,23.48,12946,0
2014-04-22,17:00:00,23.51,23.54,23.48,23.5,9059,0
2014-04-22,18:00:00,23.5,23.5,23.48,23.5,9265,0
2014-04-22,19:00:00,23.48,23.49,23.48,23.48,2472,0
2014-04-22,20:00:00,23.5,23.5,23.49,23.5,8726,0
2014-04-22,21:00:00,23.5,23.5,23.48,23.48,6585,0
2014-04-22,22:00:00,23.47,23.49,23.46,23.46,3938,0
2014-04-23,16:00:00,23.42,23.49,23.42,23.49,2609,0
2014-04-23,17:00:00,23.48,23.48,23.43,23.44,3588,0
2014-04-23,18:00:00,23.44,23.45,23.41,23.43,8400,0
2014-04-23,19:00:00,23.42,23.42,23.42,23.42,500,0
2014-04-23,20:00:00,23.44,23.45,23.41,23.41,6965,0
2014-04-23,21:00:00,23.44,23.44,23.35,23.4,7753,0
2014-04-23,22:00:00,23.42,23.44,23.4,23.41,6214,0
2014-04-24,17:00:00,23.47,23.47,23.42,23.42,1100,0
2014-04-24,18:00:00,23.49,23.55,23.45,23.45,2300,0
2014-04-24,19:00:00,23.46,23.5,23.46,23.48,1600,0
2014-04-24,20:00:00,23.55,23.55,23.45,23.45,4715,0
2014-04-24,21:00:00,23.46,23.58,23.45,23.51,9400,0
2014-04-24,22:00:00,23.55,23.56,23.48,23.48,2600,0
2014-04-25,16:00:00,23.48,23.59,23.48,23.56,4777,0
2014-04-25,17:00:00,23.67,23.68,23.67,23.68,2728,0
2014-04-25,18:00:00,23.76,23.78,23.62,23.64,8370,0
2014-04-25,19:00:00,23.62,23.65,23.62,23.63,1200,0
2014-04-25,20:00:00,23.64,23.65,23.63,23.65,1434,0
2014-04-25,21:00:00,23.61,23.61,23.5,23.5,8509,0
2014-04-25,22:00:00,23.5,23.57,23.5,23.57,1589,0
2014-04-28,16:00:00,23.62,23.62,23.57,23.57,6392,0
2014-04-28,17:00:00,23.55,23.56,23.42,23.54,11433,0
2014-04-28,18:00:00,23.54,23.54,23.46,23.46,6723,0
2014-04-28,19:00:00,23.5,23.6,23.48,23.6,3474,0
2014-04-28,20:00:00,23.48,23.48,23.48,23.48,100,0
2014-04-28,21:00:00,23.47,23.49,23.4,23.45,8259,0
2014-04-28,22:00:00,23.47,23.53,23.46,23.53,11741,0
2014-04-29,16:00:00,23.53,23.53,23.45,23.46,3472,0
2014-04-29,17:00:00,23.46,23.51,23.46,23.5,6246,0
2014-04-29,18:00:00,23.5,23.56,23.5,23.54,3169,0
2014-04-29,19:00:00,23.57,23.57,23.5,23.5,1846,0
2014-04-29,20:00:00,23.55,23.6,23.48,23.48,6277,0
2014-04-29,21:00:00,23.53,23.6,23.51,23.59,6788,0
2014-04-29,22:00:00,23.62,23.69,23.51,23.64,6624,0
2014-04-30,16:00:00,23.62,23.62,23.62,23.62,800,0
2014-04-30,17:00:00,23.62,23.75,23.62,23.72,4610,0
2014-04-30,18:00:00,23.75,23.9,23.75,23.9,8049,0
2014-04-30,19:00:00,23.9,23.9,23.85,23.9,3060,0
2014-04-30,20:00:00,23.9,23.9,23.85,23.85,9553,0
2014-04-30,21:00:00,23.82,23.96,23.79,23.95,5033,0
2014-04-30,22:00:00,23.91,24.2,23.91,24.17,18832,0
2014-05-01,16:00:00,24,24.19,24,24.11,4688,0
2014-05-01,17:00:00,24.11,24.18,24.07,24.11,2628,0
2014-05-01,18:00:00,24.11,24.14,24.11,24.14,1400,0
2014-05-01,19:00:00,24.13,24.17,24.07,24.07,12401,0
2014-05-01,20:00:00,24.07,24.12,23.92,23.94,6436,0
2014-05-01,21:00:00,23.95,24.08,23.95,24.06,4175,0
2014-05-01,22:00:00,24.06,24.16,24.05,24.14,11700,0
2014-05-02,16:00:00,24.3,24.32,24.13,24.3,1065,0
2014-05-02,17:00:00,24.3,24.3,24.14,24.15,6258,0
2014-05-02,18:00:00,24.12,24.12,24.04,24.1,5240,0
2014-05-02,19:00:00,24.08,24.14,24,24,4054,0
2014-05-02,20:00:00,23.99,24.11,23.99,24.11,2468,0
2014-05-02,21:00:00,24.12,24.12,24.12,24.12,2360,0
2014-05-02,22:00:00,24.17,24.17,24.01,24.03,2842,0
2014-05-05,16:00:00,23.9,24.05,23.9,24.05,1000,0
2014-05-05,17:00:00,24.12,24.12,24.04,24.04,3503,0
2014-05-05,18:00:00,23.95,24.03,23.94,23.96,7730,0
2014-05-05,19:00:00,24.1,24.1,23.9,23.9,5672,0
2014-05-05,20:00:00,24.11,24.12,24.11,24.12,884,0
2014-05-05,21:00:00,23.95,24.13,23.95,24.12,4532,0
2014-05-05,22:00:00,24.03,24.1,24.03,24.09,9348,0
2014-05-06,16:00:00,24.19,24.26,24.15,24.16,3106,0
2014-05-06,17:00:00,24.19,24.25,24.06,24.18,9661,0
2014-05-06,18:00:00,24.22,24.34,24.21,24.28,8246,0
2014-05-06,19:00:00,24.27,24.28,24.25,24.25,6357,0
2014-05-06,20:00:00,24.29,24.29,24.19,24.19,3504,0
2014-05-06,21:00:00,24.23,24.25,24.19,24.19,4059,0
2014-05-06,22:00:00,24.18,24.23,24.15,24.15,8847,0
2014-05-07,16:00:00,24.12,24.27,24.12,24.27,2618,0
2014-05-07,17:00:00,24.16,24.27,24.13,24.2,20534,0
2014-05-07,18:00:00,24.23,24.25,24.17,24.21,14324,0
2014-05-07,19:00:00,24.23,24.28,24.23,24.25,2225,0
2014-05-07,20:00:00,24.27,24.28,24.25,24.28,2214,0
2014-05-07,21:00:00,24.33,24.39,24.3,24.37,19534,0
2014-05-07,22:00:00,24.35,24.35,24.28,24.31,9979,0
