Date,Time,Open,High,Low,Close,Volume,OpenInt
2014-02-10,16:00:00,24.7,24.9,24.64,24.77,840801,0
2014-02-10,17:00:00,24.78,24.88,24.55,24.63,2247249,0
2014-02-10,18:00:00,24.63,24.72,24.62,24.67,613366,0
2014-02-10,19:00:00,24.68,24.69,24.52,24.64,851896,0
2014-02-10,20:00:00,24.64,24.68,24.56,24.61,741952,0
2014-02-10,21:00:00,24.6,24.72,24.58,24.6,706147,0
2014-02-10,22:00:00,24.61,24.65,24.56,24.64,2006718,0
2014-02-11,16:00:00,24.81,25.13,24.77,25.01,1540424,0
2014-02-11,17:00:00,25,25,24.75,24.88,2470864,0
2014-02-11,18:00:00,24.88,25.18,24.88,25.17,1772761,0
2014-02-11,19:00:00,25.17,25.2,25.09,25.15,751275,0
2014-02-11,20:00:00,25.16,25.2,25.08,25.12,762822,0
2014-02-11,21:00:00,25.11,25.21,25.06,25.19,1103197,0
2014-02-11,22:00:00,25.21,25.27,25.19,25.25,2951330,0
2014-02-12,16:00:00,25.37,25.55,25.37,25.42,1721661,0
2014-02-12,17:00:00,25.42,25.42,25.16,25.28,2007517,0
2014-02-12,18:00:00,25.27,25.32,25.12,25.16,1108250,0
2014-02-12,19:00:00,25.15,25.33,25.14,25.22,1010644,0
2014-02-12,20:00:00,25.22,25.26,25.16,25.26,396355,0
2014-02-12,21:00:00,25.26,25.33,25.19,25.23,514716,0
2014-02-12,22:00:00,25.23,25.32,25.21,25.32,1238781,0
2014-02-13,16:00:00,25.45,25.49,25.15,25.37,1119613,0
2014-02-13,17:00:00,25.38,25.54,25.33,25.51,1751048,0
2014-02-13,18:00:00,25.51,25.62,25.4,25.46,1009523,0
2014-02-13,19:00:00,25.46,25.56,25.44,25.51,498374,0
2014-02-13,20:00:00,25.51,25.6,25.45,25.59,838894,0
2014-02-13,21:00:00,25.59,25.63,25.49,25.59,1047638,0
2014-02-13,22:00:00,25.59,25.61,25.56,25.58,1608867,0
2014-02-14,16:00:00,25.56,25.85,25.55,25.69,851836,0
2014-02-14,17:00:00,25.7,25.8,25.51,25.74,2120648,0
2014-02-14,18:00:00,25.74,25.92,25.7,25.84,1244362,0
2014-02-14,19:00:00,25.85,25.92,25.78,25.87,806439,0
2014-02-14,20:00:00,25.87,25.9,25.84,25.89,607351,0
2014-02-14,21:00:00,25.89,25.98,25.86,25.96,1033283,0
2014-02-14,22:00:00,25.95,26.03,25.87,26.02,3019703,0
2014-02-18,16:00:00,26.12,26.34,25.91,26.04,2031121,0
2014-02-18,17:00:00,26.03,26.1,25.84,26.02,1764234,0
2014-02-18,18:00:00,26.01,26.09,25.87,25.91,1477493,0
2014-02-18,19:00:00,25.91,26.01,25.85,25.94,1388307,0
2014-02-18,20:00:00,25.94,25.97,25.77,25.89,1048012,0
2014-02-18,21:00:00,25.89,25.95,25.81,25.91,1119049,0
2014-02-18,22:00:00,25.92,25.96,25.82,25.85,2478024,0
2014-02-19,16:00:00,25.72,25.93,25.23,25.3,2357404,0
2014-02-19,17:00:00,25.3,25.89,25.05,25.89,5276072,0
2014-02-19,18:00:00,25.89,26.68,25.55,26.29,6703242,0
2014-02-19,19:00:00,26.29,26.51,26.21,26.26,2564326,0
2014-02-19,20:00:00,26.25,26.33,26.1,26.11,1456072,0
2014-02-19,21:00:00,26.1,26.2,25.84,25.9,1478524,0
2014-02-19,22:00:00,25.91,26.02,25.65,25.75,6263040,0
2014-02-20,16:00:00,26.14,26.62,26.14,26.52,2982813,0
2014-02-20,17:00:00,26.5,26.88,26.43,26.73,3108520,0
2014-02-20,18:00:00,26.73,26.93,26.71,26.86,2071655,0
2014-02-20,19:00:00,26.87,26.9,26.76,26.78,1013373,0
2014-02-20,20:00:00,26.78,26.87,26.69,26.71,1025653,0
2014-02-20,21:00:00,26.71,26.86,26.68,26.86,1219103,0
2014-02-20,22:00:00,26.86,26.92,26.81,26.83,4361165,0
2014-02-21,16:00:00,26.93,27.33,26.88,27.1,2238539,0
2014-02-21,17:00:00,27.1,27.18,26.93,26.94,2372238,0
2014-02-21,18:00:00,26.95,27.16,26.88,27.15,887302,0
2014-02-21,19:00:00,27.16,27.24,27.08,27.12,564225,0
2014-02-21,20:00:00,27.12,27.21,27.07,27.14,452488,0
2014-02-21,21:00:00,27.14,27.17,27.03,27.07,898028,0
2014-02-21,22:00:00,27.08,27.14,27.03,27.05,2484856,0
2014-02-24,16:00:00,27.11,27.78,27.11,27.61,1925009,0
2014-02-24,17:00:00,27.62,27.76,27.51,27.76,1649719,0
2014-02-24,18:00:00,27.76,27.94,27.74,27.93,1526514,0
2014-02-24,19:00:00,27.94,27.96,27.85,27.92,794096,0
2014-02-24,20:00:00,27.92,27.98,27.79,27.8,821750,0
2014-02-24,21:00:00,27.79,27.96,27.77,27.89,920577,0
2014-02-24,22:00:00,27.89,27.94,27.84,27.84,2630760,0
2014-02-25,16:00:00,28.01,28.2,27.75,27.78,1518788,0
2014-02-25,17:00:00,27.77,27.86,27.7,27.76,1297084,0
2014-02-25,18:00:00,27.77,27.85,27.68,27.73,1397700,0
2014-02-25,19:00:00,27.73,27.77,27.65,27.68,667323,0
2014-02-25,20:00:00,27.69,27.78,27.68,27.76,849944,0
2014-02-25,21:00:00,27.76,27.79,27.58,27.59,1286484,0
2014-02-25,22:00:00,27.59,27.64,27.42,27.54,3619976,0
2014-02-26,16:00:00,27.7,27.92,27.7,27.79,1369780,0
2014-02-26,17:00:00,27.79,28.03,27.74,27.76,3006877,0
2014-02-26,18:00:00,27.77,27.85,27.69,27.71,964312,0
2014-02-26,19:00:00,27.7,27.79,27.65,27.74,786775,0
2014-02-26,20:00:00,27.73,27.74,27.62,27.62,612224,0
2014-02-26,21:00:00,27.62,27.66,27.18,27.42,1669089,0
2014-02-26,22:00:00,27.43,27.51,27.28,27.49,2318296,0
2014-02-27,16:00:00,27.44,27.88,27.38,27.84,1790632,0
2014-02-27,17:00:00,27.85,27.85,27.54,27.78,1291029,0
2014-02-27,18:00:00,27.78,27.8,27.63,27.73,1082292,0
2014-02-27,19:00:00,27.74,27.92,27.74,27.92,765526,0
2014-02-27,20:00:00,27.92,28.16,27.89,28.13,1703888,0
2014-02-27,21:00:00,28.13,28.15,27.79,27.88,1630323,0
2014-02-27,22:00:00,27.88,27.98,27.79,27.86,2137121,0
2014-02-28,16:00:00,27.9,27.97,27.54,27.87,1418221,0
2014-02-28,17:00:00,27.87,27.91,27.7,27.79,1010515,0
2014-02-28,18:00:00,27.79,27.83,27.58,27.74,839650,0
2014-02-28,19:00:00,27.74,27.78,27.7,27.75,512276,0
2014-02-28,20:00:00,27.75,27.82,27.66,27.66,566575,0
2014-02-28,21:00:00,27.67,27.68,27.41,27.44,1124731,0
2014-02-28,22:00:00,27.44,27.55,27.25,27.55,3409975,0
2014-03-03,16:00:00,27.16,27.9,27,27.9,1358214,0
2014-03-03,17:00:00,27.91,28.2,27.65,27.75,2764669,0
2014-03-03,18:00:00,27.75,27.83,27.32,27.32,1665721,0
2014-03-03,19:00:00,27.32,27.5,27.26,27.5,771239,0
2014-03-03,20:00:00,27.5,27.69,27.48,27.68,530065,0
2014-03-03,21:00:00,27.68,27.8,27.65,27.7,784497,0
2014-03-03,22:00:00,27.7,27.72,27.51,27.6,2186668,0
2014-03-04,16:00:00,27.98,28.37,27.97,28.24,1449528,0
2014-03-04,17:00:00,28.24,28.34,28.08,28.34,2280278,0
2014-03-04,18:00:00,28.34,28.38,28.18,28.2,780890,0
2014-03-04,19:00:00,28.2,28.21,28.13,28.18,1346004,0
2014-03-04,20:00:00,28.18,28.21,28.08,28.08,698735,0
2014-03-04,21:00:00,28.08,28.2,27.96,28.19,891567,0
2014-03-04,22:00:00,28.18,28.3,28.13,28.29,2078180,0
2014-03-05,16:00:00,28.38,28.57,28.25,28.46,841259,0
2014-03-05,17:00:00,28.45,28.55,28.32,28.42,1651352,0
2014-03-05,18:00:00,28.42,28.46,28.26,28.32,955800,0
2014-03-05,19:00:00,28.32,28.36,28.22,28.29,1136341,0
2014-03-05,20:00:00,28.3,28.3,28.16,28.27,988520,0
2014-03-05,21:00:00,28.26,28.35,28.22,28.32,845705,0
2014-03-05,22:00:00,28.32,28.34,28.21,28.22,1781334,0
2014-03-06,16:00:00,28.35,28.52,28.27,28.41,1278128,0
2014-03-06,17:00:00,28.41,28.49,28.29,28.48,791603,0
2014-03-06,18:00:00,28.48,28.51,28.41,28.5,467115,0
2014-03-06,19:00:00,28.49,28.55,28.46,28.52,567390,0
2014-03-06,20:00:00,28.52,28.56,28.29,28.29,768915,0
2014-03-06,21:00:00,28.29,28.45,28.27,28.42,743977,0
2014-03-06,22:00:00,28.43,28.47,28.37,28.39,1829236,0
2014-03-07,16:00:00,28.68,28.75,28.17,28.29,1786048,0
2014-03-07,17:00:00,28.3,28.71,28.21,28.49,2144179,0
2014-03-07,18:00:00,28.49,28.49,28.17,28.34,1201651,0
2014-03-07,19:00:00,28.34,28.35,28.14,28.15,590495,0
2014-03-07,20:00:00,28.15,28.26,28.1,28.19,508868,0
2014-03-07,21:00:00,28.19,28.25,28.03,28.25,1256904,0
2014-03-07,22:00:00,28.25,28.3,28.15,28.29,1785098,0
2014-03-10,15:00:00,28.15,28.34,28,28.27,590507,0
2014-03-10,16:00:00,28.25,28.28,27.58,27.73,1450024,0
2014-03-10,17:00:00,27.73,27.9,27.59,27.65,1095636,0
2014-03-10,18:00:00,27.64,27.7,27.56,27.66,935625,0
2014-03-10,19:00:00,27.66,27.67,27.48,27.55,1239578,0
2014-03-10,20:00:00,27.56,27.76,27.53,27.65,854459,0
2014-03-10,21:00:00,27.65,27.74,27.61,27.71,11600835,0
2014-03-11,15:00:00,27.82,28.13,27.78,27.87,773476,0
2014-03-11,16:00:00,27.87,28.05,27.83,28.01,1266384,0
2014-03-11,17:00:00,28.01,28.11,27.82,27.83,844762,0
2014-03-11,18:00:00,27.83,27.85,27.55,27.61,1109671,0
2014-03-11,19:00:00,27.6,27.6,27.36,27.44,1103096,0
2014-03-11,20:00:00,27.44,27.47,27.12,27.21,1462663,0
2014-03-11,21:00:00,27.21,27.21,26.89,27.05,4761503,0
2014-03-12,15:00:00,26.92,27.13,26.8,27.04,1202291,0
2014-03-12,16:00:00,27.04,27.29,26.99,27.28,1970674,0
2014-03-12,17:00:00,27.28,27.5,27.17,27.18,1110089,0
2014-03-12,18:00:00,27.18,27.27,27.15,27.2,737081,0
2014-03-12,19:00:00,27.21,27.21,27.04,27.17,859039,0
2014-03-12,20:00:00,27.17,27.25,27.11,27.19,789586,0
2014-03-12,21:00:00,27.19,27.21,26.92,26.95,5159493,0
2014-03-13,15:00:00,27.04,27.31,26.96,27.23,788406,0
2014-03-13,16:00:00,27.23,27.27,27.02,27.03,1084228,0
2014-03-13,17:00:00,27.04,27.1,26.8,26.84,672137,0
2014-03-13,18:00:00,26.85,26.88,26.43,26.45,1176513,0
2014-03-13,19:00:00,26.46,26.56,26.32,26.38,1459584,0
2014-03-13,20:00:00,26.38,26.57,26.33,26.44,1220577,0
2014-03-13,21:00:00,26.45,26.53,26.29,26.5,5135194,0
2014-03-14,15:00:00,26.35,26.59,26.15,26.17,777915,0
2014-03-14,16:00:00,26.18,26.55,26.18,26.36,1023296,0
2014-03-14,17:00:00,26.36,26.48,26.23,26.47,597529,0
2014-03-14,18:00:00,26.46,26.54,26.36,26.45,526919,0
2014-03-14,19:00:00,26.45,26.5,26.36,26.48,589494,0
2014-03-14,20:00:00,26.48,26.56,26.29,26.32,852310,0
2014-03-14,21:00:00,26.31,26.33,26.2,26.27,2317135,0
2014-03-17,15:00:00,26.4,26.95,26.4,26.67,996358,0
2014-03-17,16:00:00,26.67,26.83,26.6,26.73,1141840,0
2014-03-17,17:00:00,26.73,26.75,26.45,26.62,1203883,0
2014-03-17,18:00:00,26.64,26.66,26.48,26.56,967139,0
2014-03-17,19:00:00,26.56,26.76,26.56,26.71,648094,0
2014-03-17,20:00:00,26.71,26.75,26.6,26.66,577658,0
2014-03-17,21:00:00,26.66,26.69,26.55,26.61,1456584,0
2014-03-18,15:00:00,26.7,27.02,26.65,26.88,933567,0
2014-03-18,16:00:00,26.89,27.11,26.83,26.93,1238555,0
2014-03-18,17:00:00,26.92,26.96,26.83,26.91,1155718,0
2014-03-18,18:00:00,26.92,26.93,26.74,26.75,525167,0
2014-03-18,19:00:00,26.75,26.89,26.71,26.87,478287,0
2014-03-18,20:00:00,26.87,26.95,26.84,26.93,663619,0
2014-03-18,21:00:00,26.93,26.93,26.71,26.79,1360646,0
2014-03-19,15:00:00,26.84,26.98,26.65,26.89,528819,0
2014-03-19,16:00:00,26.89,26.96,26.78,26.83,1105284,0
2014-03-19,17:00:00,26.83,26.86,26.71,26.79,431477,0
2014-03-19,18:00:00,26.78,26.85,26.75,26.83,306533,0
2014-03-19,19:00:00,26.83,26.88,26.68,26.77,637216,0
2014-03-19,20:00:00,26.76,26.8,26.54,26.58,643258,0
2014-03-19,21:00:00,26.58,26.62,26.32,26.58,1834538,0
2014-03-20,15:00:00,26.47,26.57,25.99,26.12,1313888,0
2014-03-20,16:00:00,26.12,26.44,26.11,26.26,1103695,0
2014-03-20,17:00:00,26.26,26.38,26.18,26.37,693959,0
2014-03-20,18:00:00,26.36,26.4,26.3,26.4,869594,0
2014-03-20,19:00:00,26.39,26.42,26.3,26.32,659351,0
2014-03-20,20:00:00,26.32,26.35,26.19,26.23,919513,0
2014-03-20,21:00:00,26.23,26.4,26.19,26.38,2184685,0
2014-03-21,15:00:00,26.59,26.62,26.21,26.33,440585,0
2014-03-21,16:00:00,26.31,26.37,26.14,26.33,724599,0
2014-03-21,17:00:00,26.33,26.56,26.33,26.5,464341,0
2014-03-21,18:00:00,26.5,26.54,26.43,26.46,264125,0
2014-03-21,19:00:00,26.45,26.48,26.28,26.34,500921,0
2014-03-21,20:00:00,26.35,26.38,26.22,26.28,558682,0
2014-03-21,21:00:00,26.27,26.27,26.12,26.18,4610153,0
2014-03-24,15:00:00,26.28,26.31,25.97,26,1213757,0
2014-03-24,16:00:00,26,26.07,25.68,25.76,1878701,0
2014-03-24,17:00:00,25.76,25.76,25.45,25.61,1857624,0
2014-03-24,18:00:00,25.6,25.68,25.49,25.54,714117,0
2014-03-24,19:00:00,25.54,25.64,25.54,25.61,780975,0
2014-03-24,20:00:00,25.61,25.85,25.57,25.82,634279,0
2014-03-24,21:00:00,25.82,25.86,25.68,25.85,2336533,0
2014-03-25,15:00:00,26.02,26.16,25.89,26.14,786857,0
2014-03-25,16:00:00,26.14,26.29,25.9,25.91,1208622,0
2014-03-25,17:00:00,25.9,26,25.67,25.77,892562,0
2014-03-25,18:00:00,25.77,25.81,25.58,25.78,829517,0
2014-03-25,19:00:00,25.78,25.86,25.63,25.65,687152,0
2014-03-25,20:00:00,25.66,25.68,25.52,25.6,1072121,0
2014-03-25,21:00:00,25.6,25.73,25.55,25.61,1928303,0
2014-03-26,15:00:00,25.66,25.67,25.33,25.56,803134,0
2014-03-26,16:00:00,25.55,25.61,25.4,25.41,682729,0
2014-03-26,17:00:00,25.4,25.49,25.09,25.12,1044299,0
2014-03-26,18:00:00,25.12,25.22,25.03,25.21,697435,0
2014-03-26,19:00:00,25.21,25.22,24.92,24.98,890355,0
2014-03-26,20:00:00,24.98,25.18,24.82,25.15,1708297,0
2014-03-26,21:00:00,25.15,25.2,24.94,24.97,2735946,0
2014-03-27,15:00:00,24.8,24.8,24.13,24.43,2096122,0
2014-03-27,16:00:00,24.44,24.89,24.36,24.84,2633804,0
2014-03-27,17:00:00,24.85,24.88,24.51,24.73,1797476,0
2014-03-27,18:00:00,24.73,24.8,24.59,24.77,1063240,0
2014-03-27,19:00:00,24.76,24.95,24.66,24.69,1402807,0
2014-03-27,20:00:00,24.69,24.71,24.57,24.58,984623,0
2014-03-27,21:00:00,24.59,24.95,24.58,24.9,2416432,0
2014-03-28,15:00:00,25,25.17,24.76,25.04,1682770,0
2014-03-28,16:00:00,25.06,25.44,25.01,25.33,1893925,0
2014-03-28,17:00:00,25.33,25.34,25.09,25.16,1379053,0
2014-03-28,18:00:00,25.17,25.26,25.1,25.18,723673,0
2014-03-28,19:00:00,25.19,25.2,25.03,25.07,924392,0
2014-03-28,20:00:00,25.06,25.06,24.77,24.93,1127126,0
2014-03-28,21:00:00,24.93,24.95,24.84,24.88,2047854,0
2014-03-31,16:00:00,25.21,25.85,25.19,25.84,1821273,0
2014-03-31,17:00:00,25.84,25.98,25.6,25.82,1675158,0
2014-03-31,18:00:00,25.83,25.9,25.54,25.87,1522595,0
2014-03-31,19:00:00,25.87,26,25.77,25.82,1046663,0
2014-03-31,20:00:00,25.82,25.82,25.63,25.7,784233,0
2014-03-31,21:00:00,25.7,25.85,25.69,25.83,665568,0
2014-03-31,22:00:00,25.82,25.93,25.75,25.86,1755392,0
2014-04-01,16:00:00,26.69,26.93,26.54,26.68,2327830,0
2014-04-01,17:00:00,26.68,26.74,26.48,26.6,2229997,0
2014-04-01,18:00:00,26.6,26.61,26.44,26.51,1176822,0
2014-04-01,19:00:00,26.51,26.68,26.46,26.59,1224737,0
2014-04-01,20:00:00,26.59,26.62,26.5,26.53,865147,0
2014-04-01,21:00:00,26.52,26.58,26.46,26.47,762216,0
2014-04-01,22:00:00,26.48,26.54,26.43,26.53,2479026,0
2014-04-02,16:00:00,26.59,26.66,26.32,26.33,844920,0
2014-04-02,17:00:00,26.32,26.56,26.29,26.54,1326271,0
2014-04-02,18:00:00,26.54,26.56,26.45,26.53,491370,0
2014-04-02,19:00:00,26.52,26.63,26.49,26.56,363042,0
2014-04-02,20:00:00,26.56,26.58,26.42,26.46,559525,0
2014-04-02,21:00:00,26.46,26.63,26.46,26.58,807656,0
2014-04-02,22:00:00,26.58,26.71,26.56,26.71,1159747,0
2014-04-03,16:00:00,26.95,27,26.6,26.69,821008,0
2014-04-03,17:00:00,26.7,26.75,26.32,26.36,1572970,0
2014-04-03,18:00:00,26.35,26.37,26.2,26.22,668611,0
2014-04-03,19:00:00,26.21,26.29,26.13,26.14,567147,0
2014-04-03,20:00:00,26.13,26.27,26.08,26.21,570960,0
2014-04-03,21:00:00,26.21,26.27,26.03,26.13,1017850,0
2014-04-03,22:00:00,26.14,26.28,26.05,26.25,2154481,0
2014-04-04,16:00:00,26.52,26.55,26.04,26.35,679502,0
2014-04-04,17:00:00,26.36,26.63,26.26,26.31,1556616,0
2014-04-04,18:00:00,26.31,26.31,25.76,25.88,1222319,0
2014-04-04,19:00:00,25.88,25.88,25.51,25.56,998198,0
2014-04-04,20:00:00,25.56,25.6,25.42,25.5,887430,0
2014-04-04,21:00:00,25.5,25.54,25.23,25.33,1262599,0
2014-04-04,22:00:00,25.32,25.45,25.21,25.43,2723176,0
2014-04-07,16:00:00,24.99,25.01,24.34,24.83,2993666,0
2014-04-07,17:00:00,24.84,25.11,24.22,24.26,4337412,0
2014-04-07,18:00:00,24.25,24.46,24.07,24.15,2423509,0
2014-04-07,19:00:00,24.14,24.21,23.84,24.03,2964708,0
2014-04-07,20:00:00,24.03,24.07,23.61,23.64,1642687,0
2014-04-07,21:00:00,23.63,23.98,23.39,23.94,2693188,0
2014-04-07,22:00:00,23.95,24.2,23.85,23.92,4708952,0
2014-04-08,16:00:00,23.97,24.24,23.75,23.97,1551682,0
2014-04-08,17:00:00,23.97,24.15,23.61,24.03,1953560,0
2014-04-08,18:00:00,24.03,24.28,23.98,24.27,1302319,0
2014-04-08,19:00:00,24.28,24.47,24.26,24.36,1456523,0
2014-04-08,20:00:00,24.36,24.58,24.36,24.52,1417086,0
2014-04-08,21:00:00,24.52,24.54,24.34,24.42,1117794,0
2014-04-08,22:00:00,24.41,24.49,24.38,24.46,2134619,0
2014-04-09,16:00:00,24.67,24.83,24.5,24.68,889450,0
2014-04-09,17:00:00,24.68,24.73,24.3,24.34,1407549,0
2014-04-09,18:00:00,24.33,24.38,24.15,24.34,1171014,0
2014-04-09,19:00:00,24.34,24.63,24.3,24.61,928850,0
2014-04-09,20:00:00,24.61,24.63,24.38,24.45,906402,0
2014-04-09,21:00:00,24.45,24.94,24.45,24.73,1803232,0
2014-04-09,22:00:00,24.73,24.88,24.7,24.86,3025064,0
2014-04-10,16:00:00,25.2,25.51,25.04,25.12,1728518,0
2014-04-10,17:00:00,25.13,25.16,24.5,24.5,2178661,0
2014-04-10,18:00:00,24.5,24.71,24.42,24.45,1448884,0
2014-04-10,19:00:00,24.44,24.5,24.2,24.25,1254430,0
2014-04-10,20:00:00,24.25,24.31,24.08,24.23,1027673,0
2014-04-10,21:00:00,24.23,24.42,24.07,24.09,869656,0
2014-04-10,22:00:00,24.09,24.14,23.9,24.08,6722826,0
2014-04-11,16:00:00,23.89,24.31,23.55,24.3,1155364,0
2014-04-11,17:00:00,24.31,24.5,23.91,24.44,1686153,0
2014-04-11,18:00:00,24.43,24.53,24.16,24.27,1200922,0
2014-04-11,19:00:00,24.28,24.4,24.21,24.32,684571,0
2014-04-11,20:00:00,24.32,24.32,24.03,24.03,750109,0
2014-04-11,21:00:00,24.02,24.09,23.7,23.85,982837,0
2014-04-11,22:00:00,23.86,24,23.8,23.91,1479103,0
2014-04-14,16:00:00,24.04,24.17,23.76,23.83,942521,0
2014-04-14,17:00:00,23.82,24.18,23.72,24.18,1436105,0
2014-04-14,18:00:00,24.2,24.21,23.96,23.98,917532,0
2014-04-14,19:00:00,23.97,24.03,23.86,23.91,604990,0
2014-04-14,20:00:00,23.91,23.91,23.61,23.62,749888,0
2014-04-14,21:00:00,23.62,23.71,23.49,23.5,1294139,0
2014-04-14,22:00:00,23.5,23.7,23.2,23.68,3880805,0
2014-04-15,16:00:00,23.62,23.73,23.5,23.55,799821,0
2014-04-15,17:00:00,23.55,23.63,23.08,23.11,2307583,0
2014-04-15,18:00:00,23.11,23.2,22.82,22.83,2529675,0
2014-04-15,19:00:00,22.83,22.87,22.62,22.65,1517469,0
2014-04-15,20:00:00,22.64,23.16,22.58,23.15,1729665,0
2014-04-15,21:00:00,23.14,23.37,23.01,23.31,1552754,0
2014-04-15,22:00:00,23.3,23.51,23.21,23.46,2824505,0
2014-04-16,16:00:00,23.66,24,23.61,23.93,1073560,0
2014-04-16,17:00:00,23.92,24.2,23.8,23.82,1773201,0
2014-04-16,18:00:00,23.81,24,23.76,23.99,799539,0
2014-04-16,19:00:00,23.99,24.2,23.97,23.98,1160800,0
2014-04-16,20:00:00,23.98,24.17,23.88,24.13,924415,0
2014-04-16,21:00:00,24.13,24.27,24.08,24.27,800709,0
2014-04-16,22:00:00,24.27,24.33,24.19,24.22,1756813,0
2014-04-17,16:00:00,24.05,24.35,23.97,24.14,1000907,0
2014-04-17,17:00:00,24.14,24.49,24.08,24.29,1032617,0
2014-04-17,18:00:00,24.29,24.31,24.06,24.16,850922,0
2014-04-17,19:00:00,24.15,24.21,24.03,24.09,581586,0
2014-04-17,20:00:00,24.09,24.25,24.09,24.12,604059,0
2014-04-17,21:00:00,24.12,24.13,24.03,24.04,1014481,0
2014-04-17,22:00:00,24.05,24.05,23.97,24.01,3387309,0
2014-04-21,16:00:00,24.15,24.21,23.82,24.03,872222,0
2014-04-21,17:00:00,24.03,24.15,23.6,23.79,1623773,0
2014-04-21,18:00:00,23.79,23.99,23.76,23.97,1075829,0
2014-04-21,19:00:00,23.98,23.99,23.83,23.89,536771,0
2014-04-21,20:00:00,23.9,24.13,23.78,24.13,735960,0
2014-04-21,21:00:00,24.14,24.21,23.92,24.04,1513323,0
2014-04-21,22:00:00,24.05,24.07,23.82,23.88,2398642,0
2014-04-22,16:00:00,24.17,24.97,24.17,24.78,1945220,0
2014-04-22,17:00:00,24.78,25.13,24.74,25.01,2048344,0
2014-04-22,18:00:00,25.01,25.05,24.82,25.04,1177212,0
2014-04-22,19:00:00,25.05,25.15,24.9,25.04,685497,0
2014-04-22,20:00:00,25.04,25.1,24.93,25.09,570494,0
2014-04-22,21:00:00,25.08,25.18,25.04,25.18,824659,0
2014-04-22,22:00:00,25.18,25.18,24.96,24.97,3035139,0
2014-04-23,16:00:00,25.03,25.04,24.66,24.84,1239341,0
2014-04-23,17:00:00,24.83,24.89,24.6,24.69,1065890,0
2014-04-23,18:00:00,24.69,24.75,24.58,24.74,530143,0
2014-04-23,19:00:00,24.73,24.77,24.56,24.59,461407,0
2014-04-23,20:00:00,24.59,24.65,24.19,24.4,2321670,0
2014-04-23,21:00:00,24.4,24.4,24.03,24.23,2037391,0
2014-04-23,22:00:00,24.23,24.27,24.13,24.19,2850093,0
2014-04-24,16:00:00,24.54,24.55,23.92,24.14,770836,0
2014-04-24,17:00:00,24.13,24.38,23.85,24.27,1253934,0
2014-04-24,18:00:00,24.27,24.61,24.21,24.51,1184832,0
2014-04-24,19:00:00,24.53,24.59,24.35,24.49,740172,0
2014-04-24,20:00:00,24.5,24.53,24.33,24.36,521809,0
2014-04-24,21:00:00,24.36,24.5,24.32,24.48,561680,0
2014-04-24,22:00:00,24.48,24.58,24.47,24.55,2210868,0
2014-04-25,16:00:00,24.33,24.33,23.96,24.11,733195,0
2014-04-25,17:00:00,24.11,24.12,23.66,23.67,2606143,0
2014-04-25,18:00:00,23.68,23.98,23.51,23.72,1753160,0
2014-04-25,19:00:00,23.73,23.89,23.7,23.88,535249,0
2014-04-25,20:00:00,23.87,23.88,23.65,23.68,634714,0
2014-04-25,21:00:00,23.68,23.7,23.47,23.56,1891802,0
2014-04-25,22:00:00,23.57,23.67,23.48,23.66,2193060,0
2014-04-28,16:00:00,23.66,23.69,23.19,23.46,1373705,0
2014-04-28,17:00:00,23.45,23.58,23.11,23.16,1686487,0
2014-04-28,18:00:00,23.16,23.28,22.83,22.84,2642634,0
2014-04-28,19:00:00,22.85,22.86,22.65,22.71,2225483,0
2014-04-28,20:00:00,22.71,22.78,22.52,22.64,2902985,0
2014-04-28,21:00:00,22.64,22.91,22.53,22.89,2282998,0
2014-04-28,22:00:00,22.9,23.23,22.89,23.02,3572470,0
2014-04-29,16:00:00,23.88,24.69,23.7,24.31,3949934,0
2014-04-29,17:00:00,24.32,24.41,23.95,24.35,2888949,0
2014-04-29,18:00:00,24.34,24.99,24.16,24.58,3584442,0
2014-04-29,19:00:00,24.59,24.97,24.57,24.83,2122086,0
2014-04-29,20:00:00,24.82,25,24.7,24.97,1929229,0
2014-04-29,21:00:00,24.97,25.1,24.93,25.05,1994836,0
2014-04-29,22:00:00,25.06,25.07,24.89,24.98,4711208,0
2014-04-30,16:00:00,24.75,25.18,24.66,24.76,1415618,0
2014-04-30,17:00:00,24.76,25.09,24.54,24.99,1885051,0
2014-04-30,18:00:00,24.98,25.02,24.79,24.79,1258017,0
2014-04-30,19:00:00,24.8,24.87,24.66,24.86,781919,0
2014-04-30,20:00:00,24.87,25.02,24.85,24.97,777406,0
2014-04-30,21:00:00,24.96,25.17,24.89,25.08,900288,0
2014-04-30,22:00:00,25.09,25.24,24.94,25.23,4851839,0
2014-05-01,16:00:00,25.16,25.4,24.92,24.93,1261065,0
2014-05-01,17:00:00,24.93,25.54,24.91,25.48,1643630,0
2014-05-01,18:00:00,25.48,25.55,25.33,25.37,868499,0
2014-05-01,19:00:00,25.38,25.66,25.37,25.4,1392750,0
2014-05-01,20:00:00,25.4,25.48,25.27,25.29,955216,0
2014-05-01,21:00:00,25.29,25.37,25.17,25.18,1180374,0
2014-05-01,22:00:00,25.19,25.4,25.19,25.39,2862727,0
2014-05-02,16:00:00,25.87,26.1,25.8,26.04,2405910,0
2014-05-02,17:00:00,26.04,26.29,25.99,26,2294459,0
2014-05-02,18:00:00,26,26.21,25.96,26.2,1423685,0
2014-05-02,19:00:00,26.2,26.3,26.14,26.27,845466,0
2014-05-02,20:00:00,26.27,26.29,26.14,26.26,1009091,0
2014-05-02,21:00:00,26.26,26.47,26.25,26.35,1971863,0
2014-05-02,22:00:00,26.36,26.53,26.33,26.49,5098504,0
2014-05-05,16:00:00,26.16,26.2,25.88,26.04,1637433,0
2014-05-05,17:00:00,26.04,26.24,25.85,26.08,2563688,0
2014-05-05,18:00:00,26.08,26.18,26.02,26.14,888934,0
2014-05-05,19:00:00,26.14,26.16,26.02,26.09,662293,0
2014-05-05,20:00:00,26.09,26.13,26.03,26.11,523420,0
2014-05-05,21:00:00,26.12,26.28,26.09,26.25,891672,0
2014-05-05,22:00:00,26.25,26.26,26.13,26.19,2715160,0
2014-05-06,16:00:00,26.01,26.17,25.72,26.08,736067,0
2014-05-06,17:00:00,26.09,26.2,25.88,25.93,821670,0
2014-05-06,18:00:00,25.92,26.05,25.88,26.01,674513,0
2014-05-06,19:00:00,26.01,26.02,25.9,25.97,505966,0
2014-05-06,20:00:00,25.96,25.97,25.66,25.73,1117265,0
2014-05-06,21:00:00,25.74,25.76,25.53,25.56,919711,0
2014-05-06,22:00:00,25.57,25.7,25.48,25.68,2704904,0
2014-05-07,16:00:00,25.65,25.69,24.89,24.92,1184297,0
2014-05-07,17:00:00,24.89,25.14,24.78,25.02,2226293,0
2014-05-07,18:00:00,25.03,25.04,24.72,24.86,1995651,0
2014-05-07,19:00:00,24.85,24.87,24.64,24.65,1290969,0
2014-05-07,20:00:00,24.65,24.85,24.64,24.67,650228,0
2014-05-07,21:00:00,24.67,24.98,24.66,24.98,582926,0
2014-05-07,22:00:00,24.97,25.16,24.9,25.15,2377477,0
