Date,Time,Open,High,Low,Close,Volume,OpenInt
2014-02-10,16:00:00,16.25,16.39,16.14,16.3,5900,0
2014-02-10,17:00:00,16.14,16.14,16.06,16.13,900,0
2014-02-10,18:00:00,16.12,16.88,16.06,16.37,50680,0
2014-02-10,19:00:00,16.46,16.54,15.88,15.92,21940,0
2014-02-10,20:00:00,15.9,16,15.89,15.98,1900,0
2014-02-10,21:00:00,15.96,16.45,15.96,16.44,13188,0
2014-02-10,22:00:00,16.44,16.57,16,16.1,33762,0
2014-02-11,16:00:00,16.23,16.23,15.69,15.69,5406,0
2014-02-11,17:00:00,15.66,15.96,15.65,15.8,3836,0
2014-02-11,18:00:00,15.82,15.95,15.79,15.8,2700,0
2014-02-11,19:00:00,15.83,15.86,15.72,15.73,2400,0
2014-02-11,20:00:00,15.81,15.83,15.76,15.76,1732,0
2014-02-11,21:00:00,15.8,15.86,15.66,15.66,2000,0
2014-02-11,22:00:00,15.77,15.86,15.58,15.75,20805,0
2014-02-12,16:00:00,15.76,15.76,15.76,15.76,900,0
2014-02-12,17:00:00,15.8,15.91,15.76,15.9,3149,0
2014-02-12,18:00:00,16,16,16,16,400,0
2014-02-12,19:00:00,16,16.08,15.85,16.04,48700,0
2014-02-12,20:00:00,15.97,16.14,15.96,16.13,13700,0
2014-02-12,21:00:00,16.22,16.3,16.15,16.29,2200,0
2014-02-12,22:00:00,16.21,16.32,16.02,16.08,11225,0
2014-02-13,16:00:00,16.01,16.13,16.01,16.13,700,0
2014-02-13,17:00:00,16.15,16.26,16.14,16.15,1700,0
2014-02-13,18:00:00,16.15,16.24,16.11,16.19,2200,0
2014-02-13,19:00:00,16.09,16.24,16.09,16.18,3300,0
2014-02-13,20:00:00,16.16,16.32,16.12,16.19,2300,0
2014-02-13,21:00:00,16.27,16.39,16.2,16.31,10797,0
2014-02-13,22:00:00,16.3,16.35,16.21,16.3,14641,0
2014-02-14,17:00:00,16.24,16.24,15.78,15.78,2703,0
2014-02-14,18:00:00,15.78,15.91,15.72,15.75,9351,0
2014-02-14,19:00:00,15.68,15.94,15.59,15.88,5073,0
2014-02-14,20:00:00,15.84,16.09,15.84,15.98,1543,0
2014-02-14,21:00:00,15.97,15.97,15.82,15.82,800,0
2014-02-14,22:00:00,15.83,16.21,15.75,16.14,6670,0
2014-02-18,16:00:00,16.14,16.14,15.79,15.87,11102,0
2014-02-18,17:00:00,15.85,15.98,15.85,15.96,2100,0
2014-02-18,18:00:00,15.96,15.99,15.92,15.99,3100,0
2014-02-18,19:00:00,15.99,16.01,15.91,15.98,1818,0
2014-02-18,20:00:00,15.92,15.92,15.92,15.92,300,0
2014-02-18,21:00:00,15.91,15.96,15.89,15.93,1137,0
2014-02-18,22:00:00,16,16.18,15.99,16.15,14199,0
2014-02-19,16:00:00,16.15,16.15,16.12,16.12,600,0
2014-02-19,18:00:00,16.16,16.5,16.16,16.25,78500,0
2014-02-19,19:00:00,16.2,16.5,16.2,16.44,22937,0
2014-02-19,20:00:00,16.45,16.48,15.97,16.48,30008,0
2014-02-19,21:00:00,16.41,16.56,16.35,16.35,43804,0
2014-02-19,22:00:00,16.35,16.47,16.19,16.24,76452,0
2014-02-20,17:00:00,16.19,16.24,16.06,16.1,4800,0
2014-02-20,18:00:00,16.05,16.15,16.05,16.15,2310,0
2014-02-20,19:00:00,16.1,16.16,16.05,16.15,700,0
2014-02-20,20:00:00,16.15,16.15,16.15,16.15,500,0
2014-02-20,21:00:00,16.09,16.16,16.08,16.15,8070,0
2014-02-20,22:00:00,16.07,16.16,15.89,15.98,20499,0
2014-02-21,16:00:00,15.86,15.87,15.61,15.65,3100,0
2014-02-21,17:00:00,15.56,16.34,15.54,16.28,8699,0
2014-02-21,18:00:00,16.34,16.34,16,16,3200,0
2014-02-21,19:00:00,16.09,16.18,16.08,16.08,1700,0
2014-02-21,20:00:00,16.14,16.14,15.98,15.99,1800,0
2014-02-21,21:00:00,16.06,16.11,15.99,16.03,3100,0
2014-02-21,22:00:00,16.08,16.31,16.02,16.07,14496,0
2014-02-24,16:00:00,16.16,16.44,16.16,16.26,1643,0
2014-02-24,17:00:00,16.25,16.35,16.21,16.26,3326,0
2014-02-24,18:00:00,16.24,16.27,15.98,15.98,6203,0
2014-02-24,19:00:00,15.95,16.02,15.85,15.93,1900,0
2014-02-24,20:00:00,15.9,15.9,15.74,15.76,2500,0
2014-02-24,21:00:00,15.75,15.93,15.64,15.69,5429,0
2014-02-24,22:00:00,15.69,15.81,15.4,15.46,29796,0
2014-02-25,16:00:00,15.51,15.51,15.33,15.33,5586,0
2014-02-25,17:00:00,15.27,15.27,14.87,15.02,12285,0
2014-02-25,18:00:00,15.05,15.59,15.05,15.56,3000,0
2014-02-25,19:00:00,15.57,15.86,15.45,15.79,2183,0
2014-02-25,20:00:00,15.73,15.99,15.73,15.95,4019,0
2014-02-25,21:00:00,15.9,16.05,15.9,16.02,2100,0
2014-02-25,22:00:00,16.01,16.2,15.91,15.94,12872,0
2014-02-26,16:00:00,15.79,16.05,15.78,15.78,1700,0
2014-02-26,19:00:00,15.76,15.78,15.73,15.78,500,0
2014-02-26,20:00:00,15.78,15.78,15.75,15.75,1000,0
2014-02-26,21:00:00,15.75,15.78,15.71,15.77,4934,0
2014-02-26,22:00:00,15.87,16.03,15.86,15.94,4766,0
2014-02-27,16:00:00,15.94,16.04,15.84,15.84,581,0
2014-02-27,17:00:00,16.02,16.02,16.02,16.02,400,0
2014-02-27,19:00:00,16.01,16.01,16.01,16.01,1100,0
2014-02-27,20:00:00,16.05,16.27,16,16.27,3000,0
2014-02-27,21:00:00,16.26,16.5,16.26,16.49,8100,0
2014-02-27,22:00:00,16.32,16.53,16.32,16.49,13124,0
2014-02-28,16:00:00,16.54,16.71,16.54,16.71,5800,0
2014-02-28,17:00:00,16.51,16.76,16.51,16.71,952,0
2014-02-28,18:00:00,16.75,16.75,16.63,16.72,7800,0
2014-02-28,19:00:00,16.73,16.73,16.62,16.73,800,0
2014-02-28,20:00:00,16.76,16.77,16.6,16.71,8685,0
2014-02-28,21:00:00,16.6,16.74,16.6,16.72,2600,0
2014-02-28,22:00:00,16.74,16.77,16.64,16.77,28710,0
2014-03-03,16:00:00,16.66,16.72,16.56,16.7,3960,0
2014-03-03,17:00:00,16.57,16.57,16.5,16.5,2398,0
2014-03-03,18:00:00,16.51,16.63,16.44,16.52,1400,0
2014-03-03,19:00:00,16.62,16.73,16.57,16.73,700,0
2014-03-03,20:00:00,16.73,16.73,16.55,16.67,1500,0
2014-03-03,21:00:00,16.75,16.87,16.6,16.85,900,0
2014-03-03,22:00:00,16.84,16.88,16.54,16.56,9573,0
2014-03-04,16:00:00,16.88,16.98,16.84,16.98,3200,0
2014-03-04,17:00:00,17.03,17.37,17.03,17.37,4250,0
2014-03-04,18:00:00,17.47,17.72,17.33,17.72,3000,0
2014-03-04,19:00:00,17.75,17.86,17.48,17.54,8000,0
2014-03-04,20:00:00,17.46,17.5,17.33,17.41,3000,0
2014-03-04,21:00:00,17.35,17.42,17.24,17.25,6400,0
2014-03-04,22:00:00,17.26,17.43,17.18,17.28,18745,0
2014-03-05,16:00:00,17.27,17.43,17.27,17.33,1860,0
2014-03-05,18:00:00,17.29,17.29,17.29,17.29,200,0
2014-03-05,19:00:00,17.34,17.39,17.32,17.35,8063,0
2014-03-05,20:00:00,17.35,17.4,17.35,17.4,500,0
2014-03-05,22:00:00,17.45,17.45,17.35,17.43,11574,0
2014-03-06,16:00:00,17.45,17.45,17.43,17.43,1100,0
2014-03-06,17:00:00,17.43,17.55,17.43,17.55,6461,0
2014-03-06,18:00:00,17.48,17.55,17.44,17.55,1000,0
2014-03-06,21:00:00,17.54,17.55,17.51,17.51,3072,0
2014-03-06,22:00:00,17.51,17.54,17.43,17.49,19461,0
2014-03-07,16:00:00,17.6,17.71,17.58,17.58,1800,0
2014-03-07,17:00:00,17.48,17.59,17.47,17.5,11100,0
2014-03-07,18:00:00,17.5,17.6,17.49,17.51,3547,0
2014-03-07,19:00:00,17.51,18.01,17.5,18.01,58405,0
2014-03-07,20:00:00,17.87,18,17.77,17.77,4600,0
2014-03-07,21:00:00,17.69,17.81,17.66,17.7,4700,0
2014-03-07,22:00:00,17.65,17.9,17.6,17.85,27392,0
2014-03-10,15:00:00,18.07,18.07,17.68,17.68,38600,0
2014-03-10,16:00:00,17.9,17.97,17.7,17.93,22804,0
2014-03-10,17:00:00,17.87,17.95,17.69,17.76,4500,0
2014-03-10,18:00:00,17.69,17.85,17.54,17.69,12600,0
2014-03-10,19:00:00,17.66,17.8,17.5,17.5,17163,0
2014-03-10,20:00:00,17.5,17.58,17.5,17.5,1300,0
2014-03-10,21:00:00,17.5,17.6,17.39,17.52,20048,0
2014-03-11,15:00:00,17.55,17.7,17.55,17.6,2455,0
2014-03-11,16:00:00,17.68,17.7,17.59,17.63,22840,0
2014-03-11,17:00:00,17.64,17.64,17.3,17.4,5034,0
2014-03-11,18:00:00,17.33,17.42,17.14,17.32,4109,0
2014-03-11,19:00:00,17.27,17.3,17.19,17.3,2472,0
2014-03-11,20:00:00,17.2,17.2,17.13,17.13,1721,0
2014-03-11,21:00:00,17.04,17.32,16.94,17.2,20783,0
2014-03-12,15:00:00,17.5,17.55,17.34,17.55,6770,0
2014-03-12,16:00:00,17.53,17.78,17.42,17.49,19500,0
2014-03-12,17:00:00,17.55,17.59,17.55,17.59,1100,0
2014-03-12,18:00:00,17.58,17.59,17.01,17.28,21950,0
2014-03-12,19:00:00,17.2,17.25,17.11,17.25,4000,0
2014-03-12,20:00:00,17.27,17.27,17.03,17.05,5266,0
2014-03-12,21:00:00,17.03,17.21,16.9,16.99,17345,0
2014-03-13,15:00:00,16.98,17.13,16.84,17.13,4400,0
2014-03-13,16:00:00,17.03,17.11,16.73,16.74,16290,0
2014-03-13,17:00:00,16.8,16.81,16.65,16.74,6000,0
2014-03-13,18:00:00,16.74,16.77,16.52,16.71,10169,0
2014-03-13,19:00:00,16.7,16.78,16.7,16.7,6500,0
2014-03-13,20:00:00,16.76,16.78,16.66,16.68,3200,0
2014-03-13,21:00:00,16.72,16.87,16.68,16.83,15453,0
2014-03-14,15:00:00,16.83,17,16.83,16.94,1040,0
2014-03-14,16:00:00,16.95,17,16.91,16.95,600,0
2014-03-14,17:00:00,16.95,17.21,16.95,17.21,7180,0
2014-03-14,18:00:00,17.13,17.13,16.86,16.93,2180,0
2014-03-14,19:00:00,16.99,17,16.88,17,1500,0
2014-03-14,20:00:00,16.91,16.91,16.9,16.9,1700,0
2014-03-14,21:00:00,16.92,17.12,16.92,17,8770,0
2014-03-17,15:00:00,17,17,17,17,300,0
2014-03-17,16:00:00,16.99,17,16.67,16.76,6790,0
2014-03-17,17:00:00,16.62,16.84,16.44,16.52,7686,0
2014-03-17,18:00:00,16.42,16.66,16.42,16.55,1300,0
2014-03-17,19:00:00,16.56,16.68,16.47,16.61,4910,0
2014-03-17,20:00:00,16.68,16.68,16.45,16.45,7000,0
2014-03-17,21:00:00,16.5,16.52,16.35,16.42,5980,0
2014-03-18,15:00:00,16.44,16.54,16.44,16.54,1600,0
2014-03-18,16:00:00,16.55,16.55,16.46,16.53,1300,0
2014-03-18,17:00:00,16.55,16.66,16.47,16.66,2600,0
2014-03-18,18:00:00,16.58,16.59,16.5,16.5,1019,0
2014-03-18,20:00:00,16.56,16.77,16.5,16.77,35700,0
2014-03-18,21:00:00,16.72,16.86,16.63,16.81,11237,0
2014-03-19,15:00:00,16.81,16.98,16.49,16.85,5402,0
2014-03-19,16:00:00,16.85,17.43,16.82,17.43,4350,0
2014-03-19,17:00:00,17.58,17.6,17.32,17.33,11400,0
2014-03-19,18:00:00,17.33,17.62,17.27,17.53,3900,0
2014-03-19,19:00:00,17.57,18.2,17.53,17.92,10344,0
2014-03-19,20:00:00,17.9,18,17.7,17.9,13400,0
2014-03-19,21:00:00,17.96,18.35,17.96,18.24,31422,0
2014-03-20,15:00:00,18.19,18.3,17.75,17.87,5462,0
2014-03-20,16:00:00,17.9,18.25,17.9,18.15,10676,0
2014-03-20,17:00:00,18.14,18.25,18.07,18.25,3300,0
2014-03-20,18:00:00,18.2,18.38,18.2,18.38,1300,0
2014-03-20,19:00:00,18.38,18.51,18.25,18.42,2458,0
2014-03-20,20:00:00,18.51,18.51,18.25,18.35,5000,0
2014-03-20,21:00:00,18.27,18.38,17.85,17.89,40688,0
2014-03-21,15:00:00,17.92,17.92,17.92,17.92,51854,0
2014-03-21,16:00:00,18.06,18.07,17.9,18.04,4378,0
2014-03-21,17:00:00,17.99,18.11,17.85,17.95,10700,0
2014-03-21,18:00:00,17.94,17.94,17.3,17.44,7250,0
2014-03-21,19:00:00,17.44,17.54,17.22,17.34,6350,0
2014-03-21,20:00:00,17.4,17.85,17.4,17.5,12200,0
2014-03-21,21:00:00,17.51,17.51,17.29,17.4,16230,0
2014-03-24,15:00:00,17.44,17.47,17.43,17.43,3300,0
2014-03-24,16:00:00,17.3,17.42,17.25,17.35,4890,0
2014-03-24,17:00:00,17.28,17.34,17.25,17.25,5720,0
2014-03-24,18:00:00,17.27,17.63,17.25,17.32,7143,0
2014-03-24,19:00:00,17.31,17.57,17.31,17.38,2700,0
2014-03-24,20:00:00,17.52,17.58,17.51,17.55,7418,0
2014-03-24,21:00:00,17.55,17.68,17.55,17.59,11720,0
2014-03-26,15:00:00,17.56,17.76,17.54,17.59,890,0
2014-03-26,16:00:00,17.49,17.57,17.49,17.54,500,0
2014-03-26,17:00:00,17.54,17.67,17.54,17.55,2000,0
2014-03-26,18:00:00,17.55,17.59,17.43,17.59,600,0
2014-03-26,19:00:00,17.6,17.6,17.59,17.59,400,0
2014-03-26,20:00:00,17.53,17.58,17.26,17.58,3500,0
2014-03-26,21:00:00,17.55,17.57,17.2,17.33,8073,0
2014-03-27,15:00:00,17.41,17.41,17.41,17.41,1300,0
2014-03-27,16:00:00,17.39,17.49,17.21,17.21,4945,0
2014-03-27,17:00:00,17.27,17.33,17.13,17.18,7395,0
2014-03-27,18:00:00,17.21,17.27,17.13,17.24,4498,0
2014-03-27,19:00:00,17.25,17.3,17.18,17.22,3600,0
2014-03-27,20:00:00,17.2,17.39,17.12,17.34,6224,0
2014-03-27,21:00:00,17.39,17.39,17.05,17.18,23022,0
2014-03-28,15:00:00,17.12,18.13,17.01,17.56,10950,0
2014-03-28,16:00:00,17.56,17.6,17.15,17.28,198902,0
2014-03-28,17:00:00,17.27,17.37,17.27,17.28,2900,0
2014-03-28,18:00:00,17.29,17.4,17.29,17.4,2627,0
2014-03-28,19:00:00,17.4,17.44,17.31,17.31,7330,0
2014-03-28,20:00:00,17.31,17.42,17.24,17.42,4500,0
2014-03-28,21:00:00,17.38,17.42,17.09,17.37,36289,0
2014-03-31,16:00:00,17.5,17.52,17.5,17.5,3980,0
2014-03-31,17:00:00,17.71,17.76,17.52,17.76,3400,0
2014-03-31,18:00:00,17.83,18,17.83,17.85,3040,0
2014-03-31,19:00:00,17.99,17.99,17.9,17.9,3600,0
2014-03-31,20:00:00,17.9,17.9,17.84,17.84,700,0
2014-03-31,21:00:00,17.83,17.88,17.79,17.82,3200,0
2014-03-31,22:00:00,17.89,17.94,17.83,17.84,8000,0
2014-04-01,16:00:00,17.85,17.99,17.84,17.86,1200,0
2014-04-01,17:00:00,17.81,18.29,17.81,18.21,54800,0
2014-04-01,18:00:00,18.21,18.22,18.01,18.02,9900,0
2014-04-01,19:00:00,18.03,18.08,17.79,17.87,47541,0
2014-04-01,20:00:00,17.8,17.8,17.6,17.6,2800,0
2014-04-01,21:00:00,17.57,17.62,17.44,17.6,16500,0
2014-04-01,22:00:00,17.58,17.7,17.54,17.65,18481,0
2014-04-02,18:00:00,17.87,17.87,17.82,17.83,1100,0
2014-04-02,19:00:00,17.84,17.85,17.69,17.69,3441,0
2014-04-02,20:00:00,17.85,17.85,17.74,17.82,1200,0
2014-04-02,21:00:00,17.83,18.04,17.83,18.04,4502,0
2014-04-02,22:00:00,18.04,18.48,18.04,18.41,33110,0
2014-04-03,16:00:00,18.16,18.31,18.16,18.31,500,0
2014-04-03,17:00:00,18.3,18.32,18.16,18.32,3916,0
2014-04-03,18:00:00,18.21,18.49,18.21,18.44,3084,0
2014-04-03,19:00:00,18.41,18.44,18.41,18.44,1200,0
2014-04-03,20:00:00,18.51,18.54,18.51,18.53,2500,0
2014-04-03,21:00:00,18.67,18.7,18.55,18.7,7017,0
2014-04-03,22:00:00,18.59,18.96,18.59,18.81,14321,0
2014-04-04,16:00:00,18.49,18.84,18.49,18.84,1200,0
2014-04-04,17:00:00,18.76,18.76,18.7,18.7,1000,0
2014-04-04,18:00:00,18.72,18.79,18.72,18.79,1800,0
2014-04-04,19:00:00,18.81,18.83,18.67,18.73,1065,0
2014-04-04,20:00:00,18.71,18.71,18.71,18.71,300,0
2014-04-04,21:00:00,18.64,18.74,18.55,18.71,2677,0
2014-04-04,22:00:00,18.59,18.69,18.4,18.41,12624,0
2014-04-07,16:00:00,18.36,18.46,18.35,18.39,2000,0
2014-04-07,17:00:00,18.33,18.45,18.24,18.29,2800,0
2014-04-07,18:00:00,18.27,18.34,18.27,18.29,700,0
2014-04-07,19:00:00,18.38,18.39,18.16,18.33,3395,0
2014-04-07,20:00:00,18.3,18.4,18.25,18.26,3100,0
2014-04-07,21:00:00,18.21,18.27,18.16,18.26,1100,0
2014-04-07,22:00:00,18.31,18.4,18.15,18.15,9028,0
2014-04-08,16:00:00,18.31,18.31,18.2,18.2,2719,0
2014-04-08,17:00:00,18.2,18.35,18.17,18.31,2700,0
2014-04-08,18:00:00,18.23,18.23,18.21,18.21,1000,0
2014-04-08,19:00:00,18.22,18.26,18.18,18.2,2866,0
2014-04-08,20:00:00,18.26,18.35,18.19,18.26,3797,0
2014-04-08,21:00:00,18.28,18.34,18.26,18.26,2220,0
2014-04-08,22:00:00,18.29,18.31,18.27,18.27,6472,0
2014-04-09,16:00:00,18.39,18.39,18.3,18.3,1010,0
2014-04-09,17:00:00,18.31,18.36,18.21,18.25,4255,0
2014-04-09,18:00:00,18.25,18.25,18.13,18.22,2410,0
2014-04-09,19:00:00,18.15,18.22,18.14,18.14,700,0
2014-04-09,20:00:00,18.23,18.23,17.91,17.91,3800,0
2014-04-09,21:00:00,17.84,17.89,17.84,17.89,800,0
2014-04-09,22:00:00,17.87,17.96,17.77,17.86,21180,0
2014-04-10,16:00:00,17.75,17.96,17.75,17.96,1971,0
2014-04-10,17:00:00,17.88,18.18,17.88,18,5064,0
2014-04-10,18:00:00,17.92,18.07,17.92,18.04,1500,0
2014-04-10,19:00:00,17.89,17.99,17.76,17.8,6700,0
2014-04-10,20:00:00,17.76,17.87,17.66,17.82,14757,0
2014-04-10,21:00:00,17.79,17.86,17.68,17.76,4106,0
2014-04-10,22:00:00,17.71,17.79,17.54,17.63,9804,0
2014-04-11,16:00:00,17.43,17.5,17.21,17.21,4690,0
2014-04-11,17:00:00,17.23,17.23,16.9,16.9,14493,0
2014-04-11,18:00:00,16.95,17.01,16.9,17.01,6618,0
2014-04-11,19:00:00,17.05,17.12,16.91,17.05,3350,0
2014-04-11,20:00:00,17.04,17.1,16.93,17.1,4700,0
2014-04-11,21:00:00,17.1,17.51,17.1,17.51,3410,0
2014-04-11,22:00:00,17.5,17.56,17.31,17.46,9386,0
2014-04-14,16:00:00,17.55,17.55,17.33,17.33,1100,0
2014-04-14,17:00:00,17.44,17.48,17.33,17.33,800,0
2014-04-14,18:00:00,17.27,17.49,17.05,17.38,13059,0
2014-04-14,19:00:00,17.41,17.53,17.39,17.45,49072,0
2014-04-14,20:00:00,17.41,17.47,17.37,17.44,6200,0
2014-04-14,21:00:00,17.35,17.41,17.35,17.41,2100,0
2014-04-14,22:00:00,17.35,17.5,17.28,17.41,30136,0
2014-04-15,16:00:00,17.42,17.43,17.06,17.1,22500,0
2014-04-15,17:00:00,17.22,17.25,17.22,17.25,1500,0
2014-04-15,18:00:00,17.23,17.39,17.2,17.39,3500,0
2014-04-15,19:00:00,17.4,17.44,17.33,17.38,4030,0
2014-04-15,20:00:00,17.37,17.4,17.32,17.39,1550,0
2014-04-15,21:00:00,17.35,17.43,17.28,17.4,7800,0
2014-04-15,22:00:00,17.42,17.48,17.34,17.39,19254,0
2014-04-16,16:00:00,17.51,17.51,17.44,17.44,2066,0
2014-04-16,17:00:00,17.36,17.36,17.3,17.35,2100,0
2014-04-16,18:00:00,17.32,17.32,17.15,17.15,2431,0
2014-04-16,19:00:00,17.11,17.22,17,17.22,11459,0
2014-04-16,20:00:00,17.22,17.3,17.18,17.18,1900,0
2014-04-16,21:00:00,17.18,17.2,17.15,17.15,700,0
2014-04-16,22:00:00,17.19,17.19,17.1,17.11,12966,0
2014-04-17,16:00:00,17.13,17.13,17.13,17.13,1100,0
2014-04-17,17:00:00,17.18,17.26,17.11,17.11,4500,0
2014-04-17,18:00:00,17.18,17.18,17.05,17.11,3000,0
2014-04-17,19:00:00,17.15,17.19,17.06,17.06,2700,0
2014-04-17,20:00:00,17.05,17.05,17.05,17.05,900,0
2014-04-17,21:00:00,17.05,17.05,17.05,17.05,2000,0
2014-04-17,22:00:00,17.08,17.16,17.05,17.1,5800,0
2014-04-21,16:00:00,17.28,17.28,17.18,17.18,1400,0
2014-04-21,17:00:00,17.05,17.05,16.85,16.85,2500,0
2014-04-21,18:00:00,16.7,16.7,16.7,16.7,800,0
2014-04-21,19:00:00,16.6,16.69,16.57,16.68,1709,0
2014-04-21,20:00:00,16.66,16.68,16.66,16.68,2714,0
2014-04-21,21:00:00,16.64,17.22,16.64,17.06,9372,0
2014-04-21,22:00:00,17.06,17.18,17.06,17.17,6406,0
2014-04-22,16:00:00,17.36,17.36,17.12,17.12,4304,0
2014-04-22,17:00:00,17.12,17.19,16.98,16.98,1700,0
2014-04-22,18:00:00,17,17.03,16.89,16.93,5700,0
2014-04-22,19:00:00,16.94,17.1,16.94,17.02,5100,0
2014-04-22,20:00:00,17,17.07,16.97,17,3300,0
2014-04-22,21:00:00,17,17.02,17,17.02,1300,0
2014-04-22,22:00:00,17,17.02,16.9,16.97,8627,0
2014-04-23,16:00:00,17,17.01,16.87,16.96,1700,0
2014-04-23,17:00:00,16.99,17.04,16.97,17.04,3500,0
2014-04-23,18:00:00,16.97,17.02,16.97,17.02,1900,0
2014-04-23,19:00:00,17.03,17.03,16.98,17.03,1400,0
2014-04-23,20:00:00,17.03,17.03,16.92,16.97,3542,0
2014-04-23,21:00:00,17.02,17.03,16.92,16.94,2800,0
2014-04-23,22:00:00,17.02,17.07,16.87,16.92,14163,0
2014-04-24,16:00:00,17.07,17.12,16.97,16.97,900,0
2014-04-24,17:00:00,17.14,17.28,17.14,17.28,1792,0
2014-04-24,18:00:00,17.22,17.31,17.15,17.27,3591,0
2014-04-24,19:00:00,17.25,17.25,17.23,17.23,700,0
2014-04-24,20:00:00,17.24,17.28,17.24,17.24,1300,0
2014-04-24,21:00:00,17.27,17.27,17.21,17.21,1200,0
2014-04-24,22:00:00,17.21,17.24,17.02,17.11,11064,0
2014-04-25,16:00:00,17,17.14,16.97,17.1,1400,0
2014-04-25,17:00:00,17.11,17.19,16.97,17.09,3800,0
2014-04-25,18:00:00,17.17,17.17,17.03,17.12,2000,0
2014-04-25,19:00:00,17.14,17.2,17.14,17.19,900,0
2014-04-25,20:00:00,17.09,17.12,16.72,16.98,15900,0
2014-04-25,21:00:00,16.97,17.16,16.92,17.02,6700,0
2014-04-25,22:00:00,17.09,17.12,16.95,16.98,7660,0
2014-04-28,16:00:00,17,17,16.95,16.95,1900,0
2014-04-28,17:00:00,16.82,16.83,16.68,16.73,2200,0
2014-04-28,18:00:00,16.78,16.9,16.69,16.9,2600,0
2014-04-28,19:00:00,16.93,17.01,16.93,17,2600,0
2014-04-28,20:00:00,17,17.01,16.87,17.01,4596,0
2014-04-28,21:00:00,17.05,17.85,17.02,17.85,11400,0
2014-04-28,22:00:00,17.77,17.83,17.56,17.6,11003,0
2014-04-29,16:00:00,17.56,17.56,16.91,17.04,12672,0
2014-04-29,17:00:00,17,17.04,16.99,16.99,3300,0
2014-04-29,18:00:00,17.02,17.03,16.96,16.96,1800,0
2014-04-29,19:00:00,16.99,17,16.92,16.95,8941,0
2014-04-29,20:00:00,16.93,16.95,16.92,16.95,5912,0
2014-04-29,21:00:00,16.9,16.98,16.88,16.88,5641,0
2014-04-29,22:00:00,16.87,16.87,16.6,16.62,20658,0
2014-04-30,16:00:00,16.64,16.81,16.25,16.73,5100,0
2014-04-30,17:00:00,16.87,16.88,16.53,16.83,3100,0
2014-04-30,18:00:00,16.77,16.89,16.65,16.65,5100,0
2014-04-30,19:00:00,16.74,16.79,16.67,16.77,3500,0
2014-04-30,20:00:00,16.79,16.89,16.77,16.8,4090,0
2014-04-30,21:00:00,16.82,16.83,16.65,16.67,3300,0
2014-04-30,22:00:00,16.77,16.81,16.35,16.53,31822,0
2014-05-01,16:00:00,16.53,16.53,15.72,15.72,9594,0
2014-05-01,17:00:00,15.81,16.02,15.81,15.94,5900,0
2014-05-01,18:00:00,15.98,16.02,15.86,15.92,11208,0
2014-05-01,19:00:00,15.98,16,15.91,15.94,5500,0
2014-05-01,20:00:00,15.99,16.01,15.89,15.94,13020,0
2014-05-01,21:00:00,15.95,16.05,15.95,15.97,4513,0
2014-05-01,22:00:00,16,16.06,15.92,16,18450,0
2014-05-02,16:00:00,15.93,16.21,15.93,16.21,2700,0
2014-05-02,17:00:00,16.24,16.38,16.19,16.24,5400,0
2014-05-02,18:00:00,16.24,16.38,16.24,16.34,10280,0
2014-05-02,19:00:00,16.27,16.32,16.08,16.11,12284,0
2014-05-02,20:00:00,16.18,16.22,16.09,16.19,14033,0
2014-05-02,21:00:00,16.11,16.25,15.91,16.21,12610,0
2014-05-02,22:00:00,16.12,16.4,16.09,16.34,56780,0
2014-05-05,16:00:00,16.15,16.66,16.15,16.66,6200,0
2014-05-05,17:00:00,16.72,16.78,16.52,16.66,15046,0
2014-05-05,18:00:00,16.58,16.7,16.49,16.55,4600,0
2014-05-05,19:00:00,16.6,16.6,16.46,16.46,3560,0
2014-05-05,20:00:00,16.43,16.58,16.09,16.24,24040,0
2014-05-05,21:00:00,16.38,16.59,16.15,16.25,65937,0
2014-05-05,22:00:00,16.18,16.5,16.18,16.44,25280,0
2014-05-06,16:00:00,16.34,16.34,16.08,16.08,1900,0
2014-05-06,17:00:00,16.15,16.15,15.77,15.94,5600,0
2014-05-06,18:00:00,15.92,16.09,15.9,15.95,3268,0
2014-05-06,19:00:00,15.93,15.93,15.9,15.9,1900,0
2014-05-06,20:00:00,15.9,16.03,15.79,15.88,17400,0
2014-05-06,21:00:00,15.79,15.91,15.75,15.75,7411,0
2014-05-06,22:00:00,15.76,15.94,15.67,15.73,43808,0
2014-05-07,16:00:00,15.82,15.82,15.81,15.82,2300,0
2014-05-07,17:00:00,15.83,15.97,15.67,15.89,22931,0
2014-05-07,18:00:00,15.89,15.94,15.73,15.86,5116,0
2014-05-07,19:00:00,15.73,15.73,15.73,15.73,400,0
2014-05-07,20:00:00,15.78,15.87,15.73,15.87,6700,0
2014-05-07,21:00:00,15.83,15.87,15.73,15.77,12522,0
2014-05-07,22:00:00,15.75,15.82,15.61,15.73,25312,0
