Date,Time,Open,High,Low,Close,Volume,OpenInt
2014-02-10,16:00:00,35.5997,35.5997,34.604,35.0673,124631,0
2014-02-10,17:00:00,35.0673,35.3237,35.0575,35.1856,29945,0
2014-02-10,18:00:00,35.2251,35.442,35.1758,35.3434,28249,0
2014-02-10,19:00:00,35.3631,35.442,35.3039,35.3532,13532,0
2014-02-10,20:00:00,35.3828,35.442,35.2448,35.3138,23723,0
2014-02-10,21:00:00,35.3335,35.4814,35.3138,35.4025,30960,0
2014-02-10,22:00:00,35.4025,35.5997,35.2645,35.5997,104697,0
2014-02-11,16:00:00,35.6687,35.7476,35.1955,35.3039,55881,0
2014-02-11,17:00:00,35.3039,35.4518,35.2251,35.3828,60431,0
2014-02-11,18:00:00,35.3631,35.6884,35.3532,35.5602,87512,0
2014-02-11,19:00:00,35.5602,35.58,35.4715,35.4912,23683,0
2014-02-11,20:00:00,35.4912,35.649,35.4814,35.6194,69513,0
2014-02-11,21:00:00,35.6391,35.6391,35.5011,35.511,12308,0
2014-02-11,22:00:00,35.5208,35.5504,35.5011,35.5504,37761,0
2014-02-12,16:00:00,35.511,35.6884,35.1758,35.649,70684,0
2014-02-12,17:00:00,35.6096,35.6687,35.5504,35.5997,77814,0
2014-02-12,18:00:00,35.6096,35.649,35.5307,35.58,25978,0
2014-02-12,19:00:00,35.5898,35.6096,35.5011,35.5701,18258,0
2014-02-12,20:00:00,35.58,35.6293,35.5011,35.6194,21844,0
2014-02-12,21:00:00,35.5997,35.649,35.5701,35.6096,32627,0
2014-02-12,22:00:00,35.6096,35.6096,35.4518,35.4814,106732,0
2014-02-13,16:00:00,35.2448,35.2448,34.6631,34.8209,118334,0
2014-02-13,17:00:00,34.7223,34.811,34.0124,34.3871,188746,0
2014-02-13,18:00:00,34.3674,34.5843,34.3476,34.5054,128844,0
2014-02-13,19:00:00,34.5054,34.5744,34.4166,34.5054,51456,0
2014-02-13,20:00:00,34.5054,34.535,34.4068,34.4857,99364,0
2014-02-13,21:00:00,34.4955,34.8603,34.4364,34.5448,126797,0
2014-02-13,22:00:00,34.5547,34.673,34.3871,34.4364,221424,0
2014-02-14,16:00:00,34.5054,34.5744,33.7857,33.8646,57757,0
2014-02-14,17:00:00,33.8251,34.2589,33.6378,34.0223,85906,0
2014-02-14,18:00:00,34.0223,34.3772,33.9829,34.3674,25763,0
2014-02-14,19:00:00,34.3674,34.4659,34.2491,34.3279,37271,0
2014-02-14,20:00:00,34.2786,34.4068,34.2589,34.3871,22270,0
2014-02-14,21:00:00,34.4068,34.4561,34.2491,34.2688,31764,0
2014-02-14,22:00:00,34.2885,34.5054,34.18,34.2096,133826,0
2014-02-18,16:00:00,34.5054,35.2349,34.2688,35.0476,83552,0
2014-02-18,17:00:00,34.9687,34.9687,34.535,34.5645,145736,0
2014-02-18,18:00:00,34.6237,34.742,34.4068,34.5645,256186,0
2014-02-18,19:00:00,34.5054,34.6927,34.4758,34.5054,74012,0
2014-02-18,20:00:00,34.4955,34.535,34.3969,34.5054,47319,0
2014-02-18,21:00:00,34.5054,34.5054,34.4462,34.4561,25488,0
2014-02-18,22:00:00,34.4364,34.5448,34.4068,34.5054,121243,0
2014-02-19,16:00:00,34.5054,34.742,34.2688,34.742,92121,0
2014-02-19,17:00:00,34.7518,35.3532,34.7518,35.2152,96571,0
2014-02-19,18:00:00,35.2349,35.5208,35.1955,35.3729,107286,0
2014-02-19,19:00:00,35.3631,35.3729,35.0772,35.0772,127265,0
2014-02-19,20:00:00,35.087,35.8166,35.0673,35.8166,85133,0
2014-02-19,21:00:00,35.7969,35.7969,35.5011,35.5602,57488,0
2014-02-19,22:00:00,35.5701,35.5701,35.2349,35.3532,221696,0
2014-02-20,16:00:00,35.1856,35.4518,35.0378,35.1856,11395,0
2014-02-20,17:00:00,35.2645,35.8659,35.1758,35.6687,30550,0
2014-02-20,18:00:00,35.6786,35.7574,35.4715,35.511,42848,0
2014-02-20,19:00:00,35.511,35.5898,35.3927,35.4321,22806,0
2014-02-20,20:00:00,35.4518,35.5011,35.3927,35.442,6593,0
2014-02-20,21:00:00,35.4518,35.5701,35.4518,35.5405,9053,0
2014-02-20,22:00:00,35.5504,35.6194,35.3927,35.4025,105712,0
2014-02-21,16:00:00,35.3434,35.4617,35.1265,35.4124,10651,0
2014-02-21,17:00:00,35.3828,35.6588,35.3335,35.6194,25666,0
2014-02-21,18:00:00,35.5701,35.6293,35.4518,35.4518,30205,0
2014-02-21,19:00:00,35.4518,35.4814,35.3138,35.3237,21292,0
2014-02-21,20:00:00,35.3237,35.3237,35.1659,35.2349,17800,0
2014-02-21,21:00:00,35.2546,35.2645,35.1166,35.1856,16736,0
2014-02-21,22:00:00,35.1758,35.2645,34.9096,34.9687,138899,0
2014-02-24,16:00:00,35.4912,35.856,35.1561,35.6983,26281,0
2014-02-24,17:00:00,35.718,35.9842,35.718,35.7969,62636,0
2014-02-24,18:00:00,35.856,35.8856,35.5011,35.5011,39003,0
2014-02-24,19:00:00,35.5602,35.7476,35.5011,35.7476,18157,0
2014-02-24,20:00:00,35.7377,35.8955,35.7377,35.8462,74005,0
2014-02-24,21:00:00,35.856,35.9842,35.856,35.9842,143879,0
2014-02-24,22:00:00,35.9842,36.0236,35.925,35.9349,287647,0
2014-02-25,16:00:00,35.8955,35.9842,35.511,35.5898,54150,0
2014-02-25,17:00:00,35.5997,35.9842,35.2645,35.8757,96249,0
2014-02-25,18:00:00,35.8264,35.856,35.4321,35.4321,40678,0
2014-02-25,19:00:00,35.4814,35.5405,35.3039,35.4222,21500,0
2014-02-25,20:00:00,35.4124,35.5307,35.3927,35.5307,23776,0
2014-02-25,21:00:00,35.511,35.8659,35.4715,35.7377,64002,0
2014-02-25,22:00:00,35.7574,35.9842,35.6983,35.9447,159540,0
2014-02-26,16:00:00,35.7377,35.9842,35.5898,35.7476,70631,0
2014-02-26,17:00:00,35.7377,35.9842,35.4912,35.8363,115482,0
2014-02-26,18:00:00,35.8462,35.9053,35.58,35.7377,74282,0
2014-02-26,19:00:00,35.7969,35.9447,35.718,35.8659,55911,0
2014-02-26,20:00:00,35.8856,35.9842,35.8659,35.9349,29529,0
2014-02-26,21:00:00,35.9447,35.9546,35.4321,35.4814,58654,0
2014-02-26,22:00:00,35.4518,35.5602,35.4025,35.4912,43833,0
2014-02-27,16:00:00,35.9743,35.9842,35.3138,35.3138,26870,0
2014-02-27,17:00:00,35.3138,35.5011,35.2842,35.2941,13530,0
2014-02-27,18:00:00,35.2743,35.5011,35.2743,35.4222,31433,0
2014-02-27,19:00:00,35.4222,35.5504,35.0673,35.087,60089,0
2014-02-27,20:00:00,35.0378,35.2743,35.0378,35.1659,38612,0
2014-02-27,21:00:00,35.1561,35.3039,35.0476,35.0476,33055,0
2014-02-27,22:00:00,35.0575,35.3532,35.0476,35.1856,47341,0
2014-02-28,16:00:00,35.2941,35.3335,34.7025,34.9786,10813,0
2014-02-28,17:00:00,34.9687,35.2546,34.811,34.9392,61862,0
2014-02-28,18:00:00,34.9392,35.0378,34.8997,34.8997,36852,0
2014-02-28,19:00:00,34.8997,35.1955,34.7814,35.0772,90143,0
2014-02-28,20:00:00,35.0772,35.1462,34.8603,34.9096,128493,0
2014-02-28,21:00:00,34.9096,34.9687,34.7124,34.7124,58248,0
2014-02-28,22:00:00,34.7025,34.742,34.4364,34.4462,131967,0
2014-03-03,16:00:00,34.2885,34.3575,33.5984,33.9434,90306,0
2014-03-03,17:00:00,33.9927,34.042,33.6871,33.8547,84283,0
2014-03-03,18:00:00,33.8251,33.9139,33.697,33.8153,60622,0
2014-03-03,19:00:00,33.8251,33.9434,33.8153,33.8744,84604,0
2014-03-03,20:00:00,33.8843,34.3575,33.8153,34.1702,104622,0
2014-03-03,21:00:00,34.2589,34.5448,34.2392,34.4758,44229,0
2014-03-03,22:00:00,34.4857,34.7321,34.3674,34.7223,468369,0
2014-03-04,16:00:00,34.3575,34.9983,33.0759,34.4068,290590,0
2014-03-04,17:00:00,34.4166,34.604,33.697,34.3871,317724,0
2014-03-04,18:00:00,34.4462,34.4659,33.9237,34.0124,202879,0
2014-03-04,19:00:00,34.0322,34.4068,34.0124,34.0617,91350,0
2014-03-04,20:00:00,34.0617,34.2293,34.0124,34.1012,84585,0
2014-03-04,21:00:00,34.0815,34.1603,33.973,34.0322,129472,0
2014-03-04,22:00:00,34.0223,34.5054,34.0026,34.5054,322384,0
2014-03-05,16:00:00,34.5054,34.9589,34.2392,34.2885,212102,0
2014-03-05,17:00:00,34.2983,34.3476,33.6279,33.7956,377507,0
2014-03-05,18:00:00,33.7956,34.2589,33.7167,33.8251,454473,0
2014-03-05,19:00:00,33.835,33.9927,33.766,33.7956,126035,0
2014-03-05,20:00:00,33.7956,33.8448,33.7463,33.7758,54384,0
2014-03-05,21:00:00,33.7758,33.8054,33.6674,33.7364,104092,0
2014-03-05,22:00:00,33.7167,33.7364,33.5195,33.5885,210431,0
2014-03-06,16:00:00,33.4702,33.697,32.8097,33.2829,156994,0
2014-03-06,17:00:00,33.273,33.4604,32.9871,33.204,177073,0
2014-03-06,18:00:00,33.2139,33.3716,33.0463,33.273,132405,0
2014-03-06,19:00:00,33.2632,33.3125,33.1745,33.1942,50808,0
2014-03-06,20:00:00,33.2238,33.2238,32.8393,32.8393,79829,0
2014-03-06,21:00:00,32.8393,32.928,32.4843,32.5632,176087,0
2014-03-06,22:00:00,32.5829,32.721,32.1492,32.1886,444608,0
2014-03-07,16:00:00,32.3956,32.7111,31.9421,32.0506,131382,0
2014-03-07,17:00:00,32.0801,32.1984,31.4492,31.5083,201879,0
2014-03-07,18:00:00,31.4689,31.5971,31.3802,31.5478,149135,0
2014-03-07,19:00:00,31.5478,31.8633,31.5478,31.8633,136461,0
2014-03-07,20:00:00,31.8633,32.2872,31.8435,32.0013,102953,0
2014-03-07,21:00:00,32.0111,32.1097,31.7844,31.8041,95962,0
2014-03-07,22:00:00,31.8041,32.0801,31.6661,31.8435,343619,0
2014-03-10,15:00:00,31.6858,31.8633,31.1337,31.1633,217963,0
2014-03-10,16:00:00,31.1633,31.3013,30.9168,31.1337,198163,0
2014-03-10,17:00:00,31.1041,31.3013,30.7689,30.9168,188394,0
2014-03-10,18:00:00,30.9661,30.9858,30.6802,30.8182,97310,0
2014-03-10,19:00:00,30.8872,30.8872,30.4633,30.7492,122781,0
2014-03-10,20:00:00,30.7098,31.1238,30.6703,31.1041,217932,0
2014-03-10,21:00:00,31.0943,31.1534,30.7492,31.0351,508724,0
2014-03-11,15:00:00,31.39,32.0308,31.3802,31.8731,177112,0
2014-03-11,16:00:00,31.8633,32.0801,31.6957,32.0111,256180,0
2014-03-11,17:00:00,32.0111,32.2872,31.8534,32.1689,446395,0
2014-03-11,18:00:00,32.1294,32.2872,31.9914,32.0604,408163,0
2014-03-11,19:00:00,32.0604,32.1097,31.8731,32.0407,589921,0
2014-03-11,20:00:00,32.0407,32.1294,31.952,32.0604,420625,0
2014-03-11,21:00:00,32.0703,32.1294,31.9914,32.09,444441,0
2014-03-12,15:00:00,32.63,32.91,32.26,32.54,305771,0
2014-03-12,16:00:00,32.53,33.09,32.51,33.07,281129,0
2014-03-12,17:00:00,33.09,33.09,32.9,32.93,123942,0
2014-03-12,18:00:00,32.92,33.06,32.79,33.03,188105,0
2014-03-12,19:00:00,33.03,33.09,32.89,33.03,270774,0
2014-03-12,20:00:00,33.05,33.07,32.93,33.01,257730,0
2014-03-12,21:00:00,33.01,33.03,32.73,32.81,566088,0
2014-03-13,15:00:00,32.94,33.09,32.68,32.75,44558,0
2014-03-13,16:00:00,32.72,32.88,32.65,32.82,140510,0
2014-03-13,17:00:00,32.84,32.92,32.72,32.8,38520,0
2014-03-13,18:00:00,32.77,32.82,32.69,32.81,124328,0
2014-03-13,19:00:00,32.82,33.13,32.75,33.04,228481,0
2014-03-13,20:00:00,33.04,33.08,32.92,32.96,179093,0
2014-03-13,21:00:00,32.96,33.03,32.87,32.93,218595,0
2014-03-14,15:00:00,32.2,32.82,32.01,32.72,35926,0
2014-03-14,16:00:00,32.72,32.98,32.7,32.81,43077,0
2014-03-14,17:00:00,32.82,32.82,32.59,32.8,42218,0
2014-03-14,18:00:00,32.8,32.89,32.73,32.88,43247,0
2014-03-14,19:00:00,32.87,33,32.82,32.97,48090,0
2014-03-14,20:00:00,32.97,33.16,32.84,32.86,35898,0
2014-03-14,21:00:00,32.84,33.1,32.84,33.04,123222,0
2014-03-17,15:00:00,32.98,33.44,32.86,33.23,51507,0
2014-03-17,16:00:00,33.19,33.6,33.17,33.35,115931,0
2014-03-17,17:00:00,33.3,33.57,33.18,33.5,125556,0
2014-03-17,18:00:00,33.5,33.54,33.41,33.41,44695,0
2014-03-17,19:00:00,33.4,33.48,33.08,33.21,49373,0
2014-03-17,20:00:00,33.2,33.2,32.91,33.06,72204,0
2014-03-17,21:00:00,33.05,33.13,32.97,33.05,104079,0
2014-03-18,15:00:00,33.28,33.28,32.62,32.65,38885,0
2014-03-18,16:00:00,32.68,32.87,32.67,32.81,73152,0
2014-03-18,17:00:00,32.8,32.84,32.79,32.8,109046,0
2014-03-18,18:00:00,32.8,32.84,32.5,32.52,57748,0
2014-03-18,19:00:00,32.52,32.74,32.44,32.74,48887,0
2014-03-18,20:00:00,32.75,32.77,32.64,32.71,48594,0
2014-03-18,21:00:00,32.7,32.77,32.65,32.76,157535,0
2014-03-19,15:00:00,32.76,32.98,32.67,32.81,39469,0
2014-03-19,16:00:00,32.81,33,32.79,32.85,113584,0
2014-03-19,17:00:00,32.84,33.05,32.79,33.02,48446,0
2014-03-19,18:00:00,33.03,33.13,32.96,33.08,55916,0
2014-03-19,19:00:00,33.09,33.24,33.03,33.23,39877,0
2014-03-19,20:00:00,33.23,33.23,33.09,33.22,42956,0
2014-03-19,21:00:00,33.22,33.26,33.01,33.17,208168,0
2014-03-20,15:00:00,33.16,33.24,32.71,32.87,70395,0
2014-03-20,16:00:00,32.87,33.22,32.87,33.19,43921,0
2014-03-20,17:00:00,33.19,33.2,33.1,33.14,78659,0
2014-03-20,18:00:00,33.12,33.13,32.9,32.92,27600,0
2014-03-20,19:00:00,32.93,32.96,32.77,32.89,41797,0
2014-03-20,20:00:00,32.91,32.94,32.87,32.94,39898,0
2014-03-20,21:00:00,32.94,32.98,32.88,32.89,117145,0
2014-03-21,15:00:00,32.76,33,32.59,32.66,43778,0
2014-03-21,16:00:00,32.68,32.86,32.53,32.55,45592,0
2014-03-21,17:00:00,32.55,32.67,32.29,32.47,81476,0
2014-03-21,18:00:00,32.48,32.48,32.17,32.22,77568,0
2014-03-21,19:00:00,32.23,32.25,31.58,31.65,168533,0
2014-03-21,20:00:00,31.65,31.7,31.46,31.51,154129,0
2014-03-21,21:00:00,31.52,31.59,31.3,31.36,347509,0
2014-03-24,15:00:00,31.58,31.76,30.54,30.56,248462,0
2014-03-24,16:00:00,30.55,30.7,30.3,30.31,483327,0
2014-03-24,17:00:00,30.33,30.51,30.03,30.42,203465,0
2014-03-24,18:00:00,30.44,30.52,30.34,30.4,286981,0
2014-03-24,19:00:00,30.4,30.51,30.33,30.48,155549,0
2014-03-24,20:00:00,30.5,30.51,30.35,30.39,140209,0
2014-03-24,21:00:00,30.4,30.52,30.39,30.41,342858,0
2014-03-25,15:00:00,30.54,31.08,30.54,30.6,113625,0
2014-03-25,16:00:00,30.63,30.86,30.63,30.83,196214,0
2014-03-25,17:00:00,30.83,30.88,30.75,30.83,154932,0
2014-03-25,18:00:00,30.82,30.89,30.75,30.88,217161,0
2014-03-25,19:00:00,30.87,31.01,30.86,31.01,159202,0
2014-03-25,20:00:00,31.01,31.01,30.63,30.7,180832,0
2014-03-25,21:00:00,30.7,31.01,30.65,30.94,311187,0
2014-03-26,15:00:00,31.1,31.53,31,31.47,21045,0
2014-03-26,16:00:00,31.41,31.73,31.32,31.47,303568,0
2014-03-26,17:00:00,31.45,31.54,31.34,31.53,122175,0
2014-03-26,18:00:00,31.52,31.58,31.45,31.58,140364,0
2014-03-26,19:00:00,31.58,31.65,31.44,31.58,134394,0
2014-03-26,20:00:00,31.57,31.66,31.39,31.5,119783,0
2014-03-26,21:00:00,31.5,31.51,31.35,31.48,343190,0
2014-03-27,15:00:00,31.59,31.6,31.31,31.59,119124,0
2014-03-27,16:00:00,31.59,31.79,31.53,31.62,48252,0
2014-03-27,17:00:00,31.63,31.63,31.06,31.26,198291,0
2014-03-27,18:00:00,31.26,31.33,31.16,31.25,84648,0
2014-03-27,19:00:00,31.24,31.58,31.24,31.51,136643,0
2014-03-27,20:00:00,31.52,31.76,31.5,31.57,113076,0
2014-03-27,21:00:00,31.57,31.61,31.47,31.59,122772,0
2014-03-28,15:00:00,31.65,32.22,31.65,32,67548,0
2014-03-28,16:00:00,32.05,32.1,31.9,32.09,45794,0
2014-03-28,17:00:00,32,32.33,31.85,32.01,147196,0
2014-03-28,18:00:00,32.07,32.12,31.92,32.02,96008,0
2014-03-28,19:00:00,32.01,32.07,31.93,32.03,139264,0
2014-03-28,20:00:00,32.01,32.03,31.7,31.84,108608,0
2014-03-28,21:00:00,31.86,31.95,31.74,31.91,162104,0
2014-03-31,16:00:00,32.22,32.39,32.02,32.17,36980,0
2014-03-31,17:00:00,32.14,32.24,32.07,32.2,37329,0
2014-03-31,18:00:00,32.19,32.21,32.07,32.16,146397,0
2014-03-31,19:00:00,32.15,32.31,32.1,32.2,87235,0
2014-03-31,20:00:00,32.2,32.24,32.15,32.22,77457,0
2014-03-31,21:00:00,32.21,32.22,32.16,32.21,105973,0
2014-03-31,22:00:00,32.2,32.45,32.11,32.36,213862,0
2014-04-01,16:00:00,32.22,32.65,32.07,32.25,121961,0
2014-04-01,17:00:00,32.25,32.37,32.03,32.11,89606,0
2014-04-01,18:00:00,32.13,32.23,32.07,32.16,46838,0
2014-04-01,19:00:00,32.16,32.31,32.1,32.24,34098,0
2014-04-01,20:00:00,32.21,32.54,32.16,32.51,122832,0
2014-04-01,21:00:00,32.51,32.6,32.19,32.21,189797,0
2014-04-01,22:00:00,32.23,32.4,32.16,32.2,278784,0
2014-04-02,16:00:00,32.2,32.46,32.2,32.36,19653,0
2014-04-02,17:00:00,32.37,32.57,32.34,32.57,43741,0
2014-04-02,18:00:00,32.55,32.59,32.4,32.58,56380,0
2014-04-02,19:00:00,32.6,32.69,32.53,32.54,26711,0
2014-04-02,20:00:00,32.55,32.61,32.49,32.56,37196,0
2014-04-02,21:00:00,32.56,32.67,32.55,32.65,36257,0
2014-04-02,22:00:00,32.61,32.93,32.58,32.91,135864,0
2014-04-03,16:00:00,33.08,33.2,32.84,33.03,19941,0
2014-04-03,17:00:00,33.06,33.06,32.49,32.51,136137,0
2014-04-03,18:00:00,32.5,32.59,32.44,32.58,29110,0
2014-04-03,19:00:00,32.6,32.8,32.55,32.76,24883,0
2014-04-03,20:00:00,32.75,32.82,32.7,32.75,67550,0
2014-04-03,21:00:00,32.69,32.7,32.57,32.65,28600,0
2014-04-03,22:00:00,32.65,32.78,32.61,32.78,83134,0
2014-04-04,16:00:00,32.8,32.97,32.64,32.76,55610,0
2014-04-04,17:00:00,32.77,32.98,32.75,32.86,100621,0
2014-04-04,18:00:00,32.86,32.91,32.73,32.77,57990,0
2014-04-04,19:00:00,32.76,33.02,32.62,32.89,383681,0
2014-04-04,20:00:00,32.91,33.15,32.78,32.82,83222,0
2014-04-04,21:00:00,32.86,32.96,32.62,32.65,118711,0
2014-04-04,22:00:00,32.65,32.79,32.6,32.75,145751,0
2014-04-07,16:00:00,32.78,33.54,32.78,33.54,84527,0
2014-04-07,17:00:00,33.53,33.66,32.81,32.96,374089,0
2014-04-07,18:00:00,33.03,33.05,32.74,32.74,76234,0
2014-04-07,19:00:00,32.78,32.85,32.66,32.85,60857,0
2014-04-07,20:00:00,32.83,33.03,32.78,32.78,122266,0
2014-04-07,21:00:00,32.79,32.8,32.64,32.78,61072,0
2014-04-07,22:00:00,32.78,33.22,32.77,33.22,199755,0
2014-04-08,16:00:00,33.19,33.71,33.19,33.58,134484,0
2014-04-08,17:00:00,33.53,34,33.5,33.96,228047,0
2014-04-08,18:00:00,33.95,34.04,33.85,33.88,109141,0
2014-04-08,19:00:00,33.88,33.9,33.63,33.85,58770,0
2014-04-08,20:00:00,33.85,34,33.85,33.99,70292,0
2014-04-08,21:00:00,34,34,33.84,33.92,115868,0
2014-04-08,22:00:00,33.9,34.03,33.75,34,233641,0
2014-04-09,16:00:00,34,34,33.75,33.94,54382,0
2014-04-09,17:00:00,33.91,34,33.77,33.79,230205,0
2014-04-09,18:00:00,33.81,33.9,33.72,33.9,30582,0
2014-04-09,19:00:00,33.89,33.99,33.86,33.96,33780,0
2014-04-09,20:00:00,33.96,33.97,33.86,33.88,22688,0
2014-04-09,21:00:00,33.9,34,33.89,33.97,133690,0
2014-04-09,22:00:00,33.95,34,33.9,34,87097,0
2014-04-10,16:00:00,33.88,34,33.81,33.85,24061,0
2014-04-10,17:00:00,33.84,33.97,33.71,33.81,45100,0
2014-04-10,18:00:00,33.77,33.83,33.65,33.7,57343,0
2014-04-10,19:00:00,33.68,33.77,33.58,33.66,42026,0
2014-04-10,20:00:00,33.64,33.89,33.61,33.83,137678,0
2014-04-10,21:00:00,33.85,33.92,33.79,33.82,57056,0
2014-04-10,22:00:00,33.83,33.88,33.69,33.75,189008,0
2014-04-11,16:00:00,33.66,33.77,33.4,33.66,106266,0
2014-04-11,17:00:00,33.68,33.7,33.32,33.64,209022,0
2014-04-11,18:00:00,33.64,33.87,33.58,33.71,56736,0
2014-04-11,19:00:00,33.71,34,33.7,33.99,65754,0
2014-04-11,20:00:00,33.99,34,33.53,33.82,339287,0
2014-04-11,21:00:00,33.82,33.91,33.41,33.45,145900,0
2014-04-11,22:00:00,33.41,33.41,33.03,33.08,147779,0
2014-04-14,16:00:00,33.13,33.25,32.9,33,69136,0
2014-04-14,17:00:00,32.99,33.2,32.98,33,58684,0
2014-04-14,18:00:00,33,33.15,32.96,32.98,113797,0
2014-04-14,19:00:00,32.96,33.1,32.84,32.84,57133,0
2014-04-14,20:00:00,32.85,33.02,32.83,33.01,41856,0
2014-04-14,21:00:00,33.01,33.02,32.93,32.97,40271,0
2014-04-14,22:00:00,33,33.05,32.94,33,143049,0
2014-04-15,16:00:00,33.15,33.15,32.9,33.09,174228,0
2014-04-15,17:00:00,33.1,33.12,32.83,33,37291,0
2014-04-15,18:00:00,33,33.01,32.93,32.97,38274,0
2014-04-15,19:00:00,32.96,32.96,32.69,32.69,87476,0
2014-04-15,20:00:00,32.65,32.74,32.56,32.72,111883,0
2014-04-15,21:00:00,32.72,33.01,32.71,32.98,184418,0
2014-04-15,22:00:00,32.98,33.09,32.94,33,198837,0
2014-04-16,16:00:00,33.08,33.4,33.07,33.27,19829,0
2014-04-16,17:00:00,33.17,33.32,32.92,33.27,71993,0
2014-04-16,18:00:00,33.22,33.31,33.12,33.25,28658,0
2014-04-16,19:00:00,33.22,33.26,32.65,32.68,63686,0
2014-04-16,20:00:00,32.69,32.74,32.58,32.69,40495,0
2014-04-16,21:00:00,32.72,32.86,32.57,32.59,39088,0
2014-04-16,22:00:00,32.6,32.6,32.4,32.42,144227,0
2014-04-17,16:00:00,32.23,32.51,31.86,31.95,117718,0
2014-04-17,17:00:00,31.96,31.99,31.65,31.79,149804,0
2014-04-17,18:00:00,31.85,31.87,31.65,31.66,31876,0
2014-04-17,19:00:00,31.7,31.78,31.7,31.74,39825,0
2014-04-17,20:00:00,31.75,31.81,31.74,31.76,51814,0
2014-04-17,21:00:00,31.75,31.86,31.75,31.85,51102,0
2014-04-17,22:00:00,31.85,32.05,31.84,32,400853,0
2014-04-21,16:00:00,32.1,32.15,31.92,31.97,495328,0
2014-04-21,17:00:00,31.99,32.08,31.96,32,535446,0
2014-04-21,18:00:00,32,32.11,31.95,32.01,116777,0
2014-04-21,19:00:00,32.01,32.02,31.87,31.94,77175,0
2014-04-21,20:00:00,31.93,32.05,31.92,31.99,61368,0
2014-04-21,21:00:00,31.94,31.99,31.93,31.93,15793,0
2014-04-21,22:00:00,31.93,31.97,31.91,31.93,44505,0
2014-04-22,16:00:00,32.15,32.28,31.94,32,238543,0
2014-04-22,17:00:00,32,32.13,31.93,32.02,98218,0
2014-04-22,18:00:00,32.02,32.05,31.92,31.94,43802,0
2014-04-22,19:00:00,31.95,32.09,31.94,31.99,28306,0
2014-04-22,20:00:00,31.97,32.05,31.96,32.02,45271,0
2014-04-22,21:00:00,32.03,32.09,32.01,32.07,50770,0
2014-04-22,22:00:00,32.08,32.16,32.04,32.13,159475,0
2014-04-23,16:00:00,32.33,32.49,32.08,32.37,1465841,0
2014-04-23,17:00:00,32.3,32.42,32.25,32.33,408349,0
2014-04-23,18:00:00,32.3,32.5,32.27,32.49,174825,0
2014-04-23,19:00:00,32.5,32.59,32.42,32.48,30956,0
2014-04-23,20:00:00,32.49,32.58,32.39,32.41,28765,0
2014-04-23,21:00:00,32.41,32.41,32.23,32.31,55858,0
2014-04-23,22:00:00,32.31,32.39,32.25,32.39,66242,0
2014-04-24,16:00:00,32.62,33.22,32.29,32.35,246643,0
2014-04-24,17:00:00,32.35,32.58,32.35,32.47,59677,0
2014-04-24,18:00:00,32.49,32.49,32.38,32.47,39166,0
2014-04-24,19:00:00,32.47,32.53,32.39,32.49,626094,0
2014-04-24,20:00:00,32.48,32.53,32.38,32.41,49797,0
2014-04-24,21:00:00,32.4,32.45,32.38,32.4,52735,0
2014-04-24,22:00:00,32.4,32.46,32.32,32.4,152303,0
2014-04-25,16:00:00,32.22,32.5,32.09,32.39,38086,0
2014-04-25,17:00:00,32.39,32.55,32.35,32.42,304077,0
2014-04-25,18:00:00,32.43,32.52,32.31,32.5,82254,0
2014-04-25,19:00:00,32.5,32.56,32.46,32.52,54615,0
2014-04-25,20:00:00,32.53,32.54,32.43,32.5,43452,0
2014-04-25,21:00:00,32.5,32.53,32.38,32.38,57459,0
2014-04-25,22:00:00,32.39,32.48,32.36,32.43,41533,0
2014-04-28,16:00:00,32.74,32.74,32.38,32.51,20829,0
2014-04-28,17:00:00,32.53,32.66,32.42,32.5,36843,0
2014-04-28,18:00:00,32.5,32.54,32.36,32.38,60124,0
2014-04-28,19:00:00,32.38,32.39,32.22,32.28,44367,0
2014-04-28,20:00:00,32.35,32.4,32.23,32.38,39162,0
2014-04-28,21:00:00,32.38,32.48,32.34,32.43,33681,0
2014-04-28,22:00:00,32.44,32.66,32.43,32.51,88379,0
2014-04-29,16:00:00,32.6,32.93,32.6,32.73,43761,0
2014-04-29,17:00:00,32.71,33.04,32.64,32.99,77691,0
2014-04-29,18:00:00,32.97,33.04,32.8,32.89,165694,0
2014-04-29,19:00:00,32.91,33,32.66,32.83,47638,0
2014-04-29,20:00:00,32.8,32.83,32.5,32.53,78581,0
2014-04-29,21:00:00,32.52,32.76,32.52,32.72,33306,0
2014-04-29,22:00:00,32.72,32.72,32.62,32.67,92881,0
2014-04-30,16:00:00,32.45,32.68,32.43,32.5,19530,0
2014-04-30,17:00:00,32.53,32.55,32.5,32.52,18279,0
2014-04-30,18:00:00,32.52,32.55,32.49,32.51,31184,0
2014-04-30,19:00:00,32.5,32.71,32.5,32.69,30300,0
2014-04-30,20:00:00,32.68,32.77,32.66,32.76,26640,0
2014-04-30,21:00:00,32.7,33,32.69,32.9,30784,0
2014-04-30,22:00:00,32.92,33.09,32.92,33.06,81523,0
2014-05-01,16:00:00,32.71,33.44,32.71,33.27,50463,0
2014-05-01,17:00:00,33.25,33.61,33.25,33.5,113422,0
2014-05-01,18:00:00,33.5,33.6,33.43,33.59,61891,0
2014-05-01,19:00:00,33.6,33.7,33.58,33.68,61873,0
2014-05-01,20:00:00,33.68,34.02,33.65,33.94,91777,0
2014-05-01,21:00:00,33.94,34.25,33.92,34.22,90550,0
2014-05-01,22:00:00,34.22,34.41,34.15,34.4,161792,0
2014-05-02,16:00:00,34.4,34.54,34.01,34.01,22896,0
2014-05-02,17:00:00,34.02,34.15,33.93,33.94,34924,0
2014-05-02,18:00:00,33.92,33.96,33.73,33.73,72880,0
2014-05-02,19:00:00,33.71,33.71,33.46,33.46,63517,0
2014-05-02,20:00:00,33.45,33.56,33.45,33.46,54885,0
2014-05-02,21:00:00,33.44,33.5,33.31,33.41,92774,0
2014-05-02,22:00:00,33.4,33.49,33.16,33.17,164684,0
2014-05-05,16:00:00,33.25,33.26,33.03,33.07,24096,0
2014-05-05,17:00:00,33.05,33.12,32.92,33.07,33764,0
2014-05-05,18:00:00,33.07,33.25,32.98,33.22,35445,0
2014-05-05,19:00:00,33.23,33.35,33.19,33.29,53726,0
2014-05-05,20:00:00,33.3,33.45,33.28,33.39,63486,0
2014-05-05,21:00:00,33.41,33.56,33.4,33.52,50409,0
2014-05-05,22:00:00,33.51,33.74,33.48,33.67,248647,0
2014-05-06,16:00:00,32.03,32.28,30.99,31.05,434689,0
2014-05-06,17:00:00,31.05,31.29,30.66,30.91,320019,0
2014-05-06,18:00:00,30.89,31.39,30.88,31.34,157556,0
2014-05-06,19:00:00,31.34,31.88,31.32,31.5,394744,0
2014-05-06,20:00:00,31.5,31.65,31.45,31.48,148888,0
2014-05-06,21:00:00,31.46,31.59,31.45,31.57,120252,0
2014-05-06,22:00:00,31.56,31.67,31.46,31.61,361355,0
2014-05-07,16:00:00,31.75,31.94,31.24,31.57,110224,0
2014-05-07,17:00:00,31.57,31.7,31.21,31.55,132084,0
2014-05-07,18:00:00,31.55,31.65,31.41,31.43,82923,0
2014-05-07,19:00:00,31.42,31.42,31.17,31.27,99180,0
2014-05-07,20:00:00,31.27,31.48,31.23,31.48,107399,0
2014-05-07,21:00:00,31.48,31.51,31.27,31.5,80474,0
2014-05-07,22:00:00,31.5,31.66,31.48,31.66,198911,0
