Date,Time,Open,High,Low,Close,Volume,OpenInt
2014-02-10,16:00:00,29.563,29.832,29.553,29.742,1552622,0
2014-02-10,17:00:00,29.742,29.842,29.593,29.613,1410834,0
2014-02-10,18:00:00,29.613,29.752,29.543,29.613,1325093,0
2014-02-10,19:00:00,29.603,29.623,29.493,29.563,614176,0
2014-02-10,20:00:00,29.563,29.593,29.533,29.563,358841,0
2014-02-10,21:00:00,29.563,29.693,29.553,29.623,793146,0
2014-02-10,22:00:00,29.623,29.653,29.553,29.603,1672443,0
2014-02-11,16:00:00,29.623,29.693,29.423,29.453,1156881,0
2014-02-11,17:00:00,29.453,29.623,29.374,29.423,1711395,0
2014-02-11,18:00:00,29.413,29.633,29.384,29.573,1452388,0
2014-02-11,19:00:00,29.573,29.673,29.473,29.663,1743443,0
2014-02-11,20:00:00,29.663,30.051,29.663,29.992,2869698,0
2014-02-11,21:00:00,29.992,30.231,29.962,30.231,2019066,0
2014-02-11,22:00:00,30.231,30.291,30.131,30.171,7283886,0
2014-02-12,16:00:00,30.191,30.45,30.151,30.291,1253822,0
2014-02-12,17:00:00,30.301,30.321,30.022,30.041,1354056,0
2014-02-12,18:00:00,30.051,30.151,29.922,30.071,1351946,0
2014-02-12,19:00:00,30.061,30.161,30.031,30.031,691340,0
2014-02-12,20:00:00,30.041,30.271,30.002,30.141,897976,0
2014-02-12,21:00:00,30.141,30.201,29.932,29.992,1015219,0
2014-02-12,22:00:00,29.992,30.081,29.962,30.061,1897105,0
2014-02-13,16:00:00,29.563,29.693,29.443,29.523,3108584,0
2014-02-13,17:00:00,29.533,29.822,29.513,29.782,1508482,0
2014-02-13,18:00:00,29.772,29.952,29.713,29.812,1507603,0
2014-02-13,19:00:00,29.822,29.842,29.603,29.653,1948695,0
2014-02-13,20:00:00,29.653,29.782,29.593,29.673,2107538,0
2014-02-13,21:00:00,29.683,29.782,29.653,29.752,1623156,0
2014-02-13,22:00:00,29.752,29.822,29.663,29.812,6420058,0
2014-02-14,16:00:00,29.822,29.902,29.633,29.693,1353504,0
2014-02-14,17:00:00,29.693,29.892,29.623,29.653,1363213,0
2014-02-14,18:00:00,29.653,29.673,29.513,29.543,1365479,0
2014-02-14,19:00:00,29.543,29.623,29.513,29.523,729185,0
2014-02-14,20:00:00,29.523,29.603,29.513,29.593,1049406,0
2014-02-14,21:00:00,29.583,29.643,29.563,29.633,871646,0
2014-02-14,22:00:00,29.643,29.653,29.543,29.593,5090473,0
2014-02-18,16:00:00,29.483,29.762,29.473,29.613,1111053,0
2014-02-18,17:00:00,29.613,29.722,29.503,29.663,2117300,0
2014-02-18,18:00:00,29.663,29.713,29.593,29.663,1394335,0
2014-02-18,19:00:00,29.653,29.663,29.513,29.563,1236781,0
2014-02-18,20:00:00,29.563,29.633,29.513,29.593,961224,0
2014-02-18,21:00:00,29.593,29.603,29.413,29.443,1320622,0
2014-02-18,22:00:00,29.443,29.503,29.384,29.463,3116812,0
2014-02-19,16:00:00,29.453,29.553,29.394,29.453,863603,0
2014-02-19,17:00:00,29.463,29.473,29.254,29.304,2101315,0
2014-02-19,18:00:00,29.314,29.334,29.035,29.035,2131174,0
2014-02-19,19:00:00,29.035,29.065,28.915,28.985,2044285,0
2014-02-19,20:00:00,28.975,29.184,28.955,29.144,1128538,0
2014-02-19,21:00:00,29.144,29.274,29.025,29.065,1505763,0
2014-02-19,22:00:00,29.065,29.075,28.796,28.865,9073201,0
2014-02-20,16:00:00,28.915,29.045,28.885,28.895,1196359,0
2014-02-20,17:00:00,28.905,29.244,28.835,29.224,2152519,0
2014-02-20,18:00:00,29.224,29.244,29.005,29.025,1582060,0
2014-02-20,19:00:00,29.025,29.114,28.955,29.105,1849147,0
2014-02-20,20:00:00,29.114,29.254,29.105,29.234,1337559,0
2014-02-20,21:00:00,29.244,29.304,29.194,29.254,1329904,0
2014-02-20,22:00:00,29.244,29.324,29.154,29.234,7232121,0
2014-02-21,16:00:00,29.224,29.513,29.224,29.453,937331,0
2014-02-21,17:00:00,29.443,29.563,29.354,29.563,1520964,0
2014-02-21,18:00:00,29.563,29.673,29.533,29.643,1238065,0
2014-02-21,19:00:00,29.653,29.703,29.573,29.653,667001,0
2014-02-21,20:00:00,29.643,29.713,29.613,29.703,846153,0
2014-02-21,21:00:00,29.703,29.722,29.563,29.623,1157389,0
2014-02-21,22:00:00,29.623,29.673,29.493,29.523,2777760,0
2014-02-24,16:00:00,29.563,29.992,29.453,29.982,1301000,0
2014-02-24,17:00:00,29.992,30.231,29.932,30.191,2941490,0
2014-02-24,18:00:00,30.201,30.43,30.161,30.43,1696877,0
2014-02-24,19:00:00,30.43,30.49,30.4,30.41,860599,0
2014-02-24,20:00:00,30.41,30.48,30.33,30.35,529483,0
2014-02-24,21:00:00,30.34,30.4,30.311,30.33,883607,0
2014-02-24,22:00:00,30.321,30.37,30.191,30.211,4884526,0
2014-02-25,16:00:00,30.161,30.251,29.942,29.982,1058746,0
2014-02-25,17:00:00,29.982,30.041,29.852,30.002,1637570,0
2014-02-25,18:00:00,30.012,30.131,29.882,29.892,924206,0
2014-02-25,19:00:00,29.892,29.962,29.852,29.922,903818,0
2014-02-25,20:00:00,29.932,29.972,29.872,29.892,678257,0
2014-02-25,21:00:00,29.882,29.912,29.583,29.603,2255855,0
2014-02-25,22:00:00,29.593,29.623,29.463,29.613,4820128,0
2014-02-26,16:00:00,29.822,29.902,29.334,29.334,1543215,0
2014-02-26,17:00:00,29.334,29.573,29.324,29.513,3414688,0
2014-02-26,18:00:00,29.503,29.992,29.503,29.952,2543607,0
2014-02-26,19:00:00,29.952,30.131,29.952,30.012,1639328,0
2014-02-26,20:00:00,30.012,30.051,29.942,30.002,824389,0
2014-02-26,21:00:00,30.002,30.012,29.832,29.882,1166511,0
2014-02-26,22:00:00,29.882,29.922,29.752,29.842,3300771,0
2014-02-27,16:00:00,29.772,29.882,29.593,29.693,1084905,0
2014-02-27,17:00:00,29.693,30.012,29.573,29.972,1552673,0
2014-02-27,18:00:00,29.972,30.37,29.942,30.241,2198984,0
2014-02-27,19:00:00,30.231,30.301,30.161,30.251,866593,0
2014-02-27,20:00:00,30.251,30.38,30.241,30.321,1128770,0
2014-02-27,21:00:00,30.321,30.35,30.171,30.181,874298,0
2014-02-27,22:00:00,30.181,30.271,30.131,30.261,2475476,0
2014-02-28,16:00:00,30.261,30.49,30.131,30.48,1115421,0
2014-02-28,17:00:00,30.48,30.58,30.38,30.54,1465862,0
2014-02-28,18:00:00,30.53,30.53,30.36,30.47,818109,0
2014-02-28,19:00:00,30.48,30.839,30.44,30.709,2506023,0
2014-02-28,20:00:00,30.709,30.789,30.659,30.719,1151348,0
2014-02-28,21:00:00,30.709,30.779,30.59,30.6,1466069,0
2014-02-28,22:00:00,30.59,30.789,30.4,30.699,4798226,0
2014-03-03,16:00:00,30.141,30.34,29.922,30.191,1728498,0
2014-03-03,17:00:00,30.201,30.241,30.022,30.111,1368508,0
2014-03-03,18:00:00,30.121,30.171,29.912,29.952,2064323,0
2014-03-03,19:00:00,29.942,30.012,29.832,29.982,1123083,0
2014-03-03,20:00:00,29.972,30.141,29.972,30.121,712019,0
2014-03-03,21:00:00,30.121,30.141,30.002,30.051,906263,0
2014-03-03,22:00:00,30.051,30.171,29.932,30.161,3409133,0
2014-03-04,16:00:00,30.61,30.839,30.55,30.719,1827806,0
2014-03-04,17:00:00,30.739,30.948,30.649,30.929,1755129,0
2014-03-04,18:00:00,30.919,30.938,30.809,30.899,1237396,0
2014-03-04,19:00:00,30.899,30.909,30.869,30.889,991298,0
2014-03-04,20:00:00,30.899,31.018,30.859,30.909,1029415,0
2014-03-04,21:00:00,30.919,31.018,30.859,30.978,842120,0
2014-03-04,22:00:00,30.988,31.068,30.948,30.998,4546663,0
2014-03-05,16:00:00,31.008,31.447,30.769,31.437,1915501,0
2014-03-05,17:00:00,31.427,31.596,31.337,31.566,2525684,0
2014-03-05,18:00:00,31.566,31.736,31.566,31.656,2048893,0
2014-03-05,19:00:00,31.656,31.696,31.537,31.676,961285,0
2014-03-05,20:00:00,31.666,31.776,31.646,31.696,1035736,0
2014-03-05,21:00:00,31.686,31.836,31.686,31.806,2046613,0
2014-03-05,22:00:00,31.806,31.935,31.756,31.865,4004451,0
2014-03-06,16:00:00,31.945,32.164,31.935,32.115,1237765,0
2014-03-06,17:00:00,32.115,32.125,31.816,31.985,2109922,0
2014-03-06,18:00:00,31.985,32.025,31.806,31.895,1140734,0
2014-03-06,19:00:00,31.895,31.905,31.796,31.806,948273,0
2014-03-06,20:00:00,31.806,31.885,31.736,31.736,955558,0
2014-03-06,21:00:00,31.736,31.816,31.716,31.766,767911,0
2014-03-06,22:00:00,31.766,31.816,31.716,31.736,5930308,0
2014-03-07,16:00:00,32.583,32.603,32.105,32.184,2640648,0
2014-03-07,17:00:00,32.184,32.543,32.125,32.244,2798669,0
2014-03-07,18:00:00,32.234,32.344,32.095,32.194,1933224,0
2014-03-07,19:00:00,32.194,32.364,32.155,32.284,1191465,0
2014-03-07,20:00:00,32.294,32.294,32.015,32.075,831088,0
2014-03-07,21:00:00,32.075,32.135,31.965,32.115,888460,0
2014-03-07,22:00:00,32.115,32.135,31.975,32.105,4105727,0
2014-03-10,15:00:00,32.115,32.174,31.995,32.164,1203193,0
2014-03-10,16:00:00,32.164,32.194,31.746,31.756,1772576,0
2014-03-10,17:00:00,31.756,31.965,31.656,31.836,1517637,0
2014-03-10,18:00:00,31.836,31.975,31.826,31.955,786738,0
2014-03-10,19:00:00,31.945,31.995,31.885,31.925,866936,0
2014-03-10,20:00:00,31.915,31.965,31.865,31.965,879080,0
2014-03-10,21:00:00,31.955,32.045,31.905,32.025,3000730,0
2014-03-11,15:00:00,32.115,32.115,31.696,31.776,685828,0
2014-03-11,16:00:00,31.776,32.145,31.776,32.095,1298811,0
2014-03-11,17:00:00,32.095,32.125,31.806,31.846,744694,0
2014-03-11,18:00:00,31.846,31.925,31.696,31.875,817278,0
2014-03-11,19:00:00,31.865,31.875,31.706,31.826,877847,0
2014-03-11,20:00:00,31.826,31.855,31.676,31.676,986632,0
2014-03-11,21:00:00,31.686,31.686,31.517,31.596,3197400,0
2014-03-12,15:00:00,31.377,31.417,31.108,31.198,1051778,0
2014-03-12,16:00:00,31.198,31.377,31.068,31.357,1656238,0
2014-03-12,17:00:00,31.367,31.377,31.198,31.257,1393765,0
2014-03-12,18:00:00,31.247,31.367,31.148,31.357,618839,0
2014-03-12,19:00:00,31.357,31.357,31.208,31.238,524554,0
2014-03-12,20:00:00,31.247,31.307,31.228,31.247,509075,0
2014-03-12,21:00:00,31.247,31.347,31.188,31.337,2191771,0
2014-03-13,15:00:00,31.437,31.885,31.417,31.746,2252139,0
2014-03-13,16:00:00,31.746,31.826,31.646,31.666,2714262,0
2014-03-13,17:00:00,31.666,31.776,31.636,31.686,3832153,0
2014-03-13,18:00:00,31.676,31.706,31.367,31.367,5004739,0
2014-03-13,19:00:00,31.377,31.497,31.257,31.347,2501884,0
2014-03-13,20:00:00,31.347,31.357,31.128,31.317,1563303,0
2014-03-13,21:00:00,31.317,31.377,31.178,31.337,3586390,0
2014-03-14,15:00:00,31.208,31.457,31.068,31.247,1146599,0
2014-03-14,16:00:00,31.247,31.527,30.988,31.028,1280053,0
2014-03-14,17:00:00,31.028,31.287,30.899,31.257,1554252,0
2014-03-14,18:00:00,31.257,31.287,30.988,31.118,901235,0
2014-03-14,19:00:00,31.128,31.188,30.919,31.188,1067692,0
2014-03-14,20:00:00,31.198,31.257,31.008,31.008,1313774,0
2014-03-14,21:00:00,30.998,31.128,30.938,30.998,2251052,0
2014-03-17,15:00:00,31.267,31.636,31.247,31.566,928321,0
2014-03-17,16:00:00,31.556,31.626,31.417,31.427,1225394,0
2014-03-17,17:00:00,31.417,31.497,31.287,31.417,579417,0
2014-03-17,18:00:00,31.417,31.437,31.257,31.297,680960,0
2014-03-17,19:00:00,31.297,31.377,31.247,31.307,856171,0
2014-03-17,20:00:00,31.307,31.347,31.228,31.287,829655,0
2014-03-17,21:00:00,31.287,31.327,31.198,31.267,2313347,0
2014-03-18,15:00:00,31.287,31.556,31.247,31.417,788881,0
2014-03-18,16:00:00,31.417,31.566,31.277,31.407,1343920,0
2014-03-18,17:00:00,31.407,31.556,31.377,31.407,512153,0
2014-03-18,18:00:00,31.417,31.467,31.367,31.447,586865,0
2014-03-18,19:00:00,31.447,31.576,31.437,31.527,519927,0
2014-03-18,20:00:00,31.527,31.606,31.517,31.576,625222,0
2014-03-18,21:00:00,31.576,31.596,31.477,31.547,2124551,0
2014-03-19,15:00:00,31.547,31.646,31.417,31.636,651109,0
2014-03-19,16:00:00,31.626,31.646,31.447,31.477,483370,0
2014-03-19,17:00:00,31.477,31.487,31.287,31.437,1174335,0
2014-03-19,18:00:00,31.437,31.556,31.347,31.556,566863,0
2014-03-19,19:00:00,31.556,31.556,31.407,31.527,568415,0
2014-03-19,20:00:00,31.507,31.965,31.357,31.746,2490267,0
2014-03-19,21:00:00,31.746,31.776,31.297,31.706,4118397,0
2014-03-20,15:00:00,31.836,31.985,31.586,31.975,2098811,0
2014-03-20,16:00:00,31.975,32.354,31.905,32.095,2853201,0
2014-03-20,17:00:00,32.085,32.424,32.045,32.414,1909215,0
2014-03-20,18:00:00,32.404,32.623,32.264,32.593,1604574,0
2014-03-20,19:00:00,32.593,32.753,32.593,32.753,1271155,0
2014-03-20,20:00:00,32.743,32.992,32.703,32.912,2720500,0
2014-03-20,21:00:00,32.902,32.912,32.603,32.683,9009015,0
2014-03-21,15:00:00,33.121,33.141,32.763,32.772,2057238,0
2014-03-21,16:00:00,32.772,32.832,32.653,32.763,2582420,0
2014-03-21,17:00:00,32.763,32.782,32.394,32.444,2391784,0
2014-03-21,18:00:00,32.444,32.583,32.364,32.573,2082830,0
2014-03-21,19:00:00,32.573,32.643,32.364,32.394,1772457,0
2014-03-21,20:00:00,32.384,32.424,32.264,32.414,2040366,0
2014-03-21,21:00:00,32.414,32.533,32.344,32.493,6835092,0
2014-03-24,15:00:00,32.643,32.643,32.374,32.503,1145248,0
2014-03-24,16:00:00,32.503,32.503,32.155,32.284,1990972,0
2014-03-24,17:00:00,32.274,32.294,32.065,32.204,1387198,0
2014-03-24,18:00:00,32.204,32.214,32.105,32.155,1054268,0
2014-03-24,19:00:00,32.155,32.364,32.135,32.334,862958,0
2014-03-24,20:00:00,32.334,32.364,32.274,32.294,1105560,0
2014-03-24,21:00:00,32.304,32.434,32.264,32.334,2358680,0
2014-03-25,15:00:00,32.463,32.463,32.055,32.085,925334,0
2014-03-25,16:00:00,32.085,32.174,31.756,31.786,1607656,0
2014-03-25,17:00:00,31.786,31.885,31.537,31.606,1533698,0
2014-03-25,18:00:00,31.606,31.816,31.507,31.756,1466329,0
2014-03-25,19:00:00,31.746,31.826,31.666,31.706,1070912,0
2014-03-25,20:00:00,31.716,31.726,31.517,31.576,1189124,0
2014-03-25,21:00:00,31.566,31.656,31.457,31.487,9080308,0
2014-03-26,15:00:00,31.746,31.865,31.586,31.796,1436313,0
2014-03-26,16:00:00,31.786,31.786,31.477,31.537,1281238,0
2014-03-26,17:00:00,31.527,31.716,31.497,31.656,920605,0
2014-03-26,18:00:00,31.656,31.696,31.586,31.656,601180,0
2014-03-26,19:00:00,31.656,31.666,31.208,31.307,1458132,0
2014-03-26,20:00:00,31.317,31.397,31.198,31.337,1044531,0
2014-03-26,21:00:00,31.337,31.367,31.108,31.118,3371985,0
2014-03-27,15:00:00,31.038,31.297,30.998,31.257,1402039,0
2014-03-27,16:00:00,31.247,31.347,31.008,31.108,2217055,0
2014-03-27,17:00:00,31.118,31.138,30.56,30.57,2139098,0
2014-03-27,18:00:00,30.58,30.739,30.5,30.57,2177569,0
2014-03-27,19:00:00,30.56,30.679,30.49,30.55,1445358,0
2014-03-27,20:00:00,30.56,30.669,30.49,30.649,1059658,0
2014-03-27,21:00:00,30.649,30.809,30.59,30.799,3104640,0
2014-03-28,15:00:00,30.839,31.068,30.769,31.058,889759,0
2014-03-28,16:00:00,31.068,31.307,30.998,31.247,1468838,0
2014-03-28,17:00:00,31.257,31.257,30.899,30.978,1035194,0
2014-03-28,18:00:00,30.988,31.018,30.859,30.889,672646,0
2014-03-28,19:00:00,30.899,30.899,30.739,30.809,1052402,0
2014-03-28,20:00:00,30.799,30.819,30.639,30.819,1075444,0
2014-03-28,21:00:00,30.809,30.849,30.729,30.809,1817117,0
2014-03-31,16:00:00,31.078,31.357,31.078,31.257,1339230,0
2014-03-31,17:00:00,31.257,31.277,31.028,31.188,1291930,0
2014-03-31,18:00:00,31.188,31.198,30.968,30.968,784706,0
2014-03-31,19:00:00,30.978,31.038,30.869,30.889,1210759,0
2014-03-31,20:00:00,30.899,30.948,30.879,30.899,748228,0
2014-03-31,21:00:00,30.889,30.958,30.879,30.958,849299,0
2014-03-31,22:00:00,30.948,31.118,30.929,31.068,7668180,0
2014-04-01,16:00:00,31.267,31.297,31.028,31.138,1103114,0
2014-04-01,17:00:00,31.138,31.208,30.899,30.958,2500343,0
2014-04-01,18:00:00,30.968,31.088,30.938,31.028,1299940,0
2014-04-01,19:00:00,31.028,31.118,30.929,31.098,1372194,0
2014-04-01,20:00:00,31.098,31.098,30.978,31.018,599444,0
2014-04-01,21:00:00,31.018,31.088,30.988,31.038,1030501,0
2014-04-01,22:00:00,31.048,31.158,31.008,31.108,3436858,0
2014-04-02,16:00:00,31.128,31.158,30.919,30.948,1219662,0
2014-04-02,17:00:00,30.958,31.327,30.948,31.238,2455123,0
2014-04-02,18:00:00,31.247,31.377,31.128,31.347,1160149,0
2014-04-02,19:00:00,31.337,31.437,31.307,31.417,1719673,0
2014-04-02,20:00:00,31.407,31.437,31.257,31.377,871628,0
2014-04-02,21:00:00,31.367,31.487,31.357,31.417,1038461,0
2014-04-02,22:00:00,31.417,31.467,31.307,31.307,3009749,0
2014-04-03,16:00:00,31.367,31.377,31.028,31.158,803231,0
2014-04-03,17:00:00,31.158,31.158,30.749,30.789,1665468,0
2014-04-03,18:00:00,30.799,30.799,30.61,30.759,1650183,0
2014-04-03,19:00:00,30.759,30.889,30.759,30.879,761930,0
2014-04-03,20:00:00,30.889,30.978,30.879,30.968,740191,0
2014-04-03,21:00:00,30.958,30.968,30.759,30.779,1672468,0
2014-04-03,22:00:00,30.779,30.879,30.709,30.849,2683622,0
2014-04-04,16:00:00,31.048,31.098,30.839,31.068,1112894,0
2014-04-04,17:00:00,31.068,31.158,30.889,30.978,1528424,0
2014-04-04,18:00:00,30.978,30.998,30.649,30.739,1472532,0
2014-04-04,19:00:00,30.729,30.739,30.45,30.5,1494802,0
2014-04-04,20:00:00,30.5,30.54,30.39,30.48,1259812,0
2014-04-04,21:00:00,30.48,30.53,30.34,30.37,1760024,0
2014-04-04,22:00:00,30.36,30.44,30.261,30.271,3044431,0
2014-04-07,16:00:00,30.251,30.281,29.683,29.882,2101501,0
2014-04-07,17:00:00,29.892,29.962,29.503,29.523,2223985,0
2014-04-07,18:00:00,29.533,29.643,29.453,29.483,1691149,0
2014-04-07,19:00:00,29.473,29.513,29.344,29.394,1398655,0
2014-04-07,20:00:00,29.404,29.404,28.995,29.095,3043577,0
2014-04-07,21:00:00,29.085,29.483,29.075,29.443,2078429,0
2014-04-07,22:00:00,29.443,29.663,29.413,29.423,8615232,0
2014-04-08,16:00:00,29.493,29.503,29.204,29.204,1081535,0
2014-04-08,17:00:00,29.204,29.314,29.005,29.204,2556187,0
2014-04-08,18:00:00,29.214,29.483,29.204,29.394,1640879,0
2014-04-08,19:00:00,29.394,29.533,29.354,29.354,1101261,0
2014-04-08,20:00:00,29.354,29.473,29.274,29.394,1402968,0
2014-04-08,21:00:00,29.404,29.404,29.085,29.244,1278544,0
2014-04-08,22:00:00,29.254,29.493,29.244,29.433,4367562,0
2014-04-09,16:00:00,29.633,29.812,29.553,29.593,1828433,0
2014-04-09,17:00:00,29.593,29.722,29.583,29.613,1432127,0
2014-04-09,18:00:00,29.613,29.772,29.553,29.772,712216,0
2014-04-09,19:00:00,29.762,29.882,29.742,29.832,714488,0
2014-04-09,20:00:00,29.832,29.862,29.762,29.812,631139,0
2014-04-09,21:00:00,29.802,30.171,29.802,30.031,2107998,0
2014-04-09,22:00:00,30.031,30.191,29.992,30.121,3987363,0
2014-04-10,16:00:00,30.171,30.181,29.922,29.972,1092477,0
2014-04-10,17:00:00,29.982,30.002,29.713,29.713,1118277,0
2014-04-10,18:00:00,29.713,29.713,29.513,29.533,1484869,0
2014-04-10,19:00:00,29.533,29.553,29.254,29.274,1675772,0
2014-04-10,20:00:00,29.284,29.364,29.194,29.354,1270741,0
2014-04-10,21:00:00,29.354,29.483,29.244,29.244,1310275,0
2014-04-10,22:00:00,29.234,29.264,29.075,29.154,4995952,0
2014-04-11,16:00:00,28.736,28.736,28.357,28.676,3306383,0
2014-04-11,17:00:00,28.666,28.985,28.566,28.895,3210484,0
2014-04-11,18:00:00,28.895,29.045,28.676,28.716,2260155,0
2014-04-11,19:00:00,28.706,28.746,28.576,28.706,1669501,0
2014-04-11,20:00:00,28.706,28.706,28.417,28.417,1708018,0
2014-04-11,21:00:00,28.417,28.516,28.217,28.387,3237929,0
2014-04-11,22:00:00,28.397,28.427,28.267,28.377,5107974,0
2014-04-14,16:00:00,28.686,29.065,28.686,28.885,1879277,0
2014-04-14,17:00:00,28.875,29.055,28.666,28.935,2483930,0
2014-04-14,18:00:00,28.935,28.935,28.656,28.875,1575878,0
2014-04-14,19:00:00,28.875,28.935,28.815,28.915,787472,0
2014-04-14,20:00:00,28.915,28.945,28.865,28.885,941647,0
2014-04-14,21:00:00,28.875,28.925,28.736,28.736,1105326,0
2014-04-14,22:00:00,28.746,28.995,28.586,28.965,3213293,0
2014-04-15,16:00:00,29.503,29.533,29.204,29.413,2085316,0
2014-04-15,17:00:00,29.404,29.463,28.955,29.045,2920566,0
2014-04-15,18:00:00,29.035,29.174,28.905,28.965,1765608,0
2014-04-15,19:00:00,28.965,28.965,28.696,28.716,1665758,0
2014-04-15,20:00:00,28.726,29.134,28.696,29.134,1626447,0
2014-04-15,21:00:00,29.134,29.334,29.075,29.224,1442106,0
2014-04-15,22:00:00,29.224,29.463,29.214,29.453,8995732,0
2014-04-16,16:00:00,29.782,29.882,29.314,29.463,1842049,0
2014-04-16,17:00:00,29.463,29.663,29.314,29.394,2588369,0
2014-04-16,18:00:00,29.394,29.633,29.324,29.493,1138932,0
2014-04-16,19:00:00,29.493,29.713,29.483,29.583,1259424,0
2014-04-16,20:00:00,29.583,29.643,29.483,29.573,1031752,0
2014-04-16,21:00:00,29.583,29.722,29.423,29.722,1354186,0
2014-04-16,22:00:00,29.732,29.852,29.663,29.792,5803688,0
2014-04-17,16:00:00,30.62,31.078,30.301,30.759,5286616,0
2014-04-17,17:00:00,30.769,31.188,30.669,30.958,5183047,0
2014-04-17,18:00:00,30.968,31.068,30.719,30.759,2244458,0
2014-04-17,19:00:00,30.759,30.938,30.719,30.769,1412853,0
2014-04-17,20:00:00,30.769,30.919,30.699,30.879,1391281,0
2014-04-17,21:00:00,30.879,30.889,30.61,30.63,1201912,0
2014-04-17,22:00:00,30.639,30.779,30.62,30.659,2889854,0
2014-04-21,16:00:00,30.929,30.948,30.639,30.779,1431075,0
2014-04-21,17:00:00,30.779,30.819,30.5,30.639,1984389,0
2014-04-21,18:00:00,30.639,30.859,30.62,30.839,1410148,0
2014-04-21,19:00:00,30.839,30.859,30.769,30.839,907164,0
2014-04-21,20:00:00,30.839,30.879,30.779,30.879,570651,0
2014-04-21,21:00:00,30.879,30.998,30.859,30.968,1388843,0
2014-04-21,22:00:00,30.968,30.988,30.839,30.879,2838820,0
2014-04-22,16:00:00,30.849,30.929,30.719,30.859,1512558,0
2014-04-22,17:00:00,30.869,31.088,30.779,31.018,1823526,0
2014-04-22,18:00:00,31.018,31.158,31.008,31.088,1455803,0
2014-04-22,19:00:00,31.088,31.238,31.038,31.238,1264043,0
2014-04-22,20:00:00,31.238,31.277,31.178,31.247,891542,0
2014-04-22,21:00:00,31.257,31.277,31.188,31.247,789016,0
2014-04-22,22:00:00,31.247,31.257,31.078,31.098,3056214,0
2014-04-23,16:00:00,31.088,31.198,30.859,30.968,1002746,0
2014-04-23,17:00:00,30.958,30.998,30.799,30.869,2076988,0
2014-04-23,18:00:00,30.869,30.929,30.789,30.869,1194812,0
2014-04-23,19:00:00,30.879,30.948,30.739,30.909,1024734,0
2014-04-23,20:00:00,30.909,30.998,30.909,30.978,721772,0
2014-04-23,21:00:00,30.978,31.038,30.909,31.038,884228,0
2014-04-23,22:00:00,31.038,31.058,30.929,30.938,2390089,0
2014-04-24,16:00:00,30.958,31.148,30.719,30.859,1355693,0
2014-04-24,17:00:00,30.849,30.978,30.201,30.839,1739326,0
2014-04-24,18:00:00,30.839,31.108,30.809,30.978,1081244,0
2014-04-24,19:00:00,30.968,31.118,30.968,31.088,501449,0
2014-04-24,20:00:00,31.088,31.108,30.889,30.909,694310,0
2014-04-24,21:00:00,30.909,30.978,30.829,30.859,828748,0
2014-04-24,22:00:00,30.859,30.899,30.809,30.839,3176911,0
2014-04-25,16:00:00,30.669,30.789,30.51,30.53,1049352,0
2014-04-25,17:00:00,30.54,30.639,30.43,30.43,1343291,0
2014-04-25,18:00:00,30.43,30.62,30.4,30.57,934819,0
2014-04-25,19:00:00,30.57,30.639,30.54,30.62,534820,0
2014-04-25,20:00:00,30.63,30.63,30.46,30.48,1017554,0
2014-04-25,21:00:00,30.48,30.5,30.36,30.4,936211,0
2014-04-25,22:00:00,30.39,30.56,30.37,30.48,3058832,0
2014-04-28,16:00:00,30.52,30.55,30.06,30.25,1523090,0
2014-04-28,17:00:00,30.26,30.43,30.16,30.19,1773651,0
2014-04-28,18:00:00,30.19,30.28,29.9,29.9,1547989,0
2014-04-28,19:00:00,29.91,30.1,29.84,29.85,1259655,0
2014-04-28,20:00:00,29.85,29.89,29.49,29.56,3058549,0
2014-04-28,21:00:00,29.56,29.88,29.51,29.79,2060500,0
2014-04-28,22:00:00,29.79,30.08,29.78,29.99,3818888,0
2014-04-29,16:00:00,30.15,30.47,30.05,30.34,994594,0
2014-04-29,17:00:00,30.34,30.44,30.15,30.28,1993671,0
2014-04-29,18:00:00,30.28,30.39,30.21,30.29,574302,0
2014-04-29,19:00:00,30.29,30.47,30.27,30.47,713742,0
2014-04-29,20:00:00,30.46,30.55,30.41,30.49,1938477,0
2014-04-29,21:00:00,30.49,30.54,30.45,30.5,1104973,0
2014-04-29,22:00:00,30.5,30.57,30.47,30.52,8050320,0
2014-04-30,16:00:00,30.53,30.61,30.36,30.44,681883,0
2014-04-30,17:00:00,30.45,30.8,30.35,30.73,1724471,0
2014-04-30,18:00:00,30.74,30.88,30.7,30.86,1185682,0
2014-04-30,19:00:00,30.86,30.97,30.82,30.86,1387816,0
2014-04-30,20:00:00,30.87,30.95,30.83,30.93,773973,0
2014-04-30,21:00:00,30.93,30.99,30.85,30.94,1514494,0
2014-04-30,22:00:00,30.95,30.98,30.85,30.93,13109706,0
2014-05-01,16:00:00,30.94,31.2,30.88,31.03,1202316,0
2014-05-01,17:00:00,31.03,31.25,30.87,31.2,1602142,0
2014-05-01,18:00:00,31.2,31.3,31.07,31.28,1229666,0
2014-05-01,19:00:00,31.27,31.28,31.14,31.21,653219,0
2014-05-01,20:00:00,31.2,31.24,31.11,31.15,1170396,0
2014-05-01,21:00:00,31.14,31.22,31.1,31.12,1190942,0
2014-05-01,22:00:00,31.12,31.22,31.05,31.22,3684213,0
2014-05-02,16:00:00,31.3,31.39,31.2,31.39,1292016,0
2014-05-02,17:00:00,31.38,31.44,30.95,31.02,2565560,0
2014-05-02,18:00:00,31.01,31.1,30.92,31,848094,0
2014-05-02,19:00:00,30.99,31,30.82,30.9,1239418,0
2014-05-02,20:00:00,30.9,30.93,30.67,30.72,1390490,0
2014-05-02,21:00:00,30.72,30.72,30.6,30.67,1340397,0
2014-05-02,22:00:00,30.67,30.75,30.64,30.69,3682141,0
2014-05-05,16:00:00,30.28,30.3,29.72,30,2468339,0
2014-05-05,17:00:00,30,30.19,29.91,30.13,2193232,0
2014-05-05,18:00:00,30.13,30.16,29.93,30.06,1709145,0
2014-05-05,19:00:00,30.05,30.19,30.04,30.05,847139,0
2014-05-05,20:00:00,30.05,30.06,29.94,29.97,1025929,0
2014-05-05,21:00:00,29.97,30.06,29.9,30.03,1158057,0
2014-05-05,22:00:00,30.02,30.1,29.99,30.07,3283641,0
2014-05-06,16:00:00,29.93,29.96,29.62,29.66,2409488,0
2014-05-06,17:00:00,29.65,29.76,29.52,29.59,2389467,0
2014-05-06,18:00:00,29.59,29.71,29.56,29.66,1167610,0
2014-05-06,19:00:00,29.66,29.68,29.45,29.47,2495822,0
2014-05-06,20:00:00,29.46,29.5,29.28,29.43,2269777,0
2014-05-06,21:00:00,29.44,29.55,29.31,29.44,1686456,0
2014-05-06,22:00:00,29.45,29.53,29.38,29.46,5065675,0
2014-05-07,16:00:00,29.6,29.67,29.39,29.39,1226038,0
2014-05-07,17:00:00,29.39,29.45,29.02,29.3,2531274,0
2014-05-07,18:00:00,29.31,29.49,29.15,29.45,1743989,0
2014-05-07,19:00:00,29.45,29.5,29.38,29.4,1083575,0
2014-05-07,20:00:00,29.4,29.5,29.35,29.42,993369,0
2014-05-07,21:00:00,29.42,29.7,29.41,29.68,1658219,0
2014-05-07,22:00:00,29.68,29.76,29.62,29.7,6454778,0
