Date,Time,Open,High,Low,Close,Volume,OpenInt
2014-02-10,17:00:00,23.678,23.678,23.678,23.678,406,0
2014-02-10,19:00:00,23.6879,23.6879,23.6879,23.6879,102,0
2014-02-10,22:00:00,23.8158,23.8158,23.6977,23.6977,622,0
2014-02-11,18:00:00,23.7568,23.8946,23.7568,23.8946,406,0
2014-02-11,19:00:00,23.9045,23.9143,23.7666,23.7962,3149,0
2014-02-11,20:00:00,23.8257,23.8552,23.8257,23.8552,2285,0
2014-02-11,21:00:00,23.7863,23.7863,23.7863,23.7863,203,0
2014-02-11,22:00:00,23.8552,23.8552,23.8257,23.8257,940,0
2014-02-12,21:00:00,23.8651,23.8651,23.8651,23.8651,203,0
2014-02-13,17:00:00,23.7962,23.8454,23.7962,23.8454,2539,0
2014-02-13,18:00:00,23.8552,24.0226,23.8552,23.8749,718,0
2014-02-13,20:00:00,23.9143,23.9143,23.9143,23.9143,102,0
2014-02-13,21:00:00,24.0226,24.0226,23.8552,23.8552,853,0
2014-02-13,22:00:00,23.9635,23.9635,23.9635,23.9635,1952,0
2014-02-14,17:00:00,23.9635,23.9635,23.6288,23.7962,2235,0
2014-02-14,21:00:00,23.8749,23.8749,23.8749,23.8749,203,0
2014-02-14,22:00:00,23.8158,23.8158,23.8158,23.8158,203,0
2014-02-19,17:00:00,23.6977,23.8257,23.6977,23.8257,1117,0
2014-02-19,18:00:00,23.7863,23.8749,23.7765,23.8749,1117,0
2014-02-19,19:00:00,23.7962,23.7962,23.7962,23.7962,102,0
2014-02-19,20:00:00,23.7863,23.7863,23.7765,23.7765,914,0
2014-02-19,21:00:00,23.7765,23.7765,23.7765,23.7765,711,0
2014-02-19,22:00:00,23.8651,23.8749,23.6879,23.7174,3768,0
2014-02-20,16:00:00,23.6288,23.6288,23.6288,23.6288,701,0
2014-02-20,17:00:00,23.8257,23.8257,23.8257,23.8257,406,0
2014-02-21,17:00:00,23.8158,23.8158,23.8158,23.8158,406,0
2014-02-21,18:00:00,23.806,23.8158,23.6583,23.806,1016,0
2014-02-21,19:00:00,23.678,23.8158,23.678,23.8158,203,0
2014-02-21,20:00:00,23.8257,23.9537,23.8257,23.9537,711,0
2014-02-21,21:00:00,23.9045,23.9045,23.9045,23.9045,2133,0
2014-02-21,22:00:00,23.7863,23.7863,23.7863,23.7863,1016,0
2014-02-24,16:00:00,24.0324,24.0324,24.0324,24.0324,305,0
2014-02-24,18:00:00,23.7962,23.9242,23.7962,23.9242,609,0
2014-02-24,19:00:00,23.9438,23.9438,23.9438,23.9438,167,0
2014-02-24,20:00:00,23.9045,23.9045,23.9045,23.9045,102,0
2014-02-24,22:00:00,23.8158,23.8158,23.7765,23.7765,2539,0
2014-02-25,16:00:00,23.8552,23.8552,23.7962,23.7962,711,0
2014-02-25,18:00:00,23.9045,23.9045,23.9045,23.9045,389,0
2014-02-25,21:00:00,23.7469,23.9832,23.7469,23.9242,2438,0
2014-02-25,22:00:00,23.9045,23.9045,23.9045,23.9045,203,0
2014-02-26,17:00:00,23.8749,24.0226,23.8749,24.0128,1727,0
2014-02-26,18:00:00,23.7962,23.7962,23.7962,23.7962,1016,0
2014-02-26,21:00:00,23.9734,23.9734,23.9734,23.9734,1219,0
2014-02-27,17:00:00,24.0226,24.0226,24.0226,24.0226,813,0
2014-02-27,21:00:00,24.062,24.062,24.062,24.062,1016,0
2014-02-27,22:00:00,24.0324,24.0718,24.0226,24.0718,6230,0
2014-02-28,17:00:00,24.0915,24.0915,24.062,24.062,1320,0
2014-02-28,18:00:00,24.062,24.062,24.062,24.062,488,0
2014-02-28,19:00:00,24.0324,24.0324,24.0324,24.0324,203,0
2014-02-28,20:00:00,24.0718,24.0915,24.0718,24.0915,1828,0
2014-02-28,21:00:00,24.0423,24.0423,24.0324,24.0324,308,0
2014-02-28,22:00:00,24.0817,24.0817,24.062,24.062,606,0
2014-03-03,20:00:00,23.9635,23.9734,23.9635,23.9734,1016,0
2014-03-03,21:00:00,23.9734,23.9734,23.9734,23.9734,711,0
2014-03-03,22:00:00,23.9734,24.0324,23.9734,24.0324,2539,0
2014-03-04,17:00:00,24.062,24.1309,24.0226,24.0226,5180,0
2014-03-04,18:00:00,24.0718,24.1211,24.0718,24.1211,2803,0
2014-03-04,19:00:00,24.0915,24.0915,24.0521,24.0521,711,0
2014-03-04,20:00:00,24.0423,24.0521,24.0423,24.0423,1219,0
2014-03-04,21:00:00,24.0817,24.1014,24.0817,24.1014,813,0
2014-03-04,22:00:00,24.1112,24.1309,24.0718,24.1014,5451,0
2014-03-05,17:00:00,24.1211,24.19,24.1211,24.19,1854,0
2014-03-05,18:00:00,24.1998,24.2097,24.1506,24.1506,1727,0
2014-03-05,19:00:00,24.1506,24.1506,24.1211,24.1506,1725,0
2014-03-05,20:00:00,24.1703,24.1703,24.1506,24.1703,3862,0
2014-03-05,21:00:00,24.1703,24.2195,24.1703,24.2195,2336,0
2014-03-05,22:00:00,24.2195,24.2195,24.2195,24.2195,406,0
2014-03-06,16:00:00,24.2097,24.2097,24.2097,24.2097,102,0
2014-03-06,17:00:00,24.1408,24.2884,24.1408,24.2884,2109,0
2014-03-06,18:00:00,24.2687,24.2687,24.1309,24.1801,9259,0
2014-03-06,19:00:00,24.1801,24.1801,24.1801,24.1801,1016,0
2014-03-06,20:00:00,24.1801,24.1801,24.1801,24.1801,305,0
2014-03-06,21:00:00,24.1801,24.1801,24.1801,24.1801,102,0
2014-03-06,22:00:00,24.1801,24.1801,24.1801,24.1801,609,0
2014-03-07,18:00:00,24.2392,24.3573,24.1703,24.318,2258,0
2014-03-07,20:00:00,24.2786,24.2786,24.2786,24.2786,102,0
2014-03-07,21:00:00,24.2786,24.2786,24.2786,24.2786,1322,0
2014-03-10,16:00:00,24.2786,24.3475,24.2786,24.3377,1016,0
2014-03-10,17:00:00,24.4066,24.5149,24.4066,24.5149,1219,0
2014-03-10,18:00:00,24.4066,24.4066,24.3967,24.3967,1117,0
2014-03-10,19:00:00,24.3869,24.3869,24.3672,24.3672,1117,0
2014-03-10,21:00:00,24.4066,24.4558,24.3475,24.3475,2777,0
2014-03-11,17:00:00,24.2491,24.2491,24.2491,24.2491,1016,0
2014-03-11,20:00:00,24.3573,24.3573,24.3573,24.3573,203,0
2014-03-11,21:00:00,24.318,24.3377,24.318,24.3377,4368,0
2014-03-12,16:00:00,24.2983,24.3278,24.2884,24.318,7823,0
2014-03-12,17:00:00,24.3278,24.3278,24.318,24.318,204,0
2014-03-12,18:00:00,24.2983,24.2983,24.2983,24.2983,204,0
2014-03-12,21:00:00,24.3278,24.3672,24.3278,24.3672,2231,0
2014-03-13,15:00:00,24.65,24.65,24.65,24.65,200,0
2014-03-13,16:00:00,24.57,24.57,24.47,24.47,2600,0
2014-03-13,18:00:00,24.44,24.44,24.44,24.44,2538,0
2014-03-13,19:00:00,24.56,24.56,24.56,24.56,200,0
2014-03-13,21:00:00,24.62,24.62,24.5,24.5,1674,0
2014-03-14,15:00:00,24.59,24.59,24.59,24.59,200,0
2014-03-14,17:00:00,24.59,24.59,24.59,24.59,600,0
2014-03-14,18:00:00,24.58,24.58,24.58,24.58,220,0
2014-03-14,19:00:00,24.51,24.51,24.51,24.51,1000,0
2014-03-14,20:00:00,24.5,24.5,24.5,24.5,350,0
2014-03-14,21:00:00,24.55,24.55,24.51,24.51,1900,0
2014-03-17,15:00:00,24.5,24.52,24.5,24.5,4823,0
2014-03-17,16:00:00,24.45,24.45,24.45,24.45,103,0
2014-03-17,17:00:00,24.54,24.54,24.54,24.54,400,0
2014-03-17,18:00:00,24.54,24.58,24.54,24.58,200,0
2014-03-17,20:00:00,24.6,24.62,24.6,24.62,1000,0
2014-03-17,21:00:00,24.5,24.53,24.41,24.41,3550,0
2014-03-18,18:00:00,24.45,24.45,24.45,24.45,200,0
2014-03-18,21:00:00,24.61,24.64,24.61,24.64,800,0
2014-03-19,16:00:00,24.65,24.65,24.65,24.65,175,0
2014-03-19,17:00:00,24.65,24.65,24.6,24.6,1755,0
2014-03-19,19:00:00,24.62,24.62,24.62,24.62,1400,0
2014-03-19,20:00:00,24.52,24.55,24.5,24.55,820,0
2014-03-19,21:00:00,24.52,24.58,24.52,24.57,5300,0
2014-03-20,16:00:00,24.48,24.49,24.4,24.4,800,0
2014-03-20,17:00:00,24.49,24.49,24.43,24.43,1500,0
2014-03-20,19:00:00,24.45,24.49,24.45,24.49,2400,0
2014-03-20,20:00:00,24.49,24.49,24.49,24.49,500,0
2014-03-20,21:00:00,24.49,24.49,24.49,24.49,600,0
2014-03-21,17:00:00,24.6,24.6,24.57,24.57,1000,0
2014-03-21,21:00:00,24.57,24.57,24.38,24.4,3100,0
2014-03-24,16:00:00,24.41,24.43,24.41,24.41,2100,0
2014-03-24,17:00:00,24.52,24.52,24.52,24.52,400,0
2014-03-24,19:00:00,24.52,24.53,24.52,24.53,200,0
2014-03-26,16:00:00,24.55,24.56,24.47,24.47,2600,0
2014-03-26,17:00:00,24.54,24.54,24.54,24.54,300,0
2014-03-26,19:00:00,24.53,24.53,24.53,24.53,800,0
2014-03-26,20:00:00,24.53,24.54,24.51,24.54,2500,0
2014-03-26,21:00:00,24.52,24.54,24.52,24.54,1500,0
2014-03-27,16:00:00,24.5,24.5,24.5,24.5,300,0
2014-03-27,17:00:00,24.51,24.51,24.51,24.51,450,0
2014-03-27,20:00:00,24.57,24.57,24.57,24.57,465,0
2014-03-27,21:00:00,24.55,24.59,24.55,24.58,2000,0
2014-03-28,15:00:00,24.58,24.58,24.56,24.56,5600,0
2014-03-28,16:00:00,24.64,24.64,24.64,24.64,200,0
2014-03-28,17:00:00,24.64,24.64,24.56,24.6,2800,0
2014-03-28,18:00:00,24.6,24.6,24.57,24.57,7700,0
2014-03-28,19:00:00,24.57,24.57,24.5,24.53,6300,0
2014-03-28,20:00:00,24.5,24.55,24.5,24.55,1700,0
2014-03-31,18:00:00,24.58,24.58,24.55,24.55,896,0
2014-03-31,21:00:00,24.59,24.6,24.59,24.6,5300,0
2014-03-31,22:00:00,24.59,24.6,24.59,24.6,200,0
2014-04-01,17:00:00,24.56,24.56,24.55,24.55,1700,0
2014-04-01,18:00:00,24.58,24.58,24.58,24.58,4200,0
2014-04-01,19:00:00,24.5,24.52,24.5,24.51,1500,0
2014-04-01,20:00:00,24.53,24.53,24.53,24.53,100,0
2014-04-01,21:00:00,24.56,24.56,24.56,24.56,200,0
2014-04-02,16:00:00,24.5,24.52,24.5,24.52,923,0
2014-04-02,17:00:00,24.59,24.61,24.5,24.5,5153,0
2014-04-02,18:00:00,24.56,24.56,24.56,24.56,450,0
2014-04-02,20:00:00,24.56,24.56,24.55,24.55,5800,0
2014-04-02,21:00:00,24.56,24.56,24.56,24.56,1010,0
2014-04-02,22:00:00,24.56,24.56,24.56,24.56,6763,0
2014-04-03,16:00:00,24.44,24.44,24.42,24.42,1000,0
2014-04-03,17:00:00,24.45,24.45,24.45,24.45,1000,0
2014-04-03,19:00:00,24.55,24.55,24.36,24.36,7285,0
2014-04-03,20:00:00,24.44,24.44,24.26,24.26,3830,0
2014-04-03,21:00:00,24.33,24.33,24.33,24.33,100,0
2014-04-03,22:00:00,24.34,24.37,24.29,24.37,2500,0
2014-04-04,16:00:00,24.61,24.61,24.29,24.4,1884,0
2014-04-04,17:00:00,24.46,24.46,24.42,24.45,460,0
2014-04-04,18:00:00,24.42,24.42,24.42,24.42,800,0
2014-04-04,19:00:00,24.43,24.49,24.43,24.49,2680,0
2014-04-04,20:00:00,24.49,24.5,24.49,24.5,3500,0
2014-04-04,21:00:00,24.49,24.5,24.49,24.5,3050,0
2014-04-04,22:00:00,24.5,24.51,24.5,24.51,3680,0
2014-04-07,16:00:00,24.42,24.42,24.38,24.38,700,0
2014-04-07,17:00:00,24.48,24.48,24.48,24.48,100,0
2014-04-07,18:00:00,24.45,24.45,24.45,24.45,600,0
2014-04-07,21:00:00,24.4,24.5,24.4,24.48,3800,0
2014-04-07,22:00:00,24.5,24.5,24.5,24.5,1200,0
2014-04-08,17:00:00,24.27,24.31,23.5,24,16050,0
2014-04-08,18:00:00,24.07,24.24,24.06,24.21,9000,0
2014-04-08,19:00:00,24.23,24.3,24.23,24.29,1300,0
2014-04-08,21:00:00,24.3,24.37,24.3,24.37,3700,0
2014-04-08,22:00:00,24.39,24.55,24.39,24.54,6247,0
2014-04-09,17:00:00,24.45,24.55,24.45,24.55,1200,0
2014-04-09,18:00:00,24.54,24.6,24.45,24.45,5040,0
2014-04-09,20:00:00,24.5,24.58,24.5,24.5,1100,0
2014-04-09,21:00:00,24.5,24.59,24.5,24.51,3250,0
2014-04-09,22:00:00,24.55,24.59,24.5,24.5,750,0
2014-04-10,18:00:00,24.5,24.5,24.5,24.5,5000,0
2014-04-10,19:00:00,24.55,24.55,24.55,24.55,1000,0
2014-04-10,20:00:00,24.5,24.5,24.45,24.48,1600,0
2014-04-10,21:00:00,24.5,24.5,24.5,24.5,200,0
2014-04-10,22:00:00,24.48,24.48,24.48,24.48,400,0
2014-04-11,18:00:00,24.56,24.87,24.56,24.87,2020,0
2014-04-11,19:00:00,24.59,24.59,24.51,24.51,2500,0
2014-04-11,20:00:00,24.52,24.52,24.52,24.52,1000,0
2014-04-11,22:00:00,24.51,24.51,24.49,24.49,1750,0
2014-04-14,17:00:00,24.5,24.5,24.5,24.5,900,0
2014-04-14,18:00:00,24.5,24.5,24.5,24.5,1349,0
2014-04-14,19:00:00,24.5,24.5,24.5,24.5,1800,0
2014-04-14,21:00:00,24.54,24.54,24.54,24.54,400,0
2014-04-14,22:00:00,24.54,24.55,24.5,24.5,5639,0
2014-04-15,16:00:00,24.5,24.5,24.5,24.5,200,0
2014-04-15,17:00:00,24.57,24.58,24.57,24.58,479,0
2014-04-15,18:00:00,24.6,24.65,24.58,24.58,5830,0
2014-04-15,19:00:00,24.62,24.7,24.57,24.58,6400,0
2014-04-15,20:00:00,24.7,24.7,24.7,24.7,780,0
2014-04-15,21:00:00,24.62,24.62,24.57,24.57,1600,0
2014-04-15,22:00:00,24.6,24.6,24.46,24.55,4198,0
2014-04-16,16:00:00,24.61,24.61,24.61,24.61,700,0
2014-04-16,17:00:00,24.62,24.62,24.54,24.55,3300,0
2014-04-16,19:00:00,24.55,24.6,24.55,24.6,1115,0
2014-04-16,20:00:00,24.5,24.5,24.5,24.5,1000,0
2014-04-16,21:00:00,24.53,24.53,24.49,24.52,7500,0
2014-04-16,22:00:00,24.5,24.53,24.48,24.5,6780,0
2014-04-17,16:00:00,24.56,24.57,24.56,24.57,1100,0
2014-04-17,17:00:00,24.55,24.55,24.55,24.55,950,0
2014-04-17,19:00:00,24.53,24.53,24.53,24.53,1015,0
2014-04-17,20:00:00,24.54,24.56,24.53,24.53,2300,0
2014-04-17,22:00:00,24.54,24.54,24.51,24.52,1100,0
2014-04-21,16:00:00,24.52,24.52,24.52,24.52,100,0
2014-04-21,17:00:00,24.6,24.62,24.52,24.52,1700,0
2014-04-21,18:00:00,24.52,24.57,24.52,24.57,1300,0
2014-04-21,21:00:00,24.57,24.59,24.53,24.58,2500,0
2014-04-21,22:00:00,24.59,24.59,24.58,24.58,610,0
2014-04-22,16:00:00,24.56,24.56,24.56,24.56,100,0
2014-04-22,17:00:00,24.59,24.6,24.59,24.6,1700,0
2014-04-22,18:00:00,24.62,24.62,24.62,24.62,800,0
2014-04-22,20:00:00,24.59,24.59,24.59,24.59,1900,0
2014-04-22,21:00:00,24.63,24.63,24.62,24.62,4200,0
2014-04-22,22:00:00,24.62,24.65,24.62,24.65,1536,0
2014-04-23,16:00:00,24.8,24.8,24.8,24.8,1400,0
2014-04-23,17:00:00,24.63,24.75,24.59,24.59,9176,0
2014-04-23,18:00:00,24.65,24.66,23.65,24.64,3700,0
2014-04-23,19:00:00,24.57,24.59,24.51,24.59,1443,0
2014-04-23,20:00:00,24.56,24.58,24.56,24.58,200,0
2014-04-23,21:00:00,24.59,24.59,24.59,24.59,1000,0
2014-04-23,22:00:00,24.56,24.59,24.53,24.58,1500,0
2014-04-24,16:00:00,24.7,24.7,24.7,24.7,800,0
2014-04-24,19:00:00,24.69,24.69,24.69,24.69,460,0
2014-04-24,20:00:00,24.66,24.68,24.65,24.68,1000,0
2014-04-24,21:00:00,24.67,24.68,24.67,24.68,300,0
2014-04-24,22:00:00,24.68,24.68,24.68,24.68,1300,0
2014-04-25,17:00:00,24.58,24.68,24.58,24.68,1022,0
2014-04-25,18:00:00,24.57,24.69,24.57,24.69,400,0
2014-04-25,19:00:00,24.7,24.7,24.7,24.7,1250,0
2014-04-25,20:00:00,24.7,24.7,24.7,24.7,1200,0
2014-04-25,21:00:00,24.7,24.7,24.7,24.7,500,0
2014-04-25,22:00:00,24.7,24.7,24.7,24.7,609,0
2014-04-28,17:00:00,24.66,24.75,24.66,24.75,2100,0
2014-04-28,18:00:00,24.75,24.75,24.75,24.75,1600,0
2014-04-28,20:00:00,24.74,24.74,24.74,24.74,400,0
2014-04-28,21:00:00,24.74,24.75,24.74,24.75,3000,0
2014-04-28,22:00:00,24.75,24.75,24.72,24.72,2500,0
2014-04-29,17:00:00,24.69,24.69,24.64,24.64,4875,0
2014-04-29,18:00:00,24.59,24.63,24.59,24.63,5900,0
2014-04-29,20:00:00,24.63,24.63,24.63,24.63,700,0
2014-04-29,21:00:00,24.67,24.7,24.67,24.7,7000,0
2014-04-29,22:00:00,24.75,24.75,24.72,24.72,500,0
2014-04-30,17:00:00,24.69,24.7,24.69,24.7,2600,0
2014-04-30,21:00:00,24.69,24.69,24.69,24.69,1000,0
2014-04-30,22:00:00,24.68,24.69,24.68,24.69,1580,0
2014-05-01,18:00:00,24.76,24.76,24.76,24.76,200,0
2014-05-01,19:00:00,24.75,24.75,24.73,24.73,300,0
2014-05-01,20:00:00,24.76,24.76,24.76,24.76,1900,0
2014-05-01,21:00:00,24.71,24.71,24.7,24.7,10100,0
2014-05-01,22:00:00,24.7,24.7,24.68,24.69,6710,0
2014-05-02,17:00:00,24.7,24.7,24.68,24.7,1300,0
2014-05-02,19:00:00,24.75,24.75,24.74,24.74,1900,0
2014-05-02,22:00:00,24.74,24.77,24.74,24.76,3500,0
2014-05-05,18:00:00,24.79,24.79,24.79,24.79,200,0
2014-05-05,19:00:00,24.78,24.79,24.78,24.79,500,0
2014-05-05,20:00:00,24.75,24.75,24.74,24.74,3000,0
2014-05-05,21:00:00,24.77,24.77,24.76,24.77,1400,0
2014-05-05,22:00:00,24.77,24.79,24.76,24.78,6950,0
2014-05-06,17:00:00,24.79,24.79,24.74,24.74,800,0
2014-05-06,18:00:00,24.73,24.74,24.73,24.74,500,0
2014-05-06,19:00:00,24.74,24.8,24.73,24.73,612,0
2014-05-06,20:00:00,24.75,24.75,24.65,24.65,4485,0
2014-05-06,21:00:00,24.67,24.69,24.65,24.67,900,0
2014-05-06,22:00:00,24.74,24.75,24.74,24.75,1100,0
2014-05-07,16:00:00,24.8,24.8,24.8,24.8,1000,0
2014-05-07,17:00:00,24.64,24.79,24.63,24.79,1850,0
2014-05-07,18:00:00,24.65,24.65,24.65,24.65,300,0
2014-05-07,19:00:00,24.7,24.7,24.7,24.7,300,0
2014-05-07,21:00:00,24.73,24.73,24.73,24.73,200,0
2014-05-07,22:00:00,24.7,24.7,24.7,24.7,1000,0
