Date,Time,Open,High,Low,Close,Volume,OpenInt
2014-02-10,16:00:00,34.53,34.53,34.43,34.46,3425,0
2014-02-10,17:00:00,34.41,34.41,34.18,34.18,21860,0
2014-02-10,18:00:00,34.17,34.29,34.14,34.29,8823,0
2014-02-10,19:00:00,34.28,34.3,34.27,34.27,4998,0
2014-02-10,20:00:00,34.28,34.3,34.2,34.2,4260,0
2014-02-10,21:00:00,34.25,34.25,34.25,34.25,544,0
2014-02-10,22:00:00,34.27,34.31,34.25,34.31,4218,0
2014-02-11,16:00:00,34.51,34.75,34.51,34.75,13966,0
2014-02-11,17:00:00,34.77,34.91,34.76,34.87,14597,0
2014-02-11,18:00:00,34.92,35.06,34.9,35.06,3599,0
2014-02-11,19:00:00,35.03,35.05,34.95,35.05,3238,0
2014-02-11,20:00:00,35.07,35.08,35.04,35.08,4495,0
2014-02-11,21:00:00,35.01,35.08,35,35.08,19282,0
2014-02-11,22:00:00,35.08,35.15,35.06,35.08,13810,0
2014-02-12,16:00:00,35.19,35.35,35.19,35.33,37073,0
2014-02-12,17:00:00,35.35,35.35,35.11,35.15,8370,0
2014-02-12,18:00:00,35.17,35.17,34.96,34.96,2653,0
2014-02-12,19:00:00,34.99,35.01,34.91,34.97,33502,0
2014-02-12,20:00:00,34.96,35.07,34.96,35.07,7475,0
2014-02-12,21:00:00,35.06,35.06,34.86,34.88,13468,0
2014-02-12,22:00:00,34.91,34.94,34.86,34.88,69698,0
2014-02-13,16:00:00,34.35,34.54,34.35,34.51,4860,0
2014-02-13,17:00:00,34.54,34.63,34.54,34.63,8917,0
2014-02-13,18:00:00,34.65,34.73,34.65,34.69,4451,0
2014-02-13,19:00:00,34.66,34.72,34.66,34.72,5423,0
2014-02-13,20:00:00,34.77,34.94,34.77,34.93,8550,0
2014-02-13,21:00:00,34.96,34.99,34.93,34.96,11800,0
2014-02-13,22:00:00,35.02,35.03,34.94,34.99,19529,0
2014-02-14,16:00:00,35.05,35.19,35,35.19,6447,0
2014-02-14,17:00:00,35.1,35.34,35.1,35.31,9635,0
2014-02-14,18:00:00,35.25,35.32,35.25,35.32,2250,0
2014-02-14,19:00:00,35.3,35.35,35.28,35.28,3007,0
2014-02-14,20:00:00,35.31,35.39,35.31,35.38,2116,0
2014-02-14,21:00:00,35.4,35.46,35.36,35.41,90657,0
2014-02-14,22:00:00,35.4,35.43,35.35,35.35,222387,0
2014-02-18,16:00:00,35.24,35.24,35.17,35.17,1391,0
2014-02-18,17:00:00,35.19,35.19,35.06,35.16,18898,0
2014-02-18,18:00:00,35.19,35.25,35.17,35.19,10645,0
2014-02-18,19:00:00,35.21,35.23,35.17,35.18,13104,0
2014-02-18,20:00:00,35.21,35.22,35.15,35.17,3580,0
2014-02-18,21:00:00,35.18,35.18,35.03,35.08,8510,0
2014-02-18,22:00:00,35.08,35.08,34.93,34.99,26257,0
2014-02-19,16:00:00,34.75,34.92,34.75,34.91,7097,0
2014-02-19,17:00:00,34.96,35.1,34.94,35.01,15974,0
2014-02-19,18:00:00,35,35.03,34.95,34.95,9844,0
2014-02-19,19:00:00,34.92,34.92,34.76,34.84,17920,0
2014-02-19,20:00:00,34.83,35.06,34.83,35.06,6558,0
2014-02-19,21:00:00,35.04,35.08,34.95,34.95,3674,0
2014-02-19,22:00:00,34.98,35.02,34.83,34.92,12775,0
2014-02-20,16:00:00,34.94,34.95,34.72,34.72,2500,0
2014-02-20,17:00:00,34.71,35.11,34.69,35.11,7712,0
2014-02-20,18:00:00,35.1,35.1,34.99,35,6630,0
2014-02-20,19:00:00,34.99,35.11,34.99,35.1,5620,0
2014-02-20,20:00:00,35.13,35.15,35.1,35.12,2519,0
2014-02-20,21:00:00,35.06,35.14,35.06,35.12,42300,0
2014-02-20,22:00:00,35.08,35.11,35.04,35.04,11266,0
2014-02-21,16:00:00,35.11,35.18,35.11,35.18,3795,0
2014-02-21,17:00:00,35.3,35.33,35.2,35.2,67258,0
2014-02-21,18:00:00,35.28,35.28,35.15,35.16,12819,0
2014-02-21,19:00:00,35.15,35.27,35.15,35.27,3535,0
2014-02-21,20:00:00,35.18,35.28,35.18,35.24,8880,0
2014-02-21,21:00:00,35.17,35.22,35.17,35.22,3560,0
2014-02-21,22:00:00,35.24,35.3,35.23,35.3,2923,0
2014-02-24,16:00:00,35.04,35.14,35.02,35.14,5728,0
2014-02-24,17:00:00,35.13,35.16,35.12,35.16,6166,0
2014-02-24,18:00:00,35.21,35.3,35.17,35.3,19128,0
2014-02-24,19:00:00,35.35,35.35,35.31,35.31,1941,0
2014-02-24,20:00:00,35.28,35.3,35.23,35.23,3821,0
2014-02-24,21:00:00,35.27,35.28,35.26,35.27,6403,0
2014-02-24,22:00:00,35.21,35.21,35.11,35.11,12702,0
2014-02-25,16:00:00,35,35,34.79,34.79,6150,0
2014-02-25,17:00:00,34.84,34.84,34.73,34.82,6601,0
2014-02-25,18:00:00,34.9,34.91,34.75,34.78,11978,0
2014-02-25,19:00:00,34.76,34.78,34.73,34.78,4613,0
2014-02-25,20:00:00,34.76,34.78,34.75,34.77,4942,0
2014-02-25,21:00:00,34.7,34.7,34.63,34.63,11494,0
2014-02-25,22:00:00,34.6,34.68,34.55,34.68,14997,0
2014-02-26,16:00:00,34.75,34.8,34.69,34.69,4240,0
2014-02-26,17:00:00,34.66,34.84,34.66,34.78,14253,0
2014-02-26,18:00:00,34.77,34.91,34.77,34.83,13151,0
2014-02-26,19:00:00,34.82,34.86,34.79,34.8,8794,0
2014-02-26,20:00:00,34.75,34.78,34.71,34.76,5580,0
2014-02-26,21:00:00,34.72,34.72,34.57,34.62,6798,0
2014-02-26,22:00:00,34.63,34.68,34.57,34.64,10102,0
2014-02-27,16:00:00,34.99,35.12,34.95,35.01,12700,0
2014-02-27,17:00:00,35.01,35.09,34.91,35.09,52317,0
2014-02-27,18:00:00,35.25,35.3,35.18,35.18,15803,0
2014-02-27,19:00:00,35.18,35.21,35.16,35.21,14528,0
2014-02-27,20:00:00,35.25,35.34,35.25,35.34,3720,0
2014-02-27,21:00:00,35.35,35.35,35.29,35.29,5447,0
2014-02-27,22:00:00,35.29,35.37,35.28,35.37,21227,0
2014-02-28,16:00:00,35.24,35.39,35.24,35.34,15965,0
2014-02-28,17:00:00,35.33,35.33,35.23,35.24,3011,0
2014-02-28,18:00:00,35.13,35.22,35.13,35.17,4329,0
2014-02-28,19:00:00,35.16,35.21,35.14,35.21,9141,0
2014-02-28,20:00:00,35.14,35.16,35.12,35.16,5664,0
2014-02-28,21:00:00,35.17,35.2,34.98,34.99,72978,0
2014-02-28,22:00:00,34.96,35.03,34.83,35,124911,0
2014-03-03,16:00:00,34.03,34.22,33.96,34.17,80611,0
2014-03-03,17:00:00,34.15,34.18,34.07,34.13,40402,0
2014-03-03,18:00:00,34.07,34.07,33.9,33.9,38511,0
2014-03-03,19:00:00,33.83,34.05,33.82,34.02,37935,0
2014-03-03,20:00:00,34,34.14,34,34.14,33587,0
2014-03-03,21:00:00,34.13,34.2,34.07,34.17,18388,0
2014-03-03,22:00:00,34.14,34.23,34.06,34.23,37228,0
2014-03-04,16:00:00,34.98,34.98,34.75,34.8,2944,0
2014-03-04,17:00:00,34.78,34.81,34.68,34.68,17260,0
2014-03-04,18:00:00,34.7,34.75,34.65,34.75,3239,0
2014-03-04,19:00:00,34.74,34.74,34.69,34.69,1484,0
2014-03-04,20:00:00,34.69,34.74,34.66,34.7,3987,0
2014-03-04,21:00:00,34.67,34.76,34.65,34.75,18804,0
2014-03-04,22:00:00,34.73,34.84,34.73,34.75,4833,0
2014-03-05,16:00:00,34.46,34.6,34.46,34.53,2402,0
2014-03-05,17:00:00,34.54,34.64,34.53,34.6,3627,0
2014-03-05,18:00:00,34.65,34.67,34.52,34.61,13005,0
2014-03-05,19:00:00,34.58,34.65,34.56,34.6,867966,0
2014-03-05,20:00:00,34.64,34.72,34.63,34.63,4134,0
2014-03-05,21:00:00,34.62,34.72,34.62,34.67,7076,0
2014-03-05,22:00:00,34.67,34.75,34.65,34.75,6631,0
2014-03-06,16:00:00,34.94,35.02,34.92,34.99,37400,0
2014-03-06,17:00:00,35.03,35.24,35.03,35.24,25198,0
2014-03-06,18:00:00,35.2,35.2,35.13,35.13,5100,0
2014-03-06,19:00:00,35.12,35.21,35.11,35.11,11765,0
2014-03-06,20:00:00,35.08,35.08,34.93,34.93,1830,0
2014-03-06,21:00:00,34.98,35.03,34.98,35.02,879,0
2014-03-06,22:00:00,35.04,35.05,34.97,34.97,11895,0
2014-03-07,16:00:00,34.81,34.81,34.62,34.63,5940,0
2014-03-07,17:00:00,34.65,34.72,34.62,34.62,6695,0
2014-03-07,18:00:00,34.62,34.64,34.56,34.64,13341,0
2014-03-07,19:00:00,34.67,34.67,34.52,34.53,6585,0
2014-03-07,20:00:00,34.54,34.57,34.42,34.42,10738,0
2014-03-07,21:00:00,34.45,34.45,34.35,34.36,6370,0
2014-03-07,22:00:00,34.45,34.53,34.42,34.53,7754,0
2014-03-10,15:00:00,34.22,34.22,34.08,34.16,9092,0
2014-03-10,16:00:00,34.14,34.14,33.95,34,14048,0
2014-03-10,17:00:00,34.03,34.15,34.03,34.12,4684,0
2014-03-10,18:00:00,34.01,34.08,34.01,34.08,4825,0
2014-03-10,19:00:00,34.09,34.12,34,34.08,8800,0
2014-03-10,20:00:00,34.01,34.07,34,34,10784,0
2014-03-10,21:00:00,34.01,34.21,34.01,34.19,8458,0
2014-03-11,15:00:00,34.22,34.25,34.18,34.18,2891,0
2014-03-11,16:00:00,34.15,34.37,34.14,34.37,33063,0
2014-03-11,17:00:00,34.32,34.32,34.11,34.12,10759,0
2014-03-11,18:00:00,34.03,34.03,33.92,34.02,6433,0
2014-03-11,19:00:00,34.01,34.01,33.85,33.91,13591,0
2014-03-11,20:00:00,33.87,33.87,33.77,33.79,10473,0
2014-03-11,21:00:00,33.78,33.86,33.77,33.8,16970,0
2014-03-12,15:00:00,33.61,33.62,33.51,33.57,7580,0
2014-03-12,16:00:00,33.63,33.68,33.57,33.64,6031,0
2014-03-12,17:00:00,33.73,33.73,33.7,33.7,5325,0
2014-03-12,18:00:00,33.61,33.64,33.6,33.64,3775,0
2014-03-12,19:00:00,33.63,33.68,33.62,33.68,5741,0
2014-03-12,20:00:00,33.65,33.69,33.65,33.69,8506,0
2014-03-12,21:00:00,33.67,33.78,33.66,33.78,16365,0
2014-03-13,15:00:00,33.7,33.79,33.64,33.64,15362,0
2014-03-13,16:00:00,33.66,33.69,33.43,33.43,6800,0
2014-03-13,17:00:00,33.41,33.43,33.31,33.33,12416,0
2014-03-13,18:00:00,33.27,33.27,32.97,32.97,22612,0
2014-03-13,19:00:00,32.95,33.08,32.91,33.01,25091,0
2014-03-13,20:00:00,33.02,33.04,32.95,33.04,7724,0
2014-03-13,21:00:00,32.99,33.1,32.91,33.04,26178,0
2014-03-14,15:00:00,32.94,33.17,32.94,33.16,1850,0
2014-03-14,16:00:00,33.18,33.28,33.13,33.18,14014,0
2014-03-14,17:00:00,33.12,33.27,33.05,33.24,2467,0
2014-03-14,18:00:00,33.26,33.26,33.2,33.2,6814,0
2014-03-14,19:00:00,33.18,33.2,33.1,33.13,3373,0
2014-03-14,20:00:00,33.07,33.17,33.07,33.15,12812,0
2014-03-14,21:00:00,33.1,33.19,33.1,33.14,13849,0
2014-03-17,15:00:00,33.35,33.51,33.35,33.46,10301,0
2014-03-17,16:00:00,33.53,33.53,33.43,33.43,7162,0
2014-03-17,17:00:00,33.46,33.46,33.41,33.41,3173,0
2014-03-17,18:00:00,33.48,33.48,33.4,33.4,9626,0
2014-03-17,19:00:00,33.41,33.43,33.41,33.43,1930,0
2014-03-17,20:00:00,33.44,33.51,33.4,33.49,26420,0
2014-03-17,21:00:00,33.49,33.52,33.42,33.46,11404,0
2014-03-18,15:00:00,33.59,33.8,33.59,33.8,9672,0
2014-03-18,16:00:00,33.77,33.95,33.75,33.81,24549,0
2014-03-18,17:00:00,33.84,34.05,33.84,34.05,5380,0
2014-03-18,18:00:00,34.05,34.05,33.95,34.05,9906,0
2014-03-18,19:00:00,34.06,34.1,34.05,34.1,2405,0
2014-03-18,20:00:00,34.07,34.14,34.07,34.14,3592,0
2014-03-18,21:00:00,34.14,34.15,34.1,34.13,34659,0
2014-03-19,15:00:00,34.03,34.03,33.86,33.96,5079,0
2014-03-19,16:00:00,33.92,34,33.87,33.95,25400,0
2014-03-19,17:00:00,33.99,34,33.91,33.95,6994,0
2014-03-19,18:00:00,33.95,34.1,33.94,34.1,2653,0
2014-03-19,19:00:00,34.1,34.16,34.1,34.16,15383,0
2014-03-19,20:00:00,34.03,34.03,33.76,33.81,3200,0
2014-03-19,21:00:00,33.84,33.84,33.65,33.69,6728,0
2014-03-20,15:00:00,33.49,33.51,33.42,33.51,4803,0
2014-03-20,16:00:00,33.53,33.82,33.5,33.7,17948,0
2014-03-20,17:00:00,33.7,33.8,33.67,33.8,4445,0
2014-03-20,18:00:00,33.75,33.94,33.73,33.89,16775,0
2014-03-20,19:00:00,33.89,33.89,33.79,33.83,1877,0
2014-03-20,20:00:00,33.82,33.83,33.75,33.77,30941,0
2014-03-20,21:00:00,33.76,33.76,33.68,33.75,39174,0
2014-03-21,15:00:00,34.06,34.3,33.97,34.3,11940,0
2014-03-21,16:00:00,34.3,34.43,34.28,34.43,23531,0
2014-03-21,17:00:00,34.48,34.59,34.43,34.54,15540,0
2014-03-21,18:00:00,34.55,34.6,34.45,34.45,31882,0
2014-03-21,19:00:00,34.43,34.43,34.3,34.3,8085,0
2014-03-21,20:00:00,34.3,34.39,34.16,34.39,43462,0
2014-03-21,21:00:00,34.4,34.4,34.19,34.24,8648,0
2014-03-24,15:00:00,34.58,34.64,34.43,34.52,12789,0
2014-03-24,16:00:00,34.46,34.51,34.37,34.44,22388,0
2014-03-24,17:00:00,34.41,34.54,34.38,34.44,14820,0
2014-03-24,18:00:00,34.48,34.48,34.4,34.42,2190,0
2014-03-24,19:00:00,34.45,34.59,34.45,34.59,6313,0
2014-03-24,20:00:00,34.63,34.64,34.52,34.56,9871,0
2014-03-24,21:00:00,34.52,34.64,34.5,34.58,95409,0
2014-03-25,15:00:00,34.77,35.01,34.77,34.98,19747,0
2014-03-25,16:00:00,34.98,34.98,34.86,34.86,1644,0
2014-03-25,17:00:00,34.87,34.97,34.87,34.97,3696,0
2014-03-25,18:00:00,34.96,35.07,34.94,35.07,14836,0
2014-03-25,19:00:00,35.08,35.13,35.06,35.07,4965,0
2014-03-25,20:00:00,35.08,35.08,34.99,35,7021,0
2014-03-25,21:00:00,35,35.04,34.93,34.93,20295,0
2014-03-26,15:00:00,35.23,35.34,35.23,35.28,2370,0
2014-03-26,16:00:00,35.28,35.3,35.21,35.27,19295,0
2014-03-26,17:00:00,35.27,35.32,35.2,35.25,5152,0
2014-03-26,18:00:00,35.2,35.21,35.15,35.2,1922,0
2014-03-26,19:00:00,35.18,35.18,34.99,35.01,4337,0
2014-03-26,20:00:00,35,35.05,34.93,35.04,2194,0
2014-03-26,21:00:00,35.04,35.04,34.96,34.97,1900,0
2014-03-27,15:00:00,35.07,35.3,35.07,35.3,3893,0
2014-03-27,16:00:00,35.35,35.44,35.34,35.44,10853,0
2014-03-27,17:00:00,35.41,35.46,35.35,35.41,7933,0
2014-03-27,18:00:00,35.41,35.48,35.41,35.41,26485,0
2014-03-27,19:00:00,35.42,35.42,35.42,35.42,1300,0
2014-03-27,20:00:00,35.48,35.49,35.41,35.46,4143,0
2014-03-27,21:00:00,35.48,35.51,35.47,35.47,3943,0
2014-03-28,15:00:00,35.85,36.14,35.84,36.12,25761,0
2014-03-28,16:00:00,36.13,36.15,35.95,36.02,42816,0
2014-03-28,17:00:00,36.01,36.07,36,36.06,11770,0
2014-03-28,18:00:00,36.06,36.12,36.04,36.07,19764,0
2014-03-28,19:00:00,36.08,36.09,36,36.05,9242,0
2014-03-28,20:00:00,36,36.02,35.9,35.92,12907,0
2014-03-28,21:00:00,35.92,35.93,35.88,35.89,5427,0
2014-03-31,16:00:00,36.08,36.22,36.08,36.22,21160,0
2014-03-31,17:00:00,36.28,36.36,36.25,36.36,11620,0
2014-03-31,18:00:00,36.34,36.34,36.22,36.31,81788,0
2014-03-31,19:00:00,36.31,36.34,36.28,36.29,2608,0
2014-03-31,20:00:00,36.32,36.32,36.2,36.2,3930,0
2014-03-31,21:00:00,36.17,36.19,36.17,36.19,2800,0
2014-03-31,22:00:00,36.26,36.27,36.22,36.22,13854,0
2014-04-01,16:00:00,36.48,36.5,36.48,36.48,8007,0
2014-04-01,17:00:00,36.46,36.49,36.32,36.32,5395,0
2014-04-01,18:00:00,36.27,36.39,36.27,36.39,9710,0
2014-04-01,19:00:00,36.37,36.37,36.31,36.33,4946,0
2014-04-01,20:00:00,36.32,36.34,36.3,36.33,9709,0
2014-04-01,21:00:00,36.4,36.43,36.38,36.4,22549,0
2014-04-01,22:00:00,36.42,36.48,36.42,36.44,18022,0
2014-04-02,16:00:00,36.37,36.37,36.37,36.37,300,0
2014-04-02,17:00:00,36.42,36.51,36.42,36.51,2014,0
2014-04-02,18:00:00,36.57,36.58,36.53,36.58,2710,0
2014-04-02,19:00:00,36.59,36.71,36.59,36.66,12106,0
2014-04-02,20:00:00,36.65,36.66,36.59,36.62,3908,0
2014-04-02,21:00:00,36.63,36.65,36.61,36.65,2278,0
2014-04-02,22:00:00,36.69,36.77,36.69,36.75,12346,0
2014-04-03,16:00:00,36.63,36.63,36.3,36.31,25472,0
2014-04-03,17:00:00,36.27,36.36,36.24,36.28,19740,0
2014-04-03,18:00:00,36.3,36.31,36.25,36.29,21920,0
2014-04-03,19:00:00,36.33,36.33,36.26,36.29,4095,0
2014-04-03,20:00:00,36.28,36.32,36.24,36.29,5119,0
2014-04-03,21:00:00,36.22,36.25,36.11,36.21,6044,0
2014-04-03,22:00:00,36.26,36.47,36.26,36.47,11775,0
2014-04-04,16:00:00,36.83,37,36.83,37,37680,0
2014-04-04,17:00:00,37.07,37.15,37.02,37.02,19838,0
2014-04-04,18:00:00,36.86,36.87,36.73,36.78,12435,0
2014-04-04,19:00:00,36.74,36.81,36.7,36.74,5955,0
2014-04-04,20:00:00,36.74,36.76,36.7,36.7,2674,0
2014-04-04,21:00:00,36.69,36.69,36.36,36.43,16341,0
2014-04-04,22:00:00,36.44,36.48,36.38,36.38,15148,0
2014-04-07,16:00:00,36.44,36.48,36.39,36.48,4119,0
2014-04-07,17:00:00,36.57,36.64,36.53,36.58,23070,0
2014-04-07,18:00:00,36.56,36.66,36.56,36.57,16138,0
2014-04-07,19:00:00,36.54,36.54,36.47,36.49,16673,0
2014-04-07,20:00:00,36.55,36.55,36.44,36.44,1835,0
2014-04-07,21:00:00,36.46,36.52,36.43,36.52,5656,0
2014-04-07,22:00:00,36.59,36.64,36.59,36.6,3218,0
2014-04-08,16:00:00,37.18,37.31,37.16,37.29,13019,0
2014-04-08,17:00:00,37.27,37.28,37.03,37.25,45616,0
2014-04-08,18:00:00,37.24,37.32,37.1,37.1,46840,0
2014-04-08,19:00:00,37.08,37.14,37.02,37.02,2789,0
2014-04-08,20:00:00,37,37.08,37,37.06,3028,0
2014-04-08,21:00:00,36.94,36.94,36.84,36.85,7941,0
2014-04-08,22:00:00,36.85,36.91,36.79,36.84,4793,0
2014-04-09,16:00:00,36.85,36.85,36.74,36.77,11382,0
2014-04-09,17:00:00,36.75,36.83,36.67,36.83,5016,0
2014-04-09,18:00:00,36.79,36.93,36.79,36.9,4300,0
2014-04-09,19:00:00,36.93,36.93,36.9,36.91,2520,0
2014-04-09,20:00:00,36.89,36.89,36.84,36.85,4095,0
2014-04-09,21:00:00,36.86,37.32,36.86,37.04,23714,0
2014-04-09,22:00:00,37.06,37.17,37.04,37.15,7620,0
2014-04-10,16:00:00,37.34,37.44,37.34,37.35,3272,0
2014-04-10,17:00:00,37.39,37.54,37.39,37.42,17958,0
2014-04-10,18:00:00,37.33,37.36,37.25,37.33,6942,0
2014-04-10,19:00:00,37.33,37.33,37.19,37.24,2121,0
2014-04-10,20:00:00,37.25,37.26,37.19,37.24,11086,0
2014-04-10,21:00:00,37.25,37.3,37.09,37.09,3490,0
2014-04-10,22:00:00,37.1,37.1,36.94,37.04,12813,0
2014-04-11,16:00:00,36.71,36.87,36.66,36.87,11322,0
2014-04-11,17:00:00,36.88,36.99,36.8,36.99,27981,0
2014-04-11,18:00:00,36.99,36.99,36.91,36.91,5357,0
2014-04-11,19:00:00,36.95,36.95,36.92,36.95,2608,0
2014-04-11,20:00:00,36.96,36.96,36.87,36.95,3856,0
2014-04-11,21:00:00,36.99,37,36.94,36.95,4112,0
2014-04-11,22:00:00,36.97,37.04,36.93,37.04,18029,0
2014-04-14,16:00:00,37.04,37.04,36.89,36.89,16378,0
2014-04-14,17:00:00,36.9,36.99,36.9,36.94,10897,0
2014-04-14,18:00:00,36.92,36.95,36.86,36.94,12499,0
2014-04-14,19:00:00,36.96,36.99,36.93,36.97,1920,0
2014-04-14,20:00:00,36.95,36.95,36.9,36.93,2579,0
2014-04-14,21:00:00,36.8,36.8,36.74,36.76,4247,0
2014-04-14,22:00:00,36.74,36.86,36.68,36.84,18694,0
2014-04-15,16:00:00,36.39,36.44,36.28,36.28,5497,0
2014-04-15,17:00:00,36.22,36.22,36.02,36.07,21186,0
2014-04-15,18:00:00,35.94,35.96,35.6,35.62,37202,0
2014-04-15,19:00:00,35.64,35.73,35.64,35.73,4001,0
2014-04-15,20:00:00,35.7,35.85,35.7,35.84,10960,0
2014-04-15,21:00:00,35.85,35.95,35.83,35.95,8072,0
2014-04-15,22:00:00,35.92,35.99,35.88,35.91,12851,0
2014-04-16,16:00:00,36.25,36.25,36.09,36.2,4647,0
2014-04-16,17:00:00,36.23,36.23,36.15,36.15,7953,0
2014-04-16,18:00:00,36.3,36.3,36.3,36.3,456,0
2014-04-16,19:00:00,36.4,36.4,36.38,36.38,2539,0
2014-04-16,20:00:00,36.33,36.33,36.23,36.27,2817,0
2014-04-16,21:00:00,36.25,36.37,36.24,36.37,16125,0
2014-04-16,22:00:00,36.37,36.39,36.32,36.37,12541,0
2014-04-17,16:00:00,36.33,36.4,36.33,36.33,1443,0
2014-04-17,17:00:00,36.24,36.43,36.24,36.43,3038,0
2014-04-17,18:00:00,36.44,36.51,36.44,36.5,1616,0
2014-04-17,19:00:00,36.48,36.61,36.45,36.61,13476,0
2014-04-17,20:00:00,36.59,36.75,36.59,36.74,4490,0
2014-04-17,21:00:00,36.74,36.95,36.74,36.91,15452,0
2014-04-17,22:00:00,36.91,37.02,36.91,36.91,4220,0
2014-04-21,16:00:00,36.69,36.74,36.51,36.51,4167,0
2014-04-21,17:00:00,36.52,36.57,36.48,36.55,7034,0
2014-04-21,18:00:00,36.61,36.7,36.6,36.64,3257,0
2014-04-21,19:00:00,36.65,36.68,36.57,36.61,6751,0
2014-04-21,20:00:00,36.61,36.63,36.61,36.62,2388,0
2014-04-21,21:00:00,36.67,36.67,36.63,36.63,5227,0
2014-04-21,22:00:00,36.65,36.65,36.6,36.62,3260,0
2014-04-22,16:00:00,36.48,36.52,36.43,36.5,5232,0
2014-04-22,17:00:00,36.59,36.65,36.49,36.54,5955,0
2014-04-22,18:00:00,36.49,36.54,36.49,36.52,2114,0
2014-04-22,19:00:00,36.5,36.5,36.47,36.5,4456,0
2014-04-22,20:00:00,36.49,36.5,36.47,36.5,2173,0
2014-04-22,21:00:00,36.48,36.55,36.46,36.55,14131,0
2014-04-22,22:00:00,36.48,36.49,36.46,36.46,9790,0
2014-04-23,16:00:00,36.27,36.27,36.14,36.14,2656,0
2014-04-23,17:00:00,36.08,36.17,36.07,36.16,16111,0
2014-04-23,18:00:00,36.15,36.17,36.08,36.14,3777,0
2014-04-23,19:00:00,36.17,36.25,36.17,36.24,6857,0
2014-04-23,20:00:00,36.26,36.29,36.24,36.25,7568,0
2014-04-23,21:00:00,36.24,36.27,36.22,36.25,8159,0
2014-04-23,22:00:00,36.26,36.29,36.26,36.28,18672,0
2014-04-24,16:00:00,36.2,36.2,35.91,35.91,9993,0
2014-04-24,17:00:00,35.94,36.06,35.88,36.04,6630,0
2014-04-24,18:00:00,36.07,36.16,36.07,36.12,5424,0
2014-04-24,19:00:00,36.16,36.2,36.12,36.17,8862,0
2014-04-24,20:00:00,36.2,36.2,36.06,36.06,4420,0
2014-04-24,21:00:00,36.03,36.13,36.03,36.11,7055,0
2014-04-24,22:00:00,36.12,36.21,36.12,36.2,15088,0
2014-04-25,16:00:00,35.78,35.78,35.61,35.65,7051,0
2014-04-25,17:00:00,35.66,35.76,35.59,35.59,16990,0
2014-04-25,18:00:00,35.58,35.71,35.54,35.68,9754,0
2014-04-25,19:00:00,35.68,35.71,35.65,35.71,6220,0
2014-04-25,20:00:00,35.67,35.67,35.63,35.65,4429,0
2014-04-25,21:00:00,35.67,35.69,35.61,35.65,6096,0
2014-04-25,22:00:00,35.66,35.78,35.63,35.78,9273,0
2014-04-28,16:00:00,35.61,35.63,35.51,35.63,10294,0
2014-04-28,17:00:00,35.61,35.66,35.57,35.62,14562,0
2014-04-28,18:00:00,35.63,35.76,35.63,35.71,9683,0
2014-04-28,19:00:00,35.74,35.76,35.7,35.72,1163,0
2014-04-28,20:00:00,35.69,35.69,35.61,35.64,2259,0
2014-04-28,21:00:00,35.65,35.81,35.65,35.81,1688,0
2014-04-28,22:00:00,35.82,36,35.82,35.91,9580,0
2014-04-29,16:00:00,36.05,36.38,36.05,36.38,5682,0
2014-04-29,17:00:00,36.39,36.41,36.15,36.15,4737,0
2014-04-29,18:00:00,36.14,36.26,36.14,36.25,4964,0
2014-04-29,19:00:00,36.24,36.31,36.23,36.31,2873,0
2014-04-29,20:00:00,36.27,36.32,36.26,36.26,2333,0
2014-04-29,21:00:00,36.26,36.26,36.15,36.15,5517,0
2014-04-29,22:00:00,36.14,36.16,36.08,36.1,19653,0
2014-04-30,16:00:00,35.76,35.85,35.76,35.78,9872,0
2014-04-30,17:00:00,35.77,35.88,35.75,35.88,14533,0
2014-04-30,18:00:00,35.81,35.84,35.81,35.84,2448,0
2014-04-30,19:00:00,35.81,35.81,35.79,35.81,2782,0
2014-04-30,20:00:00,35.78,35.8,35.74,35.8,1245,0
2014-04-30,21:00:00,35.83,35.85,35.77,35.85,37206,0
2014-04-30,22:00:00,35.82,35.91,35.8,35.91,4360,0
2014-05-01,16:00:00,35.64,35.98,35.64,35.93,2200,0
2014-05-01,17:00:00,35.85,35.93,35.85,35.91,5267,0
2014-05-01,18:00:00,35.88,35.92,35.84,35.87,16069,0
2014-05-01,19:00:00,35.88,35.97,35.88,35.96,7923,0
2014-05-01,20:00:00,35.92,35.96,35.89,35.89,4380,0
2014-05-01,21:00:00,35.91,36,35.91,35.94,19885,0
2014-05-01,22:00:00,35.96,35.96,35.86,35.88,6173,0
2014-05-02,16:00:00,35.97,36,35.85,36,3433,0
2014-05-02,17:00:00,36.03,36.26,36.03,36.16,22491,0
2014-05-02,18:00:00,36.04,36.16,36.01,36.15,14491,0
2014-05-02,19:00:00,36.13,36.14,36.11,36.14,1708,0
2014-05-02,20:00:00,36.18,36.18,36.13,36.16,4780,0
2014-05-02,21:00:00,36.13,36.2,36.13,36.19,4909,0
2014-05-02,22:00:00,36.2,36.3,36.19,36.3,6400,0
2014-05-05,16:00:00,35.9,36.04,35.88,36.04,7854,0
2014-05-05,17:00:00,36.04,36.08,36,36.01,33070,0
2014-05-05,18:00:00,36.03,36.07,35.96,35.96,5245,0
2014-05-05,19:00:00,35.97,35.98,35.9,35.92,10844,0
2014-05-05,20:00:00,35.93,35.93,35.88,35.88,4237,0
2014-05-05,21:00:00,35.9,35.98,35.9,35.97,16800,0
2014-05-05,22:00:00,35.97,36.07,35.97,36.03,7355,0
2014-05-06,16:00:00,36.17,36.22,36.12,36.22,2862,0
2014-05-06,17:00:00,36.22,36.35,36.22,36.26,16956,0
2014-05-06,18:00:00,36.18,36.48,36.18,36.48,12504,0
2014-05-06,19:00:00,36.43,36.47,36.43,36.46,1363,0
2014-05-06,20:00:00,36.46,36.46,36.27,36.27,2010,0
2014-05-06,21:00:00,36.3,36.39,36.3,36.37,3675,0
2014-05-06,22:00:00,36.36,36.36,36.3,36.3,28691,0
2014-05-07,16:00:00,36.18,36.37,36.17,36.37,4600,0
2014-05-07,17:00:00,36.33,36.4,36.19,36.4,6982,0
2014-05-07,18:00:00,36.37,36.52,36.36,36.52,8031,0
2014-05-07,19:00:00,36.48,36.49,36.39,36.42,2610,0
2014-05-07,20:00:00,36.44,36.48,36.43,36.47,8348,0
2014-05-07,21:00:00,36.47,36.53,36.47,36.52,2263,0
2014-05-07,22:00:00,36.5,36.52,36.46,36.49,5299,0
