Date,Time,Open,High,Low,Close,Volume,OpenInt
2014-02-10,16:00:00,14.16,14.16,14.06,14.1,266365,0
2014-02-10,17:00:00,14.1,14.12,14.05,14.11,295107,0
2014-02-10,18:00:00,14.11,14.12,14.1,14.12,238216,0
2014-02-10,19:00:00,14.11,14.13,14.08,14.1,149599,0
2014-02-10,20:00:00,14.1,14.13,14.1,14.11,180547,0
2014-02-10,21:00:00,14.12,14.14,14.1,14.11,179727,0
2014-02-10,22:00:00,14.12,14.12,14.05,14.08,200353,0
2014-02-11,16:00:00,14.12,14.2,14.02,14.19,273008,0
2014-02-11,17:00:00,14.2,14.33,14.19,14.33,469243,0
2014-02-11,18:00:00,14.33,14.37,14.28,14.36,338540,0
2014-02-11,19:00:00,14.36,14.37,14.33,14.34,445904,0
2014-02-11,20:00:00,14.34,14.37,14.3,14.31,290880,0
2014-02-11,21:00:00,14.32,14.37,14.3,14.37,241119,0
2014-02-11,22:00:00,14.36,14.36,14.24,14.33,610027,0
2014-02-12,16:00:00,14.36,14.43,14.25,14.29,144979,0
2014-02-12,17:00:00,14.29,14.4,14.29,14.38,573610,0
2014-02-12,18:00:00,14.37,14.38,14.3,14.3,188252,0
2014-02-12,19:00:00,14.3,14.33,14.3,14.31,190828,0
2014-02-12,20:00:00,14.3,14.33,14.27,14.27,175895,0
2014-02-12,21:00:00,14.28,14.3,14.24,14.25,126727,0
2014-02-12,22:00:00,14.25,14.28,14.2,14.24,241903,0
2014-02-13,16:00:00,14.24,14.29,14.21,14.29,114204,0
2014-02-13,17:00:00,14.29,14.34,14.28,14.31,211460,0
2014-02-13,18:00:00,14.32,14.4,14.31,14.38,193910,0
2014-02-13,19:00:00,14.38,14.43,14.37,14.42,165459,0
2014-02-13,20:00:00,14.42,14.5,14.42,14.49,322052,0
2014-02-13,21:00:00,14.5,14.52,14.48,14.51,360259,0
2014-02-13,22:00:00,14.52,14.52,14.5,14.52,300655,0
2014-02-14,16:00:00,14.8,14.95,14.77,14.93,678303,0
2014-02-14,17:00:00,14.93,14.98,14.8,14.83,619174,0
2014-02-14,18:00:00,14.84,14.88,14.82,14.86,316155,0
2014-02-14,19:00:00,14.87,14.92,14.84,14.92,181911,0
2014-02-14,20:00:00,14.92,14.93,14.9,14.92,155318,0
2014-02-14,21:00:00,14.92,14.93,14.89,14.93,254382,0
2014-02-14,22:00:00,14.93,14.94,14.89,14.93,283807,0
2014-02-18,16:00:00,14.96,15.06,14.93,15,295021,0
2014-02-18,17:00:00,15.01,15.02,14.95,14.98,416117,0
2014-02-18,18:00:00,14.99,15.02,14.96,14.99,200559,0
2014-02-18,19:00:00,14.98,14.99,14.92,14.96,380118,0
2014-02-18,20:00:00,14.97,15,14.96,14.98,140456,0
2014-02-18,21:00:00,14.97,15.01,14.96,15.01,118433,0
2014-02-18,22:00:00,15.01,15.05,14.98,15.03,313843,0
2014-02-19,16:00:00,14.96,15,14.9,14.92,111003,0
2014-02-19,17:00:00,14.91,14.94,14.89,14.91,314173,0
2014-02-19,18:00:00,14.9,14.91,14.84,14.88,229593,0
2014-02-19,19:00:00,14.87,14.89,14.84,14.86,199697,0
2014-02-19,20:00:00,14.85,14.98,14.85,14.95,415225,0
2014-02-19,21:00:00,14.95,14.95,14.84,14.85,363728,0
2014-02-19,22:00:00,14.85,14.85,14.65,14.7,370075,0
2014-02-20,16:00:00,14.77,14.81,14.71,14.81,88849,0
2014-02-20,17:00:00,14.81,14.82,14.75,14.81,213470,0
2014-02-20,18:00:00,14.82,14.82,14.77,14.82,87340,0
2014-02-20,19:00:00,14.82,14.85,14.79,14.82,231127,0
2014-02-20,20:00:00,14.82,14.87,14.82,14.86,114945,0
2014-02-20,21:00:00,14.86,14.92,14.85,14.9,128852,0
2014-02-20,22:00:00,14.9,14.96,14.85,14.92,312625,0
2014-02-21,16:00:00,14.95,14.95,14.86,14.89,98241,0
2014-02-21,17:00:00,14.9,14.92,14.8,14.83,217426,0
2014-02-21,18:00:00,14.83,14.83,14.69,14.76,379321,0
2014-02-21,19:00:00,14.77,14.81,14.76,14.8,80816,0
2014-02-21,20:00:00,14.79,14.93,14.79,14.89,214496,0
2014-02-21,21:00:00,14.88,14.92,14.82,14.85,138528,0
2014-02-21,22:00:00,14.85,14.89,14.84,14.87,147057,0
2014-02-24,16:00:00,15.02,15.06,14.93,14.97,172336,0
2014-02-24,17:00:00,14.96,15.05,14.96,15.05,259057,0
2014-02-24,18:00:00,15.05,15.14,15.03,15.13,281491,0
2014-02-24,19:00:00,15.13,15.15,15.08,15.1,111821,0
2014-02-24,20:00:00,15.1,15.12,15.09,15.11,105704,0
2014-02-24,21:00:00,15.1,15.11,15.08,15.09,73190,0
2014-02-24,22:00:00,15.09,15.11,15.07,15.07,150935,0
2014-02-25,16:00:00,14.96,15.04,14.96,15.04,175762,0
2014-02-25,17:00:00,15.04,15.09,15.04,15.09,363352,0
2014-02-25,18:00:00,15.1,15.13,15.08,15.1,374041,0
2014-02-25,19:00:00,15.1,15.13,15.09,15.13,109705,0
2014-02-25,20:00:00,15.13,15.14,15.11,15.14,126580,0
2014-02-25,21:00:00,15.14,15.16,15.13,15.16,140256,0
2014-02-25,22:00:00,15.16,15.17,15.1,15.13,269025,0
2014-02-26,16:00:00,14.98,15,14.93,14.93,149955,0
2014-02-26,17:00:00,14.93,14.95,14.82,14.82,311320,0
2014-02-26,18:00:00,14.83,14.84,14.75,14.83,326689,0
2014-02-26,19:00:00,14.82,14.83,14.75,14.82,167465,0
2014-02-26,20:00:00,14.82,14.9,14.8,14.84,473862,0
2014-02-26,21:00:00,14.84,14.85,14.81,14.83,149159,0
2014-02-26,22:00:00,14.84,14.85,14.77,14.78,237757,0
2014-02-27,16:00:00,14.87,14.87,14.77,14.81,136879,0
2014-02-27,17:00:00,14.8,14.85,14.79,14.82,190712,0
2014-02-27,18:00:00,14.81,14.89,14.8,14.87,151825,0
2014-02-27,19:00:00,14.87,14.89,14.86,14.88,47973,0
2014-02-27,20:00:00,14.88,14.89,14.8,14.8,51614,0
2014-02-27,21:00:00,14.8,14.81,14.74,14.76,125547,0
2014-02-27,22:00:00,14.77,14.8,14.72,14.77,227274,0
2014-02-28,16:00:00,14.8,14.8,14.68,14.7,269894,0
2014-02-28,17:00:00,14.7,14.72,14.63,14.71,171595,0
2014-02-28,18:00:00,14.71,14.76,14.7,14.75,123067,0
2014-02-28,19:00:00,14.74,14.76,14.7,14.72,84197,0
2014-02-28,20:00:00,14.71,14.72,14.64,14.68,141650,0
2014-02-28,21:00:00,14.68,14.73,14.68,14.73,125077,0
2014-02-28,22:00:00,14.73,14.75,14.7,14.72,181039,0
2014-03-03,16:00:00,15.04,15.1,14.86,15.06,264640,0
2014-03-03,17:00:00,15.04,15.09,15.02,15.08,305982,0
2014-03-03,18:00:00,15.08,15.1,15.05,15.08,276802,0
2014-03-03,19:00:00,15.09,15.09,15.03,15.08,193741,0
2014-03-03,20:00:00,15.07,15.08,14.98,14.98,190245,0
2014-03-03,21:00:00,14.98,15.02,14.96,14.97,119754,0
2014-03-03,22:00:00,14.98,14.99,14.93,14.98,224877,0
2014-03-04,16:00:00,14.75,14.78,14.7,14.72,168720,0
2014-03-04,17:00:00,14.72,14.79,14.7,14.75,174502,0
2014-03-04,18:00:00,14.76,14.8,14.75,14.76,104827,0
2014-03-04,19:00:00,14.76,14.78,14.72,14.75,230233,0
2014-03-04,20:00:00,14.76,14.8,14.75,14.8,81182,0
2014-03-04,21:00:00,14.8,14.82,14.77,14.77,66887,0
2014-03-04,22:00:00,14.78,14.79,14.72,14.73,172354,0
2014-03-05,16:00:00,14.76,14.76,14.7,14.74,86224,0
2014-03-05,17:00:00,14.74,14.83,14.73,14.8,148530,0
2014-03-05,18:00:00,14.79,14.81,14.78,14.79,83512,0
2014-03-05,19:00:00,14.79,14.83,14.79,14.82,57164,0
2014-03-05,20:00:00,14.81,14.82,14.78,14.81,38718,0
2014-03-05,21:00:00,14.8,14.8,14.71,14.74,195562,0
2014-03-05,22:00:00,14.75,14.76,14.7,14.72,211683,0
2014-03-06,16:00:00,14.84,14.86,14.81,14.82,93624,0
2014-03-06,17:00:00,14.83,14.85,14.81,14.81,107306,0
2014-03-06,18:00:00,14.82,14.89,14.81,14.88,226778,0
2014-03-06,19:00:00,14.89,14.94,14.85,14.91,207585,0
2014-03-06,20:00:00,14.9,14.92,14.85,14.85,109622,0
2014-03-06,21:00:00,14.85,14.88,14.83,14.87,136920,0
2014-03-06,22:00:00,14.87,14.89,14.82,14.87,210506,0
2014-03-07,16:00:00,14.62,14.64,14.55,14.62,185451,0
2014-03-07,17:00:00,14.63,14.68,14.6,14.66,164964,0
2014-03-07,18:00:00,14.66,14.75,14.64,14.7,123543,0
2014-03-07,19:00:00,14.69,14.71,14.68,14.71,60311,0
2014-03-07,20:00:00,14.71,14.71,14.63,14.65,94106,0
2014-03-07,21:00:00,14.65,14.66,14.63,14.64,76011,0
2014-03-07,22:00:00,14.63,14.72,14.62,14.71,126757,0
2014-03-10,15:00:00,14.67,14.68,14.63,14.65,51986,0
2014-03-10,16:00:00,14.65,14.7,14.63,14.69,164601,0
2014-03-10,17:00:00,14.69,14.71,14.64,14.66,207816,0
2014-03-10,18:00:00,14.66,14.69,14.64,14.67,75918,0
2014-03-10,19:00:00,14.66,14.67,14.65,14.66,36602,0
2014-03-10,20:00:00,14.67,14.67,14.63,14.64,47259,0
2014-03-10,21:00:00,14.64,14.65,14.61,14.63,151152,0
2014-03-11,15:00:00,14.76,14.78,14.71,14.75,115538,0
2014-03-11,16:00:00,14.75,14.76,14.67,14.71,177627,0
2014-03-11,17:00:00,14.7,14.74,14.55,14.56,196029,0
2014-03-11,18:00:00,14.58,14.67,14.58,14.64,146006,0
2014-03-11,19:00:00,14.65,14.69,14.65,14.69,91355,0
2014-03-11,20:00:00,14.69,14.71,14.62,14.65,136073,0
2014-03-11,21:00:00,14.65,14.68,14.63,14.65,171939,0
2014-03-12,15:00:00,14.91,14.93,14.85,14.86,230259,0
2014-03-12,16:00:00,14.86,14.88,14.82,14.87,230155,0
2014-03-12,17:00:00,14.87,14.91,14.87,14.91,116239,0
2014-03-12,18:00:00,14.91,14.97,14.9,14.97,144378,0
2014-03-12,19:00:00,14.96,14.99,14.95,14.96,102642,0
2014-03-12,20:00:00,14.96,14.97,14.92,14.97,218466,0
2014-03-12,21:00:00,14.96,15,14.93,14.99,242217,0
2014-03-13,15:00:00,15,15,14.94,14.97,59585,0
2014-03-13,16:00:00,14.96,15,14.95,15,147419,0
2014-03-13,17:00:00,14.99,15.02,14.96,15,168756,0
2014-03-13,18:00:00,15,15.03,14.98,14.99,84357,0
2014-03-13,19:00:00,15,15,14.92,14.93,188219,0
2014-03-13,20:00:00,14.93,14.98,14.92,14.96,106235,0
2014-03-13,21:00:00,14.96,15,14.94,14.95,165035,0
2014-03-14,15:00:00,15.18,15.21,15.11,15.14,183940,0
2014-03-14,16:00:00,15.15,15.17,15.1,15.16,88563,0
2014-03-14,17:00:00,15.16,15.16,14.98,15.01,142611,0
2014-03-14,18:00:00,15,15.07,15,15.05,96727,0
2014-03-14,19:00:00,15.05,15.1,15.04,15.09,89586,0
2014-03-14,20:00:00,15.09,15.1,15.04,15.1,108890,0
2014-03-14,21:00:00,15.1,15.17,15.09,15.11,212773,0
2014-03-17,15:00:00,15.14,15.15,15.05,15.09,170893,0
2014-03-17,16:00:00,15.09,15.11,15.08,15.11,101905,0
2014-03-17,17:00:00,15.11,15.11,15.07,15.08,115777,0
2014-03-17,18:00:00,15.08,15.1,15,15.05,364361,0
2014-03-17,19:00:00,15.06,15.08,15.01,15.03,246234,0
2014-03-17,20:00:00,15.03,15.03,14.9,14.96,199321,0
2014-03-17,21:00:00,14.96,15.02,14.95,14.99,239071,0
2014-03-18,15:00:00,14.83,14.83,14.78,14.81,214945,0
2014-03-18,16:00:00,14.8,14.85,14.79,14.79,159237,0
2014-03-18,17:00:00,14.8,14.84,14.78,14.81,89921,0
2014-03-18,18:00:00,14.81,14.87,14.79,14.85,75389,0
2014-03-18,19:00:00,14.85,14.86,14.81,14.83,68800,0
2014-03-18,20:00:00,14.84,14.86,14.82,14.82,41637,0
2014-03-18,21:00:00,14.82,14.83,14.7,14.75,317864,0
2014-03-19,15:00:00,14.67,14.69,14.59,14.59,48440,0
2014-03-19,16:00:00,14.58,14.59,14.51,14.54,180426,0
2014-03-19,17:00:00,14.54,14.67,14.53,14.66,268814,0
2014-03-19,18:00:00,14.65,14.67,14.6,14.61,35883,0
2014-03-19,19:00:00,14.61,14.67,14.61,14.65,143315,0
2014-03-19,20:00:00,14.65,14.65,14.5,14.5,162150,0
2014-03-19,21:00:00,14.5,14.57,14.42,14.52,672525,0
2014-03-20,15:00:00,14.32,14.34,14.22,14.34,615930,0
2014-03-20,16:00:00,14.33,14.4,14.29,14.31,205392,0
2014-03-20,17:00:00,14.32,14.37,14.3,14.36,146297,0
2014-03-20,18:00:00,14.35,14.4,14.34,14.39,80656,0
2014-03-20,19:00:00,14.39,14.4,14.34,14.39,107880,0
2014-03-20,20:00:00,14.39,14.39,14.3,14.31,135097,0
2014-03-20,21:00:00,14.32,14.34,14.29,14.3,132641,0
2014-03-21,15:00:00,14.42,14.48,14.41,14.43,149416,0
2014-03-21,16:00:00,14.44,14.45,14.37,14.4,68376,0
2014-03-21,17:00:00,14.39,14.4,14.38,14.38,32359,0
2014-03-21,18:00:00,14.38,14.38,14.32,14.32,148602,0
2014-03-21,19:00:00,14.32,14.34,14.31,14.31,58880,0
2014-03-21,20:00:00,14.32,14.37,14.31,14.36,46571,0
2014-03-21,21:00:00,14.35,14.38,14.34,14.36,113180,0
2014-03-24,15:00:00,14.15,14.19,14.08,14.17,157874,0
2014-03-24,16:00:00,14.17,14.19,14.1,14.11,186912,0
2014-03-24,17:00:00,14.11,14.13,14.04,14.07,201246,0
2014-03-24,18:00:00,14.07,14.1,14.04,14.08,236946,0
2014-03-24,19:00:00,14.07,14.09,14.04,14.06,166461,0
2014-03-24,20:00:00,14.07,14.09,14.04,14.04,117522,0
2014-03-24,21:00:00,14.05,14.08,14,14,261034,0
2014-03-25,15:00:00,14.08,14.08,14.03,14.08,74404,0
2014-03-25,16:00:00,14.07,14.13,14.07,14.11,137313,0
2014-03-25,17:00:00,14.1,14.11,14.03,14.06,129043,0
2014-03-25,18:00:00,14.06,14.09,14.05,14.07,93402,0
2014-03-25,19:00:00,14.07,14.07,14.02,14.04,103182,0
2014-03-25,20:00:00,14.04,14.09,14.03,14.08,161083,0
2014-03-25,21:00:00,14.08,14.11,14.07,14.11,90272,0
2014-03-26,15:00:00,14.12,14.13,14.07,14.1,29574,0
2014-03-26,16:00:00,14.11,14.14,13.97,13.98,134872,0
2014-03-26,17:00:00,13.97,13.99,13.95,13.98,119650,0
2014-03-26,18:00:00,13.95,13.97,13.88,13.9,193035,0
2014-03-26,19:00:00,13.9,13.92,13.89,13.91,195227,0
2014-03-26,20:00:00,13.9,13.91,13.87,13.88,162084,0
2014-03-26,21:00:00,13.89,13.9,13.81,13.9,326465,0
2014-03-27,15:00:00,13.85,13.92,13.8,13.9,124703,0
2014-03-27,16:00:00,13.91,13.93,13.81,13.82,177080,0
2014-03-27,17:00:00,13.82,13.84,13.81,13.83,71540,0
2014-03-27,18:00:00,13.84,13.86,13.78,13.8,160960,0
2014-03-27,19:00:00,13.8,13.83,13.78,13.8,121127,0
2014-03-27,20:00:00,13.8,13.81,13.75,13.75,192628,0
2014-03-27,21:00:00,13.76,13.83,13.75,13.81,169000,0
2014-03-28,15:00:00,13.78,13.86,13.74,13.86,45900,0
2014-03-28,16:00:00,13.84,13.93,13.84,13.9,310206,0
2014-03-28,17:00:00,13.89,13.92,13.85,13.85,76761,0
2014-03-28,18:00:00,13.85,13.91,13.83,13.89,81361,0
2014-03-28,19:00:00,13.89,13.9,13.87,13.87,79905,0
2014-03-28,20:00:00,13.88,13.88,13.83,13.83,77456,0
2014-03-28,21:00:00,13.83,13.84,13.81,13.83,83576,0
2014-03-31,16:00:00,13.85,13.87,13.8,13.82,60379,0
2014-03-31,17:00:00,13.81,13.86,13.79,13.81,110621,0
2014-03-31,18:00:00,13.81,13.81,13.76,13.79,116808,0
2014-03-31,19:00:00,13.78,13.79,13.73,13.74,80721,0
2014-03-31,20:00:00,13.75,13.76,13.69,13.7,107497,0
2014-03-31,21:00:00,13.7,13.76,13.7,13.74,138323,0
2014-03-31,22:00:00,13.74,13.77,13.71,13.73,177511,0
2014-04-01,16:00:00,13.77,13.8,13.73,13.75,51471,0
2014-04-01,17:00:00,13.74,13.75,13.68,13.68,306802,0
2014-04-01,18:00:00,13.69,13.7,13.67,13.69,187861,0
2014-04-01,19:00:00,13.68,13.7,13.64,13.66,199321,0
2014-04-01,20:00:00,13.65,13.68,13.64,13.66,115922,0
2014-04-01,21:00:00,13.65,13.67,13.64,13.67,102526,0
2014-04-01,22:00:00,13.67,13.76,13.66,13.74,122299,0
2014-04-02,16:00:00,13.87,13.9,13.83,13.89,135593,0
2014-04-02,17:00:00,13.89,13.89,13.81,13.81,238848,0
2014-04-02,18:00:00,13.82,13.87,13.81,13.83,96325,0
2014-04-02,19:00:00,13.83,13.85,13.82,13.84,73887,0
2014-04-02,20:00:00,13.84,13.84,13.8,13.82,130603,0
2014-04-02,21:00:00,13.83,13.84,13.79,13.83,89562,0
2014-04-02,22:00:00,13.83,13.89,13.82,13.84,209572,0
2014-04-03,16:00:00,13.76,13.8,13.73,13.74,86492,0
2014-04-03,17:00:00,13.74,13.76,13.72,13.74,141424,0
2014-04-03,18:00:00,13.74,13.78,13.74,13.76,77722,0
2014-04-03,19:00:00,13.75,13.76,13.75,13.76,32343,0
2014-04-03,20:00:00,13.76,13.77,13.71,13.74,85956,0
2014-04-03,21:00:00,13.74,13.75,13.71,13.75,81390,0
2014-04-03,22:00:00,13.75,13.77,13.72,13.77,119835,0
2014-04-04,16:00:00,13.92,13.93,13.84,13.89,77416,0
2014-04-04,17:00:00,13.88,13.96,13.86,13.94,138954,0
2014-04-04,18:00:00,13.95,14.04,13.94,14,168539,0
2014-04-04,19:00:00,14,14.02,13.98,13.99,74560,0
2014-04-04,20:00:00,13.99,14,13.94,13.95,103181,0
2014-04-04,21:00:00,13.94,13.95,13.86,13.93,246892,0
2014-04-04,22:00:00,13.94,13.95,13.89,13.91,124592,0
2014-04-07,16:00:00,13.85,13.89,13.85,13.87,42158,0
2014-04-07,17:00:00,13.88,13.91,13.88,13.89,73467,0
2014-04-07,18:00:00,13.89,13.92,13.85,13.85,146225,0
2014-04-07,19:00:00,13.85,13.85,13.82,13.82,48163,0
2014-04-07,20:00:00,13.83,13.87,13.83,13.86,104657,0
2014-04-07,21:00:00,13.85,13.87,13.83,13.86,76746,0
2014-04-07,22:00:00,13.86,13.86,13.81,13.82,199549,0
2014-04-08,16:00:00,14,14.03,13.96,14.02,78419,0
2014-04-08,17:00:00,14.02,14.05,13.97,13.99,186089,0
2014-04-08,18:00:00,13.99,14,13.98,13.99,44262,0
2014-04-08,19:00:00,13.98,13.99,13.95,13.99,130565,0
2014-04-08,20:00:00,13.98,13.99,13.95,13.99,62790,0
2014-04-08,21:00:00,13.98,13.99,13.94,13.96,101629,0
2014-04-08,22:00:00,13.96,13.98,13.92,13.95,162051,0
2014-04-09,16:00:00,13.86,13.86,13.81,13.82,75686,0
2014-04-09,17:00:00,13.82,13.9,13.81,13.9,80866,0
2014-04-09,18:00:00,13.9,13.91,13.86,13.89,63506,0
2014-04-09,19:00:00,13.9,13.91,13.87,13.9,42049,0
2014-04-09,20:00:00,13.89,13.9,13.87,13.88,49268,0
2014-04-09,21:00:00,13.88,13.99,13.88,13.91,162076,0
2014-04-09,22:00:00,13.89,13.97,13.88,13.96,88918,0
2014-04-10,16:00:00,14.03,14.11,14.01,14.09,218640,0
2014-04-10,17:00:00,14.1,14.11,14.05,14.08,79656,0
2014-04-10,18:00:00,14.08,14.11,14.07,14.11,109009,0
2014-04-10,19:00:00,14.1,14.1,14.02,14.06,165107,0
2014-04-10,20:00:00,14.06,14.11,14.03,14.1,118292,0
2014-04-10,21:00:00,14.11,14.15,14.1,14.13,198255,0
2014-04-10,22:00:00,14.14,14.15,14.01,14.04,356458,0
2014-04-11,16:00:00,13.99,14.07,13.98,14.03,96095,0
2014-04-11,17:00:00,14.03,14.06,13.93,13.93,240969,0
2014-04-11,18:00:00,13.94,14,13.93,14,125539,0
2014-04-11,19:00:00,13.99,14,13.97,14,57878,0
2014-04-11,20:00:00,14,14.01,13.99,14,48503,0
2014-04-11,21:00:00,14,14.02,14,14.01,66899,0
2014-04-11,22:00:00,14.02,14.02,14,14.01,76319,0
2014-04-14,16:00:00,14.07,14.07,14.01,14.03,111160,0
2014-04-14,17:00:00,14.03,14.1,14,14.04,146748,0
2014-04-14,18:00:00,14.05,14.08,13.99,14.01,107076,0
2014-04-14,19:00:00,14,14.05,14,14.05,87635,0
2014-04-14,20:00:00,14.05,14.07,14.03,14.06,47091,0
2014-04-14,21:00:00,14.05,14.07,14.01,14.03,96352,0
2014-04-14,22:00:00,14.03,14.06,13.99,14.04,146237,0
2014-04-15,16:00:00,13.67,13.68,13.57,13.65,252781,0
2014-04-15,17:00:00,13.64,13.77,13.64,13.77,170179,0
2014-04-15,18:00:00,13.77,13.79,13.73,13.79,108949,0
2014-04-15,19:00:00,13.78,13.79,13.75,13.79,69844,0
2014-04-15,20:00:00,13.79,13.79,13.73,13.76,87123,0
2014-04-15,21:00:00,13.77,13.79,13.76,13.77,77835,0
2014-04-15,22:00:00,13.77,13.8,13.76,13.78,114803,0
2014-04-16,16:00:00,13.81,13.81,13.77,13.79,11996,0
2014-04-16,17:00:00,13.8,13.8,13.72,13.73,83171,0
2014-04-16,18:00:00,13.74,13.79,13.73,13.78,98050,0
2014-04-16,19:00:00,13.78,13.79,13.76,13.79,44901,0
2014-04-16,20:00:00,13.79,13.8,13.74,13.76,65814,0
2014-04-16,21:00:00,13.75,13.78,13.73,13.76,111559,0
2014-04-16,22:00:00,13.76,13.79,13.73,13.78,145988,0
2014-04-17,16:00:00,13.8,13.81,13.79,13.79,62276,0
2014-04-17,17:00:00,13.79,13.79,13.74,13.77,81990,0
2014-04-17,18:00:00,13.76,13.8,13.75,13.78,60714,0
2014-04-17,19:00:00,13.78,13.78,13.72,13.73,80780,0
2014-04-17,20:00:00,13.73,13.74,13.7,13.72,87671,0
2014-04-17,21:00:00,13.72,13.77,13.69,13.74,95073,0
2014-04-17,22:00:00,13.74,13.78,13.68,13.77,129254,0
2014-04-21,16:00:00,13.71,13.76,13.63,13.7,250346,0
2014-04-21,17:00:00,13.69,13.7,13.67,13.7,215264,0
2014-04-21,18:00:00,13.7,13.7,13.67,13.67,82314,0
2014-04-21,19:00:00,13.68,13.69,13.67,13.67,101590,0
2014-04-21,20:00:00,13.66,13.68,13.66,13.67,78546,0
2014-04-21,21:00:00,13.68,13.7,13.66,13.69,90614,0
2014-04-21,22:00:00,13.7,13.7,13.68,13.69,134416,0
2014-04-22,16:00:00,13.71,13.75,13.7,13.72,51170,0
2014-04-22,17:00:00,13.71,13.71,13.63,13.66,226706,0
2014-04-22,18:00:00,13.65,13.69,13.63,13.66,134189,0
2014-04-22,19:00:00,13.65,13.69,13.64,13.65,95147,0
2014-04-22,20:00:00,13.66,13.69,13.64,13.68,55852,0
2014-04-22,21:00:00,13.68,13.69,13.67,13.68,37920,0
2014-04-22,22:00:00,13.68,13.72,13.67,13.7,166331,0
2014-04-23,16:00:00,13.71,13.73,13.66,13.72,54176,0
2014-04-23,17:00:00,13.72,13.74,13.67,13.71,117136,0
2014-04-23,18:00:00,13.7,13.73,13.69,13.72,118323,0
2014-04-23,19:00:00,13.73,13.73,13.69,13.71,97017,0
2014-04-23,20:00:00,13.71,13.72,13.69,13.72,48139,0
2014-04-23,21:00:00,13.72,13.73,13.71,13.72,41367,0
2014-04-23,22:00:00,13.72,13.72,13.7,13.7,72855,0
2014-04-24,16:00:00,13.67,13.9,13.63,13.87,180848,0
2014-04-24,17:00:00,13.87,13.93,13.8,13.82,161131,0
2014-04-24,18:00:00,13.82,13.85,13.81,13.84,80936,0
2014-04-24,19:00:00,13.83,13.86,13.82,13.85,86518,0
2014-04-24,20:00:00,13.85,13.91,13.85,13.89,120658,0
2014-04-24,21:00:00,13.9,13.9,13.76,13.78,162643,0
2014-04-24,22:00:00,13.77,13.85,13.77,13.85,127335,0
2014-04-25,16:00:00,13.92,13.95,13.9,13.93,59633,0
2014-04-25,17:00:00,13.93,13.97,13.91,13.92,131468,0
2014-04-25,18:00:00,13.92,13.94,13.9,13.92,40863,0
2014-04-25,19:00:00,13.92,13.95,13.9,13.92,105545,0
2014-04-25,20:00:00,13.93,13.93,13.91,13.91,54397,0
2014-04-25,21:00:00,13.92,13.92,13.87,13.9,56630,0
2014-04-25,22:00:00,13.9,13.97,13.88,13.97,137245,0
2014-04-28,16:00:00,13.93,13.98,13.9,13.92,84518,0
2014-04-28,17:00:00,13.9,13.92,13.83,13.84,66842,0
2014-04-28,18:00:00,13.85,13.86,13.84,13.86,48360,0
2014-04-28,19:00:00,13.85,13.86,13.84,13.86,62104,0
2014-04-28,20:00:00,13.86,13.92,13.86,13.9,71535,0
2014-04-28,21:00:00,13.89,13.9,13.84,13.87,63309,0
2014-04-28,22:00:00,13.88,13.89,13.83,13.84,112952,0
2014-04-29,16:00:00,13.82,13.87,13.79,13.83,75460,0
2014-04-29,17:00:00,13.82,13.84,13.8,13.83,70961,0
2014-04-29,18:00:00,13.83,13.85,13.81,13.84,69938,0
2014-04-29,19:00:00,13.85,13.85,13.83,13.84,71739,0
2014-04-29,20:00:00,13.85,13.85,13.81,13.82,49563,0
2014-04-29,21:00:00,13.82,13.83,13.81,13.83,33860,0
2014-04-29,22:00:00,13.83,13.84,13.81,13.83,79416,0
2014-04-30,16:00:00,13.77,13.77,13.66,13.69,106309,0
2014-04-30,17:00:00,13.68,13.71,13.66,13.71,75393,0
2014-04-30,18:00:00,13.71,13.73,13.69,13.72,94802,0
2014-04-30,19:00:00,13.72,13.73,13.72,13.73,37114,0
2014-04-30,20:00:00,13.72,13.77,13.7,13.74,67526,0
2014-04-30,21:00:00,13.75,13.76,13.65,13.72,57305,0
2014-04-30,22:00:00,13.71,13.75,13.71,13.75,146165,0
2014-05-01,16:00:00,13.56,13.62,13.5,13.54,272759,0
2014-05-01,17:00:00,13.55,13.63,13.54,13.6,145744,0
2014-05-01,18:00:00,13.6,13.65,13.59,13.63,127480,0
2014-05-01,19:00:00,13.64,13.67,13.64,13.65,60833,0
2014-05-01,20:00:00,13.64,13.66,13.62,13.63,99143,0
2014-05-01,21:00:00,13.64,13.66,13.64,13.65,70200,0
2014-05-01,22:00:00,13.65,13.68,13.64,13.66,110505,0
2014-05-02,16:00:00,13.7,13.7,13.64,13.65,41741,0
2014-05-02,17:00:00,13.65,13.81,13.62,13.78,181476,0
2014-05-02,18:00:00,13.78,13.92,13.75,13.88,126890,0
2014-05-02,19:00:00,13.87,13.88,13.84,13.86,89291,0
2014-05-02,20:00:00,13.85,13.89,13.85,13.89,53286,0
2014-05-02,21:00:00,13.89,13.89,13.86,13.87,59322,0
2014-05-02,22:00:00,13.88,13.89,13.83,13.83,270763,0
2014-05-05,16:00:00,13.97,14.05,13.97,14.02,163687,0
2014-05-05,17:00:00,14.03,14.03,13.98,14,130309,0
2014-05-05,18:00:00,14,14,13.97,13.98,80576,0
2014-05-05,19:00:00,13.98,13.98,13.91,13.92,112067,0
2014-05-05,20:00:00,13.92,13.93,13.91,13.92,49842,0
2014-05-05,21:00:00,13.92,13.93,13.9,13.91,74393,0
2014-05-05,22:00:00,13.91,13.94,13.9,13.93,81144,0
2014-05-06,16:00:00,14,14,13.94,13.98,107800,0
2014-05-06,17:00:00,13.97,13.99,13.94,13.99,158371,0
2014-05-06,18:00:00,14,14,13.98,13.99,39616,0
2014-05-06,19:00:00,13.99,14,13.96,14,65087,0
2014-05-06,20:00:00,13.99,14,13.96,13.97,63270,0
2014-05-06,21:00:00,13.97,13.99,13.95,13.95,83816,0
2014-05-06,22:00:00,13.94,13.97,13.93,13.97,65214,0
2014-05-07,16:00:00,13.94,13.94,13.9,13.92,116915,0
2014-05-07,17:00:00,13.91,13.91,13.84,13.87,233849,0
2014-05-07,18:00:00,13.86,13.91,13.83,13.84,130126,0
2014-05-07,19:00:00,13.83,13.84,13.78,13.8,86808,0
2014-05-07,20:00:00,13.8,13.84,13.8,13.81,69812,0
2014-05-07,21:00:00,13.81,13.84,13.81,13.81,65991,0
2014-05-07,22:00:00,13.82,13.84,13.8,13.81,76786,0
