Date,Time,Open,High,Low,Close,Volume,OpenInt
2014-02-10,16:00:00,14.84,14.84,14.82,14.82,12720,0
2014-02-10,17:00:00,14.8,14.83,14.8,14.81,8541,0
2014-02-10,18:00:00,14.82,14.82,14.8,14.81,139555,0
2014-02-10,19:00:00,14.81,14.83,14.81,14.82,75245,0
2014-02-10,20:00:00,14.82,14.82,14.81,14.82,10839,0
2014-02-10,21:00:00,14.81,14.82,14.79,14.81,92015,0
2014-02-10,22:00:00,14.82,14.84,14.82,14.82,6957,0
2014-02-11,16:00:00,14.75,14.76,14.72,14.73,12669,0
2014-02-11,17:00:00,14.74,14.74,14.63,14.64,54853,0
2014-02-11,18:00:00,14.64,14.66,14.58,14.61,308170,0
2014-02-11,19:00:00,14.61,14.64,14.61,14.62,158299,0
2014-02-11,20:00:00,14.63,14.65,14.63,14.63,91950,0
2014-02-11,21:00:00,14.64,14.64,14.61,14.61,44702,0
2014-02-11,22:00:00,14.61,14.63,14.61,14.63,62716,0
2014-02-12,16:00:00,14.61,14.66,14.61,14.62,49142,0
2014-02-12,17:00:00,14.62,14.63,14.57,14.59,54407,0
2014-02-12,18:00:00,14.58,14.61,14.58,14.6,25686,0
2014-02-12,19:00:00,14.6,14.6,14.55,14.57,13885,0
2014-02-12,20:00:00,14.57,14.59,14.57,14.58,20903,0
2014-02-12,21:00:00,14.58,14.62,14.57,14.62,12736,0
2014-02-12,22:00:00,14.61,14.64,14.6,14.63,7453,0
2014-02-13,16:00:00,14.59,14.59,14.56,14.57,9643,0
2014-02-13,17:00:00,14.56,14.56,14.54,14.54,6855,0
2014-02-13,18:00:00,14.53,14.53,14.51,14.53,5272,0
2014-02-13,19:00:00,14.55,14.55,14.55,14.55,200,0
2014-02-13,20:00:00,14.51,14.53,14.49,14.5,5643,0
2014-02-13,21:00:00,14.51,14.51,14.5,14.5,1592,0
2014-02-13,22:00:00,14.5,14.5,14.48,14.48,13964,0
2014-02-14,16:00:00,14.29,14.29,14.26,14.26,8515,0
2014-02-14,17:00:00,14.26,14.32,14.25,14.32,29365,0
2014-02-14,18:00:00,14.32,14.32,14.29,14.29,117495,0
2014-02-14,19:00:00,14.29,14.31,14.27,14.27,18385,0
2014-02-14,20:00:00,14.27,14.29,14.27,14.28,5155,0
2014-02-14,21:00:00,14.29,14.29,14.26,14.27,68900,0
2014-02-14,22:00:00,14.26,14.29,14.26,14.29,10898,0
2014-02-18,16:00:00,14.24,14.28,14.24,14.25,3370,0
2014-02-18,17:00:00,14.25,14.25,14.22,14.23,10952,0
2014-02-18,18:00:00,14.24,14.24,14.21,14.21,1400,0
2014-02-18,19:00:00,14.24,14.24,14.22,14.22,19030,0
2014-02-18,20:00:00,14.22,14.22,14.21,14.21,1300,0
2014-02-18,21:00:00,14.21,14.22,14.21,14.22,10139,0
2014-02-18,22:00:00,14.21,14.24,14.21,14.24,14081,0
2014-02-19,16:00:00,14.25,14.26,14.24,14.24,8080,0
2014-02-19,17:00:00,14.25,14.26,14.25,14.26,5100,0
2014-02-19,18:00:00,14.26,14.28,14.26,14.27,3167,0
2014-02-19,19:00:00,14.26,14.27,14.26,14.27,2203,0
2014-02-19,20:00:00,14.27,14.27,14.25,14.25,3493,0
2014-02-19,21:00:00,14.26,14.32,14.26,14.3,9453,0
2014-02-19,22:00:00,14.33,14.39,14.33,14.38,5700,0
2014-02-20,16:00:00,14.33,14.36,14.33,14.35,9397,0
2014-02-20,17:00:00,14.31,14.33,14.3,14.33,18100,0
2014-02-20,18:00:00,14.32,14.34,14.32,14.34,3700,0
2014-02-20,19:00:00,14.31,14.31,14.31,14.31,500,0
2014-02-20,20:00:00,14.31,14.31,14.3,14.3,1248,0
2014-02-20,21:00:00,14.3,14.3,14.24,14.24,5060,0
2014-02-20,22:00:00,14.25,14.25,14.19,14.22,16133,0
2014-02-21,16:00:00,14.22,14.23,14.21,14.21,1061,0
2014-02-21,17:00:00,14.22,14.24,14.21,14.24,15090,0
2014-02-21,18:00:00,14.25,14.25,14.25,14.25,25300,0
2014-02-21,19:00:00,14.24,14.24,14.24,14.24,3860,0
2014-02-21,20:00:00,14.23,14.23,14.17,14.19,14991,0
2014-02-21,21:00:00,14.19,14.22,14.16,14.21,9726,0
2014-02-21,22:00:00,14.21,14.21,14.2,14.21,3265,0
2014-02-24,16:00:00,14.09,14.11,14.08,14.11,14476,0
2014-02-24,17:00:00,14.1,14.1,14.04,14.05,16850,0
2014-02-24,18:00:00,14.05,14.05,14.03,14.05,4613,0
2014-02-24,19:00:00,14.04,14.05,14.04,14.05,4300,0
2014-02-24,20:00:00,14.04,14.04,14.04,14.04,500,0
2014-02-24,21:00:00,14.05,14.05,14.03,14.04,5850,0
2014-02-24,22:00:00,14.04,14.06,14.03,14.04,7545,0
2014-02-25,16:00:00,14.06,14.06,14.05,14.05,800,0
2014-02-25,17:00:00,14.03,14.03,14,14.02,21375,0
2014-02-25,18:00:00,14,14,13.99,14,7700,0
2014-02-25,19:00:00,13.97,13.97,13.97,13.97,275,0
2014-02-25,20:00:00,13.98,13.99,13.98,13.99,1180,0
2014-02-25,21:00:00,13.98,13.98,13.98,13.98,3555,0
2014-02-25,22:00:00,14,14.01,14,14.01,4366,0
2014-02-26,16:00:00,14.09,14.11,14.09,14.11,1000,0
2014-02-26,17:00:00,14.11,14.22,14.1,14.2,35948,0
2014-02-26,18:00:00,14.21,14.21,14.18,14.19,44100,0
2014-02-26,19:00:00,14.19,14.19,14.17,14.17,6600,0
2014-02-26,20:00:00,14.15,14.16,14.15,14.16,700,0
2014-02-26,21:00:00,14.15,14.17,14.14,14.14,5800,0
2014-02-26,22:00:00,14.15,14.16,14.15,14.16,7970,0
2014-02-27,16:00:00,14.11,14.13,14.11,14.13,800,0
2014-02-27,17:00:00,14.11,14.11,14.06,14.07,6600,0
2014-02-27,18:00:00,14.1,14.1,14.1,14.1,1700,0
2014-02-27,20:00:00,14.12,14.13,14.12,14.12,2080,0
2014-02-27,21:00:00,14.15,14.16,14.14,14.14,1400,0
2014-02-27,22:00:00,14.13,14.13,14.13,14.13,1200,0
2014-02-28,16:00:00,14.14,14.17,14.13,14.17,8002,0
2014-02-28,17:00:00,14.19,14.22,14.19,14.19,418508,0
2014-02-28,18:00:00,14.19,14.22,14.18,14.18,165329,0
2014-02-28,19:00:00,14.19,14.24,14.18,14.24,7580,0
2014-02-28,20:00:00,14.23,14.27,14.23,14.27,729,0
2014-02-28,21:00:00,14.23,14.23,14.21,14.22,1915,0
2014-02-28,22:00:00,14.19,14.21,14.17,14.21,15005,0
2014-03-03,16:00:00,13.95,13.96,13.92,13.93,19518,0
2014-03-03,17:00:00,13.93,13.94,13.89,13.9,16072,0
2014-03-03,18:00:00,13.89,13.9,13.88,13.89,8233,0
2014-03-03,19:00:00,13.88,13.92,13.88,13.91,2675,0
2014-03-03,20:00:00,13.91,13.94,13.91,13.93,4100,0
2014-03-03,21:00:00,13.94,13.94,13.9,13.91,6739,0
2014-03-03,22:00:00,13.92,13.93,13.9,13.91,26768,0
2014-03-04,16:00:00,14.1,14.12,14.09,14.09,18916,0
2014-03-04,17:00:00,14.09,14.09,14.06,14.06,1820,0
2014-03-04,18:00:00,14.07,14.07,14.06,14.06,1050,0
2014-03-04,19:00:00,14.08,14.08,14.07,14.07,800,0
2014-03-04,20:00:00,14.06,14.07,14.06,14.07,400,0
2014-03-04,21:00:00,14.06,14.07,14.06,14.07,300,0
2014-03-04,22:00:00,14.07,14.1,14.07,14.09,14187,0
2014-03-05,16:00:00,14.19,14.19,14.16,14.16,1400,0
2014-03-05,17:00:00,14.07,14.07,13.98,14.02,2814,0
2014-03-05,18:00:00,14.04,14.08,14.04,14.08,616,0
2014-03-05,19:00:00,14.08,14.08,14.03,14.03,1000,0
2014-03-05,20:00:00,14.05,14.07,14.05,14.05,600,0
2014-03-05,21:00:00,14.06,14.06,14.05,14.05,200,0
2014-03-05,22:00:00,14.06,14.07,14.06,14.07,1700,0
2014-03-06,16:00:00,13.99,14,13.98,13.99,3800,0
2014-03-06,17:00:00,13.99,13.99,13.98,13.98,4100,0
2014-03-06,18:00:00,13.98,13.98,13.94,13.94,7500,0
2014-03-06,19:00:00,13.92,13.95,13.92,13.95,5400,0
2014-03-06,20:00:00,13.92,13.92,13.92,13.92,225,0
2014-03-06,21:00:00,13.93,13.93,13.92,13.92,2800,0
2014-03-06,22:00:00,13.91,13.92,13.9,13.92,2708,0
2014-03-07,16:00:00,14.13,14.13,14.1,14.1,2100,0
2014-03-07,17:00:00,14.1,14.12,14.09,14.09,6460,0
2014-03-07,18:00:00,14.08,14.09,14.06,14.06,2802,0
2014-03-07,19:00:00,14.06,14.08,14.06,14.08,500,0
2014-03-07,20:00:00,14.07,14.07,14.07,14.07,500,0
2014-03-07,21:00:00,14.06,14.06,14.06,14.06,600,0
2014-03-07,22:00:00,14.06,14.06,14.04,14.04,3885,0
2014-03-10,15:00:00,14.05,14.06,14.05,14.05,1296,0
2014-03-10,16:00:00,14.06,14.06,14,14,1610,0
2014-03-10,17:00:00,14.01,14.02,14.01,14.02,3500,0
2014-03-10,18:00:00,14.02,14.02,14.02,14.02,1400,0
2014-03-10,20:00:00,14.04,14.05,14.04,14.04,1300,0
2014-03-10,21:00:00,14.05,14.05,14.04,14.04,2600,0
2014-03-11,15:00:00,13.94,13.94,13.93,13.94,950,0
2014-03-11,16:00:00,13.93,13.98,13.93,13.98,2500,0
2014-03-11,17:00:00,13.97,13.97,13.96,13.96,1820,0
2014-03-11,18:00:00,14.02,14.02,13.99,13.99,5100,0
2014-03-11,20:00:00,13.94,13.94,13.94,13.94,1000,0
2014-03-12,15:00:00,13.76,13.78,13.75,13.75,7166,0
2014-03-12,16:00:00,13.75,13.76,13.75,13.76,6800,0
2014-03-12,17:00:00,13.76,13.77,13.76,13.76,8588,0
2014-03-12,18:00:00,13.76,13.76,13.71,13.72,4790,0
2014-03-12,19:00:00,13.73,13.74,13.71,13.74,2600,0
2014-03-12,20:00:00,13.75,13.75,13.74,13.74,5200,0
2014-03-13,15:00:00,13.76,13.76,13.76,13.76,2000,0
2014-03-13,16:00:00,13.73,13.74,13.73,13.73,57800,0
2014-03-13,17:00:00,13.72,13.72,13.72,13.72,3000,0
2014-03-13,18:00:00,13.7,13.7,13.67,13.68,18709,0
2014-03-13,19:00:00,13.69,13.69,13.69,13.69,4950,0
2014-03-13,20:00:00,13.7,13.7,13.68,13.68,500,0
2014-03-13,21:00:00,13.67,13.71,13.67,13.69,3572,0
2014-03-14,15:00:00,13.52,13.58,13.52,13.56,18795,0
2014-03-14,16:00:00,13.55,13.57,13.55,13.55,16850,0
2014-03-14,17:00:00,13.59,13.65,13.57,13.65,7900,0
2014-03-14,18:00:00,13.66,13.67,13.64,13.64,6570,0
2014-03-14,19:00:00,13.62,13.62,13.62,13.62,400,0
2014-03-14,20:00:00,13.63,13.64,13.63,13.64,3000,0
2014-03-14,21:00:00,13.61,13.61,13.57,13.58,3049,0
2014-03-17,15:00:00,13.65,13.65,13.64,13.64,2580,0
2014-03-17,16:00:00,13.63,13.63,13.61,13.61,8112,0
2014-03-17,17:00:00,13.59,13.62,13.59,13.61,6700,0
2014-03-17,18:00:00,13.65,13.7,13.65,13.69,14022,0
2014-03-17,19:00:00,13.7,13.7,13.68,13.69,4873,0
2014-03-17,20:00:00,13.71,13.79,13.71,13.75,11180,0
2014-03-17,21:00:00,13.74,13.76,13.74,13.76,25933,0
2014-03-18,15:00:00,13.89,13.89,13.88,13.88,9260,0
2014-03-18,16:00:00,13.87,13.87,13.86,13.86,1524,0
2014-03-18,17:00:00,13.85,13.85,13.84,13.85,3746,0
2014-03-18,18:00:00,13.85,13.85,13.8,13.8,1400,0
2014-03-18,19:00:00,13.8,13.83,13.8,13.83,6686,0
2014-03-18,20:00:00,13.82,13.83,13.82,13.83,800,0
2014-03-18,21:00:00,13.84,13.88,13.84,13.88,21030,0
2014-03-19,15:00:00,13.99,13.99,13.99,13.99,5900,0
2014-03-19,16:00:00,13.99,14.05,13.99,14.05,1008,0
2014-03-19,17:00:00,14.05,14.06,14.02,14.02,12940,0
2014-03-19,18:00:00,14.02,14.04,14.01,14.03,4888,0
2014-03-19,19:00:00,14.03,14.07,14.02,14.02,6325,0
2014-03-19,20:00:00,14.11,14.13,14.08,14.1,15492,0
2014-03-19,21:00:00,14.12,14.16,14.12,14.15,21637,0
2014-03-20,15:00:00,14.19,14.2,14.19,14.2,5450,0
2014-03-20,16:00:00,14.18,14.19,14.14,14.18,20300,0
2014-03-20,17:00:00,14.17,14.17,14.13,14.13,7362,0
2014-03-20,18:00:00,14.13,14.13,14.13,14.13,2500,0
2014-03-20,21:00:00,14.14,14.16,14.14,14.16,3525,0
2014-03-21,15:00:00,14.04,14.06,14.04,14.06,7610,0
2014-03-21,16:00:00,14.06,14.09,14.06,14.08,8620,0
2014-03-21,17:00:00,14.08,14.08,14.08,14.08,500,0
2014-03-21,19:00:00,14.08,14.08,14.08,14.08,1800,0
2014-03-21,21:00:00,14.08,14.11,14.08,14.11,1800,0
2014-03-24,15:00:00,14.29,14.29,14.26,14.26,2140,0
2014-03-24,16:00:00,14.27,14.34,14.27,14.34,36806,0
2014-03-24,17:00:00,14.35,14.36,14.34,14.34,8000,0
2014-03-24,18:00:00,14.34,14.35,14.34,14.35,700,0
2014-03-24,19:00:00,14.35,14.36,14.35,14.35,7300,0
2014-03-24,20:00:00,14.35,14.36,14.35,14.36,5600,0
2014-03-24,21:00:00,14.36,14.36,14.35,14.36,7555,0
2014-03-25,15:00:00,14.33,14.33,14.33,14.33,2000,0
2014-03-25,16:00:00,14.29,14.31,14.29,14.3,2025,0
2014-03-25,17:00:00,14.3,14.33,14.3,14.33,4075,0
2014-03-25,18:00:00,14.33,14.33,14.33,14.33,140,0
2014-03-25,19:00:00,14.35,14.35,14.35,14.35,825,0
2014-03-25,20:00:00,14.35,14.35,14.34,14.34,1100,0
2014-03-26,15:00:00,14.35,14.35,14.35,14.35,1000,0
2014-03-26,16:00:00,14.38,14.44,14.38,14.44,2103,0
2014-03-26,17:00:00,14.43,14.44,14.41,14.41,3700,0
2014-03-26,18:00:00,14.43,14.43,14.43,14.43,200,0
2014-03-26,19:00:00,14.44,14.44,14.42,14.42,12259,0
2014-03-26,20:00:00,14.42,14.44,14.42,14.44,9399,0
2014-03-26,21:00:00,14.44,14.47,14.44,14.46,11400,0
2014-03-27,15:00:00,14.48,14.49,14.48,14.48,6562,0
2014-03-27,16:00:00,14.47,14.51,14.47,14.5,5191,0
2014-03-27,17:00:00,14.5,14.51,14.5,14.51,8100,0
2014-03-27,18:00:00,14.5,14.54,14.5,14.53,5450,0
2014-03-27,19:00:00,14.53,14.53,14.53,14.53,1100,0
2014-03-27,20:00:00,14.54,14.58,14.54,14.58,7630,0
2014-03-27,21:00:00,14.55,14.55,14.55,14.55,1500,0
2014-03-28,15:00:00,14.57,14.61,14.53,14.53,16366,0
2014-03-28,16:00:00,14.55,14.56,14.52,14.52,28000,0
2014-03-28,17:00:00,14.52,14.55,14.52,14.55,9341,0
2014-03-28,18:00:00,14.57,14.57,14.53,14.54,9263,0
2014-03-28,19:00:00,14.53,14.53,14.52,14.53,1900,0
2014-03-28,20:00:00,14.53,14.53,14.53,14.53,9000,0
2014-03-28,21:00:00,14.54,14.54,14.54,14.54,4200,0
2014-03-31,16:00:00,14.59,14.59,14.55,14.55,46519,0
2014-03-31,17:00:00,14.53,14.55,14.52,14.55,13144,0
2014-03-31,18:00:00,14.56,14.59,14.56,14.59,5600,0
2014-03-31,19:00:00,14.6,14.61,14.58,14.61,8794,0
2014-03-31,20:00:00,14.62,14.63,14.46,14.63,2954,0
2014-03-31,21:00:00,14.64,14.64,14.63,14.63,1936,0
2014-03-31,22:00:00,14.64,14.65,14.63,14.64,17939,0
2014-04-01,16:00:00,14.62,14.63,14.62,14.63,1589,0
2014-04-01,17:00:00,14.64,14.68,14.63,14.66,6500,0
2014-04-01,18:00:00,14.69,14.69,14.66,14.69,8667,0
2014-04-01,19:00:00,14.67,14.69,14.67,14.69,4346,0
2014-04-01,20:00:00,14.68,14.69,14.68,14.69,5490,0
2014-04-01,21:00:00,14.69,14.71,14.69,14.7,129489,0
2014-04-01,22:00:00,14.7,14.7,14.68,14.68,133210,0
2014-04-02,16:00:00,14.59,14.59,14.53,14.53,21543,0
2014-04-02,17:00:00,14.54,14.56,14.54,14.55,16828,0
2014-04-02,18:00:00,14.54,14.56,14.53,14.55,19178,0
2014-04-02,19:00:00,14.55,14.57,14.54,14.56,5458,0
2014-04-02,20:00:00,14.56,14.58,14.55,14.57,7855,0
2014-04-02,21:00:00,14.58,14.58,14.56,14.57,6077,0
2014-04-02,22:00:00,14.57,14.59,14.57,14.58,8397,0
2014-04-03,16:00:00,14.62,14.64,14.62,14.64,6074,0
2014-04-03,17:00:00,14.65,14.65,14.61,14.62,9256,0
2014-04-03,18:00:00,14.61,14.61,14.59,14.59,5275,0
2014-04-03,19:00:00,14.6,14.63,14.6,14.62,3378,0
2014-04-03,20:00:00,14.62,14.64,14.62,14.63,4209,0
2014-04-03,21:00:00,14.63,14.63,14.61,14.62,47767,0
2014-04-03,22:00:00,14.61,14.62,14.6,14.6,2500,0
2014-04-04,16:00:00,14.45,14.49,14.45,14.49,1850,0
2014-04-04,17:00:00,14.49,14.49,14.47,14.47,1601,0
2014-04-04,18:00:00,14.46,14.46,14.39,14.41,3600,0
2014-04-04,19:00:00,14.39,14.39,14.39,14.39,300,0
2014-04-04,20:00:00,14.42,14.42,14.42,14.42,400,0
2014-04-04,21:00:00,14.44,14.44,14.43,14.43,1782,0
2014-04-04,22:00:00,14.42,14.42,14.42,14.42,7465,0
2014-04-07,16:00:00,14.45,14.46,14.45,14.46,33433,0
2014-04-07,17:00:00,14.46,14.46,14.44,14.45,3541,0
2014-04-07,18:00:00,14.45,14.5,14.44,14.49,3566,0
2014-04-07,19:00:00,14.49,14.5,14.48,14.5,5772,0
2014-04-07,20:00:00,14.49,14.49,14.49,14.49,175,0
2014-04-07,21:00:00,14.49,14.49,14.48,14.48,690,0
2014-04-07,22:00:00,14.48,14.5,14.48,14.5,1070,0
2014-04-08,16:00:00,14.35,14.35,14.35,14.35,1500,0
2014-04-08,17:00:00,14.36,14.36,14.36,14.36,700,0
2014-04-08,18:00:00,14.35,14.37,14.35,14.37,2217,0
2014-04-08,19:00:00,14.36,14.36,14.35,14.36,12566,0
2014-04-08,20:00:00,14.36,14.36,14.35,14.35,1502,0
2014-04-08,21:00:00,14.34,14.34,14.34,14.34,2200,0
2014-04-08,22:00:00,14.35,14.36,14.34,14.35,11826,0
2014-04-09,16:00:00,14.43,14.43,14.43,14.43,318,0
2014-04-09,17:00:00,14.41,14.42,14.41,14.42,1183,0
2014-04-09,18:00:00,14.38,14.4,14.38,14.4,6112,0
2014-04-09,20:00:00,14.39,14.39,14.38,14.39,7000,0
2014-04-09,21:00:00,14.39,14.39,14.29,14.34,13429,0
2014-04-09,22:00:00,14.35,14.36,14.34,14.34,2240,0
2014-04-10,16:00:00,14.25,14.26,14.22,14.22,6420,0
2014-04-10,17:00:00,14.23,14.23,14.22,14.23,3900,0
2014-04-10,18:00:00,14.21,14.22,14.21,14.22,9500,0
2014-04-10,19:00:00,14.23,14.25,14.23,14.24,3508,0
2014-04-10,20:00:00,14.24,14.25,14.23,14.23,1572,0
2014-04-10,21:00:00,14.23,14.23,14.23,14.23,300,0
2014-04-10,22:00:00,14.24,14.24,14.24,14.24,455,0
2014-04-11,16:00:00,14.25,14.26,14.23,14.24,3015,0
2014-04-11,17:00:00,14.25,14.25,14.23,14.25,2850,0
2014-04-11,18:00:00,14.27,14.27,14.25,14.26,3100,0
2014-04-11,19:00:00,14.26,14.26,14.25,14.25,300,0
2014-04-11,20:00:00,14.24,14.27,14.24,14.27,400,0
2014-04-11,21:00:00,14.26,14.26,14.24,14.24,2205,0
2014-04-11,22:00:00,14.24,14.25,14.24,14.25,3100,0
2014-04-14,17:00:00,14.15,14.15,14.1,14.12,6785,0
2014-04-14,18:00:00,14.12,14.14,14.12,14.14,8875,0
2014-04-14,19:00:00,14.15,14.16,14.15,14.16,4251,0
2014-04-14,21:00:00,14.14,14.14,14.14,14.14,1350,0
2014-04-14,22:00:00,14.15,14.17,14.15,14.16,12517,0
2014-04-15,16:00:00,14.51,14.53,14.51,14.52,4949,0
2014-04-15,17:00:00,14.48,14.48,14.43,14.43,7720,0
2014-04-15,18:00:00,14.43,14.45,14.41,14.42,7100,0
2014-04-15,19:00:00,14.42,14.43,14.42,14.42,41595,0
2014-04-15,20:00:00,14.42,14.46,14.42,14.43,3564,0
2014-04-15,21:00:00,14.43,14.45,14.42,14.42,9650,0
2014-04-15,22:00:00,14.43,14.43,14.41,14.42,6650,0
2014-04-16,17:00:00,14.47,14.47,14.45,14.45,3900,0
2014-04-16,18:00:00,14.44,14.44,14.44,14.44,100,0
2014-04-16,19:00:00,14.44,14.44,14.44,14.44,150,0
2014-04-16,20:00:00,14.42,14.42,14.42,14.42,1050,0
2014-04-16,21:00:00,14.44,14.45,14.44,14.45,600,0
2014-04-16,22:00:00,14.43,14.43,14.43,14.43,4039,0
2014-04-17,16:00:00,14.44,14.44,14.43,14.44,3700,0
2014-04-17,17:00:00,14.45,14.47,14.45,14.47,16200,0
2014-04-17,18:00:00,14.46,14.46,14.45,14.45,1200,0
2014-04-17,19:00:00,14.48,14.51,14.48,14.51,2700,0
2014-04-17,20:00:00,14.53,14.53,14.51,14.51,1110,0
2014-04-17,21:00:00,14.52,14.53,14.52,14.53,112100,0
2014-04-17,22:00:00,14.52,14.53,14.51,14.52,11288,0
2014-04-21,16:00:00,14.58,14.58,14.58,14.58,10619,0
2014-04-21,17:00:00,14.59,14.62,14.59,14.61,5910,0
2014-04-21,18:00:00,14.62,14.62,14.6,14.6,2500,0
2014-04-21,19:00:00,14.61,14.61,14.6,14.6,970,0
2014-04-21,20:00:00,14.6,14.6,14.58,14.58,2140,0
2014-04-21,21:00:00,14.58,14.59,14.58,14.59,284,0
2014-04-21,22:00:00,14.57,14.58,14.57,14.58,1372,0
2014-04-22,16:00:00,14.59,14.59,14.59,14.59,2900,0
2014-04-22,17:00:00,14.63,14.67,14.63,14.67,1000,0
2014-04-22,18:00:00,14.67,14.73,14.66,14.69,3925,0
2014-04-22,19:00:00,14.68,14.68,14.66,14.66,3600,0
2014-04-22,21:00:00,14.65,14.65,14.65,14.65,1633,0
2014-04-22,22:00:00,14.64,14.64,14.62,14.62,1700,0
2014-04-23,16:00:00,14.63,14.64,14.63,14.63,2616,0
2014-04-23,17:00:00,14.63,14.67,14.61,14.67,24700,0
2014-04-23,18:00:00,14.64,14.64,14.64,14.64,2500,0
2014-04-23,19:00:00,14.65,14.65,14.65,14.65,195,0
2014-04-23,20:00:00,14.65,14.65,14.65,14.65,2500,0
2014-04-23,21:00:00,14.63,14.63,14.63,14.63,1788,0
2014-04-23,22:00:00,14.64,14.64,14.63,14.63,3500,0
2014-04-24,16:00:00,14.73,14.73,14.52,14.56,23636,0
2014-04-24,17:00:00,14.55,14.58,14.54,14.57,4200,0
2014-04-24,18:00:00,14.55,14.59,14.55,14.57,11000,0
2014-04-24,19:00:00,14.58,14.58,14.58,14.58,300,0
2014-04-24,20:00:00,14.57,14.57,14.55,14.56,38932,0
2014-04-24,21:00:00,14.55,14.55,14.55,14.55,540,0
2014-04-24,22:00:00,14.55,14.55,14.54,14.54,4570,0
2014-04-25,16:00:00,14.46,14.46,14.43,14.43,7669,0
2014-04-25,17:00:00,14.43,14.44,14.41,14.43,28750,0
2014-04-25,18:00:00,14.43,14.45,14.43,14.45,2110,0
2014-04-25,19:00:00,14.45,14.46,14.45,14.45,2570,0
2014-04-25,20:00:00,14.45,14.45,14.45,14.45,600,0
2014-04-25,21:00:00,14.44,14.45,14.44,14.45,4114,0
2014-04-25,22:00:00,14.43,14.44,14.43,14.44,900,0
2014-04-28,16:00:00,14.44,14.45,14.44,14.45,2053,0
2014-04-28,17:00:00,14.47,14.54,14.47,14.52,2808,0
2014-04-28,18:00:00,14.52,14.52,14.52,14.52,200,0
2014-04-28,20:00:00,14.5,14.5,14.5,14.5,2000,0
2014-04-28,21:00:00,14.47,14.48,14.47,14.48,300,0
2014-04-28,22:00:00,14.49,14.5,14.49,14.5,1350,0
2014-04-29,16:00:00,14.48,14.48,14.46,14.47,4600,0
2014-04-29,17:00:00,14.47,14.48,14.45,14.47,44496,0
2014-04-29,18:00:00,14.47,14.48,14.47,14.48,7575,0
2014-04-29,19:00:00,14.48,14.49,14.48,14.49,1211,0
2014-04-29,20:00:00,14.48,14.48,14.48,14.48,1300,0
2014-04-29,21:00:00,14.5,14.5,14.5,14.5,3338,0
2014-04-30,16:00:00,14.57,14.61,14.57,14.59,5704,0
2014-04-30,17:00:00,14.59,14.59,14.53,14.53,2056,0
2014-04-30,18:00:00,14.53,14.53,14.53,14.53,2622,0
2014-04-30,19:00:00,14.53,14.53,14.53,14.53,1700,0
2014-04-30,20:00:00,14.53,14.53,14.48,14.49,11148,0
2014-04-30,21:00:00,14.5,14.56,14.5,14.54,4101,0
2014-04-30,22:00:00,14.55,14.56,14.53,14.56,6898,0
2014-05-01,16:00:00,14.66,14.67,14.66,14.67,1100,0
2014-05-01,17:00:00,14.67,14.68,14.64,14.66,9700,0
2014-05-01,18:00:00,14.67,14.67,14.64,14.64,4249,0
2014-05-01,19:00:00,14.63,14.63,14.63,14.63,12000,0
2014-05-01,20:00:00,14.63,14.65,14.63,14.65,5716,0
2014-05-01,21:00:00,14.62,14.63,14.62,14.62,9030,0
2014-05-01,22:00:00,14.62,14.62,14.61,14.62,6948,0
2014-05-02,16:00:00,14.63,14.64,14.63,14.64,1021,0
2014-05-02,17:00:00,14.64,14.64,14.48,14.51,8697,0
2014-05-02,18:00:00,14.48,14.48,14.41,14.45,3251,0
2014-05-02,20:00:00,14.44,14.44,14.44,14.44,1000,0
2014-05-02,21:00:00,14.45,14.45,14.45,14.45,600,0
2014-05-02,22:00:00,14.48,14.48,14.47,14.47,3343,0
2014-05-05,16:00:00,14.3,14.3,14.27,14.27,3100,0
2014-05-05,17:00:00,14.3,14.32,14.3,14.32,1035,0
2014-05-05,18:00:00,14.34,14.34,14.34,14.34,300,0
2014-05-05,19:00:00,14.35,14.35,14.35,14.35,200,0
2014-05-05,20:00:00,14.35,14.35,14.35,14.35,1971,0
2014-05-05,21:00:00,14.34,14.35,14.33,14.34,2600,0
2014-05-05,22:00:00,14.34,14.35,14.33,14.33,6379,0
2014-05-06,16:00:00,14.37,14.37,14.36,14.36,1500,0
2014-05-06,17:00:00,14.38,14.38,14.35,14.35,4290,0
2014-05-06,18:00:00,14.37,14.37,14.37,14.37,2900,0
2014-05-06,19:00:00,14.36,14.37,14.36,14.37,610,0
2014-05-06,20:00:00,14.35,14.36,14.35,14.36,3400,0
2014-05-06,21:00:00,14.35,14.36,14.35,14.36,328,0
2014-05-07,16:00:00,14.41,14.43,14.41,14.41,8100,0
2014-05-07,17:00:00,14.45,14.5,14.45,14.49,11676,0
2014-05-07,18:00:00,14.48,14.53,14.48,14.53,11684,0
2014-05-07,19:00:00,14.52,14.58,14.52,14.56,8249,0
2014-05-07,20:00:00,14.58,14.58,14.58,14.58,1050,0
2014-05-07,21:00:00,14.56,14.56,14.55,14.55,2053,0
2014-05-07,22:00:00,14.56,14.58,14.56,14.58,7300,0
