Date,Time,Open,High,Low,Close,Volume,OpenInt
2014-02-10,16:00:00,1.45,1.53,1.45,1.53,57782,0
2014-02-10,17:00:00,1.54,1.55,1.51,1.52,35670,0
2014-02-10,18:00:00,1.52,1.52,1.5,1.51,45100,0
2014-02-10,19:00:00,1.51,1.53,1.5,1.51,66453,0
2014-02-10,20:00:00,1.51,1.53,1.51,1.52,46572,0
2014-02-10,21:00:00,1.53,1.53,1.51,1.52,60956,0
2014-02-10,22:00:00,1.52,1.53,1.51,1.52,71757,0
2014-02-11,16:00:00,1.55,1.69,1.55,1.64,379104,0
2014-02-11,17:00:00,1.64,1.67,1.62,1.64,239227,0
2014-02-11,18:00:00,1.63,1.66,1.61,1.61,174324,0
2014-02-11,19:00:00,1.63,1.64,1.61,1.63,34082,0
2014-02-11,20:00:00,1.62,1.64,1.62,1.64,35366,0
2014-02-11,21:00:00,1.63,1.64,1.62,1.63,44889,0
2014-02-11,22:00:00,1.63,1.64,1.6,1.6,101671,0
2014-02-12,16:00:00,1.56,1.63,1.55,1.6,96682,0
2014-02-12,17:00:00,1.6,1.6,1.55,1.55,120197,0
2014-02-12,18:00:00,1.55,1.56,1.53,1.54,106251,0
2014-02-12,19:00:00,1.54,1.54,1.53,1.54,19735,0
2014-02-12,20:00:00,1.53,1.54,1.53,1.54,34530,0
2014-02-12,21:00:00,1.53,1.54,1.52,1.52,36120,0
2014-02-12,22:00:00,1.53,1.58,1.52,1.56,99967,0
2014-02-13,16:00:00,1.55,1.55,1.53,1.54,10602,0
2014-02-13,17:00:00,1.53,1.58,1.53,1.57,64658,0
2014-02-13,18:00:00,1.56,1.57,1.55,1.55,40222,0
2014-02-13,19:00:00,1.56,1.6,1.55,1.6,66817,0
2014-02-13,20:00:00,1.6,1.6,1.57,1.58,52711,0
2014-02-13,21:00:00,1.58,1.59,1.56,1.58,23917,0
2014-02-13,22:00:00,1.57,1.58,1.55,1.56,37998,0
2014-02-14,16:00:00,1.59,1.6,1.58,1.58,11100,0
2014-02-14,17:00:00,1.59,1.61,1.58,1.59,59762,0
2014-02-14,18:00:00,1.59,1.62,1.58,1.62,136590,0
2014-02-14,19:00:00,1.62,1.65,1.61,1.65,156982,0
2014-02-14,20:00:00,1.65,1.65,1.63,1.65,83604,0
2014-02-14,21:00:00,1.65,1.67,1.64,1.65,186122,0
2014-02-14,22:00:00,1.65,1.66,1.64,1.65,126173,0
2014-02-18,16:00:00,1.65,1.75,1.64,1.72,235807,0
2014-02-18,17:00:00,1.7,1.77,1.67,1.76,282188,0
2014-02-18,18:00:00,1.77,1.78,1.76,1.76,102063,0
2014-02-18,19:00:00,1.76,1.77,1.71,1.73,181938,0
2014-02-18,20:00:00,1.74,1.76,1.73,1.75,42237,0
2014-02-18,21:00:00,1.75,1.77,1.74,1.75,34230,0
2014-02-18,22:00:00,1.75,1.76,1.72,1.74,71227,0
2014-02-19,16:00:00,1.75,1.82,1.75,1.77,141858,0
2014-02-19,17:00:00,1.78,1.83,1.77,1.79,210159,0
2014-02-19,18:00:00,1.78,1.8,1.75,1.75,157837,0
2014-02-19,19:00:00,1.75,1.79,1.75,1.76,154023,0
2014-02-19,20:00:00,1.76,1.78,1.76,1.76,26940,0
2014-02-19,21:00:00,1.76,1.77,1.75,1.75,21347,0
2014-02-19,22:00:00,1.76,1.76,1.75,1.75,47060,0
2014-02-20,16:00:00,1.77,1.82,1.75,1.76,42811,0
2014-02-20,17:00:00,1.76,1.81,1.76,1.78,55160,0
2014-02-20,18:00:00,1.79,1.79,1.77,1.78,19800,0
2014-02-20,19:00:00,1.79,1.8,1.77,1.78,36704,0
2014-02-20,20:00:00,1.77,1.78,1.77,1.77,72287,0
2014-02-20,21:00:00,1.77,1.78,1.76,1.76,70306,0
2014-02-20,22:00:00,1.76,1.78,1.75,1.76,48167,0
2014-02-21,16:00:00,1.75,1.79,1.75,1.78,21101,0
2014-02-21,17:00:00,1.78,1.78,1.75,1.75,27862,0
2014-02-21,18:00:00,1.76,1.77,1.75,1.76,38575,0
2014-02-21,19:00:00,1.76,1.76,1.75,1.76,47214,0
2014-02-21,20:00:00,1.76,1.76,1.75,1.76,26640,0
2014-02-21,21:00:00,1.76,1.78,1.75,1.78,42561,0
2014-02-21,22:00:00,1.78,1.78,1.76,1.77,50583,0
2014-02-24,16:00:00,1.77,1.79,1.76,1.78,21832,0
2014-02-24,17:00:00,1.77,1.77,1.75,1.76,29886,0
2014-02-24,18:00:00,1.76,1.77,1.75,1.75,50459,0
2014-02-24,19:00:00,1.76,1.76,1.72,1.72,51236,0
2014-02-24,20:00:00,1.73,1.75,1.72,1.74,29982,0
2014-02-24,21:00:00,1.74,1.74,1.72,1.72,58326,0
2014-02-24,22:00:00,1.72,1.73,1.72,1.72,58189,0
2014-02-25,16:00:00,1.71,1.73,1.7,1.7,23341,0
2014-02-25,17:00:00,1.72,1.72,1.66,1.67,41769,0
2014-02-25,18:00:00,1.69,1.69,1.65,1.68,57975,0
2014-02-25,19:00:00,1.66,1.67,1.66,1.67,8162,0
2014-02-25,20:00:00,1.67,1.68,1.66,1.68,18783,0
2014-02-25,21:00:00,1.68,1.68,1.65,1.65,34600,0
2014-02-25,22:00:00,1.66,1.66,1.65,1.65,41315,0
2014-02-26,16:00:00,1.65,1.65,1.5,1.57,203766,0
2014-02-26,17:00:00,1.55,1.62,1.55,1.62,32572,0
2014-02-26,18:00:00,1.62,1.65,1.61,1.61,77411,0
2014-02-26,19:00:00,1.61,1.63,1.61,1.61,30154,0
2014-02-26,20:00:00,1.61,1.62,1.59,1.6,52874,0
2014-02-26,21:00:00,1.59,1.61,1.59,1.59,56542,0
2014-02-26,22:00:00,1.59,1.61,1.58,1.6,48645,0
2014-02-27,16:00:00,1.6,1.63,1.56,1.58,29724,0
2014-02-27,17:00:00,1.58,1.6,1.58,1.59,29255,0
2014-02-27,18:00:00,1.6,1.65,1.59,1.63,65780,0
2014-02-27,19:00:00,1.63,1.63,1.62,1.63,18851,0
2014-02-27,20:00:00,1.64,1.64,1.63,1.64,16290,0
2014-02-27,21:00:00,1.64,1.64,1.63,1.64,20500,0
2014-02-27,22:00:00,1.63,1.65,1.63,1.65,73846,0
2014-02-28,16:00:00,1.63,1.68,1.62,1.68,13399,0
2014-02-28,17:00:00,1.68,1.68,1.65,1.68,27630,0
2014-02-28,18:00:00,1.68,1.68,1.67,1.68,10293,0
2014-02-28,19:00:00,1.67,1.68,1.67,1.68,38480,0
2014-02-28,20:00:00,1.68,1.68,1.66,1.66,22530,0
2014-02-28,21:00:00,1.66,1.67,1.65,1.65,11300,0
2014-02-28,22:00:00,1.65,1.66,1.64,1.64,41291,0
2014-03-03,16:00:00,1.63,1.64,1.62,1.64,19597,0
2014-03-03,17:00:00,1.63,1.64,1.58,1.58,200115,0
2014-03-03,18:00:00,1.58,1.6,1.58,1.59,49302,0
2014-03-03,19:00:00,1.59,1.6,1.56,1.6,128339,0
2014-03-03,20:00:00,1.6,1.75,1.58,1.59,517444,0
2014-03-03,21:00:00,1.6,1.64,1.59,1.64,60611,0
2014-03-03,22:00:00,1.64,1.64,1.59,1.62,158454,0
2014-03-04,16:00:00,1.63,1.7,1.61,1.66,47967,0
2014-03-04,17:00:00,1.66,1.68,1.65,1.66,11800,0
2014-03-04,18:00:00,1.65,1.67,1.65,1.66,14813,0
2014-03-04,19:00:00,1.67,1.67,1.66,1.67,16894,0
2014-03-04,20:00:00,1.67,1.67,1.66,1.67,16315,0
2014-03-04,21:00:00,1.66,1.67,1.65,1.66,43288,0
2014-03-04,22:00:00,1.67,1.71,1.66,1.69,97934,0
2014-03-05,16:00:00,1.7,1.71,1.69,1.71,29308,0
2014-03-05,17:00:00,1.71,1.75,1.69,1.74,88558,0
2014-03-05,18:00:00,1.75,1.77,1.72,1.76,72619,0
2014-03-05,19:00:00,1.76,1.77,1.73,1.75,75059,0
2014-03-05,20:00:00,1.76,1.76,1.74,1.75,51429,0
2014-03-05,21:00:00,1.75,1.75,1.74,1.75,31030,0
2014-03-05,22:00:00,1.74,1.75,1.7,1.72,177307,0
2014-03-06,16:00:00,1.72,1.75,1.7,1.75,67482,0
2014-03-06,17:00:00,1.74,1.76,1.74,1.75,63493,0
2014-03-06,18:00:00,1.75,1.75,1.71,1.74,89357,0
2014-03-06,19:00:00,1.74,1.75,1.73,1.73,42069,0
2014-03-06,20:00:00,1.73,1.74,1.68,1.68,82740,0
2014-03-06,21:00:00,1.68,1.68,1.66,1.67,45324,0
2014-03-06,22:00:00,1.68,1.68,1.66,1.67,36100,0
2014-03-07,16:00:00,1.7,1.74,1.69,1.71,51750,0
2014-03-07,17:00:00,1.71,1.74,1.7,1.7,28593,0
2014-03-07,18:00:00,1.7,1.71,1.65,1.69,69078,0
2014-03-07,19:00:00,1.68,1.69,1.67,1.68,18831,0
2014-03-07,20:00:00,1.68,1.7,1.68,1.68,26296,0
2014-03-07,21:00:00,1.68,1.7,1.67,1.68,69270,0
2014-03-07,22:00:00,1.68,1.73,1.68,1.72,148894,0
2014-03-10,15:00:00,1.75,1.75,1.73,1.75,33600,0
2014-03-10,16:00:00,1.75,1.75,1.73,1.73,71454,0
2014-03-10,17:00:00,1.73,1.75,1.73,1.73,105159,0
2014-03-10,18:00:00,1.73,1.78,1.73,1.76,249221,0
2014-03-10,19:00:00,1.78,1.78,1.73,1.74,82449,0
2014-03-10,20:00:00,1.74,1.74,1.73,1.74,32040,0
2014-03-10,21:00:00,1.73,1.74,1.73,1.73,61513,0
2014-03-11,15:00:00,1.84,1.87,1.78,1.78,178256,0
2014-03-11,16:00:00,1.78,1.82,1.74,1.77,133170,0
2014-03-11,17:00:00,1.78,1.82,1.76,1.79,43118,0
2014-03-11,18:00:00,1.79,1.79,1.77,1.79,13310,0
2014-03-11,19:00:00,1.78,1.78,1.76,1.77,36331,0
2014-03-11,20:00:00,1.77,1.77,1.75,1.76,67361,0
2014-03-11,21:00:00,1.76,1.77,1.73,1.73,231333,0
2014-03-12,15:00:00,1.69,1.73,1.65,1.67,97132,0
2014-03-12,16:00:00,1.67,1.68,1.65,1.66,68721,0
2014-03-12,17:00:00,1.65,1.67,1.65,1.66,95929,0
2014-03-12,18:00:00,1.65,1.68,1.65,1.66,38629,0
2014-03-12,19:00:00,1.66,1.69,1.66,1.68,20655,0
2014-03-12,20:00:00,1.67,1.69,1.65,1.66,37748,0
2014-03-12,21:00:00,1.65,1.66,1.65,1.66,29580,0
2014-03-13,15:00:00,1.66,1.69,1.65,1.66,12700,0
2014-03-13,16:00:00,1.66,1.67,1.65,1.65,36282,0
2014-03-13,17:00:00,1.65,1.68,1.65,1.66,30097,0
2014-03-13,18:00:00,1.66,1.66,1.62,1.65,65270,0
2014-03-13,19:00:00,1.62,1.66,1.62,1.66,47330,0
2014-03-13,20:00:00,1.67,1.7,1.63,1.63,90446,0
2014-03-13,21:00:00,1.63,1.63,1.61,1.61,76583,0
2014-03-14,15:00:00,1.65,1.65,1.62,1.64,21265,0
2014-03-14,16:00:00,1.62,1.64,1.62,1.63,40059,0
2014-03-14,17:00:00,1.63,1.64,1.62,1.63,19056,0
2014-03-14,18:00:00,1.63,1.64,1.61,1.62,32679,0
2014-03-14,19:00:00,1.63,1.64,1.62,1.62,12700,0
2014-03-14,20:00:00,1.62,1.63,1.61,1.61,12400,0
2014-03-14,21:00:00,1.62,1.63,1.61,1.61,26726,0
2014-03-17,15:00:00,1.63,1.64,1.61,1.64,15400,0
2014-03-17,16:00:00,1.61,1.64,1.61,1.61,10550,0
2014-03-17,17:00:00,1.61,1.62,1.57,1.57,110255,0
2014-03-17,18:00:00,1.57,1.57,1.55,1.56,69584,0
2014-03-17,19:00:00,1.55,1.57,1.54,1.55,153559,0
2014-03-17,20:00:00,1.55,1.56,1.54,1.55,89573,0
2014-03-17,21:00:00,1.55,1.56,1.53,1.53,126086,0
2014-03-18,15:00:00,1.53,1.53,1.4,1.47,243668,0
2014-03-18,16:00:00,1.48,1.49,1.45,1.46,101964,0
2014-03-18,17:00:00,1.46,1.49,1.45,1.48,113908,0
2014-03-18,18:00:00,1.47,1.49,1.46,1.47,132423,0
2014-03-18,19:00:00,1.47,1.47,1.46,1.47,26129,0
2014-03-18,20:00:00,1.46,1.5,1.46,1.48,130791,0
2014-03-18,21:00:00,1.48,1.48,1.46,1.46,40031,0
2014-03-19,15:00:00,1.46,1.47,1.45,1.47,67667,0
2014-03-19,16:00:00,1.48,1.51,1.48,1.51,58086,0
2014-03-19,17:00:00,1.51,1.52,1.5,1.5,61509,0
2014-03-19,18:00:00,1.5,1.51,1.48,1.49,44556,0
2014-03-19,19:00:00,1.49,1.49,1.48,1.48,55864,0
2014-03-19,20:00:00,1.49,1.49,1.48,1.49,33600,0
2014-03-19,21:00:00,1.48,1.49,1.48,1.49,37388,0
2014-03-20,15:00:00,1.47,1.47,1.42,1.43,60799,0
2014-03-20,16:00:00,1.43,1.46,1.42,1.45,84689,0
2014-03-20,17:00:00,1.47,1.47,1.43,1.45,39154,0
2014-03-20,18:00:00,1.44,1.47,1.44,1.47,93012,0
2014-03-20,19:00:00,1.46,1.48,1.44,1.46,51200,0
2014-03-20,20:00:00,1.46,1.48,1.45,1.45,30804,0
2014-03-20,21:00:00,1.46,1.46,1.42,1.44,103138,0
2014-03-21,15:00:00,1.45,1.5,1.44,1.45,39370,0
2014-03-21,16:00:00,1.45,1.47,1.45,1.46,78929,0
2014-03-21,17:00:00,1.46,1.46,1.45,1.46,34728,0
2014-03-21,18:00:00,1.46,1.46,1.44,1.44,30585,0
2014-03-21,19:00:00,1.45,1.46,1.44,1.46,35900,0
2014-03-21,20:00:00,1.44,1.47,1.44,1.45,11948,0
2014-03-21,21:00:00,1.45,1.47,1.44,1.47,35193,0
2014-03-24,15:00:00,1.47,1.48,1.44,1.45,34265,0
2014-03-24,16:00:00,1.45,1.45,1.43,1.43,17300,0
2014-03-24,17:00:00,1.44,1.44,1.43,1.43,15605,0
2014-03-24,18:00:00,1.44,1.44,1.42,1.42,21936,0
2014-03-24,19:00:00,1.42,1.44,1.42,1.43,34780,0
2014-03-24,20:00:00,1.43,1.44,1.42,1.44,34233,0
2014-03-24,21:00:00,1.44,1.44,1.42,1.42,55868,0
2014-03-25,15:00:00,1.45,1.45,1.41,1.42,73289,0
2014-03-25,16:00:00,1.41,1.42,1.4,1.42,151592,0
2014-03-25,17:00:00,1.42,1.42,1.39,1.4,39316,0
2014-03-25,18:00:00,1.4,1.4,1.39,1.39,16389,0
2014-03-25,19:00:00,1.4,1.4,1.36,1.39,94740,0
2014-03-25,20:00:00,1.39,1.39,1.38,1.38,52736,0
2014-03-25,21:00:00,1.38,1.39,1.37,1.38,92349,0
2014-03-26,15:00:00,1.4,1.4,1.37,1.39,43942,0
2014-03-26,16:00:00,1.38,1.41,1.37,1.39,60700,0
2014-03-26,17:00:00,1.39,1.47,1.37,1.46,212054,0
2014-03-26,18:00:00,1.46,1.57,1.46,1.53,307827,0
2014-03-26,19:00:00,1.51,1.53,1.46,1.46,111146,0
2014-03-26,20:00:00,1.46,1.53,1.46,1.51,111287,0
2014-03-26,21:00:00,1.52,1.55,1.48,1.54,249388,0
2014-03-27,15:00:00,1.27,1.42,1.27,1.41,190123,0
2014-03-27,16:00:00,1.41,1.42,1.34,1.34,151570,0
2014-03-27,17:00:00,1.34,1.37,1.34,1.35,98271,0
2014-03-27,18:00:00,1.34,1.35,1.32,1.33,112644,0
2014-03-27,19:00:00,1.33,1.33,1.28,1.29,189672,0
2014-03-27,20:00:00,1.29,1.31,1.29,1.3,50653,0
2014-03-27,21:00:00,1.29,1.33,1.29,1.33,117425,0
2014-03-28,15:00:00,1.35,1.38,1.3,1.37,96778,0
2014-03-28,16:00:00,1.37,1.37,1.34,1.37,127205,0
2014-03-28,17:00:00,1.37,1.37,1.35,1.35,23431,0
2014-03-28,18:00:00,1.36,1.36,1.34,1.34,33420,0
2014-03-28,19:00:00,1.35,1.35,1.34,1.34,8110,0
2014-03-28,20:00:00,1.35,1.35,1.32,1.33,13700,0
2014-03-28,21:00:00,1.33,1.36,1.31,1.36,67229,0
2014-03-31,16:00:00,1.35,1.36,1.32,1.35,45365,0
2014-03-31,17:00:00,1.32,1.35,1.32,1.35,50131,0
2014-03-31,18:00:00,1.35,1.35,1.3,1.33,80313,0
2014-03-31,19:00:00,1.31,1.32,1.29,1.31,131756,0
2014-03-31,20:00:00,1.32,1.32,1.3,1.31,32236,0
2014-03-31,21:00:00,1.31,1.32,1.31,1.32,8180,0
2014-03-31,22:00:00,1.32,1.33,1.28,1.28,252178,0
2014-04-01,16:00:00,1.3,1.3,1.28,1.29,49900,0
2014-04-01,17:00:00,1.29,1.32,1.28,1.3,30500,0
2014-04-01,18:00:00,1.3,1.32,1.3,1.3,21535,0
2014-04-01,19:00:00,1.3,1.32,1.3,1.32,66100,0
2014-04-01,20:00:00,1.32,1.33,1.28,1.33,33850,0
2014-04-01,21:00:00,1.33,1.36,1.29,1.36,126923,0
2014-04-01,22:00:00,1.35,1.38,1.35,1.35,76486,0
2014-04-02,16:00:00,1.33,1.33,1.3,1.31,25235,0
2014-04-02,17:00:00,1.33,1.33,1.3,1.32,15391,0
2014-04-02,18:00:00,1.31,1.34,1.31,1.32,81946,0
2014-04-02,19:00:00,1.32,1.32,1.32,1.32,13105,0
2014-04-02,20:00:00,1.32,1.35,1.32,1.35,9777,0
2014-04-02,21:00:00,1.35,1.38,1.33,1.37,38754,0
2014-04-02,22:00:00,1.35,1.38,1.35,1.36,29202,0
2014-04-03,16:00:00,1.36,1.38,1.35,1.37,27206,0
2014-04-03,17:00:00,1.37,1.38,1.35,1.37,16305,0
2014-04-03,18:00:00,1.36,1.39,1.35,1.39,63221,0
2014-04-03,19:00:00,1.38,1.39,1.37,1.39,16800,0
2014-04-03,20:00:00,1.38,1.38,1.36,1.38,29092,0
2014-04-03,21:00:00,1.38,1.38,1.36,1.36,17888,0
2014-04-03,22:00:00,1.36,1.37,1.35,1.36,21723,0
2014-04-04,16:00:00,1.35,1.35,1.33,1.35,5800,0
2014-04-04,17:00:00,1.34,1.34,1.33,1.33,16300,0
2014-04-04,18:00:00,1.33,1.36,1.31,1.32,111715,0
2014-04-04,19:00:00,1.3,1.32,1.3,1.31,46635,0
2014-04-04,20:00:00,1.31,1.36,1.31,1.31,56270,0
2014-04-04,21:00:00,1.32,1.32,1.31,1.31,20675,0
2014-04-04,22:00:00,1.31,1.32,1.3,1.3,36946,0
2014-04-07,16:00:00,1.37,1.37,1.3,1.31,33662,0
2014-04-07,17:00:00,1.33,1.33,1.3,1.31,10050,0
2014-04-07,18:00:00,1.31,1.31,1.29,1.29,29121,0
2014-04-07,19:00:00,1.29,1.3,1.28,1.28,35251,0
2014-04-07,20:00:00,1.28,1.3,1.28,1.29,6237,0
2014-04-07,21:00:00,1.29,1.3,1.29,1.29,39733,0
2014-04-07,22:00:00,1.3,1.33,1.29,1.33,34010,0
2014-04-08,16:00:00,1.32,1.35,1.28,1.35,25935,0
2014-04-08,17:00:00,1.32,1.34,1.3,1.32,4400,0
2014-04-08,18:00:00,1.32,1.34,1.3,1.34,13933,0
2014-04-08,19:00:00,1.32,1.34,1.32,1.33,26768,0
2014-04-08,20:00:00,1.33,1.35,1.32,1.33,33149,0
2014-04-08,21:00:00,1.32,1.33,1.31,1.32,19717,0
2014-04-08,22:00:00,1.32,1.33,1.31,1.31,11270,0
2014-04-09,16:00:00,1.31,1.32,1.3,1.31,14665,0
2014-04-09,17:00:00,1.31,1.32,1.3,1.31,27961,0
2014-04-09,18:00:00,1.3,1.32,1.3,1.31,12835,0
2014-04-09,19:00:00,1.32,1.32,1.31,1.32,17660,0
2014-04-09,20:00:00,1.32,1.32,1.31,1.32,14802,0
2014-04-09,21:00:00,1.32,1.33,1.31,1.32,25064,0
2014-04-09,22:00:00,1.32,1.34,1.32,1.34,15842,0
2014-04-10,16:00:00,1.34,1.35,1.32,1.33,10671,0
2014-04-10,17:00:00,1.33,1.33,1.31,1.32,10600,0
2014-04-10,18:00:00,1.31,1.32,1.31,1.31,5075,0
2014-04-10,19:00:00,1.31,1.32,1.28,1.28,46045,0
2014-04-10,20:00:00,1.3,1.3,1.29,1.29,5558,0
2014-04-10,21:00:00,1.3,1.3,1.29,1.3,14905,0
2014-04-10,22:00:00,1.3,1.3,1.29,1.3,34561,0
2014-04-11,16:00:00,1.28,1.32,1.28,1.32,18400,0
2014-04-11,17:00:00,1.32,1.32,1.28,1.31,15000,0
2014-04-11,18:00:00,1.31,1.32,1.3,1.31,15300,0
2014-04-11,19:00:00,1.31,1.31,1.3,1.3,5360,0
2014-04-11,20:00:00,1.31,1.31,1.3,1.31,22700,0
2014-04-11,21:00:00,1.3,1.3,1.29,1.29,15150,0
2014-04-11,22:00:00,1.29,1.3,1.28,1.29,45289,0
2014-04-14,16:00:00,1.29,1.34,1.29,1.32,28800,0
2014-04-14,17:00:00,1.31,1.31,1.29,1.31,7749,0
2014-04-14,18:00:00,1.31,1.31,1.29,1.3,1650,0
2014-04-14,19:00:00,1.3,1.3,1.29,1.29,4560,0
2014-04-14,20:00:00,1.3,1.3,1.28,1.28,22500,0
2014-04-14,21:00:00,1.28,1.28,1.27,1.28,11040,0
2014-04-14,22:00:00,1.27,1.28,1.25,1.25,82061,0
2014-04-15,16:00:00,1.25,1.27,1.24,1.26,7988,0
2014-04-15,17:00:00,1.26,1.27,1.25,1.27,21913,0
2014-04-15,18:00:00,1.27,1.27,1.25,1.26,5709,0
2014-04-15,19:00:00,1.25,1.26,1.15,1.16,108569,0
2014-04-15,20:00:00,1.16,1.17,1.07,1.14,186157,0
2014-04-15,21:00:00,1.14,1.14,1.13,1.13,20750,0
2014-04-15,22:00:00,1.14,1.15,1.13,1.13,119697,0
2014-04-16,16:00:00,1.15,1.19,1.14,1.18,26920,0
2014-04-16,17:00:00,1.19,1.2,1.14,1.2,75400,0
2014-04-16,18:00:00,1.2,1.26,1.2,1.25,75385,0
2014-04-16,19:00:00,1.25,1.25,1.22,1.24,10500,0
2014-04-16,20:00:00,1.24,1.24,1.23,1.23,6500,0
2014-04-16,21:00:00,1.23,1.23,1.21,1.22,25945,0
2014-04-16,22:00:00,1.21,1.23,1.21,1.23,31167,0
2014-04-17,16:00:00,1.29,1.35,1.22,1.28,33795,0
2014-04-17,17:00:00,1.28,1.28,1.25,1.25,64784,0
2014-04-17,18:00:00,1.27,1.27,1.25,1.27,13608,0
2014-04-17,19:00:00,1.27,1.27,1.21,1.22,72550,0
2014-04-17,20:00:00,1.23,1.24,1.22,1.22,3191,0
2014-04-17,21:00:00,1.23,1.24,1.21,1.24,18600,0
2014-04-17,22:00:00,1.24,1.24,1.21,1.24,6835,0
2014-04-21,16:00:00,1.25,1.26,1.24,1.24,1100,0
2014-04-21,17:00:00,1.24,1.24,1.22,1.24,19050,0
2014-04-21,18:00:00,1.24,1.28,1.24,1.28,14950,0
2014-04-21,19:00:00,1.28,1.28,1.26,1.27,17580,0
2014-04-21,20:00:00,1.28,1.28,1.27,1.27,9818,0
2014-04-21,21:00:00,1.27,1.28,1.27,1.28,10900,0
2014-04-21,22:00:00,1.26,1.28,1.26,1.28,15702,0
2014-04-22,16:00:00,1.28,1.28,1.26,1.28,7600,0
2014-04-22,17:00:00,1.28,1.32,1.28,1.31,30452,0
2014-04-22,18:00:00,1.31,1.33,1.31,1.33,57971,0
2014-04-22,19:00:00,1.33,1.33,1.32,1.32,8374,0
2014-04-22,20:00:00,1.32,1.32,1.3,1.3,16300,0
2014-04-22,21:00:00,1.3,1.33,1.3,1.32,12216,0
2014-04-22,22:00:00,1.32,1.32,1.31,1.32,16507,0
2014-04-23,16:00:00,1.3,1.32,1.3,1.32,2900,0
2014-04-23,17:00:00,1.32,1.34,1.31,1.33,11753,0
2014-04-23,18:00:00,1.33,1.33,1.3,1.32,9725,0
2014-04-23,19:00:00,1.31,1.33,1.31,1.32,18530,0
2014-04-23,20:00:00,1.32,1.32,1.31,1.32,5175,0
2014-04-23,21:00:00,1.32,1.32,1.3,1.32,13828,0
2014-04-23,22:00:00,1.31,1.33,1.29,1.33,16466,0
2014-04-24,16:00:00,1.32,1.32,1.29,1.32,10226,0
2014-04-24,17:00:00,1.29,1.33,1.29,1.33,8400,0
2014-04-24,18:00:00,1.33,1.34,1.32,1.34,15402,0
2014-04-24,19:00:00,1.33,1.33,1.32,1.33,10361,0
2014-04-24,20:00:00,1.32,1.34,1.32,1.32,7164,0
2014-04-24,21:00:00,1.32,1.33,1.3,1.32,8911,0
2014-04-24,22:00:00,1.33,1.35,1.32,1.35,14273,0
2014-04-25,16:00:00,1.34,1.37,1.33,1.37,10905,0
2014-04-25,17:00:00,1.37,1.37,1.35,1.36,35280,0
2014-04-25,18:00:00,1.35,1.36,1.34,1.35,26900,0
2014-04-25,19:00:00,1.35,1.35,1.33,1.34,6250,0
2014-04-25,20:00:00,1.34,1.34,1.3,1.32,18300,0
2014-04-25,21:00:00,1.32,1.34,1.3,1.34,15640,0
2014-04-25,22:00:00,1.34,1.34,1.3,1.31,11159,0
2014-04-28,16:00:00,1.3,1.33,1.3,1.3,22642,0
2014-04-28,17:00:00,1.32,1.32,1.29,1.31,14520,0
2014-04-28,18:00:00,1.31,1.31,1.21,1.21,72640,0
2014-04-28,19:00:00,1.22,1.27,1.22,1.25,16223,0
2014-04-28,20:00:00,1.26,1.26,1.26,1.26,1125,0
2014-04-28,21:00:00,1.26,1.27,1.25,1.27,9800,0
2014-04-28,22:00:00,1.27,1.29,1.26,1.28,18100,0
2014-04-29,16:00:00,1.28,1.37,1.28,1.31,51664,0
2014-04-29,17:00:00,1.34,1.35,1.27,1.28,30558,0
2014-04-29,18:00:00,1.28,1.28,1.26,1.28,3539,0
2014-04-29,19:00:00,1.28,1.28,1.27,1.27,18270,0
2014-04-29,20:00:00,1.27,1.28,1.24,1.27,23687,0
2014-04-29,21:00:00,1.25,1.27,1.23,1.27,19024,0
2014-04-29,22:00:00,1.27,1.28,1.26,1.28,7262,0
2014-04-30,16:00:00,1.28,1.28,1.26,1.26,2755,0
2014-04-30,17:00:00,1.28,1.28,1.23,1.26,33982,0
2014-04-30,18:00:00,1.26,1.27,1.24,1.26,5094,0
2014-04-30,19:00:00,1.26,1.26,1.25,1.26,9609,0
2014-04-30,20:00:00,1.26,1.26,1.25,1.26,10000,0
2014-04-30,21:00:00,1.25,1.27,1.25,1.27,9242,0
2014-04-30,22:00:00,1.27,1.28,1.25,1.27,28896,0
2014-05-01,16:00:00,1.25,1.3,1.25,1.3,10255,0
2014-05-01,17:00:00,1.3,1.31,1.26,1.29,26570,0
2014-05-01,18:00:00,1.29,1.3,1.28,1.29,8150,0
2014-05-01,19:00:00,1.29,1.29,1.28,1.29,4200,0
2014-05-01,20:00:00,1.29,1.29,1.27,1.29,12225,0
2014-05-01,21:00:00,1.27,1.29,1.27,1.28,11633,0
2014-05-01,22:00:00,1.28,1.29,1.27,1.29,12500,0
2014-05-02,16:00:00,1.3,1.3,1.3,1.3,600,0
2014-05-02,17:00:00,1.3,1.3,1.27,1.27,7090,0
2014-05-02,18:00:00,1.28,1.28,1.27,1.27,8760,0
2014-05-02,19:00:00,1.28,1.28,1.26,1.27,6862,0
2014-05-02,20:00:00,1.27,1.28,1.26,1.27,6250,0
2014-05-02,21:00:00,1.27,1.27,1.26,1.27,2800,0
2014-05-02,22:00:00,1.27,1.28,1.25,1.25,16130,0
2014-05-05,16:00:00,1.24,1.27,1.22,1.27,5600,0
2014-05-05,17:00:00,1.27,1.29,1.25,1.29,29249,0
2014-05-05,18:00:00,1.29,1.29,1.27,1.27,10948,0
2014-05-05,19:00:00,1.27,1.27,1.25,1.25,6300,0
2014-05-05,20:00:00,1.24,1.26,1.24,1.26,1400,0
2014-05-05,21:00:00,1.26,1.26,1.24,1.26,4200,0
2014-05-05,22:00:00,1.25,1.26,1.24,1.26,14208,0
2014-05-06,16:00:00,1.24,1.26,1.24,1.25,700,0
2014-05-06,17:00:00,1.24,1.26,1.22,1.24,22122,0
2014-05-06,18:00:00,1.24,1.24,1.2,1.22,28966,0
2014-05-06,19:00:00,1.22,1.25,1.2,1.2,110373,0
2014-05-06,20:00:00,1.19,1.21,1.19,1.21,13882,0
2014-05-06,21:00:00,1.2,1.21,1.2,1.2,18800,0
2014-05-06,22:00:00,1.21,1.22,1.16,1.17,45577,0
2014-05-07,16:00:00,1.17,1.27,1.17,1.25,59580,0
2014-05-07,17:00:00,1.26,1.26,1.21,1.23,3499,0
2014-05-07,18:00:00,1.25,1.25,1.17,1.22,48073,0
2014-05-07,19:00:00,1.22,1.23,1.2,1.2,14800,0
2014-05-07,20:00:00,1.2,1.2,1.2,1.2,1000,0
2014-05-07,21:00:00,1.19,1.23,1.19,1.22,4818,0
2014-05-07,22:00:00,1.22,1.23,1.19,1.21,24014,0
