Date,Time,Open,High,Low,Close,Volume,OpenInt
2014-02-10,16:00:00,37.75,37.75,37.54,37.71,15955,0
2014-02-10,17:00:00,37.71,37.74,37.48,37.53,10293,0
2014-02-10,18:00:00,37.51,37.7,37.48,37.7,17166,0
2014-02-10,19:00:00,37.7,37.71,37.65,37.69,13209,0
2014-02-10,20:00:00,37.62,37.73,37.62,37.68,16006,0
2014-02-10,21:00:00,37.73,37.83,37.7,37.74,22465,0
2014-02-10,22:00:00,37.79,37.85,37.73,37.83,18935,0
2014-02-11,16:00:00,37.89,37.89,37.76,37.81,9173,0
2014-02-11,17:00:00,37.82,37.92,37.64,37.72,9987,0
2014-02-11,18:00:00,37.79,37.96,37.67,37.91,57072,0
2014-02-11,19:00:00,37.94,38.08,37.94,38.04,54552,0
2014-02-11,20:00:00,38.06,38.17,38.04,38.07,62033,0
2014-02-11,21:00:00,38.08,38.13,38.05,38.1,28005,0
2014-02-11,22:00:00,38.1,38.14,37.96,37.96,33989,0
2014-02-12,16:00:00,38.14,38.33,38.14,38.28,26190,0
2014-02-12,17:00:00,38.33,38.33,38.05,38.1,15531,0
2014-02-12,18:00:00,38.15,38.15,38.01,38.05,29251,0
2014-02-12,19:00:00,38.06,38.22,38.06,38.16,12741,0
2014-02-12,20:00:00,38.2,38.3,38.17,38.25,27649,0
2014-02-12,21:00:00,38.25,38.26,38.16,38.16,77300,0
2014-02-12,22:00:00,38.18,38.23,38.12,38.23,19940,0
2014-02-13,16:00:00,37.9,38.24,37.74,38.24,2600,0
2014-02-13,17:00:00,38.12,38.39,38.12,38.39,18898,0
2014-02-13,18:00:00,38.44,38.46,38.31,38.45,27204,0
2014-02-13,19:00:00,38.4,38.56,38.4,38.56,75875,0
2014-02-13,20:00:00,38.51,38.73,38.51,38.73,10483,0
2014-02-13,21:00:00,38.76,38.82,38.66,38.69,52184,0
2014-02-13,22:00:00,38.7,38.85,38.7,38.78,48055,0
2014-02-14,16:00:00,38.73,38.75,38.5,38.59,13821,0
2014-02-14,17:00:00,38.6,38.71,38.52,38.52,6129,0
2014-02-14,18:00:00,38.51,38.69,38.51,38.63,16122,0
2014-02-14,19:00:00,38.55,38.68,38.55,38.61,29778,0
2014-02-14,20:00:00,38.61,38.73,38.57,38.7,25861,0
2014-02-14,21:00:00,38.7,38.79,38.69,38.79,19584,0
2014-02-14,22:00:00,38.77,38.82,38.67,38.77,20423,0
2014-02-18,16:00:00,38.95,39.12,38.95,39.11,11948,0
2014-02-18,17:00:00,39.07,39.32,38.99,39.32,9092,0
2014-02-18,18:00:00,39.33,39.45,39.29,39.38,29163,0
2014-02-18,19:00:00,39.41,39.43,39.36,39.41,25406,0
2014-02-18,20:00:00,39.42,39.45,39.35,39.35,14158,0
2014-02-18,21:00:00,39.39,39.5,39.33,39.47,17046,0
2014-02-18,22:00:00,39.47,39.49,39.39,39.45,26246,0
2014-02-19,16:00:00,39.41,39.58,39.41,39.52,9595,0
2014-02-19,17:00:00,39.55,39.65,39.35,39.59,24585,0
2014-02-19,18:00:00,39.57,39.6,39.44,39.44,10605,0
2014-02-19,19:00:00,39.42,39.47,39.26,39.36,16707,0
2014-02-19,20:00:00,39.42,39.52,39.34,39.5,9364,0
2014-02-19,21:00:00,39.36,39.54,39.36,39.42,24516,0
2014-02-19,22:00:00,39.37,39.37,39.13,39.16,156789,0
2014-02-20,16:00:00,39.13,39.15,39,39,7199,0
2014-02-20,17:00:00,39.1,39.32,38.95,39.32,9207,0
2014-02-20,18:00:00,39.4,39.4,39.31,39.32,8127,0
2014-02-20,19:00:00,39.27,39.39,39.27,39.38,16184,0
2014-02-20,20:00:00,39.41,39.45,39.34,39.45,9302,0
2014-02-20,21:00:00,39.42,39.54,39.36,39.54,9610,0
2014-02-20,22:00:00,39.47,39.58,39.47,39.49,25694,0
2014-02-21,16:00:00,39.66,39.76,39.65,39.67,17685,0
2014-02-21,17:00:00,39.7,39.75,39.54,39.75,66101,0
2014-02-21,18:00:00,39.7,39.78,39.65,39.74,28705,0
2014-02-21,19:00:00,39.75,39.78,39.71,39.74,50963,0
2014-02-21,20:00:00,39.75,39.77,39.71,39.72,21481,0
2014-02-21,21:00:00,39.7,39.72,39.57,39.62,73109,0
2014-02-21,22:00:00,39.65,39.71,39.57,39.6,80654,0
2014-02-24,16:00:00,39.73,39.99,39.73,39.99,12275,0
2014-02-24,17:00:00,39.99,40.09,39.91,40.08,35689,0
2014-02-24,18:00:00,40.11,40.25,40.01,40.25,30474,0
2014-02-24,19:00:00,40.25,40.27,40.17,40.21,17206,0
2014-02-24,20:00:00,40.25,40.25,40.13,40.18,10240,0
2014-02-24,21:00:00,40.21,40.22,40.13,40.17,26428,0
2014-02-24,22:00:00,40.13,40.13,40,40,23342,0
2014-02-25,16:00:00,40,40.12,39.95,39.95,11030,0
2014-02-25,17:00:00,39.88,40.06,39.87,40.06,26428,0
2014-02-25,18:00:00,40,40.18,39.97,39.97,44522,0
2014-02-25,19:00:00,39.97,40.07,39.95,40.06,32061,0
2014-02-25,20:00:00,40.06,40.09,39.94,40.03,18719,0
2014-02-25,21:00:00,40.05,40.05,39.91,39.94,22620,0
2014-02-25,22:00:00,39.96,40.05,39.88,40.05,25438,0
2014-02-26,16:00:00,40.15,40.29,40.14,40.26,4736,0
2014-02-26,17:00:00,40.3,40.5,40.19,40.5,34365,0
2014-02-26,18:00:00,40.45,40.57,40.39,40.53,10803,0
2014-02-26,19:00:00,40.53,40.68,40.51,40.63,7005,0
2014-02-26,20:00:00,40.58,40.66,40.5,40.5,23164,0
2014-02-26,21:00:00,40.53,40.53,40.2,40.24,116760,0
2014-02-26,22:00:00,40.29,40.41,40.22,40.4,198364,0
2014-02-27,16:00:00,40.35,40.66,40.25,40.36,11327,0
2014-02-27,17:00:00,40.42,40.42,40.2,40.39,19957,0
2014-02-27,18:00:00,40.41,40.55,40.41,40.52,32693,0
2014-02-27,19:00:00,40.47,40.58,40.47,40.55,22888,0
2014-02-27,20:00:00,40.57,40.69,40.51,40.69,28140,0
2014-02-27,21:00:00,40.68,40.68,40.47,40.56,73630,0
2014-02-27,22:00:00,40.59,40.73,40.59,40.73,46036,0
2014-02-28,16:00:00,40.76,40.89,40.72,40.89,8053,0
2014-02-28,17:00:00,40.89,41.02,40.79,40.82,52772,0
2014-02-28,18:00:00,40.75,40.8,40.67,40.75,28276,0
2014-02-28,19:00:00,40.78,40.8,40.72,40.74,15008,0
2014-02-28,20:00:00,40.75,40.83,40.72,40.72,9312,0
2014-02-28,21:00:00,40.72,40.72,40.3,40.3,45486,0
2014-02-28,22:00:00,40.36,40.5,40.07,40.32,586719,0
2014-03-03,16:00:00,39.87,40.01,39.7,39.9,14087,0
2014-03-03,17:00:00,39.72,39.99,39.61,39.85,35547,0
2014-03-03,18:00:00,39.82,39.87,39.65,39.69,24224,0
2014-03-03,19:00:00,39.67,39.89,39.56,39.89,39626,0
2014-03-03,20:00:00,39.92,40.1,39.9,40.08,56047,0
2014-03-03,21:00:00,40.08,40.22,39.97,40.15,14995,0
2014-03-03,22:00:00,40.15,40.15,39.97,40.11,43171,0
2014-03-04,16:00:00,40.72,41.26,40.72,41.26,16285,0
2014-03-04,17:00:00,41.33,41.44,41.24,41.33,11493,0
2014-03-04,18:00:00,41.44,41.44,41.25,41.38,61010,0
2014-03-04,19:00:00,41.41,41.5,41.37,41.49,8115,0
2014-03-04,20:00:00,41.52,41.53,41.41,41.44,4731,0
2014-03-04,21:00:00,41.4,41.47,41.3,41.45,100759,0
2014-03-04,22:00:00,41.52,41.58,41.44,41.46,36541,0
2014-03-05,16:00:00,41.62,41.62,41.2,41.27,22033,0
2014-03-05,17:00:00,41.32,41.39,41.2,41.33,45656,0
2014-03-05,18:00:00,41.37,41.4,41.24,41.37,16991,0
2014-03-05,19:00:00,41.36,41.42,41.31,41.4,22501,0
2014-03-05,20:00:00,41.37,41.45,41.24,41.45,19723,0
2014-03-05,21:00:00,41.34,41.36,41.27,41.34,13198,0
2014-03-05,22:00:00,41.31,41.45,41.27,41.43,24541,0
2014-03-06,16:00:00,41.64,41.66,41.5,41.65,9103,0
2014-03-06,17:00:00,41.56,41.61,41.35,41.45,24969,0
2014-03-06,18:00:00,41.45,41.51,41.37,41.51,9662,0
2014-03-06,19:00:00,41.47,41.51,41.41,41.47,7238,0
2014-03-06,20:00:00,41.5,41.5,41.17,41.17,16214,0
2014-03-06,21:00:00,41.18,41.37,41.15,41.31,11984,0
2014-03-06,22:00:00,41.38,41.4,41.26,41.37,28193,0
2014-03-07,16:00:00,41.75,41.75,41.19,41.21,8346,0
2014-03-07,17:00:00,41.29,41.4,41.26,41.26,16099,0
2014-03-07,18:00:00,41.24,41.25,41.01,41.25,18167,0
2014-03-07,19:00:00,41.22,41.31,41.19,41.23,5319,0
2014-03-07,20:00:00,41.17,41.24,41.08,41.15,9598,0
2014-03-07,21:00:00,41.21,41.21,41.04,41.15,6486,0
2014-03-07,22:00:00,41.18,41.23,41.12,41.23,13219,0
2014-03-10,15:00:00,41.23,41.45,41.12,41.25,67885,0
2014-03-10,16:00:00,41.09,41.15,40.82,40.87,24606,0
2014-03-10,17:00:00,40.82,41.12,40.8,40.92,14793,0
2014-03-10,18:00:00,41,41.08,40.92,41.08,20777,0
2014-03-10,19:00:00,41.04,41.08,40.88,40.91,9342,0
2014-03-10,20:00:00,40.85,40.99,40.85,40.99,16565,0
2014-03-10,21:00:00,40.92,41.06,40.83,41.05,51870,0
2014-03-11,15:00:00,41.39,41.39,40.81,40.81,4712,0
2014-03-11,16:00:00,41,41.23,40.82,41.23,33470,0
2014-03-11,17:00:00,41.19,41.19,40.9,40.91,19101,0
2014-03-11,18:00:00,40.85,40.92,40.75,40.91,13717,0
2014-03-11,19:00:00,40.86,40.86,40.69,40.72,17232,0
2014-03-11,20:00:00,40.8,40.8,40.5,40.52,16602,0
2014-03-11,21:00:00,40.45,40.6,40.4,40.6,10591,0
2014-03-12,15:00:00,40.3,40.44,40.03,40.2,22186,0
2014-03-12,16:00:00,40.17,40.47,40.17,40.43,13734,0
2014-03-12,17:00:00,40.53,40.7,40.46,40.57,20744,0
2014-03-12,18:00:00,40.47,40.64,40.47,40.63,6059,0
2014-03-12,19:00:00,40.54,40.63,40.54,40.63,5658,0
2014-03-12,20:00:00,40.66,40.72,40.6,40.63,6639,0
2014-03-12,21:00:00,40.61,40.72,40.58,40.72,9188,0
2014-03-13,15:00:00,40.83,40.95,40.58,40.58,36293,0
2014-03-13,16:00:00,40.72,40.72,40.41,40.49,18068,0
2014-03-13,17:00:00,40.49,40.61,40.44,40.44,8329,0
2014-03-13,18:00:00,40.53,40.53,40.08,40.13,12261,0
2014-03-13,19:00:00,40,40.23,39.87,40.16,78932,0
2014-03-13,20:00:00,40.13,40.18,40,40.04,22759,0
2014-03-13,21:00:00,40.04,40.17,39.87,40.06,37269,0
2014-03-14,15:00:00,39.93,40.12,39.91,40.07,5020,0
2014-03-14,16:00:00,40.06,40.39,40.05,40.28,14338,0
2014-03-14,17:00:00,40.24,40.32,40.06,40.32,7179,0
2014-03-14,18:00:00,40.32,40.35,40.22,40.34,17044,0
2014-03-14,19:00:00,40.29,40.36,40.21,40.28,4691,0
2014-03-14,20:00:00,40.3,40.36,40.2,40.2,130238,0
2014-03-14,21:00:00,40.15,40.28,40.14,40.26,24329,0
2014-03-17,15:00:00,40.54,40.78,40.54,40.75,13073,0
2014-03-17,16:00:00,40.7,40.8,40.54,40.61,18403,0
2014-03-17,17:00:00,40.59,40.59,40.35,40.49,4851,0
2014-03-17,18:00:00,40.48,40.61,40.46,40.52,7936,0
2014-03-17,19:00:00,40.56,40.59,40.46,40.53,19521,0
2014-03-17,20:00:00,40.48,40.57,40.4,40.4,4639,0
2014-03-17,21:00:00,40.47,40.53,40.39,40.39,9766,0
2014-03-18,15:00:00,40.48,40.66,40.48,40.66,4231,0
2014-03-18,16:00:00,40.66,40.9,40.63,40.82,8890,0
2014-03-18,17:00:00,40.82,40.99,40.82,40.94,5740,0
2014-03-18,18:00:00,40.98,41,40.84,40.92,10796,0
2014-03-18,19:00:00,40.86,41.11,40.84,41.08,13879,0
2014-03-18,20:00:00,41.12,41.14,41.05,41.08,9250,0
2014-03-18,21:00:00,41.11,41.11,41,41.07,30061,0
2014-03-19,15:00:00,41.29,41.29,41.04,41.17,24553,0
2014-03-19,16:00:00,41.12,41.14,40.91,41,10108,0
2014-03-19,17:00:00,40.95,41.06,40.9,40.91,6220,0
2014-03-19,18:00:00,40.97,41.02,40.9,40.98,17772,0
2014-03-19,19:00:00,40.97,40.99,40.9,40.99,12083,0
2014-03-19,20:00:00,41.08,41.08,40.84,40.89,15659,0
2014-03-19,21:00:00,40.91,40.91,40.57,40.84,25557,0
2014-03-20,15:00:00,40.85,40.85,40.73,40.73,11072,0
2014-03-20,16:00:00,40.77,41.16,40.77,41.04,15047,0
2014-03-20,17:00:00,41.02,41.02,40.84,40.95,13166,0
2014-03-20,18:00:00,40.93,41.03,40.88,40.97,7079,0
2014-03-20,19:00:00,41.01,41.02,40.83,40.95,10602,0
2014-03-20,20:00:00,40.96,41.01,40.89,40.95,4981,0
2014-03-20,21:00:00,40.95,40.97,40.82,40.93,28701,0
2014-03-21,15:00:00,41.41,41.41,40.98,40.98,5984,0
2014-03-21,16:00:00,40.92,40.94,40.7,40.84,19048,0
2014-03-21,17:00:00,40.94,41.16,40.88,41.07,7621,0
2014-03-21,18:00:00,41.08,41.08,41.05,41.05,3300,0
2014-03-21,19:00:00,40.87,40.87,40.69,40.7,5552,0
2014-03-21,20:00:00,40.7,40.71,40.57,40.62,6696,0
2014-03-21,21:00:00,40.55,40.59,40.42,40.45,10503,0
2014-03-24,15:00:00,40.33,40.38,40.14,40.14,2204,0
2014-03-24,16:00:00,40.21,40.21,39.4,39.46,38269,0
2014-03-24,17:00:00,39.44,39.47,39.1,39.31,29399,0
2014-03-24,18:00:00,39.31,39.42,39.24,39.24,19610,0
2014-03-24,19:00:00,39.3,39.54,39.27,39.54,15913,0
2014-03-24,20:00:00,39.48,39.67,39.48,39.63,17109,0
2014-03-24,21:00:00,39.62,39.72,39.45,39.61,18711,0
2014-03-26,15:00:00,39.68,39.79,39.38,39.38,2091,0
2014-03-26,16:00:00,39.42,39.55,39.27,39.32,13915,0
2014-03-26,17:00:00,39.28,39.33,39.12,39.2,4021,0
2014-03-26,18:00:00,39.19,39.21,39.06,39.16,7935,0
2014-03-26,19:00:00,39.16,39.16,38.65,38.8,32269,0
2014-03-26,20:00:00,38.77,38.96,38.7,38.96,18609,0
2014-03-26,21:00:00,38.94,38.99,38.54,38.56,32031,0
2014-03-27,15:00:00,38.51,38.51,38.06,38.38,22879,0
2014-03-27,16:00:00,38.63,38.78,38.5,38.53,28207,0
2014-03-27,17:00:00,38.38,38.44,38.1,38.19,13579,0
2014-03-27,18:00:00,38.25,38.43,38.22,38.32,12420,0
2014-03-27,19:00:00,38.32,38.49,38.29,38.29,29871,0
2014-03-27,20:00:00,38.36,38.42,38.24,38.31,15872,0
2014-03-27,21:00:00,38.25,38.39,38.16,38.35,23264,0
2014-03-28,15:00:00,38.47,38.72,38.47,38.67,4063,0
2014-03-28,16:00:00,38.63,39.05,38.63,39.02,27897,0
2014-03-28,17:00:00,39.08,39.08,38.8,38.81,15479,0
2014-03-28,18:00:00,38.86,38.86,38.73,38.73,14058,0
2014-03-28,19:00:00,38.6,38.67,38.49,38.57,3258,0
2014-03-28,20:00:00,38.49,38.53,38.19,38.32,20306,0
2014-03-28,21:00:00,38.3,38.38,38.2,38.29,50376,0
2014-03-31,16:00:00,38.46,38.75,38.45,38.75,26931,0
2014-03-31,17:00:00,38.75,38.95,38.69,38.95,43292,0
2014-03-31,18:00:00,38.87,38.98,38.76,38.94,28248,0
2014-03-31,19:00:00,38.99,39.22,38.99,39.19,10248,0
2014-03-31,20:00:00,39.19,39.19,39.08,39.1,18406,0
2014-03-31,21:00:00,39.09,39.25,39.09,39.25,11086,0
2014-03-31,22:00:00,39.19,39.35,39.17,39.22,22891,0
2014-04-01,16:00:00,39.43,39.76,39.39,39.63,5367,0
2014-04-01,17:00:00,39.69,39.97,39.67,39.7,23475,0
2014-04-01,18:00:00,39.71,39.71,39.6,39.64,19293,0
2014-04-01,19:00:00,39.56,39.68,39.56,39.6,32889,0
2014-04-01,20:00:00,39.55,39.68,39.55,39.66,9704,0
2014-04-01,21:00:00,39.67,39.82,39.66,39.81,10126,0
2014-04-01,22:00:00,39.8,39.96,39.75,39.84,50321,0
2014-04-02,16:00:00,40.1,40.1,39.84,39.84,38370,0
2014-04-02,17:00:00,39.91,40,39.77,39.94,54631,0
2014-04-02,18:00:00,39.95,39.99,39.83,39.94,28091,0
2014-04-02,19:00:00,39.87,39.93,39.83,39.87,37628,0
2014-04-02,20:00:00,39.86,39.9,39.68,39.79,29198,0
2014-04-02,21:00:00,39.73,39.81,39.7,39.78,11212,0
2014-04-02,22:00:00,39.72,39.91,39.72,39.91,41932,0
2014-04-03,16:00:00,39.92,39.92,39.75,39.76,9454,0
2014-04-03,17:00:00,39.75,39.8,39.22,39.25,20787,0
2014-04-03,18:00:00,39.34,39.34,39.17,39.23,17332,0
2014-04-03,19:00:00,39.25,39.31,39,39.02,18589,0
2014-04-03,20:00:00,39.12,39.19,39.05,39.1,10737,0
2014-04-03,21:00:00,39.15,39.15,38.82,39.03,9965,0
2014-04-03,22:00:00,39.06,39.24,38.97,39.17,35951,0
2014-04-04,16:00:00,39.54,39.54,38.87,39,10222,0
2014-04-04,17:00:00,39.32,39.46,39.07,39.07,6790,0
2014-04-04,18:00:00,38.94,38.94,38.03,38.25,60652,0
2014-04-04,19:00:00,38.15,38.15,37.61,37.63,166366,0
2014-04-04,20:00:00,37.67,37.88,37.61,37.72,93257,0
2014-04-04,21:00:00,37.74,37.76,37.52,37.63,249602,0
2014-04-04,22:00:00,37.69,37.94,37.62,37.7,48267,0
2014-04-07,16:00:00,37.54,37.54,36.94,37.35,99229,0
2014-04-07,17:00:00,37.48,37.63,37.07,37.17,362357,0
2014-04-07,18:00:00,37.15,37.32,36.76,36.76,34746,0
2014-04-07,19:00:00,36.73,36.86,36.61,36.84,152931,0
2014-04-07,20:00:00,36.96,36.96,36.55,36.58,54863,0
2014-04-07,21:00:00,36.54,36.87,36.45,36.87,50657,0
2014-04-07,22:00:00,36.86,37.07,36.7,36.84,61348,0
2014-04-08,16:00:00,36.86,37.17,36.74,36.91,22330,0
2014-04-08,17:00:00,36.66,36.82,36.46,36.82,8356,0
2014-04-08,18:00:00,36.93,37.15,36.87,37,93146,0
2014-04-08,19:00:00,36.99,37.16,36.93,36.99,72443,0
2014-04-08,20:00:00,37.01,37.23,36.95,37.11,88077,0
2014-04-08,21:00:00,37.11,37.11,36.83,36.95,19881,0
2014-04-08,22:00:00,36.93,37.08,36.91,36.99,50049,0
2014-04-09,16:00:00,37.11,37.39,37.11,37.21,24554,0
2014-04-09,17:00:00,37.25,37.38,37.14,37.25,7719,0
2014-04-09,18:00:00,37.29,37.48,37.27,37.36,43131,0
2014-04-09,19:00:00,37.38,37.63,37.38,37.57,15541,0
2014-04-09,20:00:00,37.58,37.64,37.53,37.53,14495,0
2014-04-09,21:00:00,37.56,37.9,37.56,37.69,23502,0
2014-04-09,22:00:00,37.76,38.03,37.73,37.99,27399,0
2014-04-10,16:00:00,37.77,37.88,37.51,37.51,4334,0
2014-04-10,17:00:00,37.51,37.57,37.13,37.15,52120,0
2014-04-10,18:00:00,37.03,37.06,36.83,36.9,22175,0
2014-04-10,19:00:00,36.67,36.79,36.66,36.66,63640,0
2014-04-10,20:00:00,36.65,36.75,36.41,36.64,39148,0
2014-04-10,21:00:00,36.61,36.74,36.45,36.52,11503,0
2014-04-10,22:00:00,36.45,36.59,36.2,36.43,47107,0
2014-04-11,16:00:00,36.01,36.5,34.51,36.39,306685,0
2014-04-11,17:00:00,36.28,36.69,35.89,36.51,172993,0
2014-04-11,18:00:00,36.52,36.68,36.23,36.28,67160,0
2014-04-11,19:00:00,36.37,36.37,36.15,36.21,206244,0
2014-04-11,20:00:00,36.24,36.25,35.97,35.97,170573,0
2014-04-11,21:00:00,36,36.04,35.58,35.72,32518,0
2014-04-11,22:00:00,35.68,35.93,35.62,35.85,99872,0
2014-04-14,16:00:00,36.21,36.32,35.85,35.85,10540,0
2014-04-14,17:00:00,35.76,36.41,35.76,36.34,85579,0
2014-04-14,18:00:00,36.34,36.34,36.12,36.12,26839,0
2014-04-14,19:00:00,36.08,36.16,36.03,36.08,12596,0
2014-04-14,20:00:00,36.11,36.11,35.81,35.81,20802,0
2014-04-14,21:00:00,35.76,35.82,35.53,35.54,332571,0
2014-04-14,22:00:00,35.55,35.69,35.2,35.58,113563,0
2014-04-15,16:00:00,35.75,36.02,35.63,35.99,3823,0
2014-04-15,17:00:00,35.97,35.97,35.14,35.27,97027,0
2014-04-15,18:00:00,35.14,35.24,34.88,34.88,24470,0
2014-04-15,19:00:00,34.86,34.87,34.53,34.53,85181,0
2014-04-15,20:00:00,34.51,35.16,34.48,35.16,116940,0
2014-04-15,21:00:00,35.15,35.62,35.11,35.58,51896,0
2014-04-15,22:00:00,35.56,35.85,35.38,35.78,53242,0
2014-04-16,16:00:00,35.89,36.1,35.89,35.9,6501,0
2014-04-16,17:00:00,35.94,36.22,35.9,36.01,16218,0
2014-04-16,18:00:00,35.96,36.13,35.82,36.09,36782,0
2014-04-16,19:00:00,36.13,36.33,36.12,36.25,17589,0
2014-04-16,20:00:00,36.11,36.27,36.05,36.18,13794,0
2014-04-16,21:00:00,36.09,36.23,35.99,36.21,14849,0
2014-04-16,22:00:00,36.18,36.39,36.18,36.32,88309,0
2014-04-17,16:00:00,36.38,36.38,36.04,36.11,8392,0
2014-04-17,17:00:00,36.16,36.78,36.12,36.67,41774,0
2014-04-17,18:00:00,36.71,36.77,36.35,36.4,15673,0
2014-04-17,19:00:00,36.41,36.57,36.36,36.57,15874,0
2014-04-17,20:00:00,36.58,36.74,36.56,36.74,5060,0
2014-04-17,21:00:00,36.69,36.76,36.62,36.65,12643,0
2014-04-17,22:00:00,36.66,36.81,36.62,36.69,14300,0
2014-04-21,16:00:00,36.52,36.71,36.52,36.66,2708,0
2014-04-21,17:00:00,36.76,36.89,36.4,36.53,105431,0
2014-04-21,18:00:00,36.65,36.86,36.65,36.86,47304,0
2014-04-21,19:00:00,36.84,36.93,36.73,36.75,12141,0
2014-04-21,20:00:00,36.79,36.85,36.75,36.85,117931,0
2014-04-21,21:00:00,36.83,37.01,36.81,37.01,10687,0
2014-04-21,22:00:00,36.96,37.02,36.89,37.02,8134,0
2014-04-22,16:00:00,37.25,37.34,37.18,37.3,27812,0
2014-04-22,17:00:00,37.46,37.66,37.43,37.56,7793,0
2014-04-22,18:00:00,37.57,37.8,37.53,37.66,15868,0
2014-04-22,19:00:00,37.79,37.82,37.7,37.72,15735,0
2014-04-22,20:00:00,37.74,37.83,37.7,37.77,24274,0
2014-04-22,21:00:00,37.75,37.84,37.73,37.83,80299,0
2014-04-22,22:00:00,37.77,37.81,37.62,37.67,122171,0
2014-04-23,16:00:00,37.66,37.66,37.35,37.41,3613,0
2014-04-23,17:00:00,37.17,37.57,37.17,37.45,9733,0
2014-04-23,18:00:00,37.36,37.61,37.36,37.6,9737,0
2014-04-23,19:00:00,37.53,37.53,37.43,37.47,2100,0
2014-04-23,20:00:00,37.41,37.45,37.33,37.33,9372,0
2014-04-23,21:00:00,37.31,37.32,37.21,37.27,17288,0
2014-04-23,22:00:00,37.27,37.36,37.24,37.24,15864,0
2014-04-24,16:00:00,37.77,37.77,36.77,36.98,6019,0
2014-04-24,17:00:00,36.7,37.15,36.63,37.07,7399,0
2014-04-24,18:00:00,37.09,37.48,37.09,37.27,15476,0
2014-04-24,19:00:00,37.27,37.3,37.2,37.3,5766,0
2014-04-24,20:00:00,37.37,37.38,37.01,37.04,7503,0
2014-04-24,21:00:00,37.05,37.08,37.02,37.08,11868,0
2014-04-24,22:00:00,37.03,37.15,37.03,37.15,11269,0
2014-04-25,16:00:00,36.62,36.8,36.62,36.78,2483,0
2014-04-25,17:00:00,36.52,36.75,36.31,36.35,11755,0
2014-04-25,18:00:00,36.22,36.46,36.2,36.37,9622,0
2014-04-25,19:00:00,36.36,36.45,36.23,36.25,6687,0
2014-04-25,20:00:00,36.17,36.24,36.08,36.21,78608,0
2014-04-25,21:00:00,36.18,36.18,36.04,36.14,9564,0
2014-04-25,22:00:00,36.12,36.21,36.1,36.1,34372,0
2014-04-28,16:00:00,36.22,36.27,36.08,36.17,8364,0
2014-04-28,17:00:00,36.26,36.57,36.15,36.18,55764,0
2014-04-28,18:00:00,36.18,36.24,35.53,35.53,43698,0
2014-04-28,19:00:00,35.62,35.62,35.43,35.52,40606,0
2014-04-28,20:00:00,35.38,35.42,35.16,35.42,60263,0
2014-04-28,21:00:00,35.22,35.69,35.22,35.61,14092,0
2014-04-28,22:00:00,35.58,36.03,35.58,35.76,16029,0
2014-04-29,16:00:00,35.87,36.05,35.85,36.04,3197,0
2014-04-29,17:00:00,35.87,36.08,35.72,36.02,12363,0
2014-04-29,18:00:00,36.06,36.12,35.86,35.87,33716,0
2014-04-29,19:00:00,35.95,36.18,35.91,36.15,10478,0
2014-04-29,20:00:00,36.1,36.13,36.01,36.08,14605,0
2014-04-29,21:00:00,36.14,36.2,36.07,36.09,53474,0
2014-04-29,22:00:00,36.1,36.16,35.91,35.93,79362,0
2014-04-30,16:00:00,35.79,35.86,35.59,35.59,17496,0
2014-04-30,17:00:00,35.56,36.01,35.52,36.01,17490,0
2014-04-30,18:00:00,35.98,35.98,35.72,35.73,28659,0
2014-04-30,19:00:00,35.78,35.81,35.7,35.81,29009,0
2014-04-30,20:00:00,35.83,35.87,35.78,35.82,8096,0
2014-04-30,21:00:00,35.82,36.23,35.69,36.23,13257,0
2014-04-30,22:00:00,36.19,36.37,36.07,36.29,68275,0
2014-05-01,16:00:00,36.13,36.2,36.02,36.02,16062,0
2014-05-01,17:00:00,36.02,36.49,35.89,36.49,33070,0
2014-05-01,18:00:00,36.49,36.75,36.35,36.73,95840,0
2014-05-01,19:00:00,36.64,36.74,36.55,36.59,18833,0
2014-05-01,20:00:00,36.59,36.59,36.08,36.08,415810,0
2014-05-01,21:00:00,36.11,36.31,36.07,36.09,39060,0
2014-05-01,22:00:00,36.07,36.34,36.03,36.34,56168,0
2014-05-02,16:00:00,36.35,36.5,36.22,36.37,13511,0
2014-05-02,17:00:00,36.37,36.7,36.29,36.38,19891,0
2014-05-02,18:00:00,36.38,36.55,36.37,36.51,92276,0
2014-05-02,19:00:00,36.47,36.58,36.47,36.57,47080,0
2014-05-02,20:00:00,36.6,36.6,36.33,36.41,9496,0
2014-05-02,21:00:00,36.35,36.45,36.32,36.42,15050,0
2014-05-02,22:00:00,36.46,36.48,36.31,36.35,27701,0
2014-05-05,16:00:00,36.01,36.2,35.76,36.2,8407,0
2014-05-05,17:00:00,36.17,36.51,36.1,36.35,21604,0
2014-05-05,18:00:00,36.34,36.42,36.19,36.36,26331,0
2014-05-05,19:00:00,36.36,36.36,36.2,36.2,18489,0
2014-05-05,20:00:00,36.19,36.28,36.13,36.27,35769,0
2014-05-05,21:00:00,36.29,36.49,36.29,36.48,26044,0
2014-05-05,22:00:00,36.49,36.51,36.4,36.41,36910,0
2014-05-06,16:00:00,36.12,36.2,36.11,36.2,3009,0
2014-05-06,17:00:00,36.24,36.51,36.13,36.13,7052,0
2014-05-06,18:00:00,36.19,36.28,36.12,36.22,11358,0
2014-05-06,19:00:00,36.26,36.26,36.17,36.23,17505,0
2014-05-06,20:00:00,36.23,36.24,35.9,35.91,13614,0
2014-05-06,21:00:00,35.83,35.83,35.71,35.83,23622,0
2014-05-06,22:00:00,35.8,35.89,35.62,35.62,36737,0
2014-05-07,16:00:00,35.6,35.62,35.23,35.23,10047,0
2014-05-07,17:00:00,35.24,35.32,34.82,35.14,58049,0
2014-05-07,18:00:00,35.01,35.45,34.98,35.37,33075,0
2014-05-07,19:00:00,35.4,35.4,35.08,35.08,15692,0
2014-05-07,20:00:00,35.09,35.17,35,35.08,18011,0
2014-05-07,21:00:00,35.05,35.37,35.05,35.28,24736,0
2014-05-07,22:00:00,35.31,35.52,35.19,35.49,49299,0
