Date,Time,Open,High,Low,Close,Volume,OpenInt
2014-02-10,17:00:00,11.97,11.999,11.92,11.92,1421,0
2014-02-10,20:00:00,11.979,11.979,11.979,11.979,1115,0
2014-02-10,22:00:00,11.989,11.989,11.989,11.989,616,0
2014-02-11,16:00:00,12.029,12.039,12.029,12.039,506,0
2014-02-11,17:00:00,12.029,12.039,12.029,12.029,4440,0
2014-02-11,18:00:00,12.088,12.088,12.088,12.088,100,0
2014-02-11,19:00:00,12.068,12.068,12.058,12.058,303,0
2014-02-11,22:00:00,12.078,12.088,12.078,12.088,1533,0
2014-02-12,17:00:00,12.098,12.098,12.088,12.088,203,0
2014-02-12,19:00:00,12.049,12.049,12.039,12.039,303,0
2014-02-12,20:00:00,12.019,12.019,12.019,12.019,203,0
2014-02-12,21:00:00,12.009,12.009,11.989,11.989,303,0
2014-02-12,22:00:00,11.989,12.049,11.979,11.979,1040,0
2014-02-13,18:00:00,12.009,12.009,11.989,11.989,202,0
2014-02-13,19:00:00,12.029,12.029,12.029,12.029,202,0
2014-02-13,20:00:00,11.989,11.989,11.989,11.989,506,0
2014-02-13,21:00:00,11.979,11.979,11.979,11.979,910,0
2014-02-13,22:00:00,11.979,12.068,11.96,11.97,2209,0
2014-02-14,16:00:00,11.95,11.95,11.95,11.95,100,0
2014-02-14,17:00:00,11.97,11.97,11.97,11.97,404,0
2014-02-14,19:00:00,11.95,11.95,11.95,11.95,202,0
2014-02-14,20:00:00,11.999,12.137,11.999,12.137,3716,0
2014-02-14,21:00:00,12.058,12.058,11.999,11.999,302,0
2014-02-14,22:00:00,11.989,12.058,11.979,11.979,1823,0
2014-02-18,17:00:00,12.058,12.088,12.058,12.088,909,0
2014-02-18,18:00:00,12.088,12.088,12.058,12.068,3137,0
2014-02-18,21:00:00,12.049,12.068,12.039,12.039,2025,0
2014-02-18,22:00:00,12.049,12.058,12.039,12.058,606,0
2014-02-19,18:00:00,12.086,12.086,12.086,12.086,758,0
2014-02-19,19:00:00,12.067,12.067,12.067,12.067,302,0
2014-02-19,20:00:00,12.067,12.067,12.067,12.067,404,0
2014-02-19,21:00:00,12.077,12.077,12.067,12.067,858,0
2014-02-19,22:00:00,12.067,12.067,12.067,12.067,404,0
2014-02-20,16:00:00,12.077,12.077,12.077,12.077,202,0
2014-02-20,18:00:00,12.057,12.057,12.057,12.057,606,0
2014-02-20,19:00:00,12.077,12.077,12.077,12.077,1010,0
2014-02-20,21:00:00,12.057,12.057,12.037,12.037,404,0
2014-02-20,22:00:00,12.067,12.106,12.027,12.067,2675,0
2014-02-21,17:00:00,12.096,12.106,12.086,12.106,504,0
2014-02-21,18:00:00,12.106,12.126,12.106,12.126,2220,0
2014-02-21,20:00:00,12.106,12.136,12.106,12.136,1110,0
2014-02-21,21:00:00,12.126,12.126,12.126,12.126,202,0
2014-02-21,22:00:00,12.126,12.126,12.116,12.126,689,0
2014-02-24,16:00:00,12.186,12.186,12.136,12.136,309,0
2014-02-24,17:00:00,12.136,12.146,12.136,12.146,504,0
2014-02-24,19:00:00,12.136,12.195,12.136,12.166,4401,0
2014-02-24,21:00:00,12.176,12.176,12.176,12.176,204,0
2014-02-24,22:00:00,12.186,12.215,12.186,12.205,2220,0
2014-02-25,17:00:00,12.195,12.195,12.166,12.186,1615,0
2014-02-25,18:00:00,12.195,12.195,12.186,12.186,1414,0
2014-02-25,19:00:00,12.186,12.186,12.176,12.176,808,0
2014-02-25,20:00:00,12.186,12.225,12.186,12.225,302,0
2014-02-25,22:00:00,12.225,12.225,12.186,12.225,1514,0
2014-02-26,16:00:00,12.225,12.235,12.215,12.215,1010,0
2014-02-26,17:00:00,12.225,12.245,12.225,12.235,1414,0
2014-02-26,18:00:00,12.235,12.275,12.225,12.275,808,0
2014-02-26,19:00:00,12.275,12.275,12.275,12.275,230,0
2014-02-26,20:00:00,12.245,12.245,12.245,12.245,302,0
2014-02-26,21:00:00,12.265,12.265,12.265,12.265,1312,0
2014-02-26,22:00:00,12.275,12.275,12.255,12.275,2018,0
2014-02-27,16:00:00,12.215,12.215,12.215,12.215,100,0
2014-02-27,17:00:00,12.235,12.265,12.235,12.245,404,0
2014-02-27,18:00:00,12.255,12.255,12.255,12.255,308,0
2014-02-27,19:00:00,12.275,12.275,12.205,12.205,4577,0
2014-02-27,22:00:00,12.265,12.265,12.245,12.245,918,0
2014-02-28,17:00:00,12.314,12.314,12.314,12.314,808,0
2014-02-28,18:00:00,12.314,12.334,12.314,12.334,342,0
2014-02-28,19:00:00,12.334,12.334,12.334,12.334,311,0
2014-02-28,21:00:00,12.344,12.344,12.324,12.334,3511,0
2014-03-03,16:00:00,12.394,12.394,12.394,12.394,1304,0
2014-03-03,18:00:00,12.354,12.354,12.344,12.354,1311,0
2014-03-03,19:00:00,12.364,12.364,12.364,12.364,100,0
2014-03-03,20:00:00,12.354,12.354,12.324,12.324,672,0
2014-03-03,22:00:00,12.453,12.453,12.453,12.453,302,0
2014-03-04,16:00:00,12.374,12.403,12.294,12.294,1791,0
2014-03-04,17:00:00,12.314,12.314,12.314,12.314,606,0
2014-03-04,18:00:00,12.314,12.423,12.304,12.344,2013,0
2014-03-04,19:00:00,12.394,12.394,12.384,12.384,5344,0
2014-03-04,20:00:00,12.384,12.403,12.384,12.403,305,0
2014-03-04,22:00:00,12.394,12.394,12.384,12.384,303,0
2014-03-05,16:00:00,12.394,12.433,12.384,12.433,1295,0
2014-03-05,17:00:00,12.384,12.413,12.384,12.413,510,0
2014-03-05,18:00:00,12.394,12.453,12.384,12.384,10922,0
2014-03-05,19:00:00,12.374,12.374,12.324,12.324,1716,0
2014-03-05,21:00:00,12.304,12.304,12.304,12.304,100,0
2014-03-05,22:00:00,12.304,12.304,12.304,12.304,808,0
2014-03-06,16:00:00,12.314,12.314,12.225,12.225,6021,0
2014-03-06,17:00:00,12.225,12.225,12.205,12.205,302,0
2014-03-06,18:00:00,12.205,12.205,12.205,12.205,1060,0
2014-03-06,19:00:00,12.205,12.205,12.205,12.205,100,0
2014-03-06,20:00:00,12.205,12.205,12.205,12.205,100,0
2014-03-06,21:00:00,12.205,12.205,12.205,12.205,100,0
2014-03-06,22:00:00,12.245,12.245,12.176,12.176,896,0
2014-03-07,17:00:00,12.086,12.086,12.067,12.067,404,0
2014-03-07,19:00:00,12.096,12.096,12.096,12.096,1716,0
2014-03-07,20:00:00,12.077,12.077,12.077,12.077,404,0
2014-03-07,22:00:00,12.096,12.096,12.086,12.086,404,0
2014-03-10,15:00:00,12.086,12.086,12.067,12.067,329,0
2014-03-10,16:00:00,12.086,12.086,12.086,12.086,302,0
2014-03-10,17:00:00,12.086,12.086,12.086,12.086,606,0
2014-03-10,19:00:00,12.096,12.106,12.086,12.106,1414,0
2014-03-10,20:00:00,12.086,12.096,12.086,12.096,302,0
2014-03-10,21:00:00,12.086,12.086,12.077,12.077,404,0
2014-03-11,21:00:00,12.176,12.176,12.166,12.176,404,0
2014-03-12,16:00:00,12.186,12.195,12.136,12.195,420,0
2014-03-12,17:00:00,12.195,12.225,12.195,12.225,404,0
2014-03-12,19:00:00,12.235,12.235,12.235,12.235,202,0
2014-03-12,20:00:00,12.235,12.235,12.235,12.235,202,0
2014-03-12,21:00:00,12.245,12.245,12.235,12.235,908,0
2014-03-13,15:00:00,12.176,12.176,12.176,12.176,439,0
2014-03-13,17:00:00,12.235,12.235,12.235,12.235,706,0
2014-03-13,18:00:00,12.255,12.255,12.225,12.225,2524,0
2014-03-14,17:00:00,12.205,12.205,12.205,12.205,111,0
2014-03-14,18:00:00,12.205,12.205,12.205,12.205,302,0
2014-03-14,20:00:00,12.225,12.225,12.205,12.205,3599,0
2014-03-14,21:00:00,12.195,12.195,12.195,12.195,404,0
2014-03-17,15:00:00,12.265,12.285,12.235,12.285,1820,0
2014-03-17,17:00:00,12.255,12.255,12.255,12.255,908,0
2014-03-17,18:00:00,12.255,12.334,12.255,12.334,7219,0
2014-03-17,19:00:00,12.304,12.304,12.304,12.304,202,0
2014-03-17,20:00:00,12.304,12.304,12.304,12.304,202,0
2014-03-17,21:00:00,12.294,12.314,12.294,12.314,1010,0
2014-03-18,15:00:00,12.314,12.344,12.314,12.344,404,0
2014-03-18,16:00:00,12.344,12.374,12.334,12.374,2257,0
2014-03-18,17:00:00,12.374,12.374,12.374,12.374,100,0
2014-03-18,18:00:00,12.354,12.364,12.354,12.364,404,0
2014-03-18,20:00:00,12.364,12.364,12.334,12.364,3126,0
2014-03-18,21:00:00,12.334,12.334,12.334,12.334,205,0
2014-03-19,16:00:00,12.354,12.354,12.354,12.354,201,0
2014-03-19,17:00:00,12.344,12.364,12.324,12.364,1209,0
2014-03-19,19:00:00,12.354,12.354,12.354,12.354,201,0
2014-03-19,20:00:00,12.304,12.304,12.294,12.294,711,0
2014-03-20,16:00:00,12.263,12.293,12.153,12.233,5732,0
2014-03-20,17:00:00,12.233,12.363,12.223,12.273,7635,0
2014-03-20,18:00:00,12.283,12.283,12.283,12.283,201,0
2014-03-20,21:00:00,12.283,12.283,12.203,12.203,1771,0
2014-03-21,15:00:00,12.353,12.353,12.293,12.293,201,0
2014-03-21,16:00:00,12.263,12.273,12.223,12.273,3095,0
2014-03-21,17:00:00,12.273,12.273,12.273,12.273,201,0
2014-03-21,18:00:00,12.273,12.273,12.273,12.273,703,0
2014-03-21,19:00:00,12.273,12.273,12.273,12.273,603,0
2014-03-21,20:00:00,12.263,12.263,12.193,12.213,1607,0
2014-03-21,21:00:00,12.223,12.223,12.223,12.223,100,0
2014-03-24,16:00:00,12.233,12.253,12.233,12.253,260,0
2014-03-24,17:00:00,12.283,12.283,12.283,12.283,100,0
2014-03-24,18:00:00,12.273,12.273,12.273,12.273,201,0
2014-03-24,19:00:00,12.273,12.273,12.273,12.273,201,0
2014-03-24,21:00:00,12.263,12.263,12.263,12.263,100,0
2014-03-25,15:00:00,12.213,12.213,12.213,12.213,100,0
2014-03-25,16:00:00,12.203,12.203,12.193,12.193,400,0
2014-03-25,17:00:00,12.173,12.173,12.163,12.163,1004,0
2014-03-25,18:00:00,12.163,12.163,12.153,12.153,401,0
2014-03-25,19:00:00,12.163,12.243,12.163,12.193,2609,0
2014-03-25,20:00:00,12.203,12.203,12.203,12.203,200,0
2014-03-25,21:00:00,12.213,12.213,12.163,12.173,305,0
2014-03-26,15:00:00,12.293,12.343,12.293,12.343,200,0
2014-03-26,16:00:00,12.223,12.233,12.223,12.233,200,0
2014-03-26,17:00:00,12.263,12.263,12.263,12.263,502,0
2014-03-26,18:00:00,12.273,12.273,12.273,12.273,100,0
2014-03-26,20:00:00,12.223,12.223,12.223,12.223,753,0
2014-03-26,21:00:00,12.243,12.243,12.243,12.243,220,0
2014-03-27,15:00:00,12.273,12.273,12.273,12.273,402,0
2014-03-27,16:00:00,12.273,12.283,12.273,12.283,300,0
2014-03-27,17:00:00,12.263,12.283,12.263,12.273,700,0
2014-03-27,18:00:00,12.273,12.273,12.273,12.273,501,0
2014-03-27,20:00:00,12.283,12.283,12.283,12.283,100,0
2014-03-27,21:00:00,12.283,12.283,12.283,12.283,1172,0
2014-03-28,15:00:00,12.363,12.363,12.333,12.353,1376,0
2014-03-28,16:00:00,12.313,12.353,12.313,12.323,11057,0
2014-03-28,17:00:00,12.313,12.313,12.313,12.313,912,0
2014-03-28,20:00:00,12.243,12.243,12.223,12.223,3716,0
2014-03-28,21:00:00,12.233,12.293,12.233,12.293,200,0
2014-03-31,16:00:00,12.303,12.303,12.263,12.303,1050,0
2014-03-31,22:00:00,12.243,12.263,12.243,12.253,8610,0
2014-04-01,16:00:00,12.263,12.263,12.263,12.263,180,0
2014-04-01,17:00:00,12.243,12.253,12.233,12.233,1990,0
2014-04-01,18:00:00,12.233,12.243,12.193,12.243,1101,0
2014-04-01,19:00:00,12.253,12.253,12.193,12.193,245,0
2014-04-01,20:00:00,12.203,12.203,12.193,12.193,200,0
2014-04-01,21:00:00,12.203,12.203,12.203,12.203,100,0
2014-04-01,22:00:00,12.203,12.243,12.203,12.213,1622,0
2014-04-02,16:00:00,12.263,12.263,12.263,12.263,535,0
2014-04-02,17:00:00,12.213,12.213,12.203,12.203,400,0
2014-04-02,18:00:00,12.203,12.203,12.183,12.183,759,0
2014-04-02,19:00:00,12.183,12.183,12.163,12.163,400,0
2014-04-02,20:00:00,12.173,12.173,12.173,12.173,200,0
2014-04-02,21:00:00,12.163,12.173,12.163,12.163,400,0
2014-04-02,22:00:00,12.163,12.173,12.163,12.163,400,0
2014-04-03,16:00:00,12.134,12.134,12.134,12.134,1206,0
2014-04-03,18:00:00,12.203,12.223,12.203,12.223,702,0
2014-04-03,20:00:00,12.223,12.223,12.223,12.223,122,0
2014-04-03,21:00:00,12.233,12.263,12.183,12.263,14226,0
2014-04-03,22:00:00,12.263,12.263,12.263,12.263,706,0
2014-04-04,18:00:00,12.273,12.273,12.273,12.273,1005,0
2014-04-04,19:00:00,12.263,12.263,12.243,12.243,2009,0
2014-04-04,20:00:00,12.243,12.243,12.134,12.193,6432,0
2014-04-04,21:00:00,12.213,12.213,12.213,12.213,100,0
2014-04-04,22:00:00,12.213,12.293,12.193,12.203,1823,0
2014-04-07,18:00:00,12.283,12.283,12.243,12.243,400,0
2014-04-07,19:00:00,12.293,12.293,12.293,12.293,153,0
2014-04-07,22:00:00,12.293,12.293,12.283,12.283,1004,0
2014-04-08,17:00:00,12.243,12.293,12.233,12.293,1700,0
2014-04-08,18:00:00,12.293,12.293,12.273,12.293,4005,0
2014-04-08,19:00:00,12.293,12.343,12.293,12.343,1091,0
2014-04-08,20:00:00,12.273,12.293,12.273,12.293,200,0
2014-04-08,21:00:00,12.293,12.293,12.293,12.293,100,0
2014-04-08,22:00:00,12.273,12.323,12.273,12.323,2526,0
2014-04-09,16:00:00,12.343,12.343,12.343,12.343,202,0
2014-04-09,19:00:00,12.343,12.343,12.343,12.343,1005,0
2014-04-09,20:00:00,12.283,12.283,12.283,12.283,300,0
2014-04-09,22:00:00,12.283,12.283,12.283,12.283,600,0
2014-04-10,16:00:00,12.243,12.353,12.243,12.353,305,0
2014-04-10,17:00:00,12.303,12.303,12.293,12.293,300,0
2014-04-10,18:00:00,12.293,12.293,12.293,12.293,200,0
2014-04-10,19:00:00,12.313,12.313,12.313,12.313,100,0
2014-04-10,20:00:00,12.303,12.303,12.303,12.303,100,0
2014-04-10,21:00:00,12.303,12.303,12.303,12.303,201,0
2014-04-10,22:00:00,12.313,12.313,12.313,12.313,618,0
2014-04-11,16:00:00,12.273,12.273,12.273,12.273,1003,0
2014-04-11,17:00:00,12.363,12.402,12.363,12.402,2208,0
2014-04-11,18:00:00,12.382,12.402,12.382,12.402,1000,0
2014-04-11,19:00:00,12.402,12.402,12.402,12.402,428,0
2014-04-14,16:00:00,12.323,12.323,12.323,12.323,300,0
2014-04-14,17:00:00,12.363,12.363,12.343,12.343,339,0
2014-04-14,18:00:00,12.343,12.353,12.343,12.353,300,0
2014-04-14,19:00:00,12.333,12.333,12.333,12.333,100,0
2014-04-14,20:00:00,12.333,12.382,12.333,12.343,700,0
2014-04-14,21:00:00,12.343,12.343,12.333,12.333,301,0
2014-04-14,22:00:00,12.333,12.333,12.313,12.323,638,0
2014-04-15,16:00:00,12.382,12.382,12.333,12.333,1422,0
2014-04-15,17:00:00,12.343,12.343,12.333,12.333,400,0
2014-04-15,18:00:00,12.333,12.343,12.333,12.343,200,0
2014-04-15,19:00:00,12.333,12.432,12.333,12.432,16254,0
2014-04-15,20:00:00,12.432,12.432,12.382,12.402,2009,0
2014-04-15,22:00:00,12.432,12.432,12.422,12.422,1004,0
2014-04-16,17:00:00,12.363,12.382,12.363,12.382,401,0
2014-04-16,18:00:00,12.412,12.422,12.412,12.422,602,0
2014-04-16,19:00:00,12.442,12.462,12.442,12.462,2208,0
2014-04-16,20:00:00,12.482,12.552,12.482,12.552,11601,0
2014-04-16,21:00:00,12.532,12.552,12.502,12.552,6426,0
2014-04-16,22:00:00,12.552,12.562,12.552,12.552,2103,0
2014-04-17,16:00:00,12.94,12.94,12.591,12.591,600,0
2014-04-17,17:00:00,12.512,12.512,12.512,12.512,802,0
2014-04-17,18:00:00,12.572,12.572,12.572,12.572,100,0
2014-04-17,19:00:00,12.572,12.572,12.562,12.562,600,0
2014-04-17,22:00:00,12.532,12.542,12.532,12.542,428,0
2014-04-21,16:00:00,12.6,12.6,12.6,12.6,1100,0
2014-04-21,17:00:00,12.6,12.6,12.6,12.6,446,0
2014-04-21,19:00:00,12.6,12.6,12.59,12.59,2023,0
2014-04-22,16:00:00,12.52,12.62,12.52,12.62,406,0
2014-04-22,18:00:00,12.62,12.62,12.62,12.62,200,0
2014-04-22,19:00:00,12.62,12.62,12.62,12.62,400,0
2014-04-22,21:00:00,12.61,12.61,12.61,12.61,642,0
2014-04-22,22:00:00,12.61,12.61,12.61,12.61,200,0
2014-04-23,16:00:00,12.73,12.73,12.66,12.66,2608,0
2014-04-23,17:00:00,12.68,12.68,12.68,12.68,200,0
2014-04-23,18:00:00,12.68,12.68,12.65,12.68,950,0
2014-04-23,19:00:00,12.69,12.69,12.68,12.68,500,0
2014-04-23,21:00:00,12.7,12.7,12.7,12.7,659,0
2014-04-23,22:00:00,12.74,12.98,12.74,12.98,1000,0
2014-04-24,16:00:00,12.75,12.75,12.75,12.75,300,0
2014-04-24,17:00:00,12.75,12.75,12.75,12.75,600,0
2014-04-24,18:00:00,12.75,12.75,12.75,12.75,606,0
2014-04-24,19:00:00,12.75,12.75,12.75,12.75,200,0
2014-04-24,20:00:00,12.75,12.75,12.75,12.75,1900,0
2014-04-24,21:00:00,12.75,13,12.75,12.87,4962,0
2014-04-24,22:00:00,12.88,12.9,12.85,12.87,6730,0
2014-04-25,17:00:00,12.81,12.9,12.81,12.87,1621,0
2014-04-25,18:00:00,12.88,12.88,12.88,12.88,200,0
2014-04-25,20:00:00,12.9,12.9,12.9,12.9,183,0
2014-04-25,22:00:00,12.86,12.9,12.86,12.9,200,0
2014-04-28,16:00:00,12.99,12.99,12.99,12.99,100,0
2014-04-28,17:00:00,12.99,12.99,12.99,12.99,200,0
2014-04-28,18:00:00,13,13,12.89,12.89,1000,0
2014-04-28,19:00:00,12.91,12.99,12.91,12.99,804,0
2014-04-28,21:00:00,12.93,12.93,12.93,12.93,800,0
2014-04-28,22:00:00,12.87,12.87,12.87,12.87,4998,0
2014-04-29,16:00:00,12.9,12.93,12.85,12.9,1436,0
2014-04-29,17:00:00,12.9,12.9,12.9,12.9,300,0
2014-04-29,18:00:00,12.87,12.87,12.87,12.87,726,0
2014-04-29,20:00:00,12.87,12.88,12.87,12.88,500,0
2014-04-29,21:00:00,12.91,12.91,12.91,12.91,1334,0
2014-04-29,22:00:00,12.91,12.95,12.91,12.92,700,0
2014-04-30,17:00:00,12.95,12.95,12.95,12.95,2700,0
2014-04-30,20:00:00,12.93,12.93,12.93,12.93,295,0
2014-04-30,22:00:00,12.94,12.94,12.94,12.94,1000,0
2014-05-01,16:00:00,12.93,12.93,12.93,12.93,200,0
2014-05-01,17:00:00,12.93,12.94,12.93,12.94,410,0
2014-05-01,18:00:00,12.94,12.95,12.94,12.94,1014,0
2014-05-01,19:00:00,12.95,12.95,12.94,12.94,3646,0
2014-05-01,20:00:00,12.91,12.91,12.86,12.88,1100,0
2014-05-01,22:00:00,12.91,12.91,12.89,12.89,4661,0
2014-05-02,17:00:00,12.85,12.92,12.83,12.85,1500,0
2014-05-02,18:00:00,12.92,12.92,12.92,12.92,200,0
2014-05-02,19:00:00,12.92,12.92,12.92,12.92,100,0
2014-05-02,20:00:00,12.92,12.92,12.92,12.92,100,0
2014-05-02,21:00:00,12.92,12.93,12.87,12.93,2505,0
2014-05-02,22:00:00,12.91,12.93,12.91,12.91,800,0
2014-05-05,17:00:00,12.92,12.92,12.9,12.9,400,0
2014-05-05,18:00:00,12.86,12.86,12.83,12.83,2000,0
2014-05-05,19:00:00,12.83,12.83,12.83,12.83,200,0
2014-05-05,20:00:00,12.83,12.83,12.83,12.83,100,0
2014-05-05,21:00:00,12.81,12.83,12.81,12.83,2044,0
2014-05-05,22:00:00,12.82,12.83,12.81,12.83,339,0
2014-05-06,16:00:00,12.83,12.87,12.83,12.86,1800,0
2014-05-06,18:00:00,12.8,12.8,12.8,12.8,300,0
2014-05-06,19:00:00,12.8,12.8,12.8,12.8,4000,0
2014-05-06,20:00:00,12.79,12.8,12.72,12.73,7350,0
2014-05-06,21:00:00,12.75,12.75,12.7,12.7,5173,0
2014-05-06,22:00:00,12.7,12.7,12.66,12.68,2141,0
2014-05-07,16:00:00,12.72,12.75,12.65,12.75,1640,0
2014-05-07,21:00:00,12.74,12.74,12.74,12.74,800,0
2014-05-07,22:00:00,12.69,12.72,12.69,12.72,1700,0
