Date,Time,Open,High,Low,Close,Volume,OpenInt
2014-02-10,16:00:00,1.06,1.07,1.04,1.07,26900,0
2014-02-10,17:00:00,1.06,1.06,1.04,1.06,11197,0
2014-02-10,18:00:00,1.05,1.07,1.04,1.07,23806,0
2014-02-10,19:00:00,1.07,1.09,1.06,1.08,45500,0
2014-02-10,20:00:00,1.09,1.09,1.09,1.09,2800,0
2014-02-10,21:00:00,1.09,1.09,1.08,1.08,3094,0
2014-02-10,22:00:00,1.09,1.09,1.07,1.07,4955,0
2014-02-11,16:00:00,1.08,1.08,1.07,1.08,6103,0
2014-02-11,17:00:00,1.08,1.12,1.08,1.12,31640,0
2014-02-11,18:00:00,1.12,1.12,1.11,1.12,20100,0
2014-02-11,19:00:00,1.12,1.13,1.12,1.13,23908,0
2014-02-11,20:00:00,1.12,1.13,1.1,1.11,17049,0
2014-02-11,21:00:00,1.11,1.12,1.07,1.08,18561,0
2014-02-11,22:00:00,1.07,1.08,1.06,1.06,17900,0
2014-02-12,16:00:00,1.06,1.08,1.03,1.06,7400,0
2014-02-12,17:00:00,1.06,1.08,1.06,1.07,13000,0
2014-02-12,18:00:00,1.06,1.07,1.05,1.06,15044,0
2014-02-12,19:00:00,1.06,1.06,1.05,1.05,1200,0
2014-02-12,20:00:00,1.05,1.06,1.05,1.06,10882,0
2014-02-12,21:00:00,1.06,1.06,1.05,1.05,700,0
2014-02-12,22:00:00,1.05,1.05,1.01,1.01,23189,0
2014-02-13,16:00:00,1.01,1.03,1.01,1.03,1700,0
2014-02-13,17:00:00,1.02,1.03,1.02,1.03,3900,0
2014-02-13,18:00:00,1.03,1.04,1.03,1.04,2600,0
2014-02-13,19:00:00,1.03,1.05,1.03,1.05,22863,0
2014-02-13,20:00:00,1.06,1.07,1.05,1.06,2300,0
2014-02-13,21:00:00,1.07,1.07,1.06,1.06,6300,0
2014-02-13,22:00:00,1.07,1.07,1.05,1.07,5838,0
2014-02-14,16:00:00,1.07,1.07,1.07,1.07,13500,0
2014-02-14,17:00:00,1.07,1.09,1.07,1.09,10200,0
2014-02-14,18:00:00,1.09,1.09,1.07,1.08,15714,0
2014-02-14,19:00:00,1.08,1.08,1.08,1.08,400,0
2014-02-14,20:00:00,1.08,1.08,1.06,1.07,19928,0
2014-02-14,21:00:00,1.07,1.12,1.07,1.12,73434,0
2014-02-14,22:00:00,1.12,1.19,1.12,1.16,144631,0
2014-02-18,16:00:00,1.2,1.2,1.16,1.18,64872,0
2014-02-18,17:00:00,1.19,1.2,1.19,1.2,48442,0
2014-02-18,18:00:00,1.2,1.2,1.17,1.18,17736,0
2014-02-18,19:00:00,1.18,1.21,1.18,1.21,117826,0
2014-02-18,20:00:00,1.22,1.23,1.17,1.18,32574,0
2014-02-18,21:00:00,1.17,1.18,1.17,1.17,18726,0
2014-02-18,22:00:00,1.18,1.18,1.17,1.18,25675,0
2014-02-19,16:00:00,1.18,1.18,1.18,1.18,6975,0
2014-02-19,17:00:00,1.18,1.2,1.18,1.18,22071,0
2014-02-19,18:00:00,1.18,1.18,1.17,1.17,5966,0
2014-02-19,19:00:00,1.17,1.17,1.16,1.16,9235,0
2014-02-19,20:00:00,1.17,1.17,1.17,1.17,500,0
2014-02-19,21:00:00,1.16,1.16,1.15,1.15,17387,0
2014-02-19,22:00:00,1.15,1.15,1.13,1.14,29744,0
2014-02-20,17:00:00,1.15,1.15,1.13,1.13,11000,0
2014-02-20,18:00:00,1.14,1.15,1.14,1.15,4115,0
2014-02-20,19:00:00,1.13,1.13,1.13,1.13,1800,0
2014-02-20,20:00:00,1.13,1.13,1.11,1.11,6200,0
2014-02-20,21:00:00,1.12,1.13,1.12,1.13,8400,0
2014-02-20,22:00:00,1.12,1.13,1.11,1.13,18030,0
2014-02-21,16:00:00,1.11,1.12,1.1,1.1,40625,0
2014-02-21,17:00:00,1.1,1.1,1.07,1.1,28778,0
2014-02-21,18:00:00,1.09,1.1,1.08,1.09,11498,0
2014-02-21,19:00:00,1.09,1.09,1.08,1.08,4000,0
2014-02-21,20:00:00,1.08,1.09,1.08,1.09,3128,0
2014-02-21,21:00:00,1.08,1.1,1.08,1.1,23117,0
2014-02-21,22:00:00,1.09,1.09,1.09,1.09,4500,0
2014-02-24,16:00:00,1.12,1.12,1.12,1.12,3030,0
2014-02-24,17:00:00,1.13,1.13,1.11,1.11,17639,0
2014-02-24,18:00:00,1.13,1.17,1.13,1.15,14200,0
2014-02-24,19:00:00,1.16,1.16,1.16,1.16,3074,0
2014-02-24,20:00:00,1.15,1.16,1.15,1.16,11500,0
2014-02-24,21:00:00,1.15,1.15,1.15,1.15,5650,0
2014-02-24,22:00:00,1.15,1.15,1.15,1.15,6396,0
2014-02-25,16:00:00,1.17,1.17,1.15,1.15,5275,0
2014-02-25,17:00:00,1.11,1.13,1.11,1.11,4811,0
2014-02-25,18:00:00,1.11,1.11,1.1,1.11,5400,0
2014-02-25,19:00:00,1.1,1.11,1.1,1.11,1700,0
2014-02-25,20:00:00,1.11,1.11,1.1,1.11,5800,0
2014-02-25,22:00:00,1.13,1.14,1.1,1.14,8646,0
2014-02-26,16:00:00,1.1,1.1,1.08,1.08,2812,0
2014-02-26,17:00:00,1.08,1.11,1.08,1.11,8446,0
2014-02-26,18:00:00,1.09,1.1,1.08,1.08,12410,0
2014-02-26,19:00:00,1.08,1.1,1.08,1.1,3164,0
2014-02-26,21:00:00,1.1,1.1,1.1,1.1,360,0
2014-02-26,22:00:00,1.1,1.12,1.1,1.1,2000,0
2014-02-27,16:00:00,1.07,1.12,1.07,1.1,430,0
2014-02-27,17:00:00,1.1,1.1,1.09,1.09,2280,0
2014-02-27,18:00:00,1.1,1.1,1.1,1.1,1900,0
2014-02-27,19:00:00,1.1,1.1,1.1,1.1,300,0
2014-02-27,20:00:00,1.1,1.12,1.1,1.12,6100,0
2014-02-27,21:00:00,1.11,1.14,1.11,1.13,10477,0
2014-02-27,22:00:00,1.12,1.13,1.12,1.12,4823,0
2014-02-28,16:00:00,1.13,1.13,1.13,1.13,2720,0
2014-02-28,17:00:00,1.14,1.14,1.14,1.14,1000,0
2014-02-28,18:00:00,1.11,1.11,1.1,1.1,8697,0
2014-02-28,19:00:00,1.11,1.11,1.11,1.11,5455,0
2014-02-28,20:00:00,1.1,1.1,1.1,1.1,2800,0
2014-02-28,21:00:00,1.1,1.11,1.09,1.09,4400,0
2014-02-28,22:00:00,1.11,1.13,1.1,1.13,7700,0
2014-03-03,16:00:00,1.15,1.16,1.14,1.16,6700,0
2014-03-03,17:00:00,1.14,1.14,1.11,1.14,7562,0
2014-03-03,19:00:00,1.11,1.11,1.11,1.11,5500,0
2014-03-03,20:00:00,1.11,1.12,1.09,1.1,14785,0
2014-03-03,21:00:00,1.1,1.11,1.09,1.1,5200,0
2014-03-03,22:00:00,1.1,1.11,1.1,1.11,8200,0
2014-03-04,16:00:00,1.09,1.11,1.09,1.11,300,0
2014-03-04,17:00:00,1.1,1.11,1.09,1.1,13100,0
2014-03-04,18:00:00,1.1,1.1,1.1,1.1,2342,0
2014-03-04,19:00:00,1.1,1.1,1.1,1.1,500,0
2014-03-04,20:00:00,1.1,1.11,1.1,1.1,1800,0
2014-03-04,21:00:00,1.11,1.11,1.1,1.1,5215,0
2014-03-04,22:00:00,1.11,1.11,1.11,1.11,2000,0
2014-03-05,16:00:00,1.09,1.09,1.09,1.09,23500,0
2014-03-05,17:00:00,1.09,1.1,1.08,1.08,9595,0
2014-03-05,18:00:00,1.08,1.09,1.08,1.09,10234,0
2014-03-05,20:00:00,1.1,1.1,1.1,1.1,1000,0
2014-03-05,21:00:00,1.1,1.1,1.09,1.09,15233,0
2014-03-05,22:00:00,1.09,1.09,1.08,1.08,4890,0
2014-03-06,16:00:00,1.09,1.09,1.09,1.09,150,0
2014-03-06,17:00:00,1.1,1.1,1.09,1.09,7907,0
2014-03-06,18:00:00,1.09,1.1,1.08,1.09,11269,0
2014-03-06,19:00:00,1.09,1.09,1.09,1.09,100,0
2014-03-06,20:00:00,1.09,1.09,1.09,1.09,1500,0
2014-03-06,21:00:00,1.09,1.09,1.08,1.09,440,0
2014-03-06,22:00:00,1.09,1.09,1.09,1.09,300,0
2014-03-07,16:00:00,1.09,1.09,1.08,1.09,4952,0
2014-03-07,17:00:00,1.06,1.07,1.05,1.05,37799,0
2014-03-07,18:00:00,1.06,1.06,1.05,1.05,6500,0
2014-03-07,19:00:00,1.06,1.06,1.05,1.05,3300,0
2014-03-07,20:00:00,1.05,1.06,1.05,1.06,7948,0
2014-03-07,21:00:00,1.06,1.06,1.06,1.06,275,0
2014-03-07,22:00:00,1.06,1.06,1.05,1.05,7700,0
2014-03-10,15:00:00,1.04,1.05,1.03,1.03,3860,0
2014-03-10,16:00:00,1.04,1.04,1.03,1.03,3600,0
2014-03-10,17:00:00,1.05,1.06,1.05,1.06,1300,0
2014-03-10,18:00:00,1.06,1.06,1.06,1.06,1500,0
2014-03-10,19:00:00,1.05,1.05,1.05,1.05,200,0
2014-03-10,20:00:00,1.05,1.05,1.05,1.05,1000,0
2014-03-10,21:00:00,1.05,1.05,1.04,1.05,6060,0
2014-03-11,15:00:00,1.04,1.05,1.03,1.03,5150,0
2014-03-11,16:00:00,1.03,1.03,1.03,1.03,2700,0
2014-03-11,17:00:00,1.04,1.04,1.03,1.03,3850,0
2014-03-11,18:00:00,1.03,1.05,1.03,1.05,10000,0
2014-03-11,19:00:00,1.03,1.03,1.01,1.01,22750,0
2014-03-11,20:00:00,1.03,1.03,1,1.01,16600,0
2014-03-11,21:00:00,1.03,1.04,1.03,1.04,1100,0
2014-03-12,15:00:00,1.02,1.02,1.01,1.01,4570,0
2014-03-12,16:00:00,1.02,1.03,1.01,1.02,11000,0
2014-03-12,17:00:00,1.01,1.03,1.01,1.03,16398,0
2014-03-12,18:00:00,1.02,1.03,1.01,1.02,15335,0
2014-03-12,20:00:00,1.02,1.02,1.02,1.02,1344,0
2014-03-12,21:00:00,1.04,1.04,1.01,1.01,6600,0
2014-03-13,15:00:00,1.01,1.01,1.01,1.01,300,0
2014-03-13,16:00:00,1.03,1.03,1.02,1.03,6750,0
2014-03-13,17:00:00,1.01,1.03,1.01,1.03,8800,0
2014-03-13,18:00:00,1.03,1.1,1.01,1.02,20237,0
2014-03-13,19:00:00,1.03,1.03,1.03,1.03,300,0
2014-03-13,20:00:00,1.05,1.05,1.03,1.03,10080,0
2014-03-13,21:00:00,1.05,1.07,1.03,1.06,34528,0
2014-03-14,15:00:00,1.09,1.09,1.01,1.09,9700,0
2014-03-14,16:00:00,1.07,1.11,1.07,1.11,20517,0
2014-03-14,17:00:00,1.05,1.05,1.05,1.05,3800,0
2014-03-14,18:00:00,1.07,1.08,1.06,1.06,2600,0
2014-03-14,19:00:00,1.07,1.07,1.06,1.06,1100,0
2014-03-14,20:00:00,1.07,1.07,1.07,1.07,7500,0
2014-03-14,21:00:00,1.07,1.09,1.06,1.06,9995,0
2014-03-17,15:00:00,1.07,1.09,1.02,1.07,18550,0
2014-03-17,16:00:00,1.03,1.04,1.03,1.04,5700,0
2014-03-17,17:00:00,1.03,1.05,1.03,1.05,5097,0
2014-03-17,19:00:00,1.03,1.03,1.03,1.03,2500,0
2014-03-17,20:00:00,1.04,1.04,1.04,1.04,570,0
2014-03-17,21:00:00,1.02,1.03,1.02,1.02,43949,0
2014-03-18,15:00:00,1.03,1.06,1.03,1.04,5000,0
2014-03-18,16:00:00,1.04,1.07,1.04,1.07,9400,0
2014-03-18,17:00:00,1.06,1.06,1.05,1.05,6100,0
2014-03-18,18:00:00,1.05,1.08,1.05,1.08,10300,0
2014-03-18,19:00:00,1.08,1.08,1.07,1.08,8921,0
2014-03-18,20:00:00,1.08,1.08,1.07,1.07,4800,0
2014-03-18,21:00:00,1.07,1.08,1.07,1.08,7467,0
2014-03-19,16:00:00,1.06,1.06,1,1,34140,0
2014-03-19,17:00:00,1.02,1.04,1,1.04,9900,0
2014-03-19,18:00:00,1.01,1.02,1,1.01,9700,0
2014-03-19,19:00:00,1.02,1.02,1.01,1.02,2951,0
2014-03-19,20:00:00,1.02,1.02,1,1,6785,0
2014-03-19,21:00:00,1.01,1.05,1.01,1.04,10791,0
2014-03-20,15:00:00,1.04,1.04,1.03,1.03,1500,0
2014-03-20,16:00:00,1.04,1.04,1.04,1.04,3700,0
2014-03-20,17:00:00,1.02,1.02,0.98,1.01,12750,0
2014-03-20,18:00:00,0.99,1.02,0.98,0.98,20100,0
2014-03-20,19:00:00,1.01,1.04,1,1.04,17100,0
2014-03-20,20:00:00,1.04,1.04,1.04,1.04,120,0
2014-03-20,21:00:00,1.03,1.04,1,1,2400,0
2014-03-21,15:00:00,0.99,1.01,0.99,1.01,4500,0
2014-03-21,16:00:00,1.01,1.02,1.01,1.02,1985,0
2014-03-21,17:00:00,1.02,1.07,1.01,1.05,11900,0
2014-03-21,18:00:00,1.05,1.06,1.03,1.03,3712,0
2014-03-21,20:00:00,1.03,1.05,1.03,1.03,4300,0
2014-03-21,21:00:00,1.04,1.05,1.02,1.05,16100,0
2014-03-24,15:00:00,1.01,1.01,1.01,1.01,1000,0
2014-03-24,16:00:00,1.01,1.04,0.99,1,7136,0
2014-03-24,17:00:00,1.01,1.02,1.01,1.02,8778,0
2014-03-24,18:00:00,1.01,1.01,1.01,1.01,1500,0
2014-03-24,19:00:00,1.02,1.03,1.01,1.03,7500,0
2014-03-24,21:00:00,1.02,1.03,1.01,1.02,9787,0
2014-03-25,16:00:00,1.01,1.01,0.99,1,24300,0
2014-03-25,18:00:00,1,1.02,0.99,0.99,34700,0
2014-03-25,19:00:00,1,1.03,1,1.03,28430,0
2014-03-25,20:00:00,1.03,1.03,1.03,1.03,200,0
2014-03-25,21:00:00,1.02,1.03,1.02,1.03,600,0
2014-03-26,15:00:00,1.03,1.05,1.02,1.02,6000,0
2014-03-26,16:00:00,1.02,1.02,1.01,1.01,13200,0
2014-03-26,17:00:00,1.01,1.03,1.01,1.02,6200,0
2014-03-26,18:00:00,1.02,1.02,1.02,1.02,7120,0
2014-03-26,19:00:00,1.02,1.03,1.02,1.02,8400,0
2014-03-26,20:00:00,1.02,1.03,1.01,1.01,9800,0
2014-03-26,21:00:00,1.01,1.02,1.01,1.02,6600,0
2014-03-27,15:00:00,1.02,1.02,1.02,1.02,1000,0
2014-03-27,16:00:00,1.01,1.01,1.01,1.01,400,0
2014-03-27,17:00:00,1,1.02,1,1.02,28000,0
2014-03-27,18:00:00,1,1,1,1,630,0
2014-03-27,19:00:00,1,1.01,0.99,1,20750,0
2014-03-27,20:00:00,0.99,0.99,0.99,0.99,1000,0
2014-03-27,21:00:00,0.99,1,0.99,0.99,5281,0
2014-03-28,15:00:00,1.02,1.02,1.02,1.02,100,0
2014-03-28,16:00:00,1.02,1.02,1.02,1.02,1720,0
2014-03-28,17:00:00,1.02,1.02,1,1.02,21460,0
2014-03-28,18:00:00,1.03,1.04,1,1.01,11950,0
2014-03-28,19:00:00,1.03,1.03,1.03,1.03,440,0
2014-03-28,20:00:00,1.03,1.04,1.03,1.04,3900,0
2014-03-28,21:00:00,1.04,1.06,1.04,1.06,3100,0
2014-03-31,17:00:00,1.03,1.06,1.03,1.06,12500,0
2014-03-31,18:00:00,1.05,1.05,1.05,1.05,5340,0
2014-03-31,19:00:00,1.04,1.04,1.04,1.04,4800,0
2014-03-31,20:00:00,1.04,1.04,1.04,1.04,3400,0
2014-03-31,21:00:00,1.04,1.04,1.04,1.04,22500,0
2014-03-31,22:00:00,1.04,1.05,1.04,1.04,3600,0
2014-04-01,16:00:00,1.03,1.03,1.02,1.02,4870,0
2014-04-01,17:00:00,1.03,1.03,1.02,1.02,4050,0
2014-04-01,18:00:00,1.02,1.02,1.02,1.02,3175,0
2014-04-01,19:00:00,1.02,1.02,1.02,1.02,1800,0
2014-04-01,21:00:00,1.02,1.02,1.02,1.02,5866,0
2014-04-01,22:00:00,1,1.02,0.99,0.99,17018,0
2014-04-02,16:00:00,0.99,0.99,0.99,0.99,3500,0
2014-04-02,17:00:00,0.99,1.01,0.99,1.01,3200,0
2014-04-02,18:00:00,1.02,1.02,1.01,1.02,8800,0
2014-04-02,19:00:00,1.02,1.02,1.02,1.02,300,0
2014-04-02,20:00:00,1.02,1.02,1.01,1.01,18034,0
2014-04-02,21:00:00,1.02,1.02,1.02,1.02,200,0
2014-04-02,22:00:00,1.01,1.01,0.98,0.98,14898,0
2014-04-03,17:00:00,1,1,0.97,0.98,5589,0
2014-04-03,18:00:00,0.98,1,0.98,1,18500,0
2014-04-03,19:00:00,1,1,1,1,1000,0
2014-04-03,20:00:00,1,1,0.98,0.98,350,0
2014-04-03,21:00:00,0.98,0.98,0.98,0.98,975,0
2014-04-03,22:00:00,0.99,0.99,0.99,0.99,1716,0
2014-04-04,16:00:00,1.01,1.01,1.01,1.01,2600,0
2014-04-04,17:00:00,1.01,1.01,1.01,1.01,7100,0
2014-04-04,18:00:00,1.01,1.01,1,1.01,15900,0
2014-04-04,19:00:00,1.01,1.02,1.01,1.02,14800,0
2014-04-04,20:00:00,1.02,1.02,1.02,1.02,5747,0
2014-04-04,21:00:00,1.01,1.02,1,1.02,18832,0
2014-04-04,22:00:00,1.02,1.04,1.01,1.01,14843,0
2014-04-07,16:00:00,1.01,1.02,1.01,1.02,2956,0
2014-04-07,17:00:00,1.01,1.01,1.01,1.01,2300,0
2014-04-07,18:00:00,1.01,1.01,1.01,1.01,500,0
2014-04-07,19:00:00,1.01,1.01,1.01,1.01,1600,0
2014-04-07,20:00:00,1.01,1.01,1.01,1.01,700,0
2014-04-07,21:00:00,1.01,1.01,1.01,1.01,200,0
2014-04-07,22:00:00,1.02,1.02,1.01,1.01,3000,0
2014-04-08,16:00:00,1.02,1.02,1.02,1.02,100,0
2014-04-08,17:00:00,1.03,1.03,1.03,1.03,776,0
2014-04-08,18:00:00,1.01,1.01,1.01,1.01,6000,0
2014-04-08,19:00:00,1.02,1.03,1.02,1.03,6800,0
2014-04-08,20:00:00,1.03,1.05,1.03,1.05,6461,0
2014-04-08,21:00:00,1.03,1.03,1.03,1.03,600,0
2014-04-08,22:00:00,1.03,1.03,1.02,1.02,17256,0
2014-04-09,17:00:00,1.02,1.02,1.02,1.02,555,0
2014-04-09,18:00:00,1.04,1.04,1.03,1.03,6700,0
2014-04-09,19:00:00,1.02,1.02,1.02,1.02,2000,0
2014-04-09,20:00:00,1.02,1.02,1.02,1.02,1000,0
2014-04-09,21:00:00,1.02,1.02,1.01,1.02,12975,0
2014-04-10,16:00:00,1.03,1.03,1.02,1.02,2100,0
2014-04-10,17:00:00,1.02,1.02,1.02,1.02,3000,0
2014-04-10,18:00:00,1.02,1.02,1.01,1.01,8100,0
2014-04-10,19:00:00,1.01,1.02,1.01,1.02,6100,0
2014-04-10,20:00:00,1,1.02,1,1.01,4200,0
2014-04-10,21:00:00,1.02,1.02,1.02,1.02,100,0
2014-04-10,22:00:00,1.02,1.03,1.01,1.03,2200,0
2014-04-11,16:00:00,1,1,1,1,2802,0
2014-04-11,17:00:00,0.99,1,0.97,0.97,18551,0
2014-04-11,18:00:00,0.97,0.97,0.96,0.96,17900,0
2014-04-11,19:00:00,0.97,0.99,0.97,0.98,3939,0
2014-04-11,20:00:00,0.98,0.98,0.97,0.97,5575,0
2014-04-11,21:00:00,0.97,0.97,0.97,0.97,5500,0
2014-04-11,22:00:00,0.97,1,0.97,0.99,12256,0
2014-04-14,16:00:00,0.97,0.98,0.97,0.98,1095,0
2014-04-14,17:00:00,0.99,0.99,0.98,0.98,5728,0
2014-04-14,18:00:00,0.98,0.99,0.96,0.99,1100,0
2014-04-14,19:00:00,0.98,0.98,0.98,0.98,4600,0
2014-04-14,20:00:00,0.98,0.98,0.97,0.97,3400,0
2014-04-14,21:00:00,0.98,0.98,0.97,0.97,1400,0
2014-04-14,22:00:00,0.97,0.99,0.97,0.99,7900,0
2014-04-15,16:00:00,0.98,1.03,0.97,0.97,3300,0
2014-04-15,17:00:00,0.97,0.98,0.97,0.97,14500,0
2014-04-15,18:00:00,0.97,0.98,0.96,0.97,7400,0
2014-04-15,19:00:00,0.96,0.96,0.96,0.96,4220,0
2014-04-15,20:00:00,0.96,0.96,0.96,0.96,2700,0
2014-04-15,21:00:00,0.96,0.96,0.95,0.95,1200,0
2014-04-15,22:00:00,0.95,0.95,0.95,0.95,45239,0
2014-04-16,16:00:00,0.94,0.97,0.94,0.97,4000,0
2014-04-16,17:00:00,0.96,0.97,0.96,0.96,11700,0
2014-04-16,18:00:00,0.96,0.96,0.96,0.96,1400,0
2014-04-16,19:00:00,0.96,0.96,0.96,0.96,3300,0
2014-04-16,20:00:00,0.95,0.99,0.95,0.97,16150,0
2014-04-16,22:00:00,0.97,0.98,0.96,0.96,3250,0
2014-04-17,16:00:00,0.95,0.97,0.95,0.97,3600,0
2014-04-17,18:00:00,0.96,0.96,0.96,0.96,3900,0
2014-04-17,22:00:00,0.95,0.98,0.95,0.96,3875,0
2014-04-21,16:00:00,0.93,0.94,0.92,0.93,8060,0
2014-04-21,17:00:00,0.92,0.93,0.92,0.92,51274,0
2014-04-21,18:00:00,0.93,0.95,0.93,0.94,6991,0
2014-04-21,19:00:00,0.95,0.95,0.95,0.95,250,0
2014-04-21,20:00:00,0.94,0.95,0.94,0.95,3200,0
2014-04-21,21:00:00,0.95,0.96,0.95,0.96,500,0
2014-04-21,22:00:00,0.95,0.98,0.95,0.98,25808,0
2014-04-22,17:00:00,0.97,0.97,0.97,0.97,300,0
2014-04-22,19:00:00,0.98,0.98,0.98,0.98,4143,0
2014-04-22,20:00:00,0.99,1,0.99,1,6500,0
2014-04-22,21:00:00,1,1,0.98,1,5875,0
2014-04-22,22:00:00,1,1.01,1,1,11943,0
2014-04-23,16:00:00,1,1,0.95,0.95,26300,0
2014-04-23,17:00:00,0.96,0.96,0.96,0.96,600,0
2014-04-23,18:00:00,0.98,0.98,0.97,0.97,4603,0
2014-04-23,19:00:00,0.98,0.98,0.96,0.97,1770,0
2014-04-23,20:00:00,0.98,0.98,0.98,0.98,1000,0
2014-04-23,21:00:00,0.99,0.99,0.97,0.98,6300,0
2014-04-23,22:00:00,1,1.01,1,1.01,48762,0
2014-04-24,16:00:00,0.98,0.98,0.98,0.98,2000,0
2014-04-24,18:00:00,0.99,1.02,0.99,1.02,124100,0
2014-04-24,19:00:00,1.01,1.06,1,1.02,21900,0
2014-04-24,20:00:00,1.03,1.06,1.03,1.05,60700,0
2014-04-24,22:00:00,1.05,1.08,1.05,1.08,1700,0
2014-04-25,16:00:00,1.05,1.05,1.05,1.05,4750,0
2014-04-25,17:00:00,1.03,1.03,1.03,1.03,8600,0
2014-04-25,18:00:00,1.04,1.04,1.04,1.04,300,0
2014-04-25,19:00:00,1.04,1.04,1.04,1.04,4400,0
2014-04-25,21:00:00,1.04,1.04,1.04,1.04,4800,0
2014-04-25,22:00:00,1.03,1.06,1.02,1.06,6900,0
2014-04-28,16:00:00,1.03,1.03,1.02,1.02,950,0
2014-04-28,17:00:00,1.02,1.03,1.02,1.03,300,0
2014-04-28,19:00:00,1.02,1.04,1.02,1.04,1875,0
2014-04-28,20:00:00,1.04,1.05,1.04,1.05,12300,0
2014-04-28,21:00:00,1.04,1.06,1.04,1.04,5500,0
2014-04-28,22:00:00,1.05,1.05,1.05,1.05,3500,0
2014-04-29,16:00:00,1.02,1.02,1,1,30400,0
2014-04-29,17:00:00,1.04,1.04,1,1,10700,0
2014-04-29,18:00:00,1.03,1.04,1.01,1.04,13069,0
2014-04-29,19:00:00,1.02,1.02,1,1,700,0
2014-04-29,20:00:00,0.99,0.99,0.96,0.97,9100,0
2014-04-29,21:00:00,0.97,1.05,0.97,1.05,14400,0
2014-04-29,22:00:00,1.03,1.04,1.01,1.01,9500,0
2014-04-30,17:00:00,0.98,0.99,0.98,0.98,2300,0
2014-04-30,18:00:00,0.99,0.99,0.99,0.99,233,0
2014-04-30,19:00:00,0.98,1,0.98,1,3284,0
2014-04-30,20:00:00,0.99,1,0.99,1,2000,0
2014-04-30,21:00:00,0.98,0.99,0.98,0.99,1600,0
2014-04-30,22:00:00,0.99,1.01,0.96,0.97,26800,0
2014-05-01,17:00:00,0.96,0.96,0.93,0.93,16800,0
2014-05-01,18:00:00,0.94,0.95,0.91,0.92,16468,0
2014-05-01,19:00:00,0.95,0.95,0.95,0.95,300,0
2014-05-01,20:00:00,0.93,0.93,0.93,0.93,3725,0
2014-05-01,22:00:00,0.93,0.93,0.93,0.93,3700,0
2014-05-02,16:00:00,0.94,0.95,0.91,0.93,7384,0
2014-05-02,17:00:00,0.93,0.93,0.93,0.93,1600,0
2014-05-02,18:00:00,0.93,0.93,0.93,0.93,6800,0
2014-05-02,19:00:00,0.92,0.93,0.92,0.93,2098,0
2014-05-02,20:00:00,0.93,0.93,0.93,0.93,700,0
2014-05-02,21:00:00,0.93,0.93,0.93,0.93,2000,0
2014-05-02,22:00:00,0.93,0.94,0.93,0.94,500,0
2014-05-05,16:00:00,0.99,0.99,0.99,0.99,1500,0
2014-05-05,18:00:00,0.96,0.96,0.96,0.96,100,0
2014-05-05,20:00:00,0.95,0.95,0.94,0.94,3300,0
2014-05-05,22:00:00,0.95,0.95,0.95,0.95,619,0
2014-05-06,17:00:00,0.94,0.94,0.92,0.92,10500,0
2014-05-06,18:00:00,0.92,0.92,0.91,0.92,9700,0
2014-05-06,19:00:00,0.92,0.92,0.92,0.92,300,0
2014-05-06,20:00:00,0.92,0.93,0.89,0.93,16120,0
2014-05-06,21:00:00,0.93,0.94,0.93,0.94,5000,0
2014-05-06,22:00:00,0.9,0.93,0.9,0.93,8700,0
2014-05-07,16:00:00,0.91,0.91,0.89,0.89,3600,0
2014-05-07,17:00:00,0.89,0.9,0.89,0.89,3100,0
2014-05-07,18:00:00,0.89,0.89,0.86,0.86,11022,0
2014-05-07,19:00:00,0.88,0.88,0.86,0.87,21177,0
2014-05-07,20:00:00,0.86,0.86,0.86,0.86,805,0
2014-05-07,21:00:00,0.87,0.87,0.84,0.85,24000,0
2014-05-07,22:00:00,0.85,0.86,0.84,0.86,18100,0
