Date,Time,Open,High,Low,Close,Volume,OpenInt
2014-02-10,16:00:00,12.413,12.4825,12.413,12.4825,10884,0
2014-02-10,17:00:00,12.4924,12.5222,12.3535,12.3634,9776,0
2014-02-10,18:00:00,12.3336,12.4428,12.3336,12.4031,8793,0
2014-02-10,19:00:00,12.4031,12.4527,12.4031,12.413,7357,0
2014-02-10,20:00:00,12.413,12.4825,12.3833,12.4825,69842,0
2014-02-10,21:00:00,12.5321,12.542,12.4527,12.4527,15714,0
2014-02-10,22:00:00,12.413,12.4726,12.0657,12.4229,66322,0
2014-02-11,16:00:00,12.4726,12.5222,12.3634,12.5222,7748,0
2014-02-11,17:00:00,12.5222,12.5222,12.4527,12.4924,6469,0
2014-02-11,18:00:00,12.5023,12.5619,12.4428,12.5321,11489,0
2014-02-11,19:00:00,12.5222,12.542,12.4825,12.542,12512,0
2014-02-11,20:00:00,12.542,12.5619,12.5023,12.5023,8667,0
2014-02-11,21:00:00,12.542,12.5619,12.5222,12.5619,9272,0
2014-02-11,22:00:00,12.5718,12.6512,12.5321,12.6016,21510,0
2014-02-12,16:00:00,12.542,12.6214,12.542,12.6016,6051,0
2014-02-12,17:00:00,12.6214,12.671,12.6016,12.6412,22312,0
2014-02-12,18:00:00,12.6412,12.7107,12.6412,12.7107,13833,0
2014-02-12,19:00:00,12.6611,12.7305,12.6214,12.6809,4132,0
2014-02-12,20:00:00,12.7206,12.7405,12.6809,12.7206,5341,0
2014-02-12,21:00:00,12.7206,12.7206,12.6512,12.671,19161,0
2014-02-12,22:00:00,12.671,12.8,12.6512,12.7504,41716,0
2014-02-13,16:00:00,12.7504,12.7603,12.6809,12.7504,18141,0
2014-02-13,17:00:00,12.7206,12.8496,12.7107,12.7901,9632,0
2014-02-13,18:00:00,12.8,12.8198,12.7504,12.7901,9790,0
2014-02-13,19:00:00,12.7603,12.8,12.7405,12.8,11401,0
2014-02-13,20:00:00,12.7702,12.8099,12.7603,12.7901,10179,0
2014-02-13,21:00:00,12.8,12.8099,12.7702,12.8,21049,0
2014-02-13,22:00:00,12.8,12.8198,12.7603,12.7901,52935,0
2014-02-14,16:00:00,12.7504,12.7901,12.6909,12.7504,5845,0
2014-02-14,17:00:00,12.7405,12.7603,12.6512,12.7206,7433,0
2014-02-14,18:00:00,12.7305,12.7405,12.6611,12.7008,5739,0
2014-02-14,19:00:00,12.7206,12.7206,12.671,12.7008,2116,0
2014-02-14,20:00:00,12.7305,12.7305,12.6611,12.7107,2318,0
2014-02-14,21:00:00,12.7206,12.8099,12.7107,12.7405,9856,0
2014-02-14,22:00:00,12.7405,12.7504,12.6611,12.7305,10748,0
2014-02-18,16:00:00,12.7504,12.9191,12.7405,12.8397,8600,0
2014-02-18,17:00:00,12.8,12.8198,12.7504,12.8,17156,0
2014-02-18,18:00:00,12.7901,12.8099,12.7603,12.8,15569,0
2014-02-18,19:00:00,12.8,12.8298,12.8,12.8,11388,0
2014-02-18,20:00:00,12.8,12.8099,12.7802,12.7901,21841,0
2014-02-18,21:00:00,12.8,12.8099,12.7702,12.8,23373,0
2014-02-18,22:00:00,12.8,12.8099,12.7504,12.8,65543,0
2014-02-19,16:00:00,12.7702,12.8695,12.6611,12.8099,6051,0
2014-02-19,17:00:00,12.7702,12.8397,12.7504,12.8397,21188,0
2014-02-19,18:00:00,12.8595,12.8595,12.7702,12.7901,25908,0
2014-02-19,19:00:00,12.7504,12.8099,12.7504,12.7702,5624,0
2014-02-19,20:00:00,12.8,12.8099,12.7802,12.8099,17436,0
2014-02-19,21:00:00,12.8,12.8099,12.7901,12.7901,10371,0
2014-02-19,22:00:00,12.8,12.8,12.7305,12.7305,30684,0
2014-02-20,16:00:00,12.8,12.8496,12.6909,12.8099,41540,0
2014-02-20,17:00:00,12.8099,12.8099,12.8,12.8099,16949,0
2014-02-20,18:00:00,12.8099,12.8099,12.8,12.8099,9979,0
2014-02-20,19:00:00,12.8099,12.8595,12.8,12.8099,36117,0
2014-02-20,20:00:00,12.8,13.4846,12.8,13.4549,70315,0
2014-02-20,21:00:00,13.5045,13.5541,13.3954,13.5243,11764,0
2014-02-20,22:00:00,13.5144,13.5442,13.3259,13.4747,73942,0
2014-02-21,16:00:00,13.4747,13.6533,13.4747,13.5938,12572,0
2014-02-21,17:00:00,13.6236,13.7228,13.6236,13.6335,14815,0
2014-02-21,18:00:00,13.6335,13.6533,13.564,13.5739,18141,0
2014-02-21,19:00:00,13.5839,13.5839,13.3954,13.3954,22863,0
2014-02-21,20:00:00,13.3954,13.4152,13.3755,13.4152,23177,0
2014-02-21,21:00:00,13.4053,13.5243,13.4053,13.5144,19058,0
2014-02-21,22:00:00,13.5144,13.5144,13.316,13.3656,104452,0
2014-02-24,16:00:00,13.3457,13.4648,13.3457,13.4648,3729,0
2014-02-24,17:00:00,13.4946,13.5442,13.3358,13.3954,34283,0
2014-02-24,18:00:00,13.3854,13.4152,13.2961,13.3557,17093,0
2014-02-24,19:00:00,13.3061,13.3557,13.2961,13.3358,6652,0
2014-02-24,20:00:00,13.3457,13.3457,13.2961,13.2961,5972,0
2014-02-24,21:00:00,13.316,13.3259,13.2664,13.2763,30522,0
2014-02-24,22:00:00,13.2763,13.2961,13.2267,13.2465,44369,0
2014-02-25,16:00:00,13.1671,13.1671,11.4704,13.0084,24538,0
2014-02-25,17:00:00,13.0183,13.1473,12.9786,12.9885,17637,0
2014-02-25,18:00:00,12.9786,12.9985,12.9092,12.9488,13521,0
2014-02-25,19:00:00,12.9191,12.9786,12.8794,12.8893,17990,0
2014-02-25,20:00:00,12.8893,12.8992,12.8695,12.8794,10380,0
2014-02-25,21:00:00,12.8893,12.8992,12.7702,12.8298,33575,0
2014-02-25,22:00:00,12.8298,12.8893,12.8099,12.8397,36889,0
2014-02-26,16:00:00,12.7702,12.8397,12.671,12.671,4535,0
2014-02-26,17:00:00,12.6512,12.7504,12.5519,12.6909,15691,0
2014-02-26,18:00:00,12.6809,12.8099,12.6512,12.7305,14311,0
2014-02-26,19:00:00,12.7305,12.7405,12.6809,12.7206,9861,0
2014-02-26,20:00:00,12.7107,12.7802,12.6909,12.7206,8306,0
2014-02-26,21:00:00,12.7504,12.7504,12.5619,12.6412,12719,0
2014-02-26,22:00:00,12.6412,12.7008,12.5222,12.6412,66306,0
2014-02-27,16:00:00,12.5619,12.6611,12.5122,12.5222,7249,0
2014-02-27,17:00:00,12.542,12.5916,12.542,12.5916,504,0
2014-02-27,18:00:00,12.6115,12.6412,12.5916,12.6313,2217,0
2014-02-27,19:00:00,12.6412,12.671,12.5619,12.5619,4737,0
2014-02-27,20:00:00,12.6214,12.7008,12.5619,12.7008,5140,0
2014-02-27,21:00:00,12.7008,12.7008,12.5619,12.5718,7750,0
2014-02-27,22:00:00,12.6115,12.7504,12.6016,12.7107,45679,0
2014-02-28,16:00:00,12.8198,12.9092,12.7901,12.8794,2419,0
2014-02-28,17:00:00,12.8695,13.1473,12.8695,13.0977,39824,0
2014-02-28,18:00:00,13.0183,13.0778,12.9488,12.9588,8264,0
2014-02-28,19:00:00,12.9488,13.0084,12.929,12.9488,27268,0
2014-02-28,20:00:00,12.9488,13.0977,12.9488,13.0977,7861,0
2014-02-28,21:00:00,13.1076,13.1572,12.9687,12.9786,13624,0
2014-02-28,22:00:00,12.9687,13.0381,12.8397,12.8992,35084,0
2014-03-03,16:00:00,12.929,13.0084,12.8992,12.8992,6450,0
2014-03-03,17:00:00,12.9092,12.9092,12.8496,12.8893,3914,0
2014-03-03,18:00:00,12.8595,12.8595,12.7504,12.7504,3179,0
2014-03-03,19:00:00,12.7901,12.8893,12.7504,12.8695,2822,0
2014-03-03,20:00:00,12.8496,12.8794,12.8,12.8198,7980,0
2014-03-03,21:00:00,12.8496,12.8992,12.7802,12.8496,5835,0
2014-03-03,22:00:00,12.8099,12.8695,12.7504,12.8099,26578,0
2014-03-04,16:00:00,12.9191,13.0481,12.9191,13.0282,6421,0
2014-03-04,17:00:00,13.0381,13.0679,12.9786,13.0084,9072,0
2014-03-04,18:00:00,13.0183,13.0183,12.9985,13.0084,5571,0
2014-03-04,19:00:00,13.0084,13.0381,12.9588,13.0084,8820,0
2014-03-04,20:00:00,13.0183,13.0481,12.8992,12.929,7368,0
2014-03-04,21:00:00,12.9488,12.9488,12.8695,12.8695,18098,0
2014-03-04,22:00:00,12.8695,13.0282,12.8695,12.8992,76077,0
2014-03-05,16:00:00,13.0878,13.0878,12.9885,13.058,1915,0
2014-03-05,17:00:00,13.0381,13.0381,12.8695,12.8992,13664,0
2014-03-05,18:00:00,12.9191,12.929,12.8695,12.8695,3527,0
2014-03-05,19:00:00,12.8794,12.9488,12.8794,12.8794,2822,0
2014-03-05,20:00:00,12.8992,12.9191,12.8099,12.8099,3427,0
2014-03-05,21:00:00,12.8198,12.8298,12.7901,12.8,3875,0
2014-03-05,22:00:00,12.7702,12.8893,12.7702,12.8397,36243,0
2014-03-06,16:00:00,12.8496,12.9092,12.8298,12.9092,6148,0
2014-03-06,17:00:00,12.9389,12.9985,12.8893,12.9488,3091,0
2014-03-06,18:00:00,12.9389,12.9488,12.8595,12.8595,14412,0
2014-03-06,19:00:00,12.8893,12.9687,12.8198,12.9389,3023,0
2014-03-06,20:00:00,12.9488,13.0481,12.9092,12.9092,3493,0
2014-03-06,21:00:00,12.9092,13.0679,12.9092,13.0679,3159,0
2014-03-06,22:00:00,13.0381,13.1374,13.0084,13.0481,12129,0
2014-03-07,16:00:00,13.0481,13.1274,13.0481,13.1274,2620,0
2014-03-07,17:00:00,13.177,13.177,13.0282,13.0381,2317,0
2014-03-07,18:00:00,13.0282,13.0679,12.9985,13.0183,1713,0
2014-03-07,19:00:00,13.0679,13.0679,12.9191,12.9191,5092,0
2014-03-07,20:00:00,12.9389,12.9389,12.8992,12.9191,6395,0
2014-03-07,21:00:00,12.8992,12.9092,12.8298,12.8298,12956,0
2014-03-07,22:00:00,12.8496,12.9389,12.8298,12.9092,32649,0
2014-03-10,15:00:00,13.0977,13.0977,12.8496,12.8992,5014,0
2014-03-10,16:00:00,12.9588,12.9588,12.8496,12.8496,1714,0
2014-03-10,17:00:00,12.8992,12.9092,12.8992,12.8992,8063,0
2014-03-10,18:00:00,12.8992,12.9092,12.8992,12.9092,8163,0
2014-03-10,19:00:00,12.9092,12.9092,12.8695,12.8992,6590,0
2014-03-10,20:00:00,12.8992,12.9092,12.8496,12.8893,12094,0
2014-03-10,21:00:00,12.8992,12.9092,12.8893,12.9092,30496,0
2014-03-11,15:00:00,12.8992,12.9191,12.8893,12.9191,5004,0
2014-03-11,16:00:00,12.8695,12.9191,12.8695,12.8992,20321,0
2014-03-11,17:00:00,12.8992,12.9092,12.8992,12.9092,2842,0
2014-03-11,18:00:00,12.8992,12.9092,12.8595,12.8595,7907,0
2014-03-11,19:00:00,12.8496,12.8496,12.8298,12.8298,2724,0
2014-03-11,20:00:00,12.8298,12.8496,12.8298,12.8298,10371,0
2014-03-11,21:00:00,12.8298,12.8397,12.671,12.8,35953,0
2014-03-12,15:00:00,12.75,12.79,12.75,12.79,2600,0
2014-03-12,16:00:00,12.8,12.93,12.8,12.93,1400,0
2014-03-12,17:00:00,12.93,12.99,12.85,12.86,5500,0
2014-03-12,18:00:00,12.85,12.89,12.75,12.79,6600,0
2014-03-12,19:00:00,12.78,12.78,12.75,12.76,4034,0
2014-03-12,20:00:00,12.77,12.78,12.75,12.76,4000,0
2014-03-12,21:00:00,12.74,12.89,12.71,12.86,17278,0
2014-03-13,15:00:00,12.84,12.84,12.73,12.8,1768,0
2014-03-13,16:00:00,12.78,12.85,12.78,12.85,8380,0
2014-03-13,17:00:00,12.84,12.9,12.84,12.89,1682,0
2014-03-13,18:00:00,12.89,12.89,12.81,12.88,5966,0
2014-03-13,19:00:00,12.89,12.93,12.85,12.85,8485,0
2014-03-13,20:00:00,12.84,12.89,12.84,12.88,5100,0
2014-03-13,21:00:00,12.84,12.95,12.84,12.9,22391,0
2014-03-14,15:00:00,12.9,13.05,12.9,12.91,2100,0
2014-03-14,16:00:00,12.92,12.97,12.9,12.9,8959,0
2014-03-14,17:00:00,12.89,12.96,12.89,12.9,1800,0
2014-03-14,18:00:00,12.91,12.92,12.9,12.9,3106,0
2014-03-14,19:00:00,12.9,12.96,12.84,12.87,4500,0
2014-03-14,20:00:00,12.84,12.95,12.84,12.84,4300,0
2014-03-14,21:00:00,12.87,12.93,12.81,12.85,16676,0
2014-03-17,15:00:00,12.9,12.91,12.9,12.91,7328,0
2014-03-17,16:00:00,12.9,12.91,12.86,12.88,10461,0
2014-03-17,17:00:00,12.9,12.9,12.85,12.88,5290,0
2014-03-17,18:00:00,12.88,12.9,12.85,12.9,11800,0
2014-03-17,19:00:00,12.89,12.9,12.88,12.89,2600,0
2014-03-17,20:00:00,12.88,12.89,12.85,12.88,5100,0
2014-03-17,21:00:00,12.89,12.91,12.85,12.9,27096,0
2014-03-18,15:00:00,12.93,12.93,12.9,12.91,2800,0
2014-03-18,16:00:00,12.91,12.92,12.9,12.9,34268,0
2014-03-18,17:00:00,12.89,12.9,12.85,12.85,13622,0
2014-03-18,18:00:00,12.85,12.9,12.84,12.85,2481,0
2014-03-18,19:00:00,12.81,12.9,12.81,12.9,3800,0
2014-03-18,20:00:00,12.91,12.91,12.89,12.9,6300,0
2014-03-18,21:00:00,12.89,12.9,12.86,12.9,25587,0
2014-03-19,15:00:00,12.89,12.89,12.8,12.8,1000,0
2014-03-19,16:00:00,12.79,12.8,12.71,12.78,6580,0
2014-03-19,17:00:00,12.73,12.73,12.7,12.73,2300,0
2014-03-19,18:00:00,12.71,12.75,12.7,12.71,2100,0
2014-03-19,19:00:00,12.71,12.75,12.7,12.74,5324,0
2014-03-19,20:00:00,12.72,12.74,12.64,12.65,13765,0
2014-03-19,21:00:00,12.65,12.69,12.58,12.68,22966,0
2014-03-20,15:00:00,12.66,12.7,12.61,12.61,1493,0
2014-03-20,16:00:00,12.68,12.82,12.66,12.79,2143,0
2014-03-20,17:00:00,12.83,12.84,12.82,12.82,2300,0
2014-03-20,18:00:00,12.86,12.9,12.86,12.89,2500,0
2014-03-20,19:00:00,12.87,12.88,12.79,12.81,4000,0
2014-03-20,20:00:00,12.84,12.87,12.76,12.76,7400,0
2014-03-20,21:00:00,12.81,12.89,12.78,12.81,18622,0
2014-03-21,15:00:00,12.88,12.91,12.84,12.85,4198,0
2014-03-21,16:00:00,12.85,12.88,12.8,12.84,14304,0
2014-03-21,17:00:00,12.85,12.89,12.8,12.88,11797,0
2014-03-21,18:00:00,12.88,12.89,12.87,12.88,3100,0
2014-03-21,19:00:00,12.88,12.88,12.78,12.84,3100,0
2014-03-21,20:00:00,12.82,12.82,12.75,12.78,6945,0
2014-03-21,21:00:00,12.75,12.79,12.71,12.78,157824,0
2014-03-24,15:00:00,12.75,12.79,12.75,12.79,2000,0
2014-03-24,16:00:00,12.82,12.82,12.74,12.74,8200,0
2014-03-24,17:00:00,12.72,12.76,12.72,12.75,2100,0
2014-03-24,18:00:00,12.76,12.76,12.65,12.67,13100,0
2014-03-24,19:00:00,12.63,12.72,12.63,12.72,2900,0
2014-03-24,20:00:00,12.72,12.73,12.64,12.7,7400,0
2014-03-24,21:00:00,12.74,12.79,12.66,12.77,38957,0
2014-03-25,15:00:00,12.89,12.89,12.75,12.79,4500,0
2014-03-25,16:00:00,12.79,12.79,12.75,12.75,5196,0
2014-03-25,17:00:00,12.77,12.78,12.71,12.71,8900,0
2014-03-25,18:00:00,12.71,12.75,12.71,12.71,1500,0
2014-03-25,19:00:00,12.71,12.74,12.71,12.73,3218,0
2014-03-25,20:00:00,12.72,12.74,12.72,12.72,11684,0
2014-03-25,21:00:00,12.72,12.75,12.66,12.75,37430,0
2014-03-26,15:00:00,12.86,12.86,12.77,12.77,200,0
2014-03-26,16:00:00,12.77,12.77,12.75,12.75,1507,0
2014-03-26,17:00:00,12.71,12.77,12.71,12.71,3584,0
2014-03-26,18:00:00,12.71,12.76,12.65,12.67,10711,0
2014-03-26,19:00:00,12.68,12.68,12.61,12.63,7000,0
2014-03-26,20:00:00,12.65,12.68,12.61,12.62,4742,0
2014-03-26,21:00:00,12.61,12.66,12.5,12.5,20791,0
2014-03-27,16:00:00,12.51,12.53,12.5,12.53,800,0
2014-03-27,17:00:00,12.5,12.67,12.5,12.64,20713,0
2014-03-27,18:00:00,12.65,12.72,12.65,12.72,2600,0
2014-03-27,19:00:00,12.68,12.73,12.6,12.65,13827,0
2014-03-27,20:00:00,12.67,12.74,12.67,12.7,5673,0
2014-03-27,21:00:00,12.7,12.72,12.65,12.7,10993,0
2014-03-28,15:00:00,12.68,12.8,12.68,12.71,8140,0
2014-03-28,16:00:00,12.75,12.84,12.75,12.84,5014,0
2014-03-28,17:00:00,12.81,12.81,12.75,12.76,4600,0
2014-03-28,18:00:00,12.76,12.77,12.71,12.72,4900,0
2014-03-28,19:00:00,12.74,12.75,12.71,12.71,5100,0
2014-03-28,20:00:00,12.71,12.73,12.68,12.7,5000,0
2014-03-28,21:00:00,12.66,12.7,12.56,12.6,14059,0
2014-03-31,16:00:00,12.63,12.71,12.62,12.65,4315,0
2014-03-31,17:00:00,12.65,12.66,12.62,12.63,4144,0
2014-03-31,18:00:00,12.71,12.71,12.62,12.66,18400,0
2014-03-31,19:00:00,12.66,12.89,12.66,12.8,9478,0
2014-03-31,20:00:00,12.8,12.83,12.78,12.8,5100,0
2014-03-31,21:00:00,12.76,12.8,12.64,12.64,6140,0
2014-03-31,22:00:00,12.75,12.81,12.66,12.73,14120,0
2014-04-01,16:00:00,12.8,12.82,12.77,12.77,1983,0
2014-04-01,17:00:00,12.84,12.89,12.77,12.77,55636,0
2014-04-01,18:00:00,12.8,12.97,12.8,12.93,23041,0
2014-04-01,19:00:00,12.93,12.94,12.85,12.89,6200,0
2014-04-01,20:00:00,12.89,12.91,12.87,12.89,2200,0
2014-04-01,21:00:00,12.9,12.97,12.83,12.95,4859,0
2014-04-01,22:00:00,12.95,12.99,12.91,12.96,32408,0
2014-04-02,16:00:00,12.97,13,12.9,12.94,2500,0
2014-04-02,17:00:00,12.92,12.97,12.89,12.95,27600,0
2014-04-02,18:00:00,12.95,13,12.94,13,15958,0
2014-04-02,19:00:00,13,13,12.97,12.99,2558,0
2014-04-02,20:00:00,13,13,12.94,12.98,3758,0
2014-04-02,21:00:00,12.98,13.09,12.97,13.07,22645,0
2014-04-02,22:00:00,13.04,13.15,13,13.06,25341,0
2014-04-03,16:00:00,13.03,13.03,12.85,12.96,9000,0
2014-04-03,17:00:00,13.05,13.09,12.94,12.97,11609,0
2014-04-03,18:00:00,12.97,13.01,12.92,12.98,5900,0
2014-04-03,19:00:00,12.96,13,12.94,12.97,8537,0
2014-04-03,20:00:00,13,13.05,12.97,12.99,3201,0
2014-04-03,21:00:00,13.04,13.05,12.95,12.98,6100,0
2014-04-03,22:00:00,12.96,13,12.9,12.9,25352,0
2014-04-04,16:00:00,12.98,12.98,12.89,12.95,4500,0
2014-04-04,17:00:00,12.98,12.98,12.95,12.97,2750,0
2014-04-04,18:00:00,12.97,12.97,12.95,12.95,11500,0
2014-04-04,19:00:00,12.96,12.97,12.65,12.65,22248,0
2014-04-04,20:00:00,12.62,12.68,12.55,12.55,4566,0
2014-04-04,21:00:00,12.57,12.6,12.56,12.6,4300,0
2014-04-04,22:00:00,12.61,12.62,12.56,12.56,33558,0
2014-04-07,16:00:00,12.6,12.6,12.45,12.46,5612,0
2014-04-07,17:00:00,12.47,12.47,12.45,12.46,14574,0
2014-04-07,18:00:00,12.46,12.47,12.45,12.46,10753,0
2014-04-07,19:00:00,12.46,12.51,12.45,12.46,2045,0
2014-04-07,20:00:00,12.46,12.47,12.39,12.42,31567,0
2014-04-07,21:00:00,12.44,12.44,12.37,12.39,8699,0
2014-04-07,22:00:00,12.39,12.57,12.37,12.48,34583,0
2014-04-08,16:00:00,12.64,12.64,12.57,12.57,985,0
2014-04-08,17:00:00,12.53,12.63,12.45,12.49,7516,0
2014-04-08,18:00:00,12.55,12.6,12.48,12.55,6450,0
2014-04-08,19:00:00,12.55,12.65,12.55,12.64,2200,0
2014-04-08,20:00:00,12.58,12.64,12.57,12.64,2500,0
2014-04-08,21:00:00,12.61,12.61,12.53,12.56,1800,0
2014-04-08,22:00:00,12.51,12.66,12.5,12.52,18179,0
2014-04-09,16:00:00,12.55,12.55,12.48,12.48,2105,0
2014-04-09,17:00:00,12.46,12.48,12.45,12.45,1600,0
2014-04-09,18:00:00,12.45,12.55,12.45,12.53,8100,0
2014-04-09,19:00:00,12.56,12.56,12.52,12.55,2500,0
2014-04-09,20:00:00,12.59,12.61,12.5,12.5,13700,0
2014-04-09,21:00:00,12.55,12.63,12.5,12.56,10349,0
2014-04-09,22:00:00,12.54,12.67,12.46,12.58,34669,0
2014-04-10,16:00:00,12.54,12.58,12.54,12.55,4510,0
2014-04-10,17:00:00,12.55,12.63,12.46,12.46,5821,0
2014-04-10,18:00:00,12.46,12.53,12.45,12.45,5217,0
2014-04-10,19:00:00,12.45,12.5,12.4,12.5,2830,0
2014-04-10,20:00:00,12.45,12.51,12.45,12.48,5507,0
2014-04-10,21:00:00,12.48,12.52,12.45,12.45,1202,0
2014-04-10,22:00:00,12.45,12.53,12.43,12.44,29527,0
2014-04-11,16:00:00,12.4,12.52,12.39,12.52,33620,0
2014-04-11,17:00:00,12.48,12.5,12.38,12.38,2808,0
2014-04-11,18:00:00,12.41,12.43,12.39,12.39,4379,0
2014-04-11,19:00:00,12.39,12.42,12.33,12.35,15854,0
2014-04-11,20:00:00,12.35,12.36,12.32,12.32,13462,0
2014-04-11,21:00:00,12.3,12.3,12.21,12.21,7252,0
2014-04-11,22:00:00,12.21,12.25,12.2,12.21,24701,0
2014-04-14,16:00:00,12.35,12.35,12.29,12.3,2812,0
2014-04-14,17:00:00,12.25,12.37,12.24,12.3,50201,0
2014-04-14,18:00:00,12.29,12.3,12.27,12.29,4000,0
2014-04-14,19:00:00,12.26,12.3,12.25,12.29,2521,0
2014-04-14,20:00:00,12.25,12.3,12.24,12.28,4036,0
2014-04-14,21:00:00,12.26,12.26,12.21,12.21,13356,0
2014-04-14,22:00:00,12.21,12.3,12.18,12.29,30166,0
2014-04-15,16:00:00,12.29,12.29,12.29,12.29,1407,0
2014-04-15,17:00:00,12.25,12.25,12.1,12.1,6946,0
2014-04-15,18:00:00,12.09,12.13,12.03,12.07,15643,0
2014-04-15,19:00:00,12.06,12.09,12.03,12.03,5649,0
2014-04-15,20:00:00,12.05,12.1,12.05,12.1,6900,0
2014-04-15,21:00:00,12.1,12.1,12.08,12.08,17002,0
2014-04-15,22:00:00,12.09,12.1,12.06,12.09,16498,0
2014-04-16,16:00:00,12.15,12.19,12,12.19,5725,0
2014-04-16,17:00:00,12.16,12.21,12.1,12.15,6098,0
2014-04-16,18:00:00,12.16,12.16,12.1,12.1,8259,0
2014-04-16,19:00:00,12.17,12.22,12.12,12.2,9200,0
2014-04-16,20:00:00,12.21,12.21,12.1,12.12,5400,0
2014-04-16,21:00:00,12.12,12.15,12.09,12.15,6600,0
2014-04-16,22:00:00,12.15,12.25,12.14,12.21,34995,0
2014-04-17,16:00:00,12.27,12.3,12.21,12.3,4000,0
2014-04-17,17:00:00,12.17,12.32,12.17,12.32,1300,0
2014-04-17,18:00:00,12.32,12.32,12.21,12.28,4490,0
2014-04-17,19:00:00,12.33,12.33,12.24,12.29,2500,0
2014-04-17,20:00:00,12.3,12.3,12.26,12.26,1300,0
2014-04-17,21:00:00,12.29,12.3,12.26,12.3,1700,0
2014-04-17,22:00:00,12.27,12.3,12.27,12.28,7511,0
2014-04-21,16:00:00,12.22,12.22,12.12,12.18,19368,0
2014-04-21,17:00:00,12.18,12.18,12.11,12.11,11800,0
2014-04-21,18:00:00,12.14,12.17,12.12,12.15,4500,0
2014-04-21,19:00:00,12.21,12.28,12.2,12.21,1800,0
2014-04-21,20:00:00,12.25,12.3,12.22,12.28,4900,0
2014-04-21,21:00:00,12.28,12.29,12.2,12.22,4900,0
2014-04-21,22:00:00,12.22,12.26,12.19,12.25,11535,0
2014-04-22,16:00:00,12.26,12.29,12.16,12.22,12486,0
2014-04-22,17:00:00,12.21,12.21,12.15,12.15,6159,0
2014-04-22,18:00:00,12.15,12.26,12.14,12.26,1969,0
2014-04-22,19:00:00,12.26,12.26,12.23,12.25,1800,0
2014-04-22,20:00:00,12.25,12.25,12.22,12.22,1100,0
2014-04-22,21:00:00,12.22,12.25,12.1,12.1,2600,0
2014-04-22,22:00:00,12.1,12.14,12,12.08,23108,0
2014-04-23,16:00:00,12.05,12.11,12.03,12.03,5801,0
2014-04-23,17:00:00,12.02,12.12,12.02,12.1,700,0
2014-04-23,18:00:00,12.05,12.14,12.02,12.11,14353,0
2014-04-23,19:00:00,12.11,12.11,12.07,12.11,6000,0
2014-04-23,20:00:00,12.1,12.13,12.1,12.13,400,0
2014-04-23,21:00:00,12.12,12.14,12.12,12.14,4420,0
2014-04-23,22:00:00,12.13,12.16,12.1,12.12,23705,0
2014-04-24,16:00:00,12.38,12.38,12.1,12.18,3621,0
2014-04-24,17:00:00,12.24,12.24,12.1,12.1,5274,0
2014-04-24,18:00:00,12.11,12.15,12.11,12.14,4300,0
2014-04-24,19:00:00,12.14,12.15,12.13,12.13,4100,0
2014-04-24,20:00:00,12.13,12.13,11.98,11.98,2400,0
2014-04-24,21:00:00,12.06,12.1,11.97,12.1,17143,0
2014-04-24,22:00:00,12.1,12.12,12.05,12.09,11566,0
2014-04-25,16:00:00,12.05,12.05,11.68,11.82,6950,0
2014-04-25,17:00:00,11.85,11.92,11.76,11.78,11413,0
2014-04-25,18:00:00,11.78,11.8,11.72,11.78,7700,0
2014-04-25,19:00:00,11.74,11.81,11.72,11.77,2200,0
2014-04-25,20:00:00,11.75,11.75,11.61,11.68,9693,0
2014-04-25,21:00:00,11.65,11.75,11.63,11.71,10600,0
2014-04-25,22:00:00,11.72,11.75,11.65,11.65,26682,0
2014-04-28,16:00:00,11.72,11.83,11.7,11.8,3800,0
2014-04-28,17:00:00,11.8,11.8,11.77,11.78,4435,0
2014-04-28,18:00:00,11.78,11.78,11.65,11.65,6504,0
2014-04-28,19:00:00,11.65,11.67,11.59,11.65,7354,0
2014-04-28,20:00:00,11.63,11.63,11.55,11.6,13800,0
2014-04-28,21:00:00,11.62,11.66,11.6,11.6,3988,0
2014-04-28,22:00:00,11.63,11.71,11.59,11.65,30241,0
2014-04-29,16:00:00,11.65,11.75,11.65,11.66,4906,0
2014-04-29,17:00:00,11.85,11.85,11.66,11.71,4992,0
2014-04-29,18:00:00,11.77,11.77,11.7,11.75,3900,0
2014-04-29,19:00:00,11.77,11.77,11.67,11.72,8100,0
2014-04-29,20:00:00,11.73,11.77,11.72,11.76,2262,0
2014-04-29,21:00:00,11.79,11.79,11.74,11.77,2943,0
2014-04-29,22:00:00,11.81,11.81,11.7,11.73,39241,0
2014-04-30,16:00:00,11.72,11.72,11.66,11.66,3099,0
2014-04-30,17:00:00,11.65,11.71,11.65,11.67,7178,0
2014-04-30,18:00:00,11.66,11.68,11.65,11.66,5835,0
2014-04-30,19:00:00,11.66,11.68,11.65,11.67,3500,0
2014-04-30,20:00:00,11.66,11.68,11.65,11.66,3300,0
2014-04-30,21:00:00,11.68,11.83,11.66,11.83,10042,0
2014-04-30,22:00:00,11.83,11.84,11.78,11.8,27876,0
2014-05-01,16:00:00,11.6,11.8,11.6,11.65,5379,0
2014-05-01,17:00:00,11.7,11.78,11.65,11.78,17788,0
2014-05-01,18:00:00,11.73,11.84,11.71,11.81,5300,0
2014-05-01,19:00:00,11.83,11.85,11.68,11.68,4800,0
2014-05-01,20:00:00,11.71,11.71,11.65,11.65,20479,0
2014-05-01,21:00:00,11.65,11.7,11.64,11.64,47161,0
2014-05-01,22:00:00,11.63,11.66,11.53,11.66,64728,0
2014-05-02,16:00:00,11.67,11.76,11.67,11.76,9200,0
2014-05-02,17:00:00,11.77,11.77,11.76,11.76,2400,0
2014-05-02,18:00:00,11.75,11.78,11.67,11.68,7330,0
2014-05-02,19:00:00,11.75,11.75,11.71,11.74,5100,0
2014-05-02,20:00:00,11.7,11.7,11.25,11.5,31858,0
2014-05-02,21:00:00,11.6,11.6,11.3,11.4,24586,0
2014-05-02,22:00:00,11.37,11.45,11.32,11.36,63118,0
2014-05-05,16:00:00,11.23,11.43,11.23,11.28,13691,0
2014-05-05,17:00:00,11.36,11.37,11.25,11.29,17900,0
2014-05-05,18:00:00,11.3,11.36,11.24,11.31,15761,0
2014-05-05,19:00:00,11.33,11.43,11.31,11.31,4000,0
2014-05-05,20:00:00,11.34,11.42,11.3,11.4,7856,0
2014-05-05,21:00:00,11.4,11.42,11.39,11.39,5401,0
2014-05-05,22:00:00,11.4,11.49,11.38,11.45,28799,0
2014-05-06,16:00:00,11.39,11.44,11.35,11.38,8166,0
2014-05-06,17:00:00,11.35,11.42,11.26,11.26,22062,0
2014-05-06,18:00:00,11.26,11.29,11.25,11.26,7401,0
2014-05-06,19:00:00,11.26,11.31,11.25,11.31,5620,0
2014-05-06,20:00:00,11.32,11.35,11.23,11.26,11482,0
2014-05-06,21:00:00,11.25,11.33,11.22,11.31,5870,0
2014-05-06,22:00:00,11.33,11.33,11.24,11.26,29572,0
2014-05-07,16:00:00,11.28,11.28,11.13,11.17,5404,0
2014-05-07,17:00:00,11.19,11.2,11.01,11.01,18100,0
2014-05-07,18:00:00,11.01,11.17,11.01,11.12,13329,0
2014-05-07,19:00:00,11.11,11.16,11.07,11.15,9787,0
2014-05-07,20:00:00,11.15,11.15,11.04,11.06,12872,0
2014-05-07,21:00:00,11.04,11.08,11.04,11.05,68100,0
2014-05-07,22:00:00,11.04,11.06,10.9,10.9,38978,0
