Date,Time,Open,High,Low,Close,Volume,OpenInt
2014-02-10,16:00:00,14.027,14.027,14.027,14.027,3473,0
2014-02-10,17:00:00,14.027,14.046,14.027,14.027,17957,0
2014-02-10,18:00:00,14.036,14.056,14.017,14.036,22291,0
2014-02-10,19:00:00,14.046,14.066,14.036,14.056,5642,0
2014-02-10,20:00:00,14.046,14.066,14.046,14.066,13200,0
2014-02-10,21:00:00,14.046,14.066,14.046,14.056,24097,0
2014-02-10,22:00:00,14.066,14.066,14.046,14.066,22066,0
2014-02-11,16:00:00,14.007,14.027,14.007,14.017,12539,0
2014-02-11,17:00:00,14.007,14.036,14.007,14.027,19505,0
2014-02-11,18:00:00,14.007,14.027,14.007,14.017,13335,0
2014-02-11,19:00:00,14.017,14.046,14.017,14.017,9939,0
2014-02-11,20:00:00,14.017,14.046,14.017,14.027,14491,0
2014-02-11,21:00:00,14.027,14.036,14.017,14.027,24876,0
2014-02-11,22:00:00,14.036,14.056,14.027,14.046,30544,0
2014-02-12,16:00:00,14.027,14.046,14.007,14.036,13303,0
2014-02-12,17:00:00,14.027,14.036,14.027,14.027,15284,0
2014-02-12,18:00:00,14.027,14.036,14.017,14.027,12488,0
2014-02-12,19:00:00,14.017,14.036,14.017,14.027,20759,0
2014-02-12,20:00:00,14.027,14.056,14.027,14.036,19111,0
2014-02-12,21:00:00,14.046,14.046,14.027,14.036,11103,0
2014-02-12,22:00:00,14.027,14.036,14.027,14.027,28297,0
2014-02-13,16:00:00,14.036,14.036,14.027,14.027,1520,0
2014-02-13,17:00:00,14.027,14.066,14.027,14.056,19383,0
2014-02-13,18:00:00,14.066,14.066,14.007,14.046,26650,0
2014-02-13,19:00:00,14.056,14.056,14.036,14.046,20445,0
2014-02-13,20:00:00,14.036,14.046,14.027,14.027,9743,0
2014-02-13,21:00:00,14.046,14.056,14.036,14.056,15357,0
2014-02-13,22:00:00,14.056,14.056,14.017,14.017,28318,0
2014-02-14,16:00:00,14.027,14.027,13.987,14.007,15010,0
2014-02-14,17:00:00,14.007,14.076,13.997,14.056,50525,0
2014-02-14,18:00:00,14.046,14.066,14.036,14.036,24456,0
2014-02-14,19:00:00,14.046,14.086,14.046,14.086,9535,0
2014-02-14,20:00:00,14.096,14.096,14.086,14.096,1239,0
2014-02-14,21:00:00,14.096,14.106,14.086,14.106,7100,0
2014-02-14,22:00:00,14.096,14.106,14.076,14.106,34558,0
2014-02-18,16:00:00,14.046,14.106,14.046,14.106,18212,0
2014-02-18,17:00:00,14.106,14.125,14.066,14.125,17214,0
2014-02-18,18:00:00,14.125,14.145,14.106,14.135,57703,0
2014-02-18,19:00:00,14.145,14.155,14.135,14.145,17237,0
2014-02-18,20:00:00,14.145,14.155,14.135,14.155,21661,0
2014-02-18,21:00:00,14.155,14.184,14.155,14.175,14687,0
2014-02-18,22:00:00,14.175,14.224,14.155,14.155,32718,0
2014-02-19,16:00:00,14.155,14.204,14.125,14.204,21757,0
2014-02-19,17:00:00,14.204,14.214,14.184,14.214,21282,0
2014-02-19,18:00:00,14.214,14.224,14.184,14.184,35535,0
2014-02-19,19:00:00,14.184,14.204,14.184,14.204,10791,0
2014-02-19,20:00:00,14.204,14.224,14.194,14.204,10909,0
2014-02-19,21:00:00,14.214,14.224,14.194,14.194,11925,0
2014-02-19,22:00:00,14.194,14.194,14.145,14.175,30984,0
2014-02-20,16:00:00,14.175,14.175,14.145,14.175,5427,0
2014-02-20,17:00:00,14.184,14.184,14.165,14.184,12388,0
2014-02-20,18:00:00,14.184,14.214,14.184,14.194,6516,0
2014-02-20,19:00:00,14.194,14.204,14.184,14.204,8375,0
2014-02-20,20:00:00,14.204,14.204,14.184,14.204,3696,0
2014-02-20,21:00:00,14.194,14.214,14.184,14.214,16936,0
2014-02-20,22:00:00,14.214,14.224,14.135,14.194,17057,0
2014-02-21,16:00:00,14.214,14.214,14.165,14.214,8366,0
2014-02-21,17:00:00,14.214,14.214,14.204,14.214,12857,0
2014-02-21,18:00:00,14.214,14.214,14.165,14.204,18674,0
2014-02-21,19:00:00,14.214,14.214,14.204,14.204,9595,0
2014-02-21,20:00:00,14.204,14.214,14.194,14.214,30762,0
2014-02-21,21:00:00,14.204,14.214,14.194,14.204,27146,0
2014-02-21,22:00:00,14.204,14.214,14.194,14.214,37743,0
2014-02-24,16:00:00,14.184,14.224,14.175,14.224,4765,0
2014-02-24,17:00:00,14.214,14.263,14.214,14.234,19621,0
2014-02-24,18:00:00,14.234,14.263,14.234,14.244,9993,0
2014-02-24,19:00:00,14.253,14.253,14.214,14.234,13017,0
2014-02-24,20:00:00,14.224,14.234,14.165,14.194,20600,0
2014-02-24,21:00:00,14.194,14.224,14.184,14.214,10595,0
2014-02-24,22:00:00,14.214,14.244,14.194,14.244,31445,0
2014-02-25,16:00:00,14.214,14.253,14.214,14.253,7744,0
2014-02-25,17:00:00,14.253,14.253,14.224,14.224,26872,0
2014-02-25,18:00:00,14.244,14.253,14.214,14.244,17417,0
2014-02-25,19:00:00,14.224,14.234,14.224,14.224,13442,0
2014-02-25,20:00:00,14.224,14.253,14.224,14.244,9289,0
2014-02-25,21:00:00,14.244,14.263,14.244,14.263,9982,0
2014-02-25,22:00:00,14.253,14.273,14.234,14.253,15394,0
2014-02-26,16:00:00,14.234,14.283,14.234,14.263,3399,0
2014-02-26,17:00:00,14.273,14.283,14.263,14.283,5881,0
2014-02-26,18:00:00,14.283,14.283,14.253,14.273,20980,0
2014-02-26,19:00:00,14.293,14.293,14.263,14.263,6615,0
2014-02-26,20:00:00,14.273,14.273,14.234,14.273,10107,0
2014-02-26,21:00:00,14.263,14.283,14.244,14.244,8085,0
2014-02-26,22:00:00,14.263,14.293,14.244,14.244,16094,0
2014-02-27,16:00:00,14.253,14.293,14.224,14.283,8301,0
2014-02-27,17:00:00,14.283,14.313,14.283,14.313,32835,0
2014-02-27,18:00:00,14.313,14.313,14.303,14.313,13589,0
2014-02-27,19:00:00,14.303,14.313,14.303,14.313,11384,0
2014-02-27,20:00:00,14.313,14.323,14.303,14.323,57510,0
2014-02-27,21:00:00,14.313,14.342,14.303,14.332,24202,0
2014-02-27,22:00:00,14.332,14.342,14.303,14.332,47719,0
2014-02-28,16:00:00,14.313,14.352,14.313,14.352,5703,0
2014-02-28,17:00:00,14.352,14.362,14.332,14.332,9260,0
2014-02-28,18:00:00,14.342,14.362,14.332,14.342,9177,0
2014-02-28,19:00:00,14.332,14.342,14.313,14.332,11433,0
2014-02-28,20:00:00,14.323,14.332,14.303,14.303,24823,0
2014-02-28,21:00:00,14.313,14.313,14.303,14.303,18047,0
2014-02-28,22:00:00,14.303,14.392,14.244,14.392,40582,0
2014-03-03,16:00:00,14.362,14.362,14.332,14.352,7133,0
2014-03-03,17:00:00,14.362,14.382,14.352,14.362,19163,0
2014-03-03,18:00:00,14.352,14.372,14.323,14.342,14990,0
2014-03-03,19:00:00,14.332,14.352,14.332,14.352,4404,0
2014-03-03,20:00:00,14.352,14.352,14.342,14.352,2281,0
2014-03-03,21:00:00,14.342,14.362,14.332,14.362,8358,0
2014-03-03,22:00:00,14.362,14.392,14.332,14.382,26682,0
2014-03-04,16:00:00,14.421,14.461,14.401,14.441,20753,0
2014-03-04,17:00:00,14.441,14.441,14.431,14.441,17936,0
2014-03-04,18:00:00,14.441,14.441,14.392,14.431,19985,0
2014-03-04,19:00:00,14.431,14.441,14.421,14.441,12917,0
2014-03-04,20:00:00,14.441,14.441,14.431,14.431,7948,0
2014-03-04,21:00:00,14.431,14.461,14.421,14.461,18644,0
2014-03-04,22:00:00,14.451,14.48,14.431,14.48,26693,0
2014-03-05,16:00:00,14.5,14.53,14.441,14.47,14462,0
2014-03-05,17:00:00,14.451,14.48,14.431,14.47,12642,0
2014-03-05,18:00:00,14.47,14.5,14.47,14.49,18358,0
2014-03-05,19:00:00,14.49,14.5,14.49,14.5,11730,0
2014-03-05,20:00:00,14.5,14.5,14.49,14.5,7381,0
2014-03-05,21:00:00,14.5,14.53,14.5,14.52,27188,0
2014-03-05,22:00:00,14.52,14.589,14.5,14.569,51605,0
2014-03-06,16:00:00,14.579,14.589,14.51,14.53,14364,0
2014-03-06,17:00:00,14.52,14.53,14.51,14.52,10847,0
2014-03-06,18:00:00,14.52,14.549,14.52,14.54,9902,0
2014-03-06,19:00:00,14.53,14.559,14.53,14.559,6262,0
2014-03-06,20:00:00,14.549,14.559,14.54,14.559,4374,0
2014-03-06,21:00:00,14.559,14.569,14.559,14.559,7594,0
2014-03-06,22:00:00,14.559,14.599,14.53,14.599,16190,0
2014-03-07,16:00:00,14.549,14.549,14.47,14.47,9953,0
2014-03-07,17:00:00,14.48,14.5,14.382,14.411,50833,0
2014-03-07,18:00:00,14.392,14.392,14.352,14.352,21591,0
2014-03-07,19:00:00,14.352,14.401,14.323,14.382,50383,0
2014-03-07,20:00:00,14.362,14.421,14.362,14.392,5667,0
2014-03-07,21:00:00,14.411,14.411,14.342,14.382,14886,0
2014-03-07,22:00:00,14.372,14.401,14.372,14.392,10458,0
2014-03-10,15:00:00,14.411,14.441,14.392,14.441,8237,0
2014-03-10,16:00:00,14.431,14.431,14.382,14.411,19720,0
2014-03-10,17:00:00,14.421,14.451,14.401,14.421,20285,0
2014-03-10,18:00:00,14.451,14.451,14.382,14.431,9885,0
2014-03-10,19:00:00,14.421,14.461,14.421,14.441,13285,0
2014-03-10,20:00:00,14.441,14.451,14.431,14.431,5777,0
2014-03-10,21:00:00,14.431,14.47,14.411,14.47,18454,0
2014-03-11,15:00:00,14.431,14.431,14.323,14.362,25247,0
2014-03-11,16:00:00,14.352,14.401,14.352,14.392,12302,0
2014-03-11,17:00:00,14.382,14.421,14.372,14.392,29358,0
2014-03-11,18:00:00,14.382,14.411,14.382,14.411,10205,0
2014-03-11,19:00:00,14.411,14.441,14.411,14.441,17875,0
2014-03-11,20:00:00,14.421,14.421,14.382,14.411,10660,0
2014-03-11,21:00:00,14.421,14.47,14.401,14.421,16892,0
2014-03-12,15:00:00,14.401,14.401,14.382,14.392,6085,0
2014-03-12,16:00:00,14.401,14.48,14.401,14.48,8237,0
2014-03-12,17:00:00,14.48,14.48,14.451,14.451,5506,0
2014-03-12,18:00:00,14.451,14.451,14.401,14.451,6307,0
2014-03-12,19:00:00,14.451,14.461,14.431,14.451,7052,0
2014-03-12,20:00:00,14.441,14.451,14.431,14.441,9212,0
2014-03-12,21:00:00,14.441,14.5,14.431,14.5,36612,0
2014-03-13,15:00:00,14.5,14.5,14.44,14.44,25611,0
2014-03-13,16:00:00,14.44,14.45,14.421,14.44,22565,0
2014-03-13,17:00:00,14.431,14.44,14.421,14.431,12819,0
2014-03-13,18:00:00,14.431,14.431,14.381,14.401,18135,0
2014-03-13,19:00:00,14.401,14.411,14.381,14.391,12031,0
2014-03-13,20:00:00,14.391,14.411,14.391,14.391,28281,0
2014-03-13,21:00:00,14.391,14.45,14.391,14.45,19908,0
2014-03-14,15:00:00,14.411,14.421,14.401,14.421,14495,0
2014-03-14,16:00:00,14.421,14.44,14.401,14.431,16052,0
2014-03-14,17:00:00,14.421,14.421,14.401,14.401,10578,0
2014-03-14,18:00:00,14.401,14.421,14.381,14.391,14815,0
2014-03-14,19:00:00,14.391,14.431,14.391,14.401,12912,0
2014-03-14,20:00:00,14.401,14.431,14.391,14.431,8587,0
2014-03-14,21:00:00,14.401,14.431,14.391,14.431,19646,0
2014-03-17,15:00:00,14.421,14.421,14.421,14.421,379,0
2014-03-17,16:00:00,14.431,14.49,14.431,14.48,23843,0
2014-03-17,17:00:00,14.48,14.49,14.44,14.44,25401,0
2014-03-17,18:00:00,14.45,14.45,14.431,14.431,4591,0
2014-03-17,19:00:00,14.431,14.44,14.411,14.411,9738,0
2014-03-17,20:00:00,14.411,14.421,14.411,14.411,8894,0
2014-03-17,21:00:00,14.411,14.46,14.401,14.46,32634,0
2014-03-18,15:00:00,14.48,14.5,14.411,14.421,18055,0
2014-03-18,16:00:00,14.431,14.44,14.411,14.421,15742,0
2014-03-18,17:00:00,14.431,14.44,14.411,14.421,14548,0
2014-03-18,18:00:00,14.44,14.45,14.421,14.431,15918,0
2014-03-18,19:00:00,14.431,14.46,14.431,14.46,11004,0
2014-03-18,20:00:00,14.44,14.47,14.421,14.45,29782,0
2014-03-18,21:00:00,14.47,14.5,14.46,14.5,26099,0
2014-03-19,15:00:00,14.49,14.52,14.49,14.5,14148,0
2014-03-19,16:00:00,14.5,14.57,14.5,14.57,35867,0
2014-03-19,17:00:00,14.58,14.589,14.56,14.589,42992,0
2014-03-19,18:00:00,14.589,14.589,14.58,14.589,14414,0
2014-03-19,19:00:00,14.589,14.589,14.57,14.58,8441,0
2014-03-19,20:00:00,14.57,14.57,14.51,14.53,19939,0
2014-03-19,21:00:00,14.53,14.54,14.45,14.54,31539,0
2014-03-20,15:00:00,14.47,14.49,14.44,14.44,23375,0
2014-03-20,16:00:00,14.44,14.45,14.391,14.401,35194,0
2014-03-20,17:00:00,14.401,14.411,14.381,14.401,7533,0
2014-03-20,18:00:00,14.391,14.401,14.371,14.371,16294,0
2014-03-20,19:00:00,14.371,14.391,14.361,14.391,8941,0
2014-03-20,20:00:00,14.391,14.411,14.391,14.411,2230,0
2014-03-20,21:00:00,14.411,14.421,14.381,14.421,31266,0
2014-03-21,15:00:00,14.44,14.47,14.431,14.45,17451,0
2014-03-21,16:00:00,14.45,14.46,14.45,14.46,5160,0
2014-03-21,17:00:00,14.46,14.46,14.44,14.44,7426,0
2014-03-21,18:00:00,14.45,14.46,14.44,14.46,14780,0
2014-03-21,19:00:00,14.45,14.46,14.45,14.45,13065,0
2014-03-21,20:00:00,14.45,14.45,14.431,14.44,9725,0
2014-03-21,21:00:00,14.421,14.431,14.391,14.421,20949,0
2014-03-24,15:00:00,14.431,14.431,14.411,14.421,7663,0
2014-03-24,16:00:00,14.411,14.431,14.401,14.401,7125,0
2014-03-24,17:00:00,14.411,14.421,14.411,14.411,2316,0
2014-03-24,18:00:00,14.411,14.411,14.391,14.391,6530,0
2014-03-24,19:00:00,14.391,14.401,14.381,14.381,13355,0
2014-03-24,20:00:00,14.381,14.391,14.371,14.381,13760,0
2014-03-24,21:00:00,14.381,14.391,14.351,14.381,16756,0
2014-03-25,15:00:00,14.401,14.401,14.361,14.371,9369,0
2014-03-25,16:00:00,14.341,14.381,14.341,14.371,5823,0
2014-03-25,17:00:00,14.371,14.381,14.361,14.381,14791,0
2014-03-25,18:00:00,14.371,14.381,14.371,14.371,18204,0
2014-03-25,19:00:00,14.371,14.381,14.371,14.371,10325,0
2014-03-25,20:00:00,14.371,14.381,14.371,14.381,11792,0
2014-03-25,21:00:00,14.381,14.381,14.371,14.381,21981,0
2014-03-26,15:00:00,14.431,14.431,14.391,14.391,5757,0
2014-03-26,16:00:00,14.401,14.401,14.391,14.391,13429,0
2014-03-26,17:00:00,14.401,14.401,14.391,14.401,4903,0
2014-03-26,18:00:00,14.401,14.421,14.391,14.411,27048,0
2014-03-26,19:00:00,14.411,14.421,14.411,14.411,10815,0
2014-03-26,20:00:00,14.411,14.421,14.391,14.391,13339,0
2014-03-26,21:00:00,14.391,14.421,14.361,14.421,14294,0
2014-03-27,15:00:00,14.381,14.381,14.321,14.371,6805,0
2014-03-27,16:00:00,14.371,14.391,14.351,14.381,37933,0
2014-03-27,17:00:00,14.381,14.381,14.361,14.371,24978,0
2014-03-27,18:00:00,14.381,14.381,14.351,14.351,21118,0
2014-03-27,19:00:00,14.351,14.361,14.351,14.361,16015,0
2014-03-27,20:00:00,14.361,14.371,14.351,14.351,14601,0
2014-03-27,21:00:00,14.361,14.381,14.351,14.351,42446,0
2014-03-28,15:00:00,14.391,14.391,14.331,14.351,13572,0
2014-03-28,16:00:00,14.351,14.361,14.351,14.361,13300,0
2014-03-28,17:00:00,14.361,14.381,14.351,14.361,5759,0
2014-03-28,18:00:00,14.371,14.391,14.371,14.381,8894,0
2014-03-28,19:00:00,14.381,14.431,14.371,14.411,25593,0
2014-03-28,20:00:00,14.391,14.411,14.381,14.401,19149,0
2014-03-28,21:00:00,14.401,14.421,14.391,14.421,17051,0
2014-03-31,16:00:00,14.401,14.421,14.391,14.401,40908,0
2014-03-31,17:00:00,14.411,14.411,14.401,14.411,21759,0
2014-03-31,18:00:00,14.401,14.411,14.401,14.401,7395,0
2014-03-31,19:00:00,14.401,14.411,14.401,14.401,10501,0
2014-03-31,20:00:00,14.411,14.431,14.401,14.401,17315,0
2014-03-31,21:00:00,14.401,14.411,14.401,14.401,16576,0
2014-03-31,22:00:00,14.401,14.431,14.401,14.401,35694,0
2014-04-01,16:00:00,14.401,14.411,14.401,14.401,6550,0
2014-04-01,17:00:00,14.401,14.44,14.401,14.421,50337,0
2014-04-01,18:00:00,14.421,14.431,14.411,14.411,13026,0
2014-04-01,19:00:00,14.411,14.44,14.411,14.421,13987,0
2014-04-01,20:00:00,14.431,14.431,14.411,14.411,9158,0
2014-04-01,21:00:00,14.421,14.421,14.411,14.421,13572,0
2014-04-01,22:00:00,14.411,14.421,14.391,14.421,25931,0
2014-04-02,16:00:00,14.391,14.401,14.341,14.341,58595,0
2014-04-02,17:00:00,14.351,14.351,14.311,14.311,94949,0
2014-04-02,18:00:00,14.311,14.351,14.301,14.351,21322,0
2014-04-02,19:00:00,14.351,14.401,14.341,14.401,24903,0
2014-04-02,20:00:00,14.401,14.411,14.381,14.411,23026,0
2014-04-02,21:00:00,14.401,14.411,14.371,14.381,48391,0
2014-04-02,22:00:00,14.371,14.391,14.361,14.361,11676,0
2014-04-03,16:00:00,14.341,14.351,14.331,14.341,3426,0
2014-04-03,17:00:00,14.341,14.371,14.341,14.371,40640,0
2014-04-03,18:00:00,14.371,14.371,14.361,14.361,10482,0
2014-04-03,19:00:00,14.371,14.371,14.361,14.361,4682,0
2014-04-03,20:00:00,14.371,14.371,14.361,14.371,5964,0
2014-04-03,21:00:00,14.371,14.371,14.361,14.371,3841,0
2014-04-03,22:00:00,14.371,14.421,14.361,14.361,22099,0
2014-04-04,16:00:00,14.381,14.45,14.381,14.44,9448,0
2014-04-04,17:00:00,14.44,14.44,14.431,14.44,16223,0
2014-04-04,18:00:00,14.44,14.44,14.431,14.44,9274,0
2014-04-04,19:00:00,14.44,14.45,14.431,14.431,18726,0
2014-04-04,20:00:00,14.46,14.46,14.44,14.46,12691,0
2014-04-04,21:00:00,14.46,14.46,14.45,14.46,12214,0
2014-04-04,22:00:00,14.47,14.49,14.45,14.49,17686,0
2014-04-07,16:00:00,14.46,14.48,14.411,14.45,15222,0
2014-04-07,17:00:00,14.45,14.46,14.45,14.45,18627,0
2014-04-07,18:00:00,14.46,14.46,14.46,14.46,3632,0
2014-04-07,19:00:00,14.45,14.48,14.44,14.48,36926,0
2014-04-07,20:00:00,14.47,14.48,14.46,14.48,11454,0
2014-04-07,21:00:00,14.46,14.48,14.46,14.48,21147,0
2014-04-07,22:00:00,14.47,14.48,14.46,14.47,10771,0
2014-04-08,16:00:00,14.45,14.5,14.45,14.5,4291,0
2014-04-08,17:00:00,14.48,14.49,14.45,14.45,16702,0
2014-04-08,18:00:00,14.47,14.48,14.45,14.47,14476,0
2014-04-08,19:00:00,14.47,14.47,14.46,14.47,4412,0
2014-04-08,20:00:00,14.46,14.47,14.46,14.46,1558,0
2014-04-08,21:00:00,14.47,14.47,14.46,14.47,8333,0
2014-04-08,22:00:00,14.47,14.53,14.46,14.53,20497,0
2014-04-09,16:00:00,14.56,14.649,14.5,14.57,34175,0
2014-04-09,17:00:00,14.57,14.599,14.57,14.589,12223,0
2014-04-09,18:00:00,14.589,14.599,14.58,14.599,5793,0
2014-04-09,19:00:00,14.599,14.599,14.56,14.56,8502,0
2014-04-09,20:00:00,14.57,14.599,14.57,14.599,13052,0
2014-04-09,21:00:00,14.58,14.599,14.55,14.55,33518,0
2014-04-09,22:00:00,14.57,14.589,14.54,14.54,38510,0
2014-04-10,16:00:00,14.52,14.56,14.52,14.55,2523,0
2014-04-10,17:00:00,14.56,14.56,14.55,14.56,16748,0
2014-04-10,18:00:00,14.56,14.56,14.55,14.56,4488,0
2014-04-10,19:00:00,14.56,14.58,14.55,14.56,10169,0
2014-04-10,20:00:00,14.58,14.58,14.56,14.56,39617,0
2014-04-10,21:00:00,14.58,14.58,14.57,14.58,14824,0
2014-04-10,22:00:00,14.58,14.58,14.51,14.51,80151,0
2014-04-11,16:00:00,14.5,14.55,14.47,14.54,10112,0
2014-04-11,17:00:00,14.53,14.55,14.52,14.52,13284,0
2014-04-11,18:00:00,14.52,14.54,14.51,14.51,12900,0
2014-04-11,19:00:00,14.51,14.51,14.47,14.48,20417,0
2014-04-11,20:00:00,14.48,14.5,14.47,14.48,10611,0
2014-04-11,21:00:00,14.48,14.5,14.48,14.49,13045,0
2014-04-11,22:00:00,14.5,14.51,14.47,14.47,15802,0
2014-04-14,16:00:00,14.48,14.5,14.48,14.48,2500,0
2014-04-14,17:00:00,14.48,14.49,14.47,14.47,17325,0
2014-04-14,18:00:00,14.46,14.47,14.46,14.46,12278,0
2014-04-14,19:00:00,14.46,14.47,14.46,14.46,35427,0
2014-04-14,20:00:00,14.46,14.47,14.46,14.47,12661,0
2014-04-14,21:00:00,14.47,14.47,14.46,14.46,19192,0
2014-04-14,22:00:00,14.47,14.47,14.46,14.47,33886,0
2014-04-15,16:00:00,14.49,14.49,14.46,14.47,4999,0
2014-04-15,17:00:00,14.47,14.48,14.47,14.47,12855,0
2014-04-15,18:00:00,14.47,14.47,14.46,14.46,8450,0
2014-04-15,19:00:00,14.46,14.47,14.45,14.45,22225,0
2014-04-15,20:00:00,14.45,14.46,14.45,14.45,7505,0
2014-04-15,21:00:00,14.45,14.47,14.45,14.46,18698,0
2014-04-15,22:00:00,14.45,14.47,14.44,14.46,97977,0
2014-04-16,16:00:00,14.45,14.45,14.4,14.42,19937,0
2014-04-16,17:00:00,14.42,14.44,14.41,14.44,33161,0
2014-04-16,18:00:00,14.43,14.46,14.43,14.46,17330,0
2014-04-16,19:00:00,14.46,14.46,14.44,14.44,13434,0
2014-04-16,20:00:00,14.45,14.45,14.44,14.44,7821,0
2014-04-16,21:00:00,14.44,14.46,14.44,14.45,13511,0
2014-04-16,22:00:00,14.45,14.51,14.45,14.49,36175,0
2014-04-17,16:00:00,14.49,14.5,14.49,14.49,3100,0
2014-04-17,17:00:00,14.5,14.5,14.49,14.49,7476,0
2014-04-17,18:00:00,14.49,14.51,14.48,14.5,20935,0
2014-04-17,19:00:00,14.5,14.5,14.48,14.48,14023,0
2014-04-17,20:00:00,14.49,14.51,14.48,14.51,8530,0
2014-04-17,21:00:00,14.51,14.52,14.49,14.52,8138,0
2014-04-17,22:00:00,14.52,14.53,14.52,14.53,14931,0
2014-04-21,16:00:00,14.53,14.54,14.53,14.53,20637,0
2014-04-21,17:00:00,14.53,14.53,14.51,14.53,6769,0
2014-04-21,18:00:00,14.53,14.53,14.51,14.53,5940,0
2014-04-21,19:00:00,14.53,14.53,14.52,14.53,6250,0
2014-04-21,20:00:00,14.54,14.55,14.53,14.55,3885,0
2014-04-21,21:00:00,14.55,14.55,14.54,14.55,9454,0
2014-04-21,22:00:00,14.55,14.57,14.54,14.57,16462,0
2014-04-22,16:00:00,14.57,14.6,14.57,14.6,2236,0
2014-04-22,17:00:00,14.59,14.6,14.59,14.6,8678,0
2014-04-22,18:00:00,14.6,14.6,14.58,14.6,12245,0
2014-04-22,19:00:00,14.58,14.6,14.58,14.6,20789,0
2014-04-22,20:00:00,14.59,14.59,14.58,14.59,7900,0
2014-04-22,21:00:00,14.59,14.6,14.58,14.58,18001,0
2014-04-22,22:00:00,14.59,14.6,14.58,14.6,42953,0
2014-04-23,16:00:00,14.65,14.69,14.61,14.62,8002,0
2014-04-23,17:00:00,14.61,14.62,14.61,14.61,6043,0
2014-04-23,18:00:00,14.62,14.65,14.61,14.65,17364,0
2014-04-23,19:00:00,14.64,14.64,14.63,14.64,10662,0
2014-04-23,20:00:00,14.64,14.64,14.63,14.63,13416,0
2014-04-23,21:00:00,14.64,14.64,14.63,14.64,4533,0
2014-04-23,22:00:00,14.63,14.67,14.63,14.67,28635,0
2014-04-24,16:00:00,14.61,14.62,14.6,14.61,43828,0
2014-04-24,17:00:00,14.61,14.61,14.59,14.6,12349,0
2014-04-24,18:00:00,14.6,14.6,14.58,14.59,20597,0
2014-04-24,19:00:00,14.6,14.61,14.6,14.61,19126,0
2014-04-24,20:00:00,14.61,14.61,14.61,14.61,6995,0
2014-04-24,21:00:00,14.61,14.62,14.61,14.62,19604,0
2014-04-24,22:00:00,14.61,14.63,14.6,14.6,20004,0
2014-04-25,16:00:00,14.65,14.65,14.61,14.61,800,0
2014-04-25,17:00:00,14.62,14.63,14.61,14.62,10794,0
2014-04-25,18:00:00,14.61,14.63,14.61,14.62,5400,0
2014-04-25,19:00:00,14.63,14.63,14.62,14.63,6650,0
2014-04-25,20:00:00,14.63,14.7,14.62,14.69,94491,0
2014-04-25,21:00:00,14.7,14.71,14.68,14.71,26153,0
2014-04-25,22:00:00,14.7,14.7,14.67,14.69,19321,0
2014-04-28,16:00:00,14.71,14.71,14.68,14.69,4496,0
2014-04-28,17:00:00,14.7,14.7,14.68,14.7,9264,0
2014-04-28,18:00:00,14.7,14.7,14.68,14.68,13079,0
2014-04-28,19:00:00,14.68,14.69,14.67,14.68,7598,0
2014-04-28,20:00:00,14.67,14.7,14.67,14.68,11249,0
2014-04-28,21:00:00,14.68,14.7,14.68,14.7,12718,0
2014-04-28,22:00:00,14.7,14.7,14.69,14.69,10865,0
2014-04-29,16:00:00,14.73,14.73,14.65,14.68,4439,0
2014-04-29,17:00:00,14.68,14.71,14.68,14.71,30616,0
2014-04-29,18:00:00,14.7,14.72,14.7,14.7,39791,0
2014-04-29,19:00:00,14.7,14.71,14.7,14.7,14114,0
2014-04-29,20:00:00,14.7,14.71,14.7,14.7,7756,0
2014-04-29,21:00:00,14.7,14.71,14.68,14.68,8593,0
2014-04-29,22:00:00,14.69,14.72,14.68,14.72,20745,0
2014-04-30,16:00:00,14.7,14.7,14.66,14.7,10160,0
2014-04-30,17:00:00,14.69,14.7,14.69,14.69,14213,0
2014-04-30,18:00:00,14.7,14.7,14.69,14.69,11947,0
2014-04-30,19:00:00,14.7,14.7,14.69,14.69,10818,0
2014-04-30,20:00:00,14.69,14.7,14.69,14.69,7344,0
2014-04-30,21:00:00,14.69,14.7,14.69,14.69,14792,0
2014-04-30,22:00:00,14.69,14.77,14.69,14.77,35823,0
2014-05-01,16:00:00,14.71,14.73,14.7,14.7,48493,0
2014-05-01,17:00:00,14.71,14.73,14.7,14.72,53376,0
2014-05-01,18:00:00,14.72,14.73,14.72,14.73,17988,0
2014-05-01,19:00:00,14.72,14.73,14.71,14.71,16711,0
2014-05-01,20:00:00,14.72,14.73,14.7,14.71,30048,0
2014-05-01,21:00:00,14.72,14.72,14.71,14.72,14252,0
2014-05-01,22:00:00,14.72,14.79,14.71,14.79,60365,0
2014-05-02,16:00:00,14.75,14.78,14.73,14.75,15036,0
2014-05-02,17:00:00,14.76,14.76,14.74,14.75,19042,0
2014-05-02,18:00:00,14.74,14.75,14.74,14.75,18655,0
2014-05-02,19:00:00,14.75,14.76,14.74,14.76,8201,0
2014-05-02,20:00:00,14.76,14.76,14.74,14.74,11103,0
2014-05-02,21:00:00,14.75,14.79,14.74,14.78,20383,0
2014-05-02,22:00:00,14.79,14.8,14.76,14.76,34868,0
2014-05-05,16:00:00,14.73,14.74,14.73,14.74,11250,0
2014-05-05,17:00:00,14.74,14.74,14.71,14.72,15023,0
2014-05-05,18:00:00,14.72,14.73,14.7,14.73,23317,0
2014-05-05,19:00:00,14.73,14.74,14.73,14.74,7738,0
2014-05-05,20:00:00,14.73,14.75,14.72,14.74,6876,0
2014-05-05,21:00:00,14.75,14.76,14.72,14.76,22247,0
2014-05-05,22:00:00,14.76,14.79,14.73,14.79,22126,0
2014-05-06,16:00:00,14.72,14.74,14.72,14.74,6277,0
2014-05-06,17:00:00,14.73,14.74,14.72,14.72,32236,0
2014-05-06,18:00:00,14.73,14.74,14.73,14.74,5923,0
2014-05-06,19:00:00,14.73,14.74,14.72,14.73,5971,0
2014-05-06,20:00:00,14.74,14.75,14.72,14.72,24015,0
2014-05-06,21:00:00,14.72,14.76,14.72,14.76,15978,0
2014-05-06,22:00:00,14.75,14.79,14.74,14.79,24220,0
2014-05-07,16:00:00,14.8,14.8,14.8,14.8,2406,0
2014-05-07,17:00:00,14.8,14.81,14.77,14.81,19918,0
2014-05-07,18:00:00,14.81,14.81,14.77,14.77,14065,0
2014-05-07,19:00:00,14.78,14.81,14.78,14.81,24993,0
2014-05-07,20:00:00,14.82,14.82,14.77,14.79,47261,0
2014-05-07,21:00:00,14.8,14.81,14.78,14.8,12101,0
2014-05-07,22:00:00,14.8,14.84,14.78,14.84,22686,0
