Date,Time,Open,High,Low,Close,Volume,OpenInt
2014-02-10,16:00:00,50.616,50.646,50.606,50.626,26273,0
2014-02-10,17:00:00,50.636,50.636,50.606,50.606,33820,0
2014-02-10,18:00:00,50.606,50.626,50.606,50.626,37325,0
2014-02-10,19:00:00,50.616,50.626,50.596,50.606,106906,0
2014-02-10,20:00:00,50.606,50.616,50.596,50.606,52270,0
2014-02-10,21:00:00,50.616,50.636,50.606,50.606,121402,0
2014-02-10,22:00:00,50.616,50.626,50.606,50.626,74178,0
2014-02-11,16:00:00,50.646,50.646,50.606,50.606,43160,0
2014-02-11,17:00:00,50.606,50.616,50.606,50.606,29935,0
2014-02-11,18:00:00,50.606,50.616,50.596,50.606,44016,0
2014-02-11,19:00:00,50.596,50.616,50.596,50.616,42276,0
2014-02-11,20:00:00,50.616,50.616,50.596,50.606,162964,0
2014-02-11,21:00:00,50.606,50.616,50.596,50.606,72037,0
2014-02-11,22:00:00,50.616,50.616,50.596,50.606,123180,0
2014-02-12,16:00:00,50.606,50.626,50.596,50.616,720715,0
2014-02-12,17:00:00,50.606,50.616,50.606,50.616,49188,0
2014-02-12,18:00:00,50.616,50.616,50.606,50.616,86115,0
2014-02-12,19:00:00,50.616,50.616,50.606,50.606,35232,0
2014-02-12,20:00:00,50.606,50.616,50.606,50.616,43595,0
2014-02-12,21:00:00,50.616,50.616,50.606,50.616,114098,0
2014-02-12,22:00:00,50.616,50.616,50.606,50.616,147814,0
2014-02-13,16:00:00,50.606,50.636,50.606,50.616,27431,0
2014-02-13,17:00:00,50.606,50.626,50.606,50.616,38095,0
2014-02-13,18:00:00,50.606,50.616,50.606,50.616,50225,0
2014-02-13,19:00:00,50.616,50.616,50.606,50.616,28850,0
2014-02-13,20:00:00,50.616,50.616,50.606,50.606,65883,0
2014-02-13,21:00:00,50.616,50.616,50.576,50.586,310039,0
2014-02-13,22:00:00,50.596,50.616,50.586,50.616,118477,0
2014-02-14,16:00:00,50.586,50.616,50.576,50.576,23830,0
2014-02-14,17:00:00,50.596,50.616,50.576,50.616,170934,0
2014-02-14,18:00:00,50.596,50.626,50.586,50.616,201053,0
2014-02-14,19:00:00,50.626,50.626,50.586,50.586,87613,0
2014-02-14,20:00:00,50.596,50.616,50.586,50.596,125440,0
2014-02-14,21:00:00,50.606,50.616,50.596,50.606,81331,0
2014-02-14,22:00:00,50.616,50.626,50.606,50.626,140031,0
2014-02-18,16:00:00,50.636,50.646,50.596,50.596,20737,0
2014-02-18,17:00:00,50.606,50.626,50.596,50.616,58890,0
2014-02-18,18:00:00,50.616,50.626,50.606,50.616,299540,0
2014-02-18,19:00:00,50.606,50.616,50.606,50.606,48689,0
2014-02-18,20:00:00,50.616,50.616,50.606,50.616,70568,0
2014-02-18,21:00:00,50.616,50.616,50.606,50.606,151051,0
2014-02-18,22:00:00,50.606,50.636,50.606,50.606,223184,0
2014-02-19,16:00:00,50.626,50.646,50.606,50.626,59155,0
2014-02-19,17:00:00,50.636,50.636,50.616,50.626,112991,0
2014-02-19,18:00:00,50.626,50.636,50.626,50.636,35382,0
2014-02-19,19:00:00,50.626,50.636,50.616,50.636,83949,0
2014-02-19,20:00:00,50.626,50.636,50.616,50.636,79323,0
2014-02-19,21:00:00,50.626,50.636,50.616,50.626,135636,0
2014-02-19,22:00:00,50.626,50.636,50.616,50.636,134023,0
2014-02-20,16:00:00,50.636,50.636,50.616,50.636,18266,0
2014-02-20,17:00:00,50.636,50.636,50.606,50.636,123016,0
2014-02-20,18:00:00,50.636,50.636,50.616,50.626,239931,0
2014-02-20,19:00:00,50.636,50.636,50.626,50.636,76796,0
2014-02-20,20:00:00,50.636,50.636,50.626,50.636,60941,0
2014-02-20,21:00:00,50.636,50.646,50.626,50.626,93763,0
2014-02-20,22:00:00,50.636,50.646,50.626,50.646,132383,0
2014-02-21,16:00:00,50.646,50.646,50.626,50.636,16186,0
2014-02-21,17:00:00,50.636,50.646,50.636,50.636,45639,0
2014-02-21,18:00:00,50.646,50.646,50.636,50.646,40038,0
2014-02-21,19:00:00,50.646,50.646,50.636,50.646,56652,0
2014-02-21,20:00:00,50.646,50.656,50.636,50.646,71615,0
2014-02-21,21:00:00,50.646,50.656,50.616,50.626,142445,0
2014-02-21,22:00:00,50.636,50.636,50.616,50.626,85541,0
2014-02-24,16:00:00,50.626,50.646,50.616,50.626,25318,0
2014-02-24,17:00:00,50.626,50.646,50.626,50.636,36317,0
2014-02-24,18:00:00,50.636,50.646,50.626,50.626,77112,0
2014-02-24,19:00:00,50.636,50.636,50.626,50.626,48648,0
2014-02-24,20:00:00,50.636,50.636,50.626,50.626,70494,0
2014-02-24,21:00:00,50.626,50.636,50.626,50.636,120720,0
2014-02-24,22:00:00,50.636,50.636,50.616,50.616,213125,0
2014-02-25,16:00:00,50.626,50.646,50.626,50.636,41030,0
2014-02-25,17:00:00,50.626,50.636,50.626,50.626,104993,0
2014-02-25,18:00:00,50.626,50.636,50.626,50.626,43861,0
2014-02-25,19:00:00,50.626,50.636,50.626,50.636,74921,0
2014-02-25,20:00:00,50.636,50.636,50.626,50.636,41419,0
2014-02-25,21:00:00,50.626,50.636,50.626,50.636,185510,0
2014-02-25,22:00:00,50.636,50.646,50.626,50.626,151449,0
2014-02-26,16:00:00,50.646,50.646,50.626,50.626,14683,0
2014-02-26,17:00:00,50.646,50.646,50.626,50.636,41541,0
2014-02-26,18:00:00,50.636,50.636,50.626,50.626,62988,0
2014-02-26,19:00:00,50.636,50.636,50.626,50.636,123617,0
2014-02-26,20:00:00,50.636,50.636,50.626,50.636,44689,0
2014-02-26,21:00:00,50.626,50.636,50.626,50.636,97878,0
2014-02-26,22:00:00,50.636,50.636,50.616,50.626,143872,0
2014-02-27,16:00:00,50.626,50.646,50.626,50.636,22773,0
2014-02-27,17:00:00,50.636,50.646,50.626,50.646,40430,0
2014-02-27,18:00:00,50.626,50.636,50.626,50.636,81459,0
2014-02-27,19:00:00,50.636,50.636,50.626,50.636,21501,0
2014-02-27,20:00:00,50.626,50.636,50.626,50.636,46636,0
2014-02-27,21:00:00,50.626,50.636,50.626,50.636,120158,0
2014-02-27,22:00:00,50.636,50.646,50.616,50.636,110825,0
2014-02-28,16:00:00,50.636,50.646,50.626,50.636,14805,0
2014-02-28,17:00:00,50.636,50.636,50.626,50.626,50671,0
2014-02-28,18:00:00,50.626,50.636,50.626,50.626,66256,0
2014-02-28,19:00:00,50.636,50.636,50.626,50.636,57218,0
2014-02-28,20:00:00,50.636,50.636,50.626,50.636,76422,0
2014-02-28,21:00:00,50.626,50.636,50.626,50.636,140730,0
2014-02-28,22:00:00,50.636,50.646,50.626,50.636,102646,0
2014-03-03,16:00:00,50.643,50.653,50.643,50.653,38883,0
2014-03-03,17:00:00,50.643,50.663,50.613,50.653,253031,0
2014-03-03,18:00:00,50.653,50.653,50.623,50.633,111413,0
2014-03-03,19:00:00,50.633,50.643,50.623,50.623,31232,0
2014-03-03,20:00:00,50.633,50.633,50.623,50.633,98371,0
2014-03-03,21:00:00,50.633,50.653,50.623,50.643,120595,0
2014-03-03,22:00:00,50.633,50.643,50.623,50.633,100797,0
2014-03-04,16:00:00,50.633,50.653,50.633,50.653,16753,0
2014-03-04,17:00:00,50.653,50.653,50.633,50.643,41747,0
2014-03-04,18:00:00,50.643,50.643,50.633,50.643,73616,0
2014-03-04,19:00:00,50.643,50.653,50.633,50.643,41669,0
2014-03-04,20:00:00,50.653,50.653,50.643,50.653,105452,0
2014-03-04,21:00:00,50.653,50.653,50.643,50.653,79982,0
2014-03-04,22:00:00,50.643,50.653,50.633,50.633,615033,0
2014-03-05,16:00:00,50.653,50.663,50.633,50.653,42621,0
2014-03-05,17:00:00,50.653,50.653,50.643,50.653,82531,0
2014-03-05,18:00:00,50.653,50.653,50.643,50.643,61294,0
2014-03-05,19:00:00,50.643,50.653,50.633,50.643,132534,0
2014-03-05,20:00:00,50.633,50.643,50.623,50.633,131088,0
2014-03-05,21:00:00,50.623,50.643,50.613,50.633,410368,0
2014-03-05,22:00:00,50.633,50.653,50.623,50.633,234644,0
2014-03-06,16:00:00,50.653,50.663,50.633,50.653,54356,0
2014-03-06,17:00:00,50.653,50.663,50.633,50.643,63676,0
2014-03-06,18:00:00,50.663,50.663,50.643,50.643,35020,0
2014-03-06,19:00:00,50.653,50.663,50.643,50.653,18840,0
2014-03-06,20:00:00,50.643,50.653,50.633,50.643,61476,0
2014-03-06,21:00:00,50.633,50.653,50.623,50.643,820269,0
2014-03-06,22:00:00,50.643,50.653,50.623,50.643,189553,0
2014-03-07,16:00:00,50.653,50.653,50.643,50.653,15128,0
2014-03-07,17:00:00,50.653,50.653,50.633,50.633,34579,0
2014-03-07,18:00:00,50.643,50.643,50.633,50.633,29835,0
2014-03-07,19:00:00,50.633,50.643,50.633,50.643,21234,0
2014-03-07,20:00:00,50.633,50.643,50.633,50.633,58869,0
2014-03-07,21:00:00,50.643,50.643,50.633,50.633,67320,0
2014-03-07,22:00:00,50.633,50.643,50.623,50.643,92375,0
2014-03-10,15:00:00,50.633,50.653,50.633,50.633,21498,0
2014-03-10,16:00:00,50.643,50.643,50.633,50.643,35349,0
2014-03-10,17:00:00,50.643,50.643,50.633,50.633,49737,0
2014-03-10,18:00:00,50.643,50.643,50.633,50.633,19387,0
2014-03-10,19:00:00,50.633,50.643,50.633,50.633,46913,0
2014-03-10,20:00:00,50.633,50.643,50.633,50.643,45573,0
2014-03-10,21:00:00,50.633,50.643,50.633,50.643,96149,0
2014-03-11,15:00:00,50.653,50.653,50.633,50.653,18265,0
2014-03-11,16:00:00,50.653,50.653,50.633,50.643,32161,0
2014-03-11,17:00:00,50.643,50.653,50.633,50.643,56524,0
2014-03-11,18:00:00,50.633,50.643,50.633,50.633,16470,0
2014-03-11,19:00:00,50.643,50.643,50.623,50.633,96626,0
2014-03-11,20:00:00,50.633,50.653,50.623,50.643,72907,0
2014-03-11,21:00:00,50.633,50.643,50.623,50.633,116343,0
2014-03-12,15:00:00,50.653,50.663,50.633,50.653,63194,0
2014-03-12,16:00:00,50.653,50.653,50.633,50.653,31958,0
2014-03-12,17:00:00,50.653,50.653,50.643,50.653,55822,0
2014-03-12,18:00:00,50.653,50.653,50.643,50.643,47812,0
2014-03-12,19:00:00,50.653,50.653,50.643,50.643,94125,0
2014-03-12,20:00:00,50.653,50.673,50.643,50.663,1471698,0
2014-03-12,21:00:00,50.673,50.673,50.663,50.663,95642,0
2014-03-13,15:00:00,50.663,50.663,50.633,50.653,127094,0
2014-03-13,16:00:00,50.663,50.673,50.653,50.653,58903,0
2014-03-13,17:00:00,50.653,50.663,50.643,50.653,50910,0
2014-03-13,18:00:00,50.653,50.653,50.643,50.643,39953,0
2014-03-13,19:00:00,50.653,50.653,50.643,50.653,44654,0
2014-03-13,20:00:00,50.643,50.663,50.643,50.653,82927,0
2014-03-13,21:00:00,50.663,50.663,50.643,50.643,45326,0
2014-03-14,15:00:00,50.653,50.653,50.633,50.633,18356,0
2014-03-14,16:00:00,50.643,50.653,50.633,50.633,74751,0
2014-03-14,17:00:00,50.633,50.653,50.633,50.643,38931,0
2014-03-14,18:00:00,50.653,50.653,50.643,50.653,39371,0
2014-03-14,19:00:00,50.653,50.663,50.643,50.653,150466,0
2014-03-14,20:00:00,50.653,50.663,50.643,50.653,86654,0
2014-03-14,21:00:00,50.643,50.653,50.643,50.643,68686,0
2014-03-17,15:00:00,50.633,50.653,50.633,50.633,14918,0
2014-03-17,16:00:00,50.653,50.663,50.633,50.643,61755,0
2014-03-17,17:00:00,50.653,50.663,50.643,50.653,61559,0
2014-03-17,18:00:00,50.653,50.653,50.643,50.653,21235,0
2014-03-17,19:00:00,50.653,50.653,50.643,50.643,62603,0
2014-03-17,20:00:00,50.643,50.663,50.643,50.653,147045,0
2014-03-17,21:00:00,50.643,50.663,50.643,50.653,68059,0
2014-03-18,15:00:00,50.653,50.663,50.643,50.663,20632,0
2014-03-18,16:00:00,50.663,50.663,50.643,50.663,155455,0
2014-03-18,17:00:00,50.663,50.663,50.653,50.663,70329,0
2014-03-18,18:00:00,50.653,50.663,50.653,50.663,54263,0
2014-03-18,19:00:00,50.663,50.663,50.653,50.663,78705,0
2014-03-18,20:00:00,50.653,50.663,50.653,50.663,61163,0
2014-03-18,21:00:00,50.653,50.663,50.643,50.643,84721,0
2014-03-19,15:00:00,50.663,50.663,50.633,50.663,17265,0
2014-03-19,16:00:00,50.653,50.673,50.643,50.663,152815,0
2014-03-19,17:00:00,50.673,50.673,50.653,50.663,48156,0
2014-03-19,18:00:00,50.663,50.673,50.663,50.673,26782,0
2014-03-19,19:00:00,50.673,50.673,50.663,50.663,60088,0
2014-03-19,20:00:00,50.663,50.673,50.653,50.663,93464,0
2014-03-19,21:00:00,50.663,50.673,50.653,50.663,202426,0
2014-03-20,15:00:00,50.663,50.683,50.643,50.653,20151,0
2014-03-20,16:00:00,50.663,50.663,50.653,50.653,69080,0
2014-03-20,17:00:00,50.663,50.663,50.643,50.653,83655,0
2014-03-20,18:00:00,50.653,50.663,50.643,50.663,43659,0
2014-03-20,19:00:00,50.653,50.663,50.633,50.643,102770,0
2014-03-20,20:00:00,50.653,50.653,50.643,50.653,49097,0
2014-03-20,21:00:00,50.643,50.663,50.643,50.663,70168,0
2014-03-21,15:00:00,50.673,50.683,50.663,50.673,348996,0
2014-03-21,16:00:00,50.673,50.683,50.663,50.673,113222,0
2014-03-21,17:00:00,50.673,50.683,50.663,50.663,26879,0
2014-03-21,18:00:00,50.663,50.673,50.663,50.673,26553,0
2014-03-21,19:00:00,50.663,50.683,50.663,50.683,46625,0
2014-03-21,20:00:00,50.663,50.683,50.663,50.663,475114,0
2014-03-21,21:00:00,50.673,50.683,50.663,50.663,73347,0
2014-03-24,15:00:00,50.663,50.673,50.643,50.673,11560,0
2014-03-24,16:00:00,50.663,50.673,50.643,50.663,270792,0
2014-03-24,17:00:00,50.673,50.673,50.663,50.663,56620,0
2014-03-24,18:00:00,50.663,50.673,50.653,50.673,152084,0
2014-03-24,19:00:00,50.673,50.673,50.643,50.663,34675,0
2014-03-24,20:00:00,50.663,50.673,50.643,50.663,59295,0
2014-03-24,21:00:00,50.643,50.663,50.643,50.653,138142,0
2014-03-25,15:00:00,50.653,50.673,50.653,50.663,2871,0
2014-03-25,16:00:00,50.663,50.673,50.653,50.653,40440,0
2014-03-25,17:00:00,50.673,50.673,50.653,50.653,53948,0
2014-03-25,18:00:00,50.653,50.673,50.653,50.673,50155,0
2014-03-25,19:00:00,50.663,50.673,50.663,50.663,97912,0
2014-03-25,20:00:00,50.663,50.673,50.663,50.673,71080,0
2014-03-25,21:00:00,50.663,50.673,50.663,50.673,131113,0
2014-03-26,15:00:00,50.653,50.673,50.653,50.673,14870,0
2014-03-26,16:00:00,50.663,50.673,50.653,50.653,36637,0
2014-03-26,17:00:00,50.653,50.673,50.653,50.663,47590,0
2014-03-26,18:00:00,50.663,50.673,50.663,50.673,34019,0
2014-03-26,19:00:00,50.673,50.673,50.663,50.673,456810,0
2014-03-26,20:00:00,50.673,50.673,50.663,50.673,45313,0
2014-03-26,21:00:00,50.673,50.673,50.663,50.673,158237,0
2014-03-27,15:00:00,50.653,50.673,50.653,50.663,16300,0
2014-03-27,16:00:00,50.663,50.673,50.653,50.653,25862,0
2014-03-27,17:00:00,50.663,50.673,50.653,50.653,54136,0
2014-03-27,18:00:00,50.653,50.663,50.653,50.653,42806,0
2014-03-27,19:00:00,50.653,50.663,50.653,50.653,50066,0
2014-03-27,20:00:00,50.653,50.673,50.653,50.663,99192,0
2014-03-27,21:00:00,50.673,50.673,50.663,50.673,84480,0
2014-03-28,15:00:00,50.683,50.683,50.663,50.673,21244,0
2014-03-28,16:00:00,50.673,50.673,50.663,50.673,25376,0
2014-03-28,17:00:00,50.663,50.673,50.663,50.663,59469,0
2014-03-28,18:00:00,50.673,50.683,50.663,50.683,78389,0
2014-03-28,19:00:00,50.673,50.683,50.673,50.683,51090,0
2014-03-28,20:00:00,50.673,50.683,50.673,50.683,61913,0
2014-03-28,21:00:00,50.683,50.683,50.663,50.673,88205,0
2014-03-31,16:00:00,50.683,50.683,50.663,50.673,21423,0
2014-03-31,17:00:00,50.663,50.673,50.663,50.673,77675,0
2014-03-31,18:00:00,50.673,50.673,50.663,50.673,22840,0
2014-03-31,19:00:00,50.673,50.673,50.663,50.673,22847,0
2014-03-31,20:00:00,50.663,50.673,50.663,50.673,48560,0
2014-03-31,21:00:00,50.663,50.673,50.663,50.673,112436,0
2014-03-31,22:00:00,50.673,50.673,50.663,50.663,93685,0
2014-04-01,16:00:00,50.651,50.691,50.651,50.691,33562,0
2014-04-01,17:00:00,50.681,50.691,50.671,50.671,124680,0
2014-04-01,18:00:00,50.671,50.681,50.651,50.651,168819,0
2014-04-01,19:00:00,50.651,50.661,50.651,50.651,85765,0
2014-04-01,20:00:00,50.651,50.661,50.641,50.651,151437,0
2014-04-01,21:00:00,50.651,50.661,50.641,50.651,104187,0
2014-04-01,22:00:00,50.651,50.651,50.641,50.641,161243,0
2014-04-02,16:00:00,50.641,50.671,50.641,50.671,31833,0
2014-04-02,17:00:00,50.671,50.681,50.651,50.661,74414,0
2014-04-02,18:00:00,50.661,50.681,50.651,50.651,88345,0
2014-04-02,19:00:00,50.651,50.671,50.651,50.671,68273,0
2014-04-02,20:00:00,50.671,50.671,50.651,50.651,106857,0
2014-04-02,21:00:00,50.661,50.661,50.651,50.661,120716,0
2014-04-02,22:00:00,50.651,50.691,50.651,50.691,90982,0
2014-04-03,16:00:00,50.651,50.681,50.651,50.681,13330,0
2014-04-03,17:00:00,50.681,50.681,50.651,50.671,21116,0
2014-04-03,18:00:00,50.661,50.671,50.651,50.651,201945,0
2014-04-03,19:00:00,50.661,50.661,50.651,50.661,37077,0
2014-04-03,20:00:00,50.661,50.681,50.651,50.681,93114,0
2014-04-03,21:00:00,50.681,50.681,50.671,50.681,86644,0
2014-04-03,22:00:00,50.671,50.681,50.671,50.681,130380,0
2014-04-04,16:00:00,50.661,50.691,50.661,50.691,52947,0
2014-04-04,17:00:00,50.681,50.691,50.681,50.691,55489,0
2014-04-04,18:00:00,50.691,50.691,50.681,50.691,34985,0
2014-04-04,19:00:00,50.681,50.691,50.661,50.691,92251,0
2014-04-04,20:00:00,50.691,50.691,50.681,50.691,54663,0
2014-04-04,21:00:00,50.691,50.691,50.681,50.691,96604,0
2014-04-04,22:00:00,50.691,50.701,50.671,50.671,237631,0
2014-04-07,16:00:00,50.661,50.691,50.661,50.681,10499,0
2014-04-07,17:00:00,50.681,50.691,50.661,50.661,72689,0
2014-04-07,18:00:00,50.671,50.671,50.661,50.671,51433,0
2014-04-07,19:00:00,50.661,50.671,50.661,50.671,25753,0
2014-04-07,20:00:00,50.671,50.671,50.661,50.661,30320,0
2014-04-07,21:00:00,50.671,50.671,50.661,50.671,130187,0
2014-04-07,22:00:00,50.671,50.681,50.661,50.661,83595,0
2014-04-08,16:00:00,50.661,50.691,50.661,50.671,39641,0
2014-04-08,17:00:00,50.671,50.671,50.661,50.671,34183,0
2014-04-08,18:00:00,50.671,50.681,50.661,50.681,99155,0
2014-04-08,19:00:00,50.681,50.691,50.671,50.691,36900,0
2014-04-08,20:00:00,50.691,50.691,50.681,50.681,54541,0
2014-04-08,21:00:00,50.681,50.691,50.681,50.691,93282,0
2014-04-08,22:00:00,50.691,50.691,50.681,50.691,120491,0
2014-04-09,16:00:00,50.661,50.691,50.661,50.691,17372,0
2014-04-09,17:00:00,50.691,50.691,50.681,50.681,30629,0
2014-04-09,18:00:00,50.681,50.691,50.681,50.681,35644,0
2014-04-09,19:00:00,50.691,50.691,50.681,50.681,87670,0
2014-04-09,20:00:00,50.691,50.691,50.681,50.681,56683,0
2014-04-09,21:00:00,50.691,50.691,50.671,50.671,404115,0
2014-04-09,22:00:00,50.681,50.681,50.661,50.661,151326,0
2014-04-10,16:00:00,50.661,50.681,50.661,50.671,27283,0
2014-04-10,17:00:00,50.681,50.681,50.671,50.681,28852,0
2014-04-10,18:00:00,50.681,50.681,50.671,50.681,23340,0
2014-04-10,19:00:00,50.681,50.681,50.671,50.681,60432,0
2014-04-10,20:00:00,50.681,50.691,50.671,50.691,2086933,0
2014-04-10,21:00:00,50.681,50.691,50.681,50.691,68372,0
2014-04-10,22:00:00,50.681,50.691,50.671,50.691,190581,0
2014-04-11,16:00:00,50.681,50.691,50.671,50.691,71816,0
2014-04-11,17:00:00,50.681,50.691,50.671,50.681,39272,0
2014-04-11,18:00:00,50.691,50.691,50.681,50.691,34473,0
2014-04-11,19:00:00,50.691,50.691,50.681,50.691,34308,0
2014-04-11,20:00:00,50.681,50.691,50.681,50.691,45707,0
2014-04-11,21:00:00,50.691,50.691,50.681,50.691,50378,0
2014-04-11,22:00:00,50.681,50.691,50.681,50.691,108992,0
2014-04-14,16:00:00,50.681,50.691,50.681,50.691,25220,0
2014-04-14,17:00:00,50.681,50.691,50.681,50.691,20460,0
2014-04-14,18:00:00,50.681,50.691,50.681,50.681,43306,0
2014-04-14,19:00:00,50.681,50.691,50.681,50.681,44275,0
2014-04-14,20:00:00,50.681,50.701,50.681,50.691,44413,0
2014-04-14,21:00:00,50.681,50.691,50.671,50.691,64941,0
2014-04-14,22:00:00,50.681,50.701,50.681,50.701,128546,0
2014-04-15,16:00:00,50.691,50.701,50.691,50.701,25772,0
2014-04-15,17:00:00,50.701,50.701,50.691,50.701,32483,0
2014-04-15,18:00:00,50.701,50.701,50.691,50.701,45524,0
2014-04-15,19:00:00,50.701,50.701,50.691,50.691,38476,0
2014-04-15,20:00:00,50.691,50.701,50.691,50.691,105568,0
2014-04-15,21:00:00,50.691,50.711,50.691,50.701,73644,0
2014-04-15,22:00:00,50.711,50.731,50.701,50.711,105979,0
2014-04-16,16:00:00,50.681,50.701,50.681,50.691,21662,0
2014-04-16,17:00:00,50.701,50.701,50.681,50.691,74611,0
2014-04-16,18:00:00,50.691,50.701,50.681,50.691,72387,0
2014-04-16,19:00:00,50.691,50.701,50.681,50.691,149787,0
2014-04-16,20:00:00,50.691,50.691,50.671,50.691,222769,0
2014-04-16,21:00:00,50.691,50.691,50.671,50.691,419809,0
2014-04-16,22:00:00,50.691,50.691,50.671,50.681,76520,0
2014-04-17,16:00:00,50.681,50.701,50.671,50.671,31468,0
2014-04-17,17:00:00,50.681,50.691,50.681,50.681,51045,0
2014-04-17,18:00:00,50.681,50.691,50.681,50.681,34481,0
2014-04-17,19:00:00,50.681,50.691,50.671,50.691,41479,0
2014-04-17,20:00:00,50.691,50.691,50.681,50.681,54645,0
2014-04-17,21:00:00,50.681,50.691,50.681,50.691,43409,0
2014-04-17,22:00:00,50.701,50.721,50.681,50.711,82416,0
2014-04-21,16:00:00,50.691,50.721,50.691,50.721,8342,0
2014-04-21,17:00:00,50.691,50.721,50.661,50.711,222444,0
2014-04-21,18:00:00,50.711,50.731,50.691,50.721,102431,0
2014-04-21,19:00:00,50.701,50.721,50.671,50.681,133851,0
2014-04-21,20:00:00,50.681,50.691,50.671,50.681,147294,0
2014-04-21,21:00:00,50.671,50.691,50.671,50.681,82412,0
2014-04-21,22:00:00,50.701,50.711,50.681,50.691,289096,0
2014-04-22,16:00:00,50.691,50.711,50.691,50.701,14776,0
2014-04-22,17:00:00,50.691,50.711,50.691,50.711,24981,0
2014-04-22,18:00:00,50.711,50.711,50.691,50.711,55659,0
2014-04-22,19:00:00,50.691,50.711,50.691,50.701,125879,0
2014-04-22,20:00:00,50.701,50.711,50.691,50.701,80792,0
2014-04-22,21:00:00,50.701,50.701,50.691,50.691,39020,0
2014-04-22,22:00:00,50.691,50.701,50.691,50.701,74687,0
2014-04-23,16:00:00,50.701,50.711,50.681,50.701,35894,0
2014-04-23,17:00:00,50.701,50.711,50.691,50.711,46404,0
2014-04-23,18:00:00,50.711,50.711,50.701,50.701,297185,0
2014-04-23,19:00:00,50.701,50.711,50.701,50.711,36253,0
2014-04-23,20:00:00,50.711,50.711,50.701,50.711,62696,0
2014-04-23,21:00:00,50.711,50.711,50.701,50.701,75943,0
2014-04-23,22:00:00,50.701,50.741,50.701,50.721,132295,0
2014-04-24,16:00:00,50.701,50.711,50.701,50.701,5985,0
2014-04-24,17:00:00,50.711,50.711,50.701,50.711,54827,0
2014-04-24,18:00:00,50.711,50.711,50.691,50.701,42534,0
2014-04-24,19:00:00,50.711,50.711,50.701,50.701,30902,0
2014-04-24,20:00:00,50.711,50.711,50.701,50.711,49222,0
2014-04-24,21:00:00,50.701,50.711,50.701,50.711,47252,0
2014-04-24,22:00:00,50.701,50.711,50.701,50.711,111994,0
2014-04-25,16:00:00,50.711,50.721,50.691,50.711,11660,0
2014-04-25,17:00:00,50.711,50.721,50.711,50.711,15591,0
2014-04-25,18:00:00,50.721,50.721,50.711,50.711,21137,0
2014-04-25,19:00:00,50.711,50.721,50.711,50.721,27099,0
2014-04-25,20:00:00,50.711,50.731,50.711,50.711,67107,0
2014-04-25,21:00:00,50.731,50.731,50.711,50.721,53542,0
2014-04-25,22:00:00,50.721,50.741,50.721,50.731,48615,0
2014-04-28,16:00:00,50.731,50.731,50.701,50.721,35313,0
2014-04-28,17:00:00,50.711,50.721,50.701,50.711,33870,0
2014-04-28,18:00:00,50.711,50.721,50.711,50.721,55789,0
2014-04-28,19:00:00,50.721,50.721,50.711,50.711,35020,0
2014-04-28,20:00:00,50.711,50.721,50.701,50.711,210689,0
2014-04-28,21:00:00,50.711,50.721,50.701,50.721,89261,0
2014-04-28,22:00:00,50.721,50.721,50.711,50.711,55603,0
2014-04-29,16:00:00,50.721,50.721,50.691,50.721,15519,0
2014-04-29,17:00:00,50.721,50.721,50.711,50.721,55677,0
2014-04-29,18:00:00,50.721,50.721,50.701,50.711,31085,0
2014-04-29,19:00:00,50.711,50.721,50.711,50.721,52713,0
2014-04-29,20:00:00,50.711,50.721,50.711,50.721,43689,0
2014-04-29,21:00:00,50.721,50.721,50.701,50.711,173552,0
2014-04-29,22:00:00,50.721,50.721,50.701,50.721,72057,0
2014-04-30,16:00:00,50.741,50.741,50.701,50.721,12265,0
2014-04-30,17:00:00,50.721,50.721,50.701,50.711,23228,0
2014-04-30,18:00:00,50.711,50.721,50.711,50.711,57081,0
2014-04-30,19:00:00,50.721,50.721,50.711,50.721,19290,0
2014-04-30,20:00:00,50.721,50.721,50.701,50.711,59638,0
2014-04-30,21:00:00,50.711,50.721,50.711,50.721,75372,0
2014-04-30,22:00:00,50.721,50.731,50.701,50.701,122036,0
2014-05-01,16:00:00,50.72,50.74,50.7,50.71,49663,0
2014-05-01,17:00:00,50.73,50.73,50.7,50.73,16605,0
2014-05-01,18:00:00,50.72,50.73,50.72,50.72,92801,0
2014-05-01,19:00:00,50.72,50.74,50.72,50.72,30889,0
2014-05-01,20:00:00,50.73,50.73,50.71,50.71,67961,0
2014-05-01,21:00:00,50.72,50.73,50.71,50.71,130311,0
2014-05-01,22:00:00,50.73,50.73,50.71,50.73,102393,0
2014-05-02,16:00:00,50.71,50.73,50.7,50.73,7661,0
2014-05-02,17:00:00,50.73,50.73,50.71,50.72,50974,0
2014-05-02,18:00:00,50.72,50.73,50.72,50.73,19908,0
2014-05-02,19:00:00,50.72,50.73,50.72,50.73,17721,0
2014-05-02,20:00:00,50.72,50.73,50.72,50.73,55691,0
2014-05-02,21:00:00,50.72,50.73,50.72,50.73,82282,0
2014-05-02,22:00:00,50.73,50.73,50.72,50.72,79145,0
2014-05-05,16:00:00,50.72,50.73,50.71,50.73,17115,0
2014-05-05,17:00:00,50.72,50.73,50.71,50.72,75519,0
2014-05-05,18:00:00,50.72,50.72,50.71,50.72,92244,0
2014-05-05,19:00:00,50.71,50.72,50.71,50.72,363113,0
2014-05-05,20:00:00,50.72,50.72,50.71,50.71,172879,0
2014-05-05,21:00:00,50.72,50.72,50.71,50.72,67050,0
2014-05-05,22:00:00,50.72,50.72,50.7,50.71,319423,0
2014-05-06,16:00:00,50.71,50.73,50.71,50.72,14521,0
2014-05-06,17:00:00,50.72,50.73,50.69,50.71,1020332,0
2014-05-06,18:00:00,50.71,50.71,50.7,50.71,240421,0
2014-05-06,19:00:00,50.71,50.72,50.7,50.72,31445,0
2014-05-06,20:00:00,50.72,50.72,50.71,50.72,62849,0
2014-05-06,21:00:00,50.71,50.72,50.7,50.71,551751,0
2014-05-06,22:00:00,50.71,50.72,50.7,50.71,1278539,0
2014-05-07,16:00:00,50.73,50.73,50.71,50.73,11779,0
2014-05-07,17:00:00,50.73,50.73,50.71,50.71,27296,0
2014-05-07,18:00:00,50.72,50.72,50.71,50.72,26781,0
2014-05-07,19:00:00,50.71,50.74,50.71,50.73,56015,0
2014-05-07,20:00:00,50.72,50.74,50.72,50.73,53080,0
2014-05-07,21:00:00,50.74,50.74,50.73,50.74,94859,0
2014-05-07,22:00:00,50.74,50.74,50.73,50.74,155756,0
