Date,Time,Open,High,Low,Close,Volume,OpenInt
2014-02-19,21:00:00,12.98,12.98,12.98,12.98,2000,0
2014-02-20,21:00:00,12.96,13.03,12.96,13.03,800,0
2014-02-20,22:00:00,13.05,13.05,13.05,13.05,400,0
2014-02-21,16:00:00,13.05,13.05,13.05,13.05,2000,0
2014-02-21,21:00:00,13.08,13.08,13.08,13.08,1500,0
2014-02-24,16:00:00,13.1,13.1,13.1,13.1,200,0
2014-02-24,19:00:00,13.19,13.19,13.19,13.19,700,0
2014-02-24,22:00:00,13.21,13.21,13.21,13.21,300,0
2014-02-25,21:00:00,13.25,13.25,13.25,13.25,4600,0
2014-02-26,17:00:00,13.2,13.2,13.12,13.13,3200,0
2014-02-28,16:00:00,13.11,13.11,13.11,13.11,1000,0
2014-03-03,19:00:00,13.32,13.32,13.32,13.32,600,0
2014-03-04,22:00:00,13.16,13.16,13.16,13.16,400,0
2014-03-05,19:00:00,13.16,13.16,13.16,13.16,200,0
2014-03-06,17:00:00,13.05,13.05,13.05,13.05,1000,0
2014-03-06,19:00:00,13.2,13.2,13.2,13.2,400,0
2014-03-06,22:00:00,13.21,13.21,13.21,13.21,2800,0
2014-03-10,15:00:00,12.9,12.9,12.9,12.9,100,0
2014-03-10,16:00:00,13.07,13.07,13.07,13.07,300,0
2014-03-12,21:00:00,13.26,13.26,13.26,13.26,100,0
2014-03-13,17:00:00,13.29,13.29,13.29,13.29,300,0
2014-03-13,19:00:00,13.39,13.39,13.39,13.39,150,0
2014-03-14,17:00:00,13.46,13.46,13.4,13.4,1866,0
2014-03-17,16:00:00,13.4,13.4,13.4,13.4,3000,0
2014-03-17,18:00:00,13.39,13.41,13.28,13.28,8300,0
2014-03-18,18:00:00,13.24,13.24,13.24,13.24,100,0
2014-03-19,17:00:00,13.01,13.01,13.01,13.01,200,0
2014-03-19,20:00:00,13.06,13.06,13.06,13.06,328,0
2014-03-19,21:00:00,12.92,12.92,12.92,12.92,500,0
2014-03-20,15:00:00,12.96,12.96,12.96,12.96,150,0
2014-03-20,17:00:00,13.02,13.02,13.02,13.02,1000,0
2014-04-02,17:00:00,12.58,12.6,12.56,12.56,700,0
2014-04-02,19:00:00,12.6,12.63,12.57,12.62,6400,0
2014-04-02,20:00:00,12.58,12.63,12.58,12.58,12600,0
2014-04-02,21:00:00,12.56,12.6,12.56,12.6,4100,0
2014-04-02,22:00:00,12.58,12.63,12.58,12.63,1000,0
2014-04-03,17:00:00,12.67,12.67,12.58,12.61,5800,0
2014-04-03,22:00:00,12.6,12.61,12.6,12.6,800,0
2014-04-04,17:00:00,12.74,12.8,12.74,12.75,6900,0
2014-04-04,18:00:00,12.85,12.85,12.78,12.8,7900,0
2014-04-04,19:00:00,12.84,12.84,12.81,12.81,3600,0
2014-04-04,22:00:00,12.81,12.82,12.76,12.77,4100,0
2014-04-07,16:00:00,12.86,12.86,12.86,12.86,1100,0
2014-04-07,17:00:00,12.8,12.84,12.79,12.81,3300,0
2014-04-07,18:00:00,12.84,12.84,12.81,12.81,2200,0
2014-04-07,19:00:00,12.68,12.78,12.68,12.78,2300,0
2014-04-07,21:00:00,12.85,12.85,12.84,12.85,300,0
2014-04-07,22:00:00,12.68,12.68,12.68,12.68,100,0
2014-04-09,16:00:00,12.75,12.75,12.7,12.7,1000,0
2014-04-09,19:00:00,12.69,12.7,12.67,12.67,600,0
2014-04-09,22:00:00,12.8,12.8,12.8,12.8,1550,0
2014-04-14,20:00:00,12.91,12.98,12.9,12.9,400,0
2014-04-14,21:00:00,12.91,12.91,12.9,12.9,200,0
2014-04-15,16:00:00,12.65,12.65,12.65,12.65,200,0
2014-04-15,21:00:00,12.76,12.76,12.71,12.73,600,0
2014-04-15,22:00:00,12.7,12.7,12.7,12.7,500,0
2014-04-16,18:00:00,12.73,12.73,12.66,12.69,4700,0
2014-04-16,19:00:00,12.68,12.71,12.66,12.71,2800,0
2014-04-16,22:00:00,12.75,12.75,12.75,12.75,900,0
2014-04-17,17:00:00,12.69,12.69,12.63,12.63,800,0
2014-04-17,19:00:00,12.65,12.65,12.65,12.65,100,0
2014-04-17,21:00:00,12.61,12.61,12.61,12.61,200,0
2014-04-21,17:00:00,12.59,12.59,12.51,12.55,1400,0
2014-04-21,18:00:00,12.55,12.55,12.55,12.55,100,0
2014-04-21,19:00:00,12.56,12.56,12.56,12.56,200,0
2014-04-22,19:00:00,12.46,12.46,12.45,12.46,3800,0
2014-04-22,20:00:00,12.46,12.46,12.46,12.46,400,0
2014-04-22,21:00:00,12.5,12.55,12.5,12.54,12400,0
2014-04-22,22:00:00,12.55,12.58,12.52,12.58,1100,0
2014-04-23,16:00:00,12.55,12.55,12.48,12.48,460,0
2014-04-23,17:00:00,12.51,12.51,12.51,12.51,200,0
2014-04-23,18:00:00,12.51,12.56,12.49,12.54,11150,0
2014-04-23,20:00:00,12.49,12.54,12.49,12.53,3400,0
2014-04-24,16:00:00,12.53,12.53,12.53,12.53,200,0
2014-04-24,17:00:00,12.62,12.62,12.57,12.6,7200,0
2014-04-24,18:00:00,12.53,12.56,12.52,12.52,300,0
2014-04-25,16:00:00,12.69,12.85,12.69,12.69,2000,0
2014-04-25,17:00:00,12.7,12.7,12.7,12.7,1000,0
2014-04-25,18:00:00,12.7,12.7,12.7,12.7,300,0
2014-04-25,19:00:00,12.7,12.7,12.7,12.7,1100,0
2014-04-25,22:00:00,12.72,12.72,12.72,12.72,300,0
2014-04-28,18:00:00,12.63,12.63,12.58,12.58,300,0
2014-04-28,20:00:00,12.63,12.63,12.63,12.63,500,0
2014-04-28,21:00:00,12.66,12.66,12.66,12.66,100,0
2014-04-28,22:00:00,12.64,12.64,12.64,12.64,408,0
2014-04-29,18:00:00,12.71,12.71,12.66,12.66,400,0
2014-04-29,22:00:00,12.68,12.68,12.68,12.68,400,0
2014-04-30,19:00:00,12.59,12.59,12.55,12.59,2700,0
2014-04-30,20:00:00,12.58,12.63,12.57,12.57,2100,0
2014-05-01,18:00:00,12.5,12.5,12.5,12.5,2400,0
2014-05-01,22:00:00,12.51,12.51,12.46,12.48,9900,0
2014-05-02,16:00:00,12.54,12.54,12.48,12.51,2100,0
2014-05-02,17:00:00,12.51,12.53,12.5,12.53,1000,0
2014-05-05,16:00:00,12.72,12.73,12.71,12.73,1000,0
2014-05-05,17:00:00,12.75,12.76,12.71,12.76,1400,0
2014-05-05,19:00:00,12.65,12.65,12.65,12.65,5832,0
2014-05-06,17:00:00,12.66,12.67,12.66,12.67,200,0
2014-05-07,17:00:00,12.57,12.57,12.57,12.57,300,0
2014-05-07,21:00:00,12.52,12.52,12.51,12.51,300,0
2014-05-07,22:00:00,12.5,12.51,12.5,12.51,1208,0
