Date,Time,Open,High,Low,Close,Volume,OpenInt
2014-02-10,16:00:00,15.94,16,15.84,15.84,7300,0
2014-02-10,17:00:00,15.8,15.8,15.73,15.73,22208,0
2014-02-10,18:00:00,15.68,15.69,15.66,15.69,58109,0
2014-02-10,19:00:00,15.73,15.73,15.71,15.72,14987,0
2014-02-10,20:00:00,15.69,15.69,15.69,15.69,3105,0
2014-02-10,21:00:00,15.68,15.68,15.65,15.66,6043,0
2014-02-10,22:00:00,15.65,15.69,15.65,15.67,3525,0
2014-02-11,16:00:00,15.9,15.9,15.9,15.9,440,0
2014-02-11,17:00:00,15.93,15.93,15.91,15.91,7107,0
2014-02-11,18:00:00,15.92,15.94,15.9,15.94,2850,0
2014-02-11,19:00:00,15.98,16.01,15.98,16.01,8032,0
2014-02-11,20:00:00,16.03,16.04,16,16.04,2274,0
2014-02-11,21:00:00,16.04,16.04,16.04,16.04,3000,0
2014-02-11,22:00:00,16.03,16.03,16.01,16.02,4928,0
2014-02-12,16:00:00,16.14,16.21,16.14,16.17,5711,0
2014-02-12,17:00:00,16.17,16.17,16.07,16.1,10198,0
2014-02-12,18:00:00,16.08,16.08,16.01,16.01,4200,0
2014-02-12,19:00:00,16.05,16.06,16.05,16.06,500,0
2014-02-12,20:00:00,16.01,16.02,16.01,16.02,1027,0
2014-02-12,21:00:00,16.04,16.08,16.04,16.08,3218,0
2014-02-12,22:00:00,16.09,16.19,16.09,16.12,4550,0
2014-02-13,16:00:00,15.8,15.97,15.71,15.71,1500,0
2014-02-13,17:00:00,16.14,16.14,16.11,16.11,600,0
2014-02-13,18:00:00,16.19,16.19,16.19,16.19,500,0
2014-02-13,19:00:00,16.16,16.16,16.16,16.16,560,0
2014-02-13,21:00:00,16.19,16.19,16.19,16.19,13190,0
2014-02-13,22:00:00,16.24,16.25,16.23,16.24,2570,0
2014-02-14,16:00:00,16.25,16.25,16.25,16.25,7760,0
2014-02-14,17:00:00,16.32,16.37,16.31,16.37,7520,0
2014-02-14,18:00:00,16.3,16.35,16.3,16.3,3000,0
2014-02-14,19:00:00,16.35,16.38,16.33,16.35,18490,0
2014-02-14,20:00:00,16.4,16.48,16.4,16.47,3188,0
2014-02-14,21:00:00,16.46,16.48,16.42,16.42,3292,0
2014-02-14,22:00:00,16.43,16.49,16.43,16.48,6769,0
2014-02-18,16:00:00,16.33,16.42,16.33,16.42,6418,0
2014-02-18,17:00:00,16.33,16.35,16.28,16.28,1783,0
2014-02-18,18:00:00,16.36,16.36,16.31,16.36,2968,0
2014-02-18,20:00:00,16.3,16.32,16.3,16.32,482,0
2014-02-18,21:00:00,16.29,16.32,16.29,16.32,1212,0
2014-02-18,22:00:00,16.36,16.36,16.28,16.3,3091,0
2014-02-19,16:00:00,16.25,16.25,16.25,16.25,834,0
2014-02-19,18:00:00,16.29,16.32,16.29,16.32,1850,0
2014-02-19,19:00:00,16.22,16.22,16.19,16.21,2105,0
2014-02-19,21:00:00,16.23,16.23,16.21,16.21,1299,0
2014-02-19,22:00:00,16.19,16.26,16.16,16.23,16698,0
2014-02-20,16:00:00,16.16,16.19,16.11,16.11,9223,0
2014-02-20,17:00:00,16.1,16.15,16.1,16.15,3816,0
2014-02-20,18:00:00,16.15,16.15,16.11,16.11,15730,0
2014-02-20,19:00:00,16.11,16.11,16.06,16.1,8759,0
2014-02-20,20:00:00,16.14,16.15,16.14,16.15,3100,0
2014-02-20,21:00:00,16.15,16.15,16.14,16.14,2722,0
2014-02-20,22:00:00,16.12,16.12,16.06,16.06,12597,0
2014-02-21,16:00:00,16.1,16.1,16.07,16.07,1248,0
2014-02-21,17:00:00,16.14,16.18,16.14,16.14,7045,0
2014-02-21,18:00:00,16.1,16.15,16.1,16.15,16400,0
2014-02-21,19:00:00,16.16,16.16,16.12,16.12,16391,0
2014-02-21,20:00:00,16.14,16.15,16.14,16.15,400,0
2014-02-21,21:00:00,16.15,16.16,16.14,16.16,2707,0
2014-02-24,16:00:00,16.16,16.29,16.16,16.29,44487,0
2014-02-24,17:00:00,16.23,16.24,16.19,16.22,5160,0
2014-02-24,18:00:00,16.19,16.28,16.19,16.28,13236,0
2014-02-24,19:00:00,16.3,16.3,16.29,16.29,770,0
2014-02-24,20:00:00,16.31,16.35,16.3,16.34,1100,0
2014-02-24,21:00:00,16.35,16.35,16.34,16.34,2500,0
2014-02-24,22:00:00,16.34,16.34,16.29,16.29,10906,0
2014-02-25,16:00:00,16.21,16.28,16.18,16.28,6090,0
2014-02-25,17:00:00,16.22,16.24,16.13,16.13,36234,0
2014-02-25,18:00:00,16.17,16.17,16.1,16.1,13909,0
2014-02-25,19:00:00,16.07,16.13,16.07,16.1,6903,0
2014-02-25,20:00:00,16.12,16.12,16.05,16.09,27976,0
2014-02-25,21:00:00,16.06,16.08,16.02,16.05,28585,0
2014-02-25,22:00:00,16.03,16.04,16.01,16.02,30272,0
2014-02-26,16:00:00,16.02,16.02,15.89,15.89,2834,0
2014-02-26,17:00:00,15.84,15.86,15.84,15.86,900,0
2014-02-26,18:00:00,15.85,15.85,15.85,15.85,1264,0
2014-02-26,19:00:00,15.83,15.84,15.82,15.82,1704,0
2014-02-26,20:00:00,15.84,15.86,15.84,15.85,44354,0
2014-02-26,21:00:00,15.85,15.85,15.81,15.82,5770,0
2014-02-26,22:00:00,15.84,15.84,15.82,15.82,10501,0
2014-02-27,16:00:00,15.79,15.79,15.79,15.79,300,0
2014-02-27,17:00:00,15.79,15.79,15.78,15.79,2497,0
2014-02-27,18:00:00,15.81,15.88,15.81,15.88,1614,0
2014-02-27,19:00:00,15.89,15.89,15.89,15.89,100,0
2014-02-27,20:00:00,15.9,15.95,15.9,15.95,2412,0
2014-02-27,21:00:00,15.86,15.92,15.86,15.92,840,0
2014-02-27,22:00:00,15.9,15.95,15.9,15.95,2324,0
2014-02-28,16:00:00,16.1,16.12,16.07,16.07,2332,0
2014-02-28,17:00:00,16.09,16.15,16.06,16.12,17872,0
2014-02-28,18:00:00,16.19,16.19,16.19,16.19,4031,0
2014-02-28,19:00:00,16.19,16.19,16.17,16.17,6210,0
2014-02-28,21:00:00,16.2,16.2,16.2,16.2,200,0
2014-02-28,22:00:00,16.17,16.17,16.12,16.14,29537,0
2014-03-03,16:00:00,16.14,16.25,16.14,16.16,12132,0
2014-03-03,17:00:00,16.22,16.22,16.15,16.15,2150,0
2014-03-03,18:00:00,16.14,16.16,16.12,16.12,2039,0
2014-03-03,19:00:00,16.11,16.11,16.1,16.1,1100,0
2014-03-03,20:00:00,16.1,16.11,16.09,16.11,5000,0
2014-03-03,21:00:00,16.11,16.11,16.11,16.11,400,0
2014-03-03,22:00:00,16.06,16.09,16.06,16.06,3289,0
2014-03-04,16:00:00,16.1,16.23,16.1,16.21,3141,0
2014-03-04,17:00:00,16.25,16.32,16.25,16.29,30944,0
2014-03-04,18:00:00,16.32,16.37,16.32,16.35,7300,0
2014-03-04,20:00:00,16.38,16.38,16.35,16.35,1056,0
2014-03-04,22:00:00,16.36,16.4,16.36,16.36,1470,0
2014-03-05,17:00:00,16.39,16.46,16.39,16.46,800,0
2014-03-05,18:00:00,16.5,16.55,16.49,16.55,7250,0
2014-03-05,19:00:00,16.57,16.57,16.57,16.57,1100,0
2014-03-05,20:00:00,16.63,16.68,16.63,16.66,13652,0
2014-03-05,21:00:00,16.68,16.69,16.63,16.65,6039,0
2014-03-05,22:00:00,16.66,16.68,16.62,16.62,15122,0
2014-03-06,16:00:00,16.86,16.86,16.77,16.77,1600,0
2014-03-06,17:00:00,16.84,16.99,16.83,16.98,9918,0
2014-03-06,18:00:00,16.97,17.09,16.96,17.09,39753,0
2014-03-06,19:00:00,17.07,17.1,17.07,17.08,5509,0
2014-03-06,20:00:00,17.07,17.07,17.05,17.05,2700,0
2014-03-06,21:00:00,17.06,17.1,17.06,17.08,10564,0
2014-03-06,22:00:00,17.09,17.13,17.08,17.1,60262,0
2014-03-07,16:00:00,17,17,17,17,660,0
2014-03-07,17:00:00,16.99,17.03,16.97,17.01,10797,0
2014-03-07,18:00:00,16.92,16.97,16.87,16.88,6228,0
2014-03-07,19:00:00,16.81,16.81,16.81,16.81,400,0
2014-03-07,20:00:00,16.82,16.88,16.81,16.86,11000,0
2014-03-07,21:00:00,16.82,16.82,16.75,16.75,12022,0
2014-03-07,22:00:00,16.83,16.87,16.76,16.84,8070,0
2014-03-10,15:00:00,16.72,16.8,16.72,16.8,1903,0
2014-03-10,16:00:00,16.78,16.78,16.73,16.73,3333,0
2014-03-10,17:00:00,16.76,16.78,16.74,16.78,1862,0
2014-03-10,18:00:00,16.74,16.78,16.7,16.7,15697,0
2014-03-10,19:00:00,16.71,16.71,16.69,16.7,3500,0
2014-03-10,20:00:00,16.7,16.78,16.69,16.71,19614,0
2014-03-10,21:00:00,16.7,16.73,16.7,16.73,4680,0
2014-03-11,16:00:00,16.83,16.83,16.83,16.83,3600,0
2014-03-11,17:00:00,16.8,16.85,16.76,16.76,1895,0
2014-03-11,18:00:00,16.76,16.8,16.75,16.8,10219,0
2014-03-11,19:00:00,16.8,16.8,16.76,16.76,30851,0
2014-03-11,20:00:00,16.77,16.77,16.76,16.77,2600,0
2014-03-11,21:00:00,16.77,16.82,16.76,16.82,2015,0
2014-03-12,15:00:00,16.9,16.9,16.84,16.84,3623,0
2014-03-12,16:00:00,16.84,16.86,16.81,16.85,2438,0
2014-03-12,17:00:00,16.87,16.88,16.87,16.88,1522,0
2014-03-12,18:00:00,16.85,16.85,16.8,16.81,2200,0
2014-03-12,19:00:00,16.8,16.83,16.8,16.81,9400,0
2014-03-12,20:00:00,16.81,16.81,16.79,16.79,11800,0
2014-03-12,21:00:00,16.79,16.82,16.78,16.82,17689,0
2014-03-13,15:00:00,16.95,16.95,16.91,16.91,2300,0
2014-03-13,16:00:00,16.98,16.99,16.9,16.92,13187,0
2014-03-13,17:00:00,16.92,16.97,16.87,16.96,41520,0
2014-03-13,18:00:00,16.89,16.95,16.84,16.95,83480,0
2014-03-13,19:00:00,16.86,16.92,16.83,16.92,31800,0
2014-03-13,20:00:00,16.87,16.91,16.83,16.83,8751,0
2014-03-13,21:00:00,16.9,16.97,16.85,16.97,12865,0
2014-03-14,15:00:00,16.91,16.92,16.91,16.92,535,0
2014-03-14,16:00:00,16.93,16.95,16.93,16.94,6076,0
2014-03-14,17:00:00,16.94,16.94,16.91,16.91,6200,0
2014-03-14,18:00:00,16.91,16.96,16.91,16.95,2600,0
2014-03-14,19:00:00,16.91,16.94,16.89,16.89,2868,0
2014-03-14,20:00:00,16.99,16.99,16.87,16.87,931,0
2014-03-14,21:00:00,16.87,16.96,16.87,16.91,3492,0
2014-03-17,15:00:00,17.07,17.09,17.07,17.09,2276,0
2014-03-17,16:00:00,17.06,17.08,17,17.07,3175,0
2014-03-17,17:00:00,17.07,17.07,17,17,3200,0
2014-03-17,18:00:00,17.06,17.07,17,17.04,3325,0
2014-03-17,19:00:00,17.07,17.07,16.91,16.94,14550,0
2014-03-17,20:00:00,17,17,17,17,1000,0
2014-03-17,21:00:00,17,17.03,16.95,17.01,8842,0
2014-03-18,15:00:00,17,17,16.99,16.99,700,0
2014-03-18,16:00:00,16.99,17.12,16.99,17.04,4658,0
2014-03-18,17:00:00,17.12,17.12,17.02,17.03,39134,0
2014-03-18,18:00:00,17.1,17.15,17.1,17.14,56366,0
2014-03-18,19:00:00,17.14,17.14,17.14,17.14,400,0
2014-03-18,20:00:00,17.14,17.15,17.12,17.14,14532,0
2014-03-18,21:00:00,17.15,17.16,17.14,17.14,5127,0
2014-03-19,16:00:00,17.16,17.31,17.16,17.29,3858,0
2014-03-19,17:00:00,17.29,17.32,17.27,17.27,4318,0
2014-03-19,18:00:00,17.26,17.32,17.26,17.31,17519,0
2014-03-19,19:00:00,17.31,17.42,17.31,17.36,21122,0
2014-03-19,20:00:00,17.32,17.4,17.27,17.29,21038,0
2014-03-19,21:00:00,17.3,17.35,17.22,17.26,17752,0
2014-03-20,15:00:00,17.22,17.22,17.22,17.22,5250,0
2014-03-20,16:00:00,17.28,17.36,17.28,17.36,5700,0
2014-03-20,17:00:00,17.39,17.41,17.32,17.39,13902,0
2014-03-20,18:00:00,17.39,17.49,17.39,17.49,1442,0
2014-03-20,19:00:00,17.46,17.46,17.46,17.46,300,0
2014-03-20,20:00:00,17.46,17.51,17.43,17.43,20515,0
2014-03-20,21:00:00,17.45,17.48,17.43,17.46,28130,0
2014-03-21,15:00:00,17.55,17.6,17.55,17.6,5908,0
2014-03-21,16:00:00,17.58,17.61,17.56,17.6,8872,0
2014-03-21,17:00:00,17.59,17.63,17.59,17.63,24490,0
2014-03-21,18:00:00,17.62,17.65,17.62,17.64,16973,0
2014-03-21,19:00:00,17.63,17.67,17.61,17.65,44537,0
2014-03-21,20:00:00,17.64,17.64,17.59,17.59,5775,0
2014-03-21,21:00:00,17.63,17.72,17.57,17.72,5740,0
2014-03-24,15:00:00,17.78,17.78,17.64,17.72,2054,0
2014-03-24,16:00:00,17.68,17.69,17.63,17.64,10640,0
2014-03-24,17:00:00,17.63,17.66,17.63,17.66,15392,0
2014-03-24,18:00:00,17.66,17.66,17.63,17.63,11840,0
2014-03-24,19:00:00,17.63,17.68,17.63,17.67,9970,0
2014-03-24,20:00:00,17.66,17.67,17.65,17.65,4108,0
2014-03-24,21:00:00,17.65,17.69,17.62,17.62,57596,0
2014-03-25,15:00:00,17.8,17.85,17.8,17.85,7691,0
2014-03-25,16:00:00,17.85,17.89,17.81,17.89,5895,0
2014-03-25,17:00:00,17.9,17.95,17.86,17.95,2470,0
2014-03-25,18:00:00,17.95,17.95,17.91,17.94,3600,0
2014-03-25,19:00:00,17.95,17.98,17.87,17.91,11790,0
2014-03-25,20:00:00,17.9,17.98,17.89,17.91,19200,0
2014-03-25,21:00:00,17.91,18.01,17.91,17.97,46625,0
2014-03-26,15:00:00,18.04,18.09,18.04,18.06,3300,0
2014-03-26,16:00:00,18.1,18.16,18.1,18.12,11568,0
2014-03-26,17:00:00,18.12,18.14,18.07,18.1,38995,0
2014-03-26,18:00:00,18.1,18.12,18.06,18.09,30506,0
2014-03-26,19:00:00,18.09,18.11,18.05,18.08,31642,0
2014-03-26,20:00:00,18.08,18.13,18.06,18.08,30900,0
2014-03-26,21:00:00,18.09,18.13,18.09,18.11,21677,0
2014-03-27,15:00:00,18.2,18.26,18.19,18.26,2674,0
2014-03-27,16:00:00,18.27,18.38,18.25,18.29,36807,0
2014-03-27,17:00:00,18.4,18.44,18.35,18.44,16587,0
2014-03-27,18:00:00,18.44,18.46,18.41,18.45,32375,0
2014-03-27,19:00:00,18.45,18.48,18.36,18.48,49204,0
2014-03-27,20:00:00,18.48,18.54,18.48,18.53,72717,0
2014-03-27,21:00:00,18.54,18.66,18.54,18.66,122947,0
2014-03-28,15:00:00,18.71,18.77,18.57,18.75,114671,0
2014-03-28,16:00:00,18.75,18.76,18.67,18.69,71075,0
2014-03-28,17:00:00,18.69,18.72,18.61,18.62,68760,0
2014-03-28,18:00:00,18.61,18.64,18.58,18.59,32900,0
2014-03-28,19:00:00,18.58,18.64,18.58,18.61,17686,0
2014-03-28,20:00:00,18.64,18.64,18.54,18.63,11359,0
2014-03-28,21:00:00,18.64,18.67,18.63,18.67,23111,0
2014-03-31,16:00:00,18.7,18.76,18.62,18.63,53146,0
2014-03-31,17:00:00,18.64,18.68,18.62,18.63,42392,0
2014-03-31,18:00:00,18.65,18.67,18.57,18.62,16705,0
2014-03-31,19:00:00,18.65,18.7,18.65,18.67,3003,0
2014-03-31,20:00:00,18.7,18.7,18.66,18.68,1600,0
2014-03-31,21:00:00,18.68,18.71,18.67,18.71,34987,0
2014-03-31,22:00:00,18.72,18.73,18.66,18.67,24949,0
2014-04-01,16:00:00,18.75,18.75,18.7,18.7,37853,0
2014-04-01,17:00:00,18.75,18.75,18.64,18.69,8102,0
2014-04-01,18:00:00,18.64,18.71,18.6,18.7,9627,0
2014-04-01,19:00:00,18.67,18.67,18.67,18.67,100,0
2014-04-01,20:00:00,18.71,18.75,18.71,18.73,9064,0
2014-04-01,21:00:00,18.78,18.79,18.77,18.79,3780,0
2014-04-01,22:00:00,18.79,18.89,18.79,18.85,27569,0
2014-04-02,16:00:00,18.93,18.93,18.85,18.85,13965,0
2014-04-02,17:00:00,18.9,18.9,18.86,18.89,600,0
2014-04-02,18:00:00,18.9,18.99,18.9,18.98,47734,0
2014-04-02,19:00:00,18.96,19.02,18.96,19,5352,0
2014-04-02,20:00:00,19.01,19.01,18.98,18.98,3015,0
2014-04-02,21:00:00,18.99,19,18.96,18.99,3041,0
2014-04-02,22:00:00,18.99,19.04,18.99,19.04,32500,0
2014-04-03,16:00:00,19.14,19.14,18.99,19.04,9700,0
2014-04-03,17:00:00,19.04,19.13,19.02,19.03,39546,0
2014-04-03,18:00:00,19.07,19.07,18.87,18.97,336500,0
2014-04-03,19:00:00,19.01,19.01,18.96,18.96,5700,0
2014-04-03,20:00:00,18.97,18.98,18.92,18.93,4300,0
2014-04-03,21:00:00,18.95,18.96,18.9,18.96,4520,0
2014-04-03,22:00:00,18.95,18.96,18.89,18.93,59827,0
2014-04-04,16:00:00,19.24,19.27,18.95,19.24,46125,0
2014-04-04,17:00:00,19.24,19.33,19.2,19.3,11553,0
2014-04-04,18:00:00,19.3,19.3,19.17,19.17,8719,0
2014-04-04,19:00:00,19.18,19.26,19.12,19.13,20500,0
2014-04-04,20:00:00,19.13,19.18,19.08,19.11,22640,0
2014-04-04,21:00:00,19.08,19.08,19.04,19.05,2000,0
2014-04-04,22:00:00,19.11,19.16,19.05,19.09,12117,0
2014-04-07,16:00:00,19.13,19.13,18.99,19.11,8230,0
2014-04-07,17:00:00,19.1,19.12,19.06,19.08,17576,0
2014-04-07,18:00:00,19.09,19.1,19.05,19.05,33963,0
2014-04-07,19:00:00,19.05,19.05,18.92,18.92,15068,0
2014-04-07,20:00:00,19,19,18.96,18.96,1320,0
2014-04-07,21:00:00,18.92,19.03,18.92,19.03,119120,0
2014-04-07,22:00:00,18.95,19.04,18.95,19.01,19870,0
2014-04-08,16:00:00,19.04,19.23,19.04,19.23,2065,0
2014-04-08,17:00:00,19.22,19.23,19.14,19.19,12036,0
2014-04-08,18:00:00,19.23,19.24,19.17,19.18,5446,0
2014-04-08,19:00:00,19.2,19.2,19.12,19.12,2070,0
2014-04-08,20:00:00,19.12,19.15,19.04,19.04,42385,0
2014-04-08,21:00:00,19.01,19.02,19.01,19.02,3300,0
2014-04-08,22:00:00,19.04,19.08,19.03,19.03,2137,0
2014-04-09,16:00:00,19.02,19.04,19,19,1650,0
2014-04-09,17:00:00,19,19,18.87,18.9,8851,0
2014-04-09,18:00:00,18.91,18.94,18.89,18.93,35295,0
2014-04-09,19:00:00,18.93,18.93,18.78,18.81,28632,0
2014-04-09,20:00:00,18.81,18.82,18.78,18.82,6988,0
2014-04-09,21:00:00,18.82,18.87,18.82,18.86,18213,0
2014-04-09,22:00:00,18.87,18.96,18.87,18.95,44786,0
2014-04-10,16:00:00,19,19.03,19,19.03,2070,0
2014-04-10,17:00:00,19.03,19.07,19.02,19.05,4520,0
2014-04-10,18:00:00,19.08,19.08,19.08,19.08,600,0
2014-04-10,20:00:00,19.12,19.13,19.09,19.09,10779,0
2014-04-10,21:00:00,19.1,19.11,19.07,19.08,11200,0
2014-04-10,22:00:00,19.05,19.07,19,19.04,19186,0
2014-04-11,17:00:00,19.06,19.11,18.9,18.9,5200,0
2014-04-11,18:00:00,19.02,19.02,18.96,18.96,1939,0
2014-04-11,19:00:00,19.02,19.02,18.94,18.96,7021,0
2014-04-11,20:00:00,18.98,19,18.98,18.99,5452,0
2014-04-11,21:00:00,18.98,18.99,18.96,18.96,5931,0
2014-04-11,22:00:00,18.99,19.02,18.96,19.02,40046,0
2014-04-14,16:00:00,19.01,19.07,19.01,19.07,1260,0
2014-04-14,17:00:00,19.1,19.1,19.1,19.1,200,0
2014-04-14,18:00:00,19.05,19.07,19.05,19.07,1400,0
2014-04-14,19:00:00,19.07,19.14,19.07,19.14,35164,0
2014-04-14,20:00:00,19.14,19.14,19.08,19.08,17200,0
2014-04-14,21:00:00,19.08,19.08,19.04,19.08,31749,0
2014-04-14,22:00:00,19.07,19.15,19.03,19.1,32525,0
2014-04-15,16:00:00,19.02,19.02,19,19.01,4051,0
2014-04-15,17:00:00,19.03,19.03,18.93,18.94,58920,0
2014-04-15,18:00:00,18.93,19.02,18.89,18.94,149925,0
2014-04-15,19:00:00,18.82,18.82,18.71,18.73,24563,0
2014-04-15,20:00:00,18.73,18.75,18.7,18.71,27282,0
2014-04-15,21:00:00,18.71,18.76,18.7,18.7,24194,0
2014-04-15,22:00:00,18.71,18.87,18.7,18.8,48264,0
2014-04-16,16:00:00,18.78,18.85,18.78,18.81,2954,0
2014-04-16,17:00:00,18.78,18.85,18.78,18.82,12253,0
2014-04-16,18:00:00,18.82,18.89,18.82,18.89,35163,0
2014-04-16,19:00:00,18.89,18.93,18.88,18.89,43612,0
2014-04-16,20:00:00,18.9,18.9,18.84,18.86,22100,0
2014-04-16,21:00:00,18.86,18.9,18.81,18.83,43990,0
2014-04-16,22:00:00,18.83,18.91,18.81,18.83,49968,0
2014-04-17,16:00:00,18.92,18.93,18.85,18.85,8866,0
2014-04-17,17:00:00,18.87,18.87,18.87,18.87,400,0
2014-04-17,18:00:00,18.99,19.02,18.99,19.02,26900,0
2014-04-17,19:00:00,19.04,19.04,19.04,19.04,4000,0
2014-04-17,20:00:00,19.05,19.05,19.05,19.05,264,0
2014-04-17,21:00:00,19.03,19.12,19.03,19.12,27307,0
2014-04-17,22:00:00,19.12,19.21,19.1,19.16,65569,0
2014-04-21,16:00:00,19.2,19.25,19.16,19.16,7190,0
2014-04-21,17:00:00,19.16,19.16,19.08,19.08,14824,0
2014-04-21,18:00:00,19.11,19.11,19.11,19.11,100,0
2014-04-21,19:00:00,19.08,19.12,19.08,19.12,4390,0
2014-04-21,20:00:00,19.11,19.11,19.11,19.11,500,0
2014-04-21,21:00:00,19.13,19.17,19.12,19.14,19696,0
2014-04-21,22:00:00,19.14,19.14,19.09,19.09,1000,0
2014-04-22,16:00:00,19.17,19.17,19.02,19.04,600,0
2014-04-22,17:00:00,19.01,19.01,18.96,19.01,9800,0
2014-04-22,18:00:00,19,19,18.94,18.95,8975,0
2014-04-22,19:00:00,18.95,19,18.95,19,9450,0
2014-04-22,20:00:00,19.01,19.02,19.01,19.02,4400,0
2014-04-22,21:00:00,19.02,19.05,19.02,19.05,2226,0
2014-04-22,22:00:00,19.01,19.02,18.99,19.02,16825,0
2014-04-23,16:00:00,18.94,18.94,18.87,18.9,9100,0
2014-04-23,17:00:00,18.88,18.89,18.85,18.85,26771,0
2014-04-23,18:00:00,18.9,18.9,18.86,18.86,5272,0
2014-04-23,19:00:00,18.9,18.94,18.9,18.94,3500,0
2014-04-23,20:00:00,18.93,18.95,18.93,18.94,21566,0
2014-04-23,21:00:00,18.94,18.98,18.93,18.93,17400,0
2014-04-23,22:00:00,18.94,18.94,18.91,18.93,3000,0
2014-04-24,16:00:00,18.92,18.92,18.83,18.84,8200,0
2014-04-24,17:00:00,18.83,18.84,18.76,18.78,40008,0
2014-04-24,18:00:00,18.79,18.81,18.71,18.71,21609,0
2014-04-24,19:00:00,18.79,18.82,18.75,18.82,11400,0
2014-04-24,20:00:00,18.81,18.81,18.78,18.78,4000,0
2014-04-24,21:00:00,18.78,18.8,18.78,18.8,21100,0
2014-04-24,22:00:00,18.79,18.8,18.77,18.79,52527,0
2014-04-25,16:00:00,18.62,18.82,18.62,18.68,15962,0
2014-04-25,17:00:00,18.63,18.67,18.6,18.63,9036,0
2014-04-25,18:00:00,18.7,18.7,18.67,18.7,108151,0
2014-04-25,20:00:00,18.77,18.78,18.69,18.73,27100,0
2014-04-25,21:00:00,18.74,18.74,18.73,18.73,1400,0
2014-04-25,22:00:00,18.73,18.79,18.73,18.77,53076,0
2014-04-28,16:00:00,18.76,18.84,18.76,18.84,2976,0
2014-04-28,17:00:00,18.84,18.84,18.8,18.82,2200,0
2014-04-28,18:00:00,18.82,18.83,18.77,18.8,6874,0
2014-04-28,19:00:00,18.82,18.82,18.81,18.82,9200,0
2014-04-28,20:00:00,18.82,18.82,18.79,18.81,9329,0
2014-04-28,21:00:00,18.79,18.85,18.79,18.85,10500,0
2014-04-28,22:00:00,18.85,18.91,18.82,18.86,36807,0
2014-04-29,16:00:00,18.71,18.99,18.71,18.9,4800,0
2014-04-29,17:00:00,18.89,19,18.89,18.95,45033,0
2014-04-29,18:00:00,18.95,19.01,18.92,18.93,12534,0
2014-04-29,19:00:00,18.93,18.99,18.92,18.95,5706,0
2014-04-29,20:00:00,18.95,18.99,18.93,18.93,11550,0
2014-04-29,21:00:00,18.93,19.02,18.93,18.97,17534,0
2014-04-29,22:00:00,18.98,19.03,18.98,18.98,3368,0
2014-04-30,16:00:00,19.07,19.07,18.98,19.01,21685,0
2014-04-30,17:00:00,19.02,19.07,18.98,19.01,79189,0
2014-04-30,18:00:00,19.01,19.03,18.96,19,129017,0
2014-04-30,19:00:00,19,19.02,18.92,18.93,52634,0
2014-04-30,20:00:00,18.93,18.95,18.86,18.86,51809,0
2014-04-30,21:00:00,18.85,18.91,18.84,18.91,29739,0
2014-04-30,22:00:00,18.99,19.03,18.97,19.02,15522,0
2014-05-01,16:00:00,19.1,19.19,19.1,19.13,4368,0
2014-05-01,17:00:00,19.13,19.14,19.11,19.11,9895,0
2014-05-01,18:00:00,19.1,19.1,19.07,19.07,4022,0
2014-05-01,19:00:00,19.07,19.08,19.06,19.07,6077,0
2014-05-01,20:00:00,19.07,19.09,19.07,19.07,1200,0
2014-05-01,21:00:00,19.08,19.09,19.08,19.09,800,0
2014-05-01,22:00:00,19.09,19.09,19.06,19.09,42708,0
2014-05-02,16:00:00,19.03,19.06,19.02,19.03,8392,0
2014-05-02,17:00:00,19.03,19.07,19.01,19.04,19046,0
2014-05-02,18:00:00,19.07,19.11,19.01,19.11,25798,0
2014-05-02,19:00:00,19.02,19.02,19.02,19.02,885,0
2014-05-02,20:00:00,19.06,19.1,19.06,19.1,400,0
2014-05-02,21:00:00,19.09,19.09,19.09,19.09,1600,0
2014-05-02,22:00:00,19.06,19.1,19.05,19.07,27720,0
2014-05-05,16:00:00,18.89,19,18.89,18.96,17837,0
2014-05-05,17:00:00,19,19.14,19,19.11,133135,0
2014-05-05,18:00:00,19.12,19.13,19.07,19.1,27950,0
2014-05-05,19:00:00,19.1,19.1,19.04,19.05,5380,0
2014-05-05,20:00:00,19.05,19.05,18.99,19.01,7450,0
2014-05-05,21:00:00,19.01,19.02,19,19.02,4700,0
2014-05-05,22:00:00,19.02,19.02,18.94,18.94,18613,0
2014-05-06,17:00:00,18.9,18.97,18.9,18.93,6475,0
2014-05-06,18:00:00,18.94,18.95,18.91,18.95,5382,0
2014-05-06,19:00:00,18.96,19,18.94,18.96,900,0
2014-05-06,20:00:00,19.02,19.05,19.01,19.03,15363,0
2014-05-06,21:00:00,19.02,19.02,18.99,19,19189,0
2014-05-06,22:00:00,18.99,19.04,18.99,19.03,16001,0
2014-05-07,16:00:00,19.02,19.02,19.01,19.02,11476,0
2014-05-07,17:00:00,19.02,19.11,19.01,19.07,61449,0
2014-05-07,18:00:00,19.11,19.17,19.09,19.17,52303,0
2014-05-07,19:00:00,19.17,19.2,19.15,19.18,45220,0
2014-05-07,20:00:00,19.18,19.24,19.17,19.18,34264,0
2014-05-07,21:00:00,19.18,19.24,19.15,19.18,80854,0
2014-05-07,22:00:00,19.2,19.24,19.18,19.22,94814,0
