Date,Time,Open,High,Low,Close,Volume,OpenInt
2014-02-10,16:00:00,52.436,52.436,52.378,52.388,2411,0
2014-02-10,17:00:00,52.358,52.436,52.338,52.417,10681,0
2014-02-10,18:00:00,52.417,52.556,52.407,52.546,12099,0
2014-02-10,19:00:00,52.476,52.683,52.456,52.556,9927,0
2014-02-10,20:00:00,52.556,52.556,52.456,52.556,1780,0
2014-02-10,21:00:00,52.536,52.546,52.476,52.546,5317,0
2014-02-10,22:00:00,52.615,52.615,52.615,52.615,100,0
2014-02-11,16:00:00,52.654,52.654,52.526,52.526,3707,0
2014-02-11,17:00:00,52.556,52.556,52.486,52.486,3653,0
2014-02-11,18:00:00,52.486,52.625,52.486,52.585,4016,0
2014-02-11,19:00:00,52.565,52.585,52.466,52.585,3137,0
2014-02-11,20:00:00,52.615,52.625,52.615,52.615,4795,0
2014-02-11,21:00:00,52.635,52.635,52.575,52.595,3120,0
2014-02-11,22:00:00,52.625,52.625,52.565,52.565,3820,0
2014-02-12,16:00:00,52.674,52.674,52.476,52.476,2179,0
2014-02-12,17:00:00,52.526,52.565,52.486,52.565,1957,0
2014-02-12,18:00:00,52.506,52.506,52.368,52.368,15443,0
2014-02-12,19:00:00,52.496,52.516,52.456,52.506,14156,0
2014-02-12,20:00:00,52.368,52.506,52.368,52.486,1498,0
2014-02-12,21:00:00,52.486,52.486,52.358,52.397,4554,0
2014-02-12,22:00:00,52.397,52.536,52.397,52.407,6936,0
2014-02-13,16:00:00,52.436,52.635,52.436,52.635,2084,0
2014-02-13,17:00:00,52.605,52.683,52.486,52.683,3659,0
2014-02-13,18:00:00,52.713,52.713,52.683,52.683,731,0
2014-02-13,19:00:00,52.693,52.713,52.693,52.713,1212,0
2014-02-13,21:00:00,52.773,52.773,52.713,52.763,4062,0
2014-02-13,22:00:00,52.713,52.783,52.713,52.783,5131,0
2014-02-14,16:00:00,52.635,52.644,52.506,52.516,17911,0
2014-02-14,17:00:00,52.556,52.585,52.496,52.575,4929,0
2014-02-14,18:00:00,52.575,52.615,52.486,52.486,5942,0
2014-02-14,19:00:00,52.585,52.585,52.466,52.546,7170,0
2014-02-14,20:00:00,52.476,52.546,52.476,52.546,2476,0
2014-02-14,21:00:00,52.516,52.536,52.496,52.516,2904,0
2014-02-14,22:00:00,52.476,52.476,52.476,52.476,1226,0
2014-02-18,16:00:00,52.605,52.654,52.585,52.585,2262,0
2014-02-18,17:00:00,52.556,52.585,52.556,52.585,2303,0
2014-02-18,18:00:00,52.585,52.585,52.575,52.575,658,0
2014-02-18,19:00:00,52.575,52.585,52.565,52.575,4867,0
2014-02-18,20:00:00,52.585,52.605,52.565,52.605,2648,0
2014-02-18,21:00:00,52.595,52.595,52.526,52.526,5850,0
2014-02-18,22:00:00,52.556,52.644,52.516,52.644,8244,0
2014-02-19,16:00:00,52.546,52.901,52.546,52.812,15385,0
2014-02-19,17:00:00,52.812,52.812,52.654,52.654,1420,0
2014-02-19,18:00:00,52.793,52.793,52.793,52.793,288,0
2014-02-19,19:00:00,52.882,52.882,52.802,52.872,1264,0
2014-02-19,20:00:00,52.793,52.832,52.753,52.832,2597,0
2014-02-19,21:00:00,52.763,52.763,52.536,52.674,5745,0
2014-02-19,22:00:00,52.635,52.674,52.635,52.674,6987,0
2014-02-20,16:00:00,52.615,52.723,52.615,52.723,472,0
2014-02-20,17:00:00,52.812,52.832,52.812,52.832,1556,0
2014-02-20,18:00:00,52.674,52.822,52.674,52.812,2899,0
2014-02-20,19:00:00,52.832,52.832,52.812,52.812,1087,0
2014-02-20,20:00:00,52.832,52.832,52.812,52.812,1663,0
2014-02-20,21:00:00,52.832,52.832,52.763,52.832,6189,0
2014-02-20,22:00:00,52.822,52.891,52.822,52.891,1251,0
2014-02-21,16:00:00,52.901,52.901,52.773,52.901,1788,0
2014-02-21,17:00:00,52.852,52.901,52.802,52.901,1355,0
2014-02-21,18:00:00,52.901,52.901,52.882,52.901,4154,0
2014-02-21,19:00:00,52.93,52.94,52.93,52.94,3602,0
2014-02-21,20:00:00,52.94,52.94,52.93,52.93,4752,0
2014-02-21,21:00:00,52.93,52.93,52.93,52.93,1196,0
2014-02-21,22:00:00,52.93,53.109,52.93,53.109,42797,0
2014-02-24,16:00:00,53.316,53.316,53.049,53.049,1214,0
2014-02-24,17:00:00,52.96,52.96,52.96,52.96,3686,0
2014-02-24,18:00:00,53.079,53.079,53.079,53.079,1991,0
2014-02-24,19:00:00,53.04,53.089,53.04,53.089,4329,0
2014-02-24,20:00:00,52.98,53.069,52.93,53.069,6793,0
2014-02-24,21:00:00,53.059,53.099,53.059,53.099,1148,0
2014-02-24,22:00:00,53,53.119,53,53.089,4274,0
2014-02-25,16:00:00,53.138,53.158,53.059,53.158,1391,0
2014-02-25,17:00:00,53.187,53.187,53.187,53.187,1112,0
2014-02-25,18:00:00,53.187,53.207,53.187,53.207,1461,0
2014-02-25,19:00:00,53.247,53.247,53.227,53.237,1486,0
2014-02-25,20:00:00,53.257,53.257,53.237,53.237,1636,0
2014-02-25,21:00:00,53.277,53.277,53.237,53.247,2874,0
2014-02-25,22:00:00,53.296,53.336,53.167,53.167,22153,0
2014-02-26,16:00:00,53.434,53.434,53.306,53.306,576,0
2014-02-26,17:00:00,53.385,53.385,53.336,53.336,3700,0
2014-02-26,18:00:00,53.414,53.414,53.376,53.395,16404,0
2014-02-26,19:00:00,53.346,53.395,53.346,53.385,934,0
2014-02-26,20:00:00,53.405,53.424,53.405,53.424,1746,0
2014-02-26,21:00:00,53.414,53.484,53.395,53.464,2827,0
2014-02-26,22:00:00,53.424,53.454,53.395,53.444,7467,0
2014-02-27,16:00:00,53.494,53.504,53.464,53.464,3034,0
2014-02-27,17:00:00,53.543,53.543,53.514,53.514,1012,0
2014-02-27,18:00:00,53.583,53.593,53.494,53.593,3495,0
2014-02-27,19:00:00,53.543,53.603,53.524,53.603,5177,0
2014-02-27,20:00:00,53.563,53.593,53.514,53.593,2165,0
2014-02-27,21:00:00,53.613,53.661,53.553,53.661,2271,0
2014-02-27,22:00:00,53.652,53.681,53.563,53.671,1422,0
2014-02-28,16:00:00,53.731,53.731,53.603,53.691,1642,0
2014-02-28,17:00:00,53.78,53.78,53.691,53.771,7434,0
2014-02-28,18:00:00,53.771,53.771,53.671,53.741,9547,0
2014-02-28,19:00:00,53.741,53.79,53.701,53.741,30731,0
2014-02-28,20:00:00,53.79,53.79,53.681,53.681,35773,0
2014-02-28,21:00:00,53.79,53.8,53.661,53.761,9152,0
2014-02-28,22:00:00,53.78,53.81,53.751,53.81,8105,0
2014-03-03,16:00:00,54.033,54.033,53.864,53.913,3246,0
2014-03-03,17:00:00,53.845,53.983,53.845,53.943,1203,0
2014-03-03,18:00:00,53.913,54.013,53.913,54.013,978,0
2014-03-03,19:00:00,54.013,54.013,53.845,53.983,1502,0
2014-03-03,20:00:00,53.883,53.903,53.864,53.903,6399,0
2014-03-03,21:00:00,53.983,53.983,53.953,53.973,2370,0
2014-03-03,22:00:00,54.013,54.013,53.933,53.993,4396,0
2014-03-04,16:00:00,53.963,53.963,53.845,53.933,1028,0
2014-03-04,17:00:00,53.913,53.913,53.815,53.845,5615,0
2014-03-04,18:00:00,53.864,53.864,53.675,53.695,85843,0
2014-03-04,19:00:00,53.735,53.735,53.607,53.635,493765,0
2014-03-04,20:00:00,53.625,53.635,53.587,53.587,6654,0
2014-03-04,21:00:00,53.587,53.645,53.517,53.527,94054,0
2014-03-04,22:00:00,53.527,53.557,53.507,53.557,65872,0
2014-03-05,16:00:00,53.675,53.695,53.645,53.675,2707,0
2014-03-05,17:00:00,53.695,53.715,53.695,53.705,8654,0
2014-03-05,18:00:00,53.715,53.715,53.695,53.695,2011,0
2014-03-05,19:00:00,53.715,53.715,53.685,53.685,1314,0
2014-03-05,21:00:00,53.675,53.685,53.675,53.685,4323,0
2014-03-05,22:00:00,53.685,53.715,53.635,53.715,1837,0
2014-03-06,16:00:00,53.665,53.705,53.665,53.705,1310,0
2014-03-06,17:00:00,53.695,53.735,53.537,53.735,96447,0
2014-03-06,18:00:00,53.607,53.607,53.607,53.607,6099,0
2014-03-06,19:00:00,53.715,53.755,53.597,53.616,7761,0
2014-03-06,20:00:00,53.735,53.755,53.715,53.745,5921,0
2014-03-06,21:00:00,53.765,53.765,53.755,53.755,1774,0
2014-03-06,22:00:00,53.635,53.755,53.447,53.467,20537,0
2014-03-07,16:00:00,53.655,53.655,53.497,53.497,2176,0
2014-03-07,17:00:00,53.547,53.547,53.437,53.547,5579,0
2014-03-07,18:00:00,53.497,53.497,53.497,53.497,302,0
2014-03-07,19:00:00,53.477,53.616,53.477,53.537,9040,0
2014-03-07,20:00:00,53.537,53.597,53.537,53.597,11850,0
2014-03-07,21:00:00,53.537,53.587,53.537,53.577,1144,0
2014-03-07,22:00:00,53.517,53.557,53.477,53.547,4455,0
2014-03-10,15:00:00,53.715,53.715,53.577,53.616,2318,0
2014-03-10,16:00:00,53.665,53.715,53.655,53.715,2992,0
2014-03-10,17:00:00,53.616,53.685,53.616,53.685,4813,0
2014-03-10,18:00:00,53.675,53.735,53.675,53.735,60341,0
2014-03-10,19:00:00,53.735,53.815,53.715,53.765,66098,0
2014-03-10,20:00:00,53.795,53.815,53.755,53.795,154282,0
2014-03-10,21:00:00,53.785,53.795,53.616,53.745,126134,0
2014-03-11,15:00:00,53.645,53.745,53.635,53.735,3753,0
2014-03-11,16:00:00,53.735,53.795,53.695,53.745,29901,0
2014-03-11,17:00:00,53.765,53.883,53.755,53.873,40248,0
2014-03-11,18:00:00,53.864,53.893,53.815,53.855,47458,0
2014-03-11,19:00:00,53.845,53.873,53.835,53.864,53500,0
2014-03-11,20:00:00,53.835,53.864,53.835,53.855,106609,0
2014-03-11,21:00:00,53.845,53.845,53.755,53.775,23039,0
2014-03-12,15:00:00,53.845,54.013,53.845,54.013,3419,0
2014-03-12,16:00:00,53.993,53.993,53.923,53.933,15743,0
2014-03-12,17:00:00,53.933,53.973,53.913,53.923,11220,0
2014-03-12,18:00:00,53.923,54.003,53.923,53.963,14226,0
2014-03-12,19:00:00,53.963,54.003,53.933,54.003,4300,0
2014-03-12,20:00:00,54.013,54.013,53.923,53.933,1685,0
2014-03-12,21:00:00,53.923,53.963,53.913,53.963,15280,0
2014-03-13,15:00:00,53.923,53.923,53.873,53.903,6654,0
2014-03-13,16:00:00,53.963,53.963,53.913,53.963,9274,0
2014-03-13,17:00:00,53.963,54.023,53.933,54.003,22503,0
2014-03-13,18:00:00,54.003,54.073,54.003,54.073,60059,0
2014-03-13,19:00:00,54.073,54.121,54.043,54.093,27629,0
2014-03-13,20:00:00,54.112,54.131,54.083,54.083,38003,0
2014-03-13,21:00:00,54.103,54.121,54.063,54.073,18847,0
2014-03-14,15:00:00,54.131,54.131,54.131,54.131,504,0
2014-03-14,16:00:00,54.093,54.103,54.093,54.103,5742,0
2014-03-14,17:00:00,54.003,54.121,54.003,54.073,6835,0
2014-03-14,18:00:00,54.043,54.093,54.023,54.083,2256,0
2014-03-14,19:00:00,54.033,54.053,54.033,54.033,4255,0
2014-03-14,20:00:00,54.013,54.013,54.013,54.013,2223,0
2014-03-14,21:00:00,54.003,54.023,53.983,54.023,5672,0
2014-03-17,15:00:00,54.023,54.131,53.963,54.013,3398,0
2014-03-17,16:00:00,54.063,54.093,54.003,54.043,2303,0
2014-03-17,17:00:00,54.112,54.121,54.043,54.043,1135,0
2014-03-17,18:00:00,54.053,54.053,54.043,54.043,5926,0
2014-03-17,19:00:00,54.103,54.151,54.023,54.093,2594,0
2014-03-17,20:00:00,54.053,54.161,54.053,54.063,32398,0
2014-03-17,21:00:00,54.121,54.151,54.033,54.131,11182,0
2014-03-18,15:00:00,54.023,54.093,54.023,54.043,2652,0
2014-03-18,16:00:00,54.063,54.063,54.023,54.023,6111,0
2014-03-18,17:00:00,54.063,54.063,54.023,54.033,5575,0
2014-03-18,18:00:00,54.043,54.053,54.023,54.023,13358,0
2014-03-18,19:00:00,54.063,54.073,54.043,54.043,11450,0
2014-03-18,20:00:00,54.053,54.093,54.043,54.083,4940,0
2014-03-18,21:00:00,54.063,54.073,54.023,54.023,12138,0
2014-03-19,15:00:00,54.311,54.311,54.033,54.103,5023,0
2014-03-19,16:00:00,54.112,54.112,54.073,54.073,2277,0
2014-03-19,17:00:00,54.121,54.121,54.063,54.083,1215,0
2014-03-19,18:00:00,54.083,54.112,54.043,54.093,8582,0
2014-03-19,19:00:00,54.083,54.131,54.053,54.131,7716,0
2014-03-19,20:00:00,54.053,54.053,53.883,53.963,38337,0
2014-03-19,21:00:00,53.913,53.963,53.893,53.943,7341,0
2014-03-20,15:00:00,54.013,54.013,54.013,54.013,806,0
2014-03-20,17:00:00,54.033,54.043,54.033,54.043,1639,0
2014-03-20,18:00:00,54.083,54.083,54.043,54.043,3890,0
2014-03-20,19:00:00,53.963,54.063,53.953,54.023,9151,0
2014-03-20,20:00:00,53.983,54.053,53.983,54.003,2432,0
2014-03-20,21:00:00,54.053,54.053,53.983,54.013,16837,0
2014-03-21,15:00:00,54.131,54.131,54.043,54.063,1794,0
2014-03-21,16:00:00,54.013,54.023,53.983,53.993,10605,0
2014-03-21,17:00:00,54.023,54.033,53.933,54.033,7648,0
2014-03-21,18:00:00,53.993,54.033,53.983,54.013,6798,0
2014-03-21,19:00:00,53.983,54.033,53.983,54.033,806,0
2014-03-21,20:00:00,53.993,54.033,53.993,54.033,7176,0
2014-03-24,15:00:00,54.013,54.023,53.943,53.993,740,0
2014-03-24,16:00:00,54.003,54.003,53.963,53.963,2822,0
2014-03-24,17:00:00,53.973,54.013,53.953,54.013,6136,0
2014-03-24,18:00:00,53.963,54.013,53.963,54.013,3428,0
2014-03-24,19:00:00,53.973,54.033,53.923,54.033,25802,0
2014-03-24,20:00:00,53.923,54.023,53.923,54.013,9042,0
2014-03-24,21:00:00,54.033,54.033,54.033,54.033,1387,0
2014-03-25,15:00:00,54.033,54.033,53.913,53.913,1522,0
2014-03-25,16:00:00,54.033,54.053,53.903,54.043,1932,0
2014-03-25,17:00:00,54.013,54.053,53.993,54.053,4626,0
2014-03-25,18:00:00,54.043,54.053,54.043,54.043,4597,0
2014-03-25,19:00:00,54.053,54.053,54.053,54.053,2565,0
2014-03-25,20:00:00,54.023,54.053,53.993,54.053,3312,0
2014-03-25,21:00:00,54.053,54.063,53.973,54.033,181716,0
2014-03-26,15:00:00,54.201,54.201,53.973,54.063,365,0
2014-03-26,16:00:00,54.003,54.112,53.973,54.073,19128,0
2014-03-26,17:00:00,54.073,54.073,53.993,53.993,2001,0
2014-03-26,18:00:00,54.033,54.033,54.013,54.023,1109,0
2014-03-26,19:00:00,54.023,54.063,54.023,54.063,6451,0
2014-03-26,20:00:00,54.073,54.141,53.983,54.131,23286,0
2014-03-26,21:00:00,54.003,54.151,53.963,53.963,10673,0
2014-03-27,15:00:00,53.953,54.033,53.953,54.003,1792,0
2014-03-27,16:00:00,54.043,54.103,54.043,54.103,1279,0
2014-03-27,17:00:00,54.093,54.131,54.093,54.121,18663,0
2014-03-27,18:00:00,54.161,54.161,54.093,54.151,1525,0
2014-03-27,19:00:00,54.112,54.141,54.093,54.121,52920,0
2014-03-27,20:00:00,54.151,54.151,54.083,54.112,8703,0
2014-03-27,21:00:00,54.141,54.151,54.093,54.131,10295,0
2014-03-28,15:00:00,54.161,54.161,54.161,54.161,504,0
2014-03-28,16:00:00,54.083,54.112,54.083,54.112,10968,0
2014-03-28,17:00:00,54.112,54.112,54.083,54.083,7457,0
2014-03-28,18:00:00,54.103,54.103,54.103,54.103,2057,0
2014-03-28,19:00:00,54.093,54.121,54.093,54.121,915,0
2014-03-28,20:00:00,54.083,54.121,54.083,54.121,1485,0
2014-03-28,21:00:00,54.083,54.121,54.083,54.112,8249,0
2014-03-31,16:00:00,54.251,54.251,54.083,54.191,3063,0
2014-03-31,17:00:00,54.112,54.112,54.103,54.103,1542,0
2014-03-31,18:00:00,54.131,54.141,54.121,54.141,2369,0
2014-03-31,19:00:00,54.141,54.151,54.121,54.141,5490,0
2014-03-31,20:00:00,54.151,54.171,54.131,54.161,10738,0
2014-03-31,21:00:00,54.171,54.231,54.171,54.231,7580,0
2014-03-31,22:00:00,54.211,54.221,54.171,54.221,4174,0
2014-04-01,16:00:00,54.36,54.36,54.22,54.24,3114,0
2014-04-01,17:00:00,54.19,54.22,54.18,54.22,5924,0
2014-04-01,18:00:00,54.22,54.22,54.17,54.17,11187,0
2014-04-01,19:00:00,54.15,54.18,54.071,54.18,13293,0
2014-04-01,20:00:00,54.17,54.17,54.17,54.17,803,0
2014-04-01,21:00:00,54.17,54.18,54.15,54.17,2131,0
2014-04-01,22:00:00,54.16,54.18,54.15,54.15,4968,0
2014-04-02,16:00:00,54.101,54.101,54.101,54.101,1506,0
2014-04-02,17:00:00,54.071,54.15,54.071,54.071,5833,0
2014-04-02,18:00:00,54.091,54.111,54.041,54.061,3526,0
2014-04-02,19:00:00,54.081,54.101,54.081,54.081,1655,0
2014-04-02,20:00:00,54.101,54.101,54.071,54.071,5593,0
2014-04-02,21:00:00,54.061,54.091,54.061,54.091,5733,0
2014-04-02,22:00:00,54.031,54.071,54.031,54.071,13098,0
2014-04-03,16:00:00,54.24,54.24,54.15,54.15,1341,0
2014-04-03,17:00:00,54.16,54.18,54.13,54.13,3908,0
2014-04-03,18:00:00,54.111,54.111,54.051,54.071,18664,0
2014-04-03,19:00:00,54.081,54.081,54.081,54.081,728,0
2014-04-03,21:00:00,54.041,54.051,54.041,54.051,1129,0
2014-04-03,22:00:00,54.061,54.111,54.051,54.051,7323,0
2014-04-04,16:00:00,54.111,54.111,54.101,54.101,803,0
2014-04-04,17:00:00,54.111,54.15,54.111,54.15,1827,0
2014-04-04,18:00:00,54.2,54.23,54.16,54.23,1841,0
2014-04-04,19:00:00,54.22,54.22,54.2,54.2,10284,0
2014-04-04,20:00:00,54.23,54.23,54.17,54.17,23276,0
2014-04-04,21:00:00,54.19,54.2,54.15,54.16,24707,0
2014-04-04,22:00:00,54.14,54.15,54.14,54.15,1747,0
2014-04-07,16:00:00,54.429,54.429,54.24,54.32,23482,0
2014-04-07,17:00:00,54.25,54.26,54.24,54.24,4265,0
2014-04-07,18:00:00,54.23,54.3,54.23,54.3,13794,0
2014-04-07,19:00:00,54.25,54.28,54.25,54.25,14078,0
2014-04-07,20:00:00,54.29,54.29,54.23,54.24,34253,0
2014-04-07,21:00:00,54.23,54.28,54.23,54.26,8189,0
2014-04-07,22:00:00,54.24,54.3,54.22,54.28,26748,0
2014-04-08,16:00:00,54.379,54.379,54.29,54.29,928,0
2014-04-08,17:00:00,54.3,54.34,54.29,54.34,5458,0
2014-04-08,18:00:00,54.32,54.34,54.29,54.29,9177,0
2014-04-08,19:00:00,54.29,54.35,54.28,54.33,3438,0
2014-04-08,20:00:00,54.35,54.35,54.29,54.29,1603,0
2014-04-08,21:00:00,54.29,54.34,54.29,54.32,7996,0
2014-04-08,22:00:00,54.34,54.35,54.32,54.32,8938,0
2014-04-09,16:00:00,54.369,54.369,54.369,54.369,402,0
2014-04-09,17:00:00,54.35,54.399,54.35,54.399,4749,0
2014-04-09,18:00:00,54.399,54.399,54.399,54.399,1334,0
2014-04-09,19:00:00,54.399,54.399,54.34,54.34,5141,0
2014-04-09,21:00:00,54.419,54.489,54.419,54.489,2671,0
2014-04-09,22:00:00,54.449,54.489,54.399,54.399,1911,0
2014-04-10,16:00:00,54.549,54.549,54.489,54.539,3142,0
2014-04-10,17:00:00,54.539,54.549,54.529,54.529,19812,0
2014-04-10,18:00:00,54.539,54.559,54.479,54.519,16454,0
2014-04-10,19:00:00,54.549,54.559,54.519,54.519,2410,0
2014-04-10,20:00:00,54.509,54.529,54.489,54.529,5184,0
2014-04-10,21:00:00,54.479,54.569,54.479,54.569,2083,0
2014-04-10,22:00:00,54.549,54.569,54.499,54.519,3149,0
2014-04-11,18:00:00,54.708,54.708,54.648,54.698,1367,0
2014-04-11,19:00:00,54.658,54.678,54.658,54.678,1004,0
2014-04-11,20:00:00,54.678,54.678,54.648,54.678,9392,0
2014-04-11,21:00:00,54.648,54.698,54.648,54.698,7969,0
2014-04-11,22:00:00,54.688,54.708,54.688,54.708,4877,0
2014-04-14,17:00:00,54.688,54.688,54.589,54.589,12643,0
2014-04-14,18:00:00,54.599,54.599,54.589,54.599,4968,0
2014-04-14,19:00:00,54.599,54.609,54.599,54.599,6256,0
2014-04-14,20:00:00,54.589,54.599,54.579,54.599,3639,0
2014-04-14,21:00:00,54.599,54.658,54.599,54.648,3246,0
2014-04-14,22:00:00,54.609,54.648,54.609,54.638,7540,0
2014-04-15,17:00:00,54.638,54.668,54.638,54.668,1603,0
2014-04-15,18:00:00,54.678,54.678,54.668,54.678,929,0
2014-04-15,19:00:00,54.688,54.698,54.638,54.678,8825,0
2014-04-15,20:00:00,54.678,54.678,54.668,54.668,12762,0
2014-04-15,21:00:00,54.698,54.718,54.668,54.668,6342,0
2014-04-15,22:00:00,54.718,54.718,54.668,54.708,6563,0
2014-04-16,16:00:00,54.728,54.728,54.728,54.728,602,0
2014-04-16,17:00:00,54.678,54.678,54.609,54.609,1389,0
2014-04-16,18:00:00,54.609,54.648,54.609,54.638,1771,0
2014-04-16,19:00:00,54.648,54.658,54.638,54.648,2937,0
2014-04-16,20:00:00,54.718,54.718,54.678,54.708,2671,0
2014-04-16,21:00:00,54.728,54.728,54.668,54.668,1731,0
2014-04-16,22:00:00,54.698,54.698,54.678,54.688,2454,0
2014-04-17,16:00:00,54.897,54.897,54.718,54.728,2143,0
2014-04-17,17:00:00,54.688,54.718,54.609,54.678,24807,0
2014-04-17,18:00:00,54.678,54.698,54.678,54.678,1445,0
2014-04-17,19:00:00,54.678,54.678,54.668,54.678,3414,0
2014-04-17,20:00:00,54.668,54.668,54.638,54.638,6153,0
2014-04-17,21:00:00,54.648,54.648,54.638,54.638,1681,0
2014-04-17,22:00:00,54.638,54.648,54.628,54.638,5987,0
2014-04-21,16:00:00,54.638,54.748,54.638,54.748,1707,0
2014-04-21,17:00:00,54.698,54.728,54.678,54.678,1104,0
2014-04-21,18:00:00,54.718,54.758,54.698,54.728,4279,0
2014-04-21,19:00:00,54.708,54.738,54.708,54.728,3914,0
2014-04-21,20:00:00,54.728,54.738,54.708,54.738,3871,0
2014-04-21,21:00:00,54.728,54.728,54.728,54.728,1004,0
2014-04-21,22:00:00,54.718,54.738,54.718,54.718,12549,0
2014-04-22,16:00:00,54.758,55.017,54.758,54.758,2903,0
2014-04-22,17:00:00,54.748,54.748,54.738,54.748,4755,0
2014-04-22,18:00:00,54.748,54.748,54.738,54.738,8037,0
2014-04-22,19:00:00,54.728,54.748,54.728,54.748,803,0
2014-04-22,20:00:00,54.738,54.748,54.738,54.738,4987,0
2014-04-22,21:00:00,54.788,54.788,54.748,54.748,4976,0
2014-04-22,22:00:00,54.788,54.828,54.748,54.788,17140,0
2014-04-23,16:00:00,54.778,54.778,54.618,54.778,6349,0
2014-04-23,17:00:00,54.768,54.818,54.768,54.818,2737,0
2014-04-23,18:00:00,54.758,54.818,54.698,54.808,2542,0
2014-04-23,19:00:00,54.818,54.828,54.818,54.818,1627,0
2014-04-23,20:00:00,54.867,54.867,54.788,54.788,11396,0
2014-04-23,21:00:00,54.858,54.858,54.778,54.798,2540,0
2014-04-23,22:00:00,54.858,54.858,54.778,54.828,1259,0
2014-04-24,16:00:00,54.867,54.867,54.808,54.838,10104,0
2014-04-24,17:00:00,54.838,54.848,54.838,54.848,2268,0
2014-04-24,18:00:00,54.848,54.848,54.818,54.848,4371,0
2014-04-24,19:00:00,54.848,54.848,54.838,54.848,5623,0
2014-04-24,20:00:00,54.848,54.858,54.848,54.848,3113,0
2014-04-24,21:00:00,54.848,54.867,54.848,54.858,2438,0
2014-04-24,22:00:00,54.848,54.848,54.788,54.818,28195,0
2014-04-25,17:00:00,54.957,54.957,54.887,54.947,5947,0
2014-04-25,18:00:00,54.927,54.947,54.877,54.937,7417,0
2014-04-25,19:00:00,54.937,54.967,54.937,54.967,1195,0
2014-04-25,20:00:00,54.967,54.987,54.907,54.907,15914,0
2014-04-25,21:00:00,54.957,54.997,54.957,54.997,4883,0
2014-04-25,22:00:00,54.977,55.077,54.967,55.047,12629,0
2014-04-28,16:00:00,54.947,55.017,54.947,54.967,2215,0
2014-04-28,17:00:00,54.997,54.997,54.967,54.967,4574,0
2014-04-28,18:00:00,54.967,54.997,54.947,54.957,9310,0
2014-04-28,19:00:00,54.957,54.967,54.947,54.967,1606,0
2014-04-28,20:00:00,54.967,54.987,54.957,54.957,17422,0
2014-04-28,21:00:00,54.947,54.987,54.947,54.987,4501,0
2014-04-28,22:00:00,54.967,54.977,54.947,54.957,15699,0
2014-04-29,16:00:00,55.116,55.116,54.927,54.927,4345,0
2014-04-29,17:00:00,54.927,54.967,54.917,54.967,5083,0
2014-04-29,18:00:00,54.977,54.997,54.957,54.967,25388,0
2014-04-29,19:00:00,54.967,54.997,54.957,54.977,27237,0
2014-04-29,20:00:00,54.997,54.997,54.967,54.987,6726,0
2014-04-29,21:00:00,54.967,54.997,54.967,54.987,14948,0
2014-04-29,22:00:00,54.977,55.027,54.967,55.017,30373,0
2014-04-30,16:00:00,55.087,55.087,55.047,55.087,1102,0
2014-04-30,17:00:00,55.067,55.106,55.057,55.106,4907,0
2014-04-30,18:00:00,55.087,55.106,55.017,55.077,7385,0
2014-04-30,19:00:00,55.087,55.106,55.087,55.106,3793,0
2014-04-30,20:00:00,55.097,55.097,55.097,55.097,1189,0
2014-04-30,21:00:00,55.106,55.106,55.087,55.106,10928,0
2014-04-30,22:00:00,55.156,55.156,55.077,55.126,17497,0
2014-05-01,16:00:00,55.23,55.23,55.13,55.13,3590,0
2014-05-01,17:00:00,55.12,55.16,55.12,55.16,7318,0
2014-05-01,18:00:00,55.15,55.25,55.15,55.21,15115,0
2014-05-01,19:00:00,55.21,55.25,55.19,55.22,43701,0
2014-05-01,20:00:00,55.21,55.24,55.2,55.2,13870,0
2014-05-01,21:00:00,55.2,55.24,55.19,55.19,19465,0
2014-05-01,22:00:00,55.16,55.19,55.08,55.08,99956,0
2014-05-02,16:00:00,55.2,55.2,55.01,55.08,1700,0
2014-05-02,17:00:00,55.11,55.27,55.05,55.27,38081,0
2014-05-02,18:00:00,55.23,55.26,55.2,55.25,5927,0
2014-05-02,19:00:00,55.25,55.25,55.17,55.17,10456,0
2014-05-02,20:00:00,55.17,55.31,55.17,55.22,25436,0
2014-05-02,21:00:00,55.2,55.22,55.19,55.19,6515,0
2014-05-02,22:00:00,55.2,55.21,55.19,55.2,7557,0
2014-05-05,16:00:00,55.18,55.25,55.14,55.21,4550,0
2014-05-05,17:00:00,55.23,55.29,55.18,55.24,86297,0
2014-05-05,18:00:00,55.25,55.25,55.24,55.25,4670,0
2014-05-05,19:00:00,55.24,55.25,55.24,55.25,1750,0
2014-05-05,20:00:00,55.25,55.25,55.25,55.25,2250,0
2014-05-05,21:00:00,55.25,55.25,55.24,55.24,3876,0
2014-05-05,22:00:00,55.25,55.29,55.24,55.29,66911,0
2014-05-06,16:00:00,55.36,55.36,55.21,55.23,9420,0
2014-05-06,17:00:00,55.29,55.33,55.28,55.28,2124,0
2014-05-06,18:00:00,55.24,55.28,55.22,55.28,42165,0
2014-05-06,19:00:00,55.27,55.28,55.24,55.24,12935,0
2014-05-06,20:00:00,55.35,55.35,55.24,55.31,1567,0
2014-05-06,21:00:00,55.33,55.33,55.29,55.29,2784,0
2014-05-06,22:00:00,55.3,55.35,55.26,55.35,3765,0
2014-05-07,16:00:00,55.37,55.37,55.29,55.29,1000,0
2014-05-07,17:00:00,55.28,55.33,55.28,55.3,2193,0
2014-05-07,18:00:00,55.36,55.36,55.28,55.28,12282,0
2014-05-07,19:00:00,55.31,55.35,55.31,55.35,11673,0
2014-05-07,20:00:00,55.34,55.35,55.34,55.35,440,0
2014-05-07,21:00:00,55.3,55.36,55.3,55.34,4027,0
2014-05-07,22:00:00,55.35,55.36,55.33,55.35,8891,0
