Date,Time,Open,High,Low,Close,Volume,OpenInt
2014-02-10,16:00:00,81.5676,81.5676,81.2184,81.418,6020,0
2014-02-10,17:00:00,81.3581,81.3581,80.939,80.969,5311,0
2014-02-10,18:00:00,81.0189,81.1785,80.939,81.1087,16605,0
2014-02-10,19:00:00,81.0189,81.0887,81.0189,81.0887,4135,0
2014-02-10,20:00:00,81.0687,81.1386,81.0687,81.1386,1159,0
2014-02-10,21:00:00,81.1785,81.2683,81.1785,81.2184,5589,0
2014-02-10,22:00:00,81.1785,81.3082,81.1585,81.3082,16883,0
2014-02-11,16:00:00,81.3381,81.4579,81.2883,81.4479,2056,0
2014-02-11,17:00:00,81.3282,81.4479,81.2982,81.3381,4122,0
2014-02-11,18:00:00,81.388,81.6973,81.388,81.6774,12172,0
2014-02-11,19:00:00,81.6674,81.7672,81.6075,81.7672,7399,0
2014-02-11,20:00:00,81.867,82.0266,81.857,81.9767,3408,0
2014-02-11,21:00:00,81.9767,82.1962,81.9767,82.1862,6128,0
2014-02-11,22:00:00,82.1663,82.296,82.0166,82.0366,20023,0
2014-02-12,16:00:00,82.1962,82.6352,82.1962,82.6352,5111,0
2014-02-12,17:00:00,82.5355,82.5355,82.1663,82.1663,6329,0
2014-02-12,18:00:00,82.1463,82.1763,81.9967,82.0465,7983,0
2014-02-12,19:00:00,82.0765,82.2461,82.0765,82.1264,7512,0
2014-02-12,20:00:00,82.1862,82.3159,82.1862,82.2661,8844,0
2014-02-12,21:00:00,82.296,82.296,81.9468,82.0166,17153,0
2014-02-12,22:00:00,82.0266,82.1962,82.0266,82.1663,18716,0
2014-02-13,16:00:00,81.6475,81.7173,81.5477,81.6674,3708,0
2014-02-13,17:00:00,81.7372,82.0266,81.7372,82.0266,2606,0
2014-02-13,18:00:00,82.0166,82.1663,82.0166,82.0865,6272,0
2014-02-13,19:00:00,82.1064,82.1463,82.0565,82.1064,31275,0
2014-02-13,20:00:00,82.1064,82.2661,82.1064,82.2561,6183,0
2014-02-13,21:00:00,82.3259,82.3559,82.2461,82.3559,7034,0
2014-02-13,22:00:00,82.3259,82.4357,82.306,82.3758,13378,0
2014-02-14,16:00:00,82.2561,82.4556,82.1364,82.296,5165,0
2014-02-14,17:00:00,82.3858,82.5454,82.276,82.276,5537,0
2014-02-14,18:00:00,82.2262,82.3159,82.2062,82.2661,14663,0
2014-02-14,19:00:00,82.286,82.286,82.2361,82.286,8735,0
2014-02-14,20:00:00,82.276,82.4257,82.2661,82.4257,2555,0
2014-02-14,21:00:00,82.4556,82.5554,82.4556,82.5554,2929,0
2014-02-14,22:00:00,82.5355,82.5454,82.4457,82.4856,7618,0
2014-02-18,16:00:00,82.5853,82.6951,82.5055,82.5953,18552,0
2014-02-18,17:00:00,82.5454,82.7151,82.3758,82.7151,6396,0
2014-02-18,18:00:00,82.6652,82.8148,82.6352,82.7749,5970,0
2014-02-18,19:00:00,82.735,82.745,82.6153,82.7051,3994,0
2014-02-18,20:00:00,82.725,82.725,82.5355,82.5355,3954,0
2014-02-18,21:00:00,82.5953,82.6352,82.5654,82.6053,30358,0
2014-02-18,22:00:00,82.5953,82.6352,82.5754,82.5953,4932,0
2014-02-19,16:00:00,82.1663,82.4956,82.1164,82.4956,2537,0
2014-02-19,17:00:00,82.3858,82.6851,82.3858,82.4956,9405,0
2014-02-19,18:00:00,82.4956,82.4956,82.0765,82.0765,7043,0
2014-02-19,19:00:00,82.0565,82.1064,81.7273,81.7772,15835,0
2014-02-19,20:00:00,81.827,82.0166,81.827,81.8769,3307,0
2014-02-19,21:00:00,81.867,82.0665,81.7073,81.7572,22308,0
2014-02-19,22:00:00,81.8071,81.8071,81.1585,81.2284,17827,0
2014-02-20,16:00:00,81.4379,81.4778,81.0687,81.0687,3398,0
2014-02-20,17:00:00,80.8392,81.4479,80.8392,81.398,11295,0
2014-02-20,18:00:00,81.398,81.4878,81.1585,81.2384,15785,0
2014-02-20,19:00:00,81.2384,81.5177,81.2384,81.4778,10451,0
2014-02-20,20:00:00,81.5277,81.5277,81.4279,81.4479,9676,0
2014-02-20,21:00:00,81.4379,81.4778,81.3182,81.408,19984,0
2014-02-20,22:00:00,81.398,81.5377,81.3481,81.418,26375,0
2014-02-21,16:00:00,81.5177,81.5676,81.3681,81.5676,4901,0
2014-02-21,17:00:00,81.5776,81.7472,81.378,81.7073,538249,0
2014-02-21,18:00:00,81.7572,81.837,81.7273,81.7971,4922,0
2014-02-21,19:00:00,81.857,81.867,81.7572,81.7871,8074,0
2014-02-21,20:00:00,81.837,81.9168,81.7772,81.7772,4684,0
2014-02-21,21:00:00,81.7971,81.7971,81.4479,81.5776,4691,0
2014-02-21,22:00:00,81.5776,81.6774,81.4978,81.4978,10351,0
2014-02-24,16:00:00,82.1164,82.3459,82.0266,82.3459,1303,0
2014-02-24,17:00:00,82.276,82.4956,82.1763,82.4756,7677,0
2014-02-24,18:00:00,82.4556,82.735,82.4257,82.735,7343,0
2014-02-24,19:00:00,82.7949,82.8048,82.7649,82.8048,4576,0
2014-02-24,20:00:00,82.7849,82.8348,82.7051,82.7051,4746,0
2014-02-24,21:00:00,82.745,82.8148,82.735,82.7649,4912,0
2014-02-24,22:00:00,82.6652,82.6652,82.5155,82.5155,6656,0
2014-02-25,16:00:00,82.306,82.306,81.8969,81.9368,3215,0
2014-02-25,17:00:00,81.9867,82.2162,81.9767,82.1763,5561,0
2014-02-25,18:00:00,82.2361,82.4457,82.1364,82.2162,12666,0
2014-02-25,19:00:00,82.2062,82.306,82.1663,82.286,16325,0
2014-02-25,20:00:00,82.3359,82.3658,82.2062,82.2561,6939,0
2014-02-25,21:00:00,82.296,82.296,82.0066,82.0066,7166,0
2014-02-25,22:00:00,81.9567,81.9667,81.7672,81.847,9170,0
2014-02-26,16:00:00,82.2262,82.2262,81.4379,81.4379,4391,0
2014-02-26,17:00:00,81.6075,81.837,81.6075,81.7273,3030,0
2014-02-26,18:00:00,81.7672,81.9567,81.7173,81.7971,4841,0
2014-02-26,19:00:00,81.847,82.0266,81.847,81.9168,4479,0
2014-02-26,20:00:00,81.867,81.9967,81.8171,81.9967,3745,0
2014-02-26,21:00:00,81.8171,81.8171,81.6175,81.6475,7904,0
2014-02-26,22:00:00,81.7472,81.837,81.6175,81.7971,15512,0
2014-02-27,16:00:00,81.6075,81.6075,81.4778,81.4778,1002,0
2014-02-27,17:00:00,81.6874,81.7971,81.4579,81.7772,8892,0
2014-02-27,18:00:00,81.837,82.0865,81.837,82.0865,3167,0
2014-02-27,19:00:00,81.9967,82.0266,81.8969,81.9867,8713,0
2014-02-27,20:00:00,81.9767,82.276,81.9767,82.2361,8209,0
2014-02-27,21:00:00,82.2361,82.2561,82.0865,82.1064,7460,0
2014-02-27,22:00:00,82.1364,82.276,82.0565,82.276,14880,0
2014-02-28,16:00:00,82.3758,82.3758,82.3658,82.3658,3484,0
2014-02-28,17:00:00,82.6851,82.8248,82.6452,82.7949,2731,0
2014-02-28,18:00:00,82.725,82.9545,82.6851,82.9246,11727,0
2014-02-28,19:00:00,83.0643,83.1441,83.0244,83.0443,8050,0
2014-02-28,20:00:00,83.0044,83.1241,82.9645,82.9645,2122,0
2014-02-28,21:00:00,82.9146,82.9146,82.5454,82.5454,6607,0
2014-02-28,22:00:00,82.5155,82.6552,82.1962,82.5853,13605,0
2014-03-03,16:00:00,81.5776,81.7572,81.408,81.6475,11981,0
2014-03-03,17:00:00,81.6375,81.6674,81.408,81.6674,9343,0
2014-03-03,18:00:00,81.6175,81.6375,81.2783,81.2783,9167,0
2014-03-03,19:00:00,81.2583,81.4279,81.1087,81.3681,15178,0
2014-03-03,20:00:00,81.4878,81.5676,81.4678,81.4678,7266,0
2014-03-03,21:00:00,81.6674,81.7572,81.5277,81.6774,11127,0
2014-03-03,22:00:00,81.6375,81.6375,81.378,81.5776,12164,0
2014-03-04,16:00:00,82.6851,82.8348,82.6652,82.8348,4862,0
2014-03-04,17:00:00,82.8448,82.9845,82.7749,82.9146,6362,0
2014-03-04,18:00:00,82.9645,83.0244,82.8947,83.0244,3758,0
2014-03-04,19:00:00,83.0044,83.184,82.9645,83.174,5071,0
2014-03-04,20:00:00,83.204,83.2938,83.0543,83.164,3906,0
2014-03-04,21:00:00,83.0842,83.2638,83.0044,83.2638,22733,0
2014-03-04,22:00:00,83.2738,83.5232,83.2638,83.3935,39151,0
2014-03-05,16:00:00,83.5332,83.8625,83.5332,83.7428,7412,0
2014-03-05,17:00:00,83.7926,84.0122,83.7428,84.0122,6188,0
2014-03-05,18:00:00,84.0321,84.0321,83.9124,83.9323,5711,0
2014-03-05,19:00:00,83.9024,83.9224,83.8425,83.9224,11141,0
2014-03-05,20:00:00,84.0221,84.092,83.9224,83.9423,6392,0
2014-03-05,21:00:00,84.0122,84.0221,83.9024,83.9423,3643,0
2014-03-05,22:00:00,83.9124,83.9922,83.8924,83.9922,6996,0
2014-03-06,16:00:00,84.3115,84.8802,84.3115,84.8403,5494,0
2014-03-06,17:00:00,84.8204,84.8403,84.6208,84.7505,9355,0
2014-03-06,18:00:00,84.7904,84.8303,84.6807,84.7006,6238,0
2014-03-06,19:00:00,84.7206,84.8403,84.7206,84.8303,12518,0
2014-03-06,20:00:00,84.8303,84.8303,84.6208,84.6208,5161,0
2014-03-06,21:00:00,84.6507,84.8104,84.6507,84.7705,2875,0
2014-03-06,22:00:00,84.7306,84.7904,84.5609,84.6407,8167,0
2014-03-07,16:00:00,85.2993,85.409,85.1895,85.2993,7379,0
2014-03-07,17:00:00,85.2693,85.6485,85.1396,85.1396,16431,0
2014-03-07,18:00:00,85.1496,85.1796,84.8204,85.1496,21226,0
2014-03-07,19:00:00,85.1396,85.3192,85.1197,85.2693,4787,0
2014-03-07,20:00:00,85.2294,85.2494,84.96,84.96,5441,0
2014-03-07,21:00:00,84.99,85.0698,84.8104,85.0698,8846,0
2014-03-07,22:00:00,85.0399,85.1396,84.9401,85.0798,53869,0
2014-03-10,15:00:00,85.0199,85.0598,84.8702,85.0598,1956,0
2014-03-10,16:00:00,85.0698,85.0698,84.6208,84.7006,23883,0
2014-03-10,17:00:00,84.7106,85.0498,84.7106,84.9002,8400,0
2014-03-10,18:00:00,84.8702,85.0698,84.8503,85.0399,6038,0
2014-03-10,19:00:00,85.0798,85.0898,84.9101,84.9101,2972,0
2014-03-10,20:00:00,84.8603,85.0299,84.8603,85.0199,3830,0
2014-03-10,21:00:00,85.0199,85.1496,84.9301,85.1496,6787,0
2014-03-11,15:00:00,85.1396,85.1396,84.6906,84.6906,501,0
2014-03-11,16:00:00,84.6906,85.0299,84.6906,85.0299,7672,0
2014-03-11,17:00:00,85.0399,85.0399,84.6807,84.6807,3349,0
2014-03-11,18:00:00,84.6407,84.7106,84.4312,84.7106,4806,0
2014-03-11,19:00:00,84.5809,84.6707,84.4811,84.6707,9400,0
2014-03-11,20:00:00,84.6008,84.6008,84.4212,84.4811,3138,0
2014-03-11,21:00:00,84.3614,84.4312,84.2516,84.3414,13469,0
2014-03-12,15:00:00,83.8326,83.9723,83.633,83.643,6382,0
2014-03-12,16:00:00,83.6929,84.0421,83.6929,84.0421,3958,0
2014-03-12,17:00:00,84.0022,84.2416,84.0022,84.092,7848,0
2014-03-12,18:00:00,84.0421,84.2416,84.0421,84.2416,2180,0
2014-03-12,19:00:00,84.102,84.1618,84.102,84.1618,942,0
2014-03-12,20:00:00,84.1518,84.1917,84.1119,84.1119,3586,0
2014-03-12,21:00:00,84.1219,84.2716,84.0221,84.2516,7922,0
2014-03-13,15:00:00,84.6208,84.6208,84.511,84.5609,1689,0
2014-03-13,16:00:00,84.6108,84.6208,84.1219,84.1319,3999,0
2014-03-13,17:00:00,84.062,84.2017,83.7827,83.7827,2569,0
2014-03-13,18:00:00,83.7926,83.8326,83.4833,83.4933,4380,0
2014-03-13,19:00:00,83.2539,83.633,83.2139,83.4534,3498,0
2014-03-13,20:00:00,83.5232,83.5232,83.2139,83.2339,5322,0
2014-03-13,21:00:00,83.1341,83.3137,83.1042,83.2938,6733,0
2014-03-14,15:00:00,83.2539,83.3536,83.0543,83.2139,2596,0
2014-03-14,16:00:00,83.4135,83.4334,82.9445,82.9445,3113,0
2014-03-14,17:00:00,82.8148,82.9944,82.5454,82.9645,5982,0
2014-03-14,18:00:00,83.0044,83.0942,82.8947,82.9146,5736,0
2014-03-14,19:00:00,82.9545,82.9545,82.7949,82.8947,2375,0
2014-03-14,20:00:00,82.9645,83.0244,82.6751,82.6751,6098,0
2014-03-14,21:00:00,82.7749,82.7749,82.6153,82.6153,4044,0
2014-03-17,15:00:00,83.7926,83.7926,83.7727,83.7727,1203,0
2014-03-17,16:00:00,83.7827,83.7827,83.623,83.623,13041,0
2014-03-17,17:00:00,83.633,83.633,83.5133,83.5133,2826,0
2014-03-17,18:00:00,83.5632,83.623,83.5332,83.5432,14532,0
2014-03-17,19:00:00,83.5232,83.6929,83.4833,83.653,4510,0
2014-03-17,20:00:00,83.623,83.7926,83.623,83.7827,4513,0
2014-03-17,21:00:00,83.7328,83.8625,83.6629,83.7328,4532,0
2014-03-18,15:00:00,83.8824,83.9024,83.8326,83.8326,3116,0
2014-03-18,16:00:00,84.1119,84.2317,84.0221,84.0221,6384,0
2014-03-18,17:00:00,84.0122,84.082,84.0122,84.0321,5341,0
2014-03-18,18:00:00,84.1518,84.1518,84.0122,84.0122,1106,0
2014-03-18,19:00:00,84.092,84.2217,84.062,84.2017,15720,0
2014-03-18,20:00:00,84.2317,84.3015,84.1718,84.3015,6613,0
2014-03-18,21:00:00,84.2915,84.2915,84.1718,84.2816,5474,0
2014-03-19,15:00:00,84.3314,84.3314,84.0122,84.2716,5017,0
2014-03-19,16:00:00,84.2616,84.2915,84.1419,84.2117,2514,0
2014-03-19,17:00:00,84.2317,84.2317,84.1319,84.1818,3214,0
2014-03-19,18:00:00,84.2317,84.2716,84.1419,84.2516,6543,0
2014-03-19,19:00:00,84.2915,84.2915,84.2516,84.2616,6013,0
2014-03-19,20:00:00,84.3115,84.98,84.1219,84.6707,19993,0
2014-03-19,21:00:00,84.7106,84.7106,84.082,84.4013,8076,0
2014-03-20,15:00:00,84.5909,84.8204,84.5609,84.8004,12550,0
2014-03-20,16:00:00,84.8104,85.5886,84.7904,85.5487,7158,0
2014-03-20,17:00:00,85.429,85.429,85.2594,85.409,5757,0
2014-03-20,18:00:00,85.4489,85.9279,85.409,85.9279,7236,0
2014-03-20,19:00:00,86.0177,86.1075,85.9977,86.1075,7173,0
2014-03-20,20:00:00,86.2073,86.2073,85.9778,85.9778,4142,0
2014-03-20,21:00:00,85.9379,86.0077,85.7882,86.0077,11896,0
2014-03-21,15:00:00,86.7361,86.7361,86.2172,86.3669,9785,0
2014-03-21,16:00:00,86.2971,86.8658,86.2971,86.8159,14351,0
2014-03-21,17:00:00,86.9356,86.9855,86.6762,86.6962,16365,0
2014-03-21,18:00:00,86.6962,86.766,86.4068,86.4367,7042,0
2014-03-21,19:00:00,86.3868,86.4467,86.0077,86.0376,23365,0
2014-03-21,20:00:00,86.0077,86.0676,85.6186,85.9179,19352,0
2014-03-21,21:00:00,85.9478,86.0576,85.6086,85.7682,18601,0
2014-03-24,15:00:00,86.0875,86.1574,85.9877,86.1274,2254,0
2014-03-24,16:00:00,85.858,85.858,85.4589,85.5986,21778,0
2014-03-24,17:00:00,85.5088,85.5088,85.3093,85.3691,7580,0
2014-03-24,18:00:00,85.3392,85.3392,85.2394,85.2594,1501,0
2014-03-24,19:00:00,85.3492,85.5387,85.2594,85.4889,2575,0
2014-03-24,20:00:00,85.6485,85.7183,85.4589,85.5787,6987,0
2014-03-24,21:00:00,85.6086,85.8381,85.4789,85.6385,10543,0
2014-03-25,15:00:00,86.08,86.08,85.91,85.91,2636,0
2014-03-25,16:00:00,85.63,85.63,85.51,85.51,3200,0
2014-03-25,17:00:00,85.48,85.48,85.19,85.21,5680,0
2014-03-25,18:00:00,85.25,85.37,85.08,85.35,6299,0
2014-03-25,19:00:00,85.47,85.48,85.47,85.48,3439,0
2014-03-25,20:00:00,85.46,85.46,85.28,85.32,2849,0
2014-03-25,21:00:00,85.35,85.45,85.28,85.34,13990,0
2014-03-26,15:00:00,85.69,85.84,85.33,85.48,8776,0
2014-03-26,16:00:00,85.43,85.43,85.25,85.26,3290,0
2014-03-26,18:00:00,85.18,85.24,85.14,85.24,1250,0
2014-03-26,19:00:00,85.24,85.24,84.83,84.84,1480,0
2014-03-26,20:00:00,84.84,84.97,84.83,84.85,1358,0
2014-03-26,21:00:00,84.83,84.83,84.49,84.52,3020,0
2014-03-27,15:00:00,84.34,84.34,84.22,84.3,1649,0
2014-03-27,16:00:00,84.2,84.46,84.2,84.39,3803,0
2014-03-27,17:00:00,84.01,84.01,83.33,83.44,9078,0
2014-03-27,18:00:00,83.3,83.6,83.3,83.53,4060,0
2014-03-27,19:00:00,83.54,83.63,83.54,83.58,2870,0
2014-03-27,20:00:00,83.54,83.61,83.53,83.61,3280,0
2014-03-27,21:00:00,83.56,83.83,83.54,83.78,11459,0
2014-03-28,15:00:00,83.9,84.2,83.9,84.2,4272,0
2014-03-28,16:00:00,84.44,84.56,84.44,84.56,1855,0
2014-03-28,17:00:00,84.55,84.55,84.27,84.27,2758,0
2014-03-28,18:00:00,84.29,84.29,84.17,84.18,1666,0
2014-03-28,19:00:00,83.92,84,83.92,83.92,3947,0
2014-03-28,20:00:00,83.78,83.86,83.65,83.86,6965,0
2014-03-28,21:00:00,83.8,83.88,83.7,83.88,3672,0
2014-03-31,16:00:00,84.73,84.9,84.7,84.84,4323,0
2014-03-31,17:00:00,84.84,85.05,84.8,85.02,7450,0
2014-03-31,18:00:00,84.83,84.83,84.71,84.73,12297,0
2014-03-31,19:00:00,84.72,84.92,84.72,84.89,3984,0
2014-03-31,20:00:00,84.9,84.93,84.77,84.77,13611,0
2014-03-31,21:00:00,84.75,84.89,84.75,84.85,187829,0
2014-03-31,22:00:00,84.82,84.98,84.82,84.89,11530,0
2014-04-01,16:00:00,85.24,85.24,85.06,85.11,7400,0
2014-04-01,17:00:00,85.18,85.36,84.99,85.1,32292,0
2014-04-01,18:00:00,85.09,85.16,85.09,85.1,11472,0
2014-04-01,19:00:00,85.09,85.21,85.03,85.18,6059,0
2014-04-01,20:00:00,85.09,85.11,85.07,85.11,7578,0
2014-04-01,21:00:00,85.13,85.27,85.13,85.27,7201,0
2014-04-01,22:00:00,85.3,85.4,85.25,85.34,26409,0
2014-04-02,16:00:00,85.38,85.39,85.11,85.19,5501,0
2014-04-02,17:00:00,85.22,85.46,85.22,85.42,20106,0
2014-04-02,18:00:00,85.45,85.45,85.21,85.32,6706,0
2014-04-02,19:00:00,85.27,85.4,85.25,85.37,5418,0
2014-04-02,20:00:00,85.35,85.39,85.23,85.25,3476,0
2014-04-02,21:00:00,85.35,85.42,85.31,85.33,22869,0
2014-04-02,22:00:00,85.36,85.58,85.35,85.48,16409,0
2014-04-03,16:00:00,85.35,85.4,85.26,85.35,3950,0
2014-04-03,17:00:00,85.33,85.33,84.97,84.98,7585,0
2014-04-03,18:00:00,84.93,84.97,84.84,84.96,4444,0
2014-04-03,19:00:00,85.02,85.15,85.02,85.1,4128,0
2014-04-03,20:00:00,85.12,85.24,85.12,85.24,2750,0
2014-04-03,21:00:00,85.09,85.09,84.96,85.03,87388,0
2014-04-03,22:00:00,85.05,85.29,85.03,85.2,10259,0
2014-04-04,16:00:00,85.4,85.4,85.11,85.25,4091,0
2014-04-04,17:00:00,85.24,85.34,84.99,84.99,5448,0
2014-04-04,18:00:00,84.92,84.92,84.43,84.46,5301,0
2014-04-04,19:00:00,84.25,84.46,84.18,84.22,5341,0
2014-04-04,20:00:00,84.21,84.27,84.02,84.02,1758,0
2014-04-04,21:00:00,83.97,83.97,83.75,83.75,6989,0
2014-04-04,22:00:00,83.7,83.88,83.63,83.63,8913,0
2014-04-07,16:00:00,83.18,83.56,82.8,82.99,7865,0
2014-04-07,17:00:00,83,83,82.61,82.61,6303,0
2014-04-07,18:00:00,82.69,82.75,82.38,82.38,10809,0
2014-04-07,19:00:00,82.31,82.33,82.13,82.23,4090,0
2014-04-07,20:00:00,82.01,82.06,81.96,82.02,3870,0
2014-04-07,21:00:00,82.05,82.36,82,82.36,5879,0
2014-04-07,22:00:00,82.31,82.43,82.13,82.13,15325,0
2014-04-08,16:00:00,82.06,82.39,81.87,81.87,1900,0
2014-04-08,17:00:00,81.83,81.95,81.48,81.91,8018,0
2014-04-08,18:00:00,82.02,82.3,82.01,82.14,5516,0
2014-04-08,19:00:00,82.15,82.15,82,82,2215,0
2014-04-08,20:00:00,82.04,82.33,82.04,82.27,5723,0
2014-04-08,21:00:00,82.16,82.16,81.89,81.93,4426,0
2014-04-08,22:00:00,81.92,82.18,81.92,82.14,4572,0
2014-04-09,16:00:00,82.25,82.25,82.09,82.24,1300,0
2014-04-09,17:00:00,82.16,82.36,82.12,82.27,3200,0
2014-04-09,18:00:00,82.22,82.29,82.17,82.27,2688,0
2014-04-09,19:00:00,82.51,82.51,82.45,82.47,5122,0
2014-04-09,20:00:00,82.38,82.67,82.38,82.67,2464,0
2014-04-09,21:00:00,82.8,83.04,82.8,82.84,4852,0
2014-04-09,22:00:00,82.65,83,82.65,83,4575,0
2014-04-10,16:00:00,82.8,82.8,82.58,82.67,1025,0
2014-04-10,17:00:00,82.56,82.63,82.29,82.35,6553,0
2014-04-10,18:00:00,82.06,82.06,81.79,81.79,3785,0
2014-04-10,19:00:00,81.62,81.62,81.16,81.18,3900,0
2014-04-10,20:00:00,81.05,81.17,80.83,81,4661,0
2014-04-10,21:00:00,81.16,81.27,81.04,81.04,10769,0
2014-04-10,22:00:00,80.9,81.03,80.69,80.77,14602,0
2014-04-11,16:00:00,79.75,79.93,78.96,79.76,96911,0
2014-04-11,17:00:00,79.75,80.37,79.47,80.37,20489,0
2014-04-11,18:00:00,80.27,80.35,79.99,79.99,5621,0
2014-04-11,19:00:00,80.15,80.17,79.94,80,3986,0
2014-04-11,20:00:00,79.9,79.9,79.78,79.78,5236,0
2014-04-11,21:00:00,79.85,79.93,79.43,79.65,13980,0
2014-04-11,22:00:00,79.65,79.91,79.54,79.57,25765,0
2014-04-14,16:00:00,80.5,80.6,79.85,79.89,19992,0
2014-04-14,17:00:00,79.88,80.3,79.83,80.3,11220,0
2014-04-14,18:00:00,80.28,80.32,80.17,80.32,7554,0
2014-04-14,19:00:00,80.26,80.43,80.26,80.41,2198,0
2014-04-14,20:00:00,80.4,80.4,80.25,80.26,2345,0
2014-04-14,21:00:00,80.17,80.18,80.03,80.03,7645,0
2014-04-14,22:00:00,79.83,80.2,79.42,80.2,7740,0
2014-04-15,16:00:00,80.57,81.17,80.55,81.17,1372,0
2014-04-15,17:00:00,81.23,81.23,80.51,80.6,4500,0
2014-04-15,18:00:00,80.17,80.39,80.03,80.04,5039,0
2014-04-15,19:00:00,79.9,79.97,79.9,79.92,1850,0
2014-04-15,20:00:00,79.89,80.22,79.89,80.17,3796,0
2014-04-15,21:00:00,80.42,80.86,80.42,80.86,1400,0
2014-04-15,22:00:00,80.82,80.99,80.79,80.96,6134,0
2014-04-16,16:00:00,81.44,81.44,81.02,81.16,2800,0
2014-04-16,17:00:00,80.93,81.07,80.87,80.89,3616,0
2014-04-16,18:00:00,80.81,81.29,80.81,81.22,4303,0
2014-04-16,19:00:00,81.27,81.51,81.27,81.33,4678,0
2014-04-16,20:00:00,81.17,81.35,81.17,81.33,27607,0
2014-04-16,21:00:00,81.39,81.49,81.25,81.49,5168,0
2014-04-16,22:00:00,81.52,81.65,81.52,81.65,4725,0
2014-04-17,16:00:00,81.75,81.81,81.57,81.57,10013,0
2014-04-17,17:00:00,81.58,81.76,81.4,81.76,3968,0
2014-04-17,18:00:00,81.73,81.73,81.61,81.62,109726,0
2014-04-17,19:00:00,81.66,81.75,81.57,81.7,29170,0
2014-04-17,20:00:00,81.73,81.98,81.73,81.98,4564,0
2014-04-17,21:00:00,81.95,81.95,81.78,81.81,5812,0
2014-04-17,22:00:00,81.86,81.87,81.78,81.78,1544,0
2014-04-21,16:00:00,81.69,81.87,81.69,81.87,1450,0
2014-04-21,17:00:00,81.87,81.87,81.7,81.73,3659,0
2014-04-21,18:00:00,81.68,81.77,81.68,81.72,21430,0
2014-04-21,19:00:00,81.74,81.75,81.66,81.67,3540,0
2014-04-21,20:00:00,81.68,81.68,81.63,81.63,2103,0
2014-04-21,21:00:00,81.68,81.72,81.61,81.68,9315,0
2014-04-21,22:00:00,81.62,81.66,81.57,81.66,6000,0
2014-04-22,16:00:00,81.61,81.64,81.46,81.57,1232,0
2014-04-22,17:00:00,81.91,82.19,81.91,82.14,5024,0
2014-04-22,18:00:00,82.23,82.33,82.22,82.27,2162,0
2014-04-22,19:00:00,82.28,82.43,82.28,82.41,3415,0
2014-04-22,20:00:00,82.45,82.6,82.45,82.51,2401,0
2014-04-22,21:00:00,82.48,82.5,82.47,82.47,1300,0
2014-04-22,22:00:00,82.51,82.51,82.33,82.33,12233,0
2014-04-23,16:00:00,82.33,82.4,82.33,82.35,400,0
2014-04-23,17:00:00,82.22,82.43,82.13,82.43,6465,0
2014-04-23,18:00:00,82.4,82.4,82.12,82.17,1341,0
2014-04-23,19:00:00,82.23,82.23,82.19,82.21,2860,0
2014-04-23,20:00:00,82.35,82.41,82.3,82.41,2800,0
2014-04-23,21:00:00,82.42,82.5,82.34,82.5,3331,0
2014-04-23,22:00:00,82.52,82.54,82.48,82.49,4446,0
2014-04-24,16:00:00,82.57,82.71,82.04,82.16,5078,0
2014-04-24,17:00:00,82.11,82.4,81.93,82.29,7950,0
2014-04-24,18:00:00,82.29,82.69,82.29,82.48,4346,0
2014-04-24,19:00:00,82.44,82.57,82.44,82.57,3500,0
2014-04-24,20:00:00,82.56,82.56,82.21,82.23,6169,0
2014-04-24,21:00:00,82.22,82.33,82.19,82.23,3586,0
2014-04-24,22:00:00,82.19,82.3,82.16,82.19,7750,0
2014-04-25,16:00:00,81.57,81.89,81.32,81.36,13160,0
2014-04-25,17:00:00,81.39,81.54,81.25,81.25,5663,0
2014-04-25,18:00:00,81.14,81.31,81.12,81.27,8485,0
2014-04-25,19:00:00,81.32,81.36,81.29,81.31,4780,0
2014-04-25,20:00:00,81.2,81.31,81.15,81.24,11524,0
2014-04-25,21:00:00,81.09,81.09,80.97,81.05,8600,0
2014-04-25,22:00:00,81.11,81.11,80.96,80.97,1830,0
2014-04-28,16:00:00,80.91,80.93,80.27,80.59,4482,0
2014-04-28,17:00:00,80.66,80.93,80.54,80.54,16488,0
2014-04-28,18:00:00,80.56,80.58,80,80.01,104943,0
2014-04-28,19:00:00,80.05,80.23,79.93,79.93,47523,0
2014-04-28,20:00:00,79.56,79.82,79.47,79.76,202022,0
2014-04-28,21:00:00,79.56,80.04,79.56,79.92,10620,0
2014-04-28,22:00:00,80.09,80.47,80.09,80.23,53351,0
2014-04-29,16:00:00,80.33,80.96,80.33,80.93,15573,0
2014-04-29,17:00:00,80.93,81,80.72,80.73,12391,0
2014-04-29,18:00:00,80.72,80.78,80.68,80.74,3054,0
2014-04-29,19:00:00,80.79,81.01,80.75,81.01,5823,0
2014-04-29,20:00:00,80.97,81.04,80.91,81.04,11787,0
2014-04-29,21:00:00,81.04,81.04,80.89,80.92,10317,0
2014-04-29,22:00:00,80.93,81.02,80.93,80.99,10039,0
2014-04-30,16:00:00,80.93,80.93,80.77,80.81,3370,0
2014-04-30,17:00:00,80.66,81.1,80.65,81.1,11583,0
2014-04-30,18:00:00,81.09,81.09,80.93,80.93,1300,0
2014-04-30,19:00:00,81,81.03,80.97,81.03,13901,0
2014-04-30,20:00:00,81.08,81.08,81.02,81.06,3875,0
2014-04-30,21:00:00,81.08,81.37,80.95,81.28,7120,0
2014-04-30,22:00:00,81.24,81.35,81.11,81.23,6352,0
2014-05-01,16:00:00,81.12,81.41,81.12,81.35,22552,0
2014-05-01,17:00:00,81.24,81.36,81.05,81.33,230514,0
2014-05-01,18:00:00,81.47,81.47,81.41,81.42,1680,0
2014-05-01,19:00:00,81.4,81.48,81.36,81.4,4430,0
2014-05-01,20:00:00,81.36,81.36,80.96,80.96,2700,0
2014-05-01,21:00:00,81.11,81.13,80.94,81.02,6491,0
2014-05-01,22:00:00,80.96,81.15,80.96,81.15,9159,0
2014-05-02,16:00:00,81.36,81.82,81.3,81.77,10809,0
2014-05-02,17:00:00,81.84,82.02,81.32,81.55,14351,0
2014-05-02,18:00:00,81.47,81.49,81.43,81.45,3422,0
2014-05-02,19:00:00,81.49,81.49,81.44,81.49,1400,0
2014-05-02,20:00:00,81.4,81.4,81.24,81.25,3525,0
2014-05-02,21:00:00,81.14,81.25,81.1,81.21,8449,0
2014-05-02,22:00:00,81.3,81.31,81.23,81.28,4968,0
2014-05-05,16:00:00,80.48,80.48,80.09,80.34,5988,0
2014-05-05,17:00:00,80.42,80.86,80.42,80.79,24693,0
2014-05-05,18:00:00,80.76,80.83,80.65,80.76,11960,0
2014-05-05,19:00:00,80.8,80.82,80.78,80.78,2717,0
2014-05-05,20:00:00,80.66,80.68,80.64,80.65,3650,0
2014-05-05,21:00:00,80.71,80.84,80.67,80.84,8802,0
2014-05-05,22:00:00,80.85,80.85,80.78,80.82,3495,0
2014-05-06,16:00:00,80.41,80.41,80.25,80.28,3264,0
2014-05-06,17:00:00,80.26,80.44,80.18,80.18,5932,0
2014-05-06,18:00:00,80.15,80.27,80.15,80.27,7054,0
2014-05-06,19:00:00,80.12,80.13,80.04,80.1,4038,0
2014-05-06,20:00:00,80.06,80.06,79.83,79.84,7899,0
2014-05-06,21:00:00,79.89,79.95,79.85,79.85,14965,0
2014-05-06,22:00:00,79.79,79.92,79.72,79.73,13709,0
2014-05-07,16:00:00,79.92,80.3,79.92,80,4018,0
2014-05-07,17:00:00,80.04,80.13,79.55,79.86,16175,0
2014-05-07,18:00:00,79.99,80.48,79.88,80.44,59923,0
2014-05-07,19:00:00,80.33,80.51,80.32,80.33,3400,0
2014-05-07,20:00:00,80.37,80.4,80.23,80.23,3098,0
2014-05-07,21:00:00,80.17,80.54,80.17,80.54,16821,0
2014-05-07,22:00:00,80.44,80.65,80.36,80.65,10845,0
