Date,Time,Open,High,Low,Close,Volume,OpenInt
2014-02-10,16:00:00,39.159,39.505,38.714,38.921,16426,0
2014-02-10,17:00:00,39.06,39.218,39,39.109,13570,0
2014-02-10,18:00:00,39.109,39.129,38.981,39.07,16080,0
2014-02-10,19:00:00,39.05,39.06,38.961,39,15207,0
2014-02-10,20:00:00,39.079,39.139,39.06,39.129,6303,0
2014-02-10,21:00:00,39.119,39.168,39.099,39.149,20001,0
2014-02-10,22:00:00,39.099,39.139,39.02,39.06,59680,0
2014-02-11,16:00:00,39.327,39.327,39,39.099,22747,0
2014-02-11,17:00:00,39.149,39.386,39.129,39.317,5425,0
2014-02-11,18:00:00,39.376,39.485,39.337,39.465,22603,0
2014-02-11,19:00:00,39.475,39.505,39.366,39.396,23603,0
2014-02-11,20:00:00,39.396,39.485,39.356,39.376,24597,0
2014-02-11,21:00:00,39.346,39.524,39.337,39.524,42358,0
2014-02-11,22:00:00,39.514,39.524,39.376,39.386,60133,0
2014-02-12,16:00:00,39.594,39.801,39.416,39.524,21176,0
2014-02-12,17:00:00,39.495,39.544,39.435,39.505,39079,0
2014-02-12,18:00:00,39.514,39.554,39.386,39.396,67240,0
2014-02-12,19:00:00,39.396,39.435,39.346,39.346,15623,0
2014-02-12,20:00:00,39.356,39.485,39.356,39.455,31235,0
2014-02-12,21:00:00,39.485,39.505,39.416,39.455,41487,0
2014-02-12,22:00:00,39.455,39.475,39.396,39.396,24319,0
2014-02-13,16:00:00,39.396,39.732,39.396,39.702,100200,0
2014-02-13,17:00:00,39.801,39.93,39.752,39.93,72081,0
2014-02-13,18:00:00,39.89,39.9,39.722,39.762,18014,0
2014-02-13,19:00:00,39.742,39.781,39.673,39.732,504729,0
2014-02-13,20:00:00,39.732,39.762,39.623,39.623,67107,0
2014-02-13,21:00:00,39.643,39.653,39.514,39.554,43567,0
2014-02-13,22:00:00,39.554,39.584,39.505,39.544,73933,0
2014-02-14,16:00:00,39.692,39.762,39.465,39.613,28541,0
2014-02-14,17:00:00,39.554,39.801,39.554,39.623,16774,0
2014-02-14,18:00:00,39.623,39.623,39.485,39.514,38523,0
2014-02-14,19:00:00,39.534,39.564,39.396,39.445,27284,0
2014-02-14,20:00:00,39.465,39.475,39.396,39.435,8735,0
2014-02-14,21:00:00,39.435,39.495,39.406,39.495,19504,0
2014-02-14,22:00:00,39.475,39.554,39.445,39.505,29066,0
2014-02-18,16:00:00,39.92,39.92,39.465,39.623,25644,0
2014-02-18,17:00:00,39.623,39.752,39.623,39.673,78129,0
2014-02-18,18:00:00,39.643,39.781,39.623,39.732,19938,0
2014-02-18,19:00:00,39.732,39.732,39.603,39.633,17453,0
2014-02-18,20:00:00,39.623,39.623,39.544,39.554,13294,0
2014-02-18,21:00:00,39.574,39.623,39.505,39.524,39501,0
2014-02-18,22:00:00,39.534,39.544,39.505,39.524,34469,0
2014-02-19,16:00:00,39.475,39.475,39.178,39.287,21325,0
2014-02-19,17:00:00,39.287,39.445,39.257,39.356,18434,0
2014-02-19,18:00:00,39.416,39.465,39.317,39.317,78740,0
2014-02-19,19:00:00,39.307,39.366,39.267,39.277,29689,0
2014-02-19,20:00:00,39.287,39.317,39.208,39.248,20336,0
2014-02-19,21:00:00,39.267,39.297,39.109,39.159,68571,0
2014-02-19,22:00:00,39.139,39.149,38.981,39.05,25546,0
2014-02-20,16:00:00,39.445,39.445,38.773,38.773,19597,0
2014-02-20,17:00:00,38.813,39.079,38.813,38.941,12427,0
2014-02-20,18:00:00,38.991,39.01,38.892,38.911,10520,0
2014-02-20,19:00:00,38.902,38.902,38.822,38.882,7857,0
2014-02-20,20:00:00,38.822,38.842,38.733,38.733,21034,0
2014-02-20,21:00:00,38.733,38.892,38.664,38.872,39503,0
2014-02-20,22:00:00,38.872,38.902,38.793,38.832,76141,0
2014-02-21,16:00:00,38.773,38.971,38.733,38.971,8884,0
2014-02-21,17:00:00,38.941,38.941,38.743,38.783,8072,0
2014-02-21,18:00:00,38.783,38.803,38.704,38.783,19926,0
2014-02-21,19:00:00,38.793,38.882,38.773,38.832,14068,0
2014-02-21,20:00:00,38.842,38.882,38.813,38.852,18360,0
2014-02-21,21:00:00,38.862,38.882,38.714,38.743,46036,0
2014-02-21,22:00:00,38.724,38.803,38.714,38.793,102475,0
2014-02-24,16:00:00,38.733,38.793,38.387,38.437,42275,0
2014-02-24,17:00:00,38.358,38.585,38.308,38.526,32544,0
2014-02-24,18:00:00,38.476,38.724,38.457,38.674,37233,0
2014-02-24,19:00:00,38.654,38.714,38.556,38.625,32347,0
2014-02-24,20:00:00,38.565,38.635,38.546,38.625,20619,0
2014-02-24,21:00:00,38.615,38.635,38.437,38.595,34985,0
2014-02-24,22:00:00,38.595,38.605,38.486,38.516,83006,0
2014-02-25,16:00:00,38.645,38.882,38.338,38.496,35158,0
2014-02-25,17:00:00,38.476,38.654,38.417,38.585,11240,0
2014-02-25,18:00:00,38.664,38.664,38.536,38.585,69555,0
2014-02-25,19:00:00,38.645,38.714,38.437,38.437,7748,0
2014-02-25,20:00:00,38.476,38.476,38.289,38.427,51322,0
2014-02-25,21:00:00,38.368,38.457,38.289,38.407,68350,0
2014-02-25,22:00:00,38.368,38.585,38.338,38.476,82416,0
2014-02-26,16:00:00,38.645,38.793,38.368,38.437,11856,0
2014-02-26,17:00:00,38.437,38.536,38.417,38.417,14680,0
2014-02-26,18:00:00,38.427,38.506,38.427,38.476,13389,0
2014-02-26,19:00:00,38.417,38.476,38.348,38.427,27877,0
2014-02-26,20:00:00,38.407,38.556,38.368,38.556,22868,0
2014-02-26,21:00:00,38.556,38.892,38.556,38.892,27037,0
2014-02-26,22:00:00,38.931,39.109,38.892,39.06,45527,0
2014-02-27,16:00:00,39.267,39.267,38.852,38.971,16597,0
2014-02-27,17:00:00,38.971,38.971,38.773,38.822,17765,0
2014-02-27,18:00:00,38.832,38.902,38.773,38.793,20452,0
2014-02-27,19:00:00,38.813,38.882,38.773,38.842,13369,0
2014-02-27,20:00:00,38.852,39.03,38.852,38.971,23113,0
2014-02-27,21:00:00,38.991,39.04,38.941,38.941,48085,0
2014-02-27,22:00:00,38.941,38.981,38.783,38.813,53848,0
2014-02-28,16:00:00,38.763,39.07,38.486,38.575,82890,0
2014-02-28,17:00:00,38.575,38.684,38.575,38.664,105305,0
2014-02-28,18:00:00,38.575,38.664,38.467,38.605,34067,0
2014-02-28,19:00:00,38.605,38.694,38.565,38.635,31617,0
2014-02-28,20:00:00,38.645,38.654,38.556,38.615,41202,0
2014-02-28,21:00:00,38.605,38.773,38.556,38.595,43870,0
2014-02-28,22:00:00,38.575,38.635,38.516,38.565,54008,0
2014-03-03,16:00:00,38.625,40.829,38.368,38.556,27914,0
2014-03-03,17:00:00,38.526,38.664,38.467,38.575,17703,0
2014-03-03,18:00:00,38.615,38.625,38.476,38.526,25804,0
2014-03-03,19:00:00,38.476,38.635,38.457,38.635,21436,0
2014-03-03,20:00:00,38.635,38.813,38.595,38.763,18550,0
2014-03-03,21:00:00,38.733,38.743,38.625,38.724,26835,0
2014-03-03,22:00:00,38.714,38.714,38.625,38.714,60684,0
2014-03-04,16:00:00,38.931,38.991,38.625,38.911,9301,0
2014-03-04,17:00:00,38.921,38.961,38.793,38.842,8935,0
2014-03-04,18:00:00,38.803,38.931,38.803,38.862,19162,0
2014-03-04,19:00:00,38.842,38.842,38.743,38.832,25310,0
2014-03-04,20:00:00,38.822,38.911,38.783,38.862,38677,0
2014-03-04,21:00:00,38.852,38.971,38.822,38.921,43416,0
2014-03-04,22:00:00,38.931,38.991,38.882,38.951,106908,0
2014-03-05,16:00:00,39.02,39.02,38.803,38.872,17064,0
2014-03-05,17:00:00,38.911,39.01,38.842,38.961,16048,0
2014-03-05,18:00:00,39.01,39.178,38.991,39.159,13241,0
2014-03-05,19:00:00,39.178,39.178,39.05,39.129,25637,0
2014-03-05,20:00:00,39.168,39.188,39.099,39.119,16047,0
2014-03-05,21:00:00,39.129,39.139,39.03,39.07,37195,0
2014-03-05,22:00:00,39.06,39.089,38.971,39.07,33552,0
2014-03-06,16:00:00,39.307,39.307,39.04,39.109,6857,0
2014-03-06,17:00:00,39.159,39.168,38.971,39.119,19691,0
2014-03-06,18:00:00,39.129,39.129,38.882,38.921,35536,0
2014-03-06,19:00:00,38.902,39.01,38.872,38.872,22540,0
2014-03-06,20:00:00,38.872,39,38.852,38.911,22955,0
2014-03-06,21:00:00,38.911,39.109,38.911,38.981,49170,0
2014-03-06,22:00:00,38.981,38.991,38.862,38.931,43429,0
2014-03-07,16:00:00,39.04,39.06,38.931,38.991,9297,0
2014-03-07,17:00:00,38.971,38.971,38.763,38.773,29886,0
2014-03-07,18:00:00,38.793,38.931,38.753,38.921,22176,0
2014-03-07,19:00:00,38.921,39.01,38.852,38.872,36238,0
2014-03-07,20:00:00,38.832,38.882,38.783,38.832,22295,0
2014-03-07,21:00:00,38.832,38.931,38.763,38.921,54800,0
2014-03-07,22:00:00,38.911,38.941,38.822,38.882,89965,0
2014-03-10,15:00:00,38.892,38.892,38.724,38.793,11922,0
2014-03-10,16:00:00,38.822,38.842,38.625,38.714,22937,0
2014-03-10,17:00:00,38.733,38.813,38.645,38.674,31476,0
2014-03-10,18:00:00,38.674,38.743,38.654,38.694,19454,0
2014-03-10,19:00:00,38.783,38.813,38.664,38.773,40517,0
2014-03-10,20:00:00,38.773,38.793,38.635,38.654,39645,0
2014-03-10,21:00:00,38.645,38.704,38.605,38.684,45332,0
2014-03-11,15:00:00,38.832,38.832,38.457,38.457,17642,0
2014-03-11,16:00:00,38.437,38.645,38.427,38.645,22453,0
2014-03-11,17:00:00,38.635,38.694,38.615,38.625,28548,0
2014-03-11,18:00:00,38.635,38.724,38.575,38.704,34792,0
2014-03-11,19:00:00,38.704,38.743,38.684,38.743,44317,0
2014-03-11,20:00:00,38.743,38.753,38.645,38.664,31537,0
2014-03-11,21:00:00,38.674,38.694,38.625,38.625,74369,0
2014-03-12,15:00:00,38.635,38.654,38.447,38.447,39966,0
2014-03-12,16:00:00,38.407,38.486,38.338,38.486,26145,0
2014-03-12,17:00:00,38.476,38.556,38.457,38.496,7237,0
2014-03-12,18:00:00,38.556,38.625,38.556,38.625,13468,0
2014-03-12,19:00:00,38.565,38.595,38.536,38.575,13070,0
2014-03-12,20:00:00,38.575,38.585,38.506,38.556,28004,0
2014-03-12,21:00:00,38.556,38.625,38.506,38.625,62930,0
2014-03-13,15:00:00,38.743,38.743,38.556,38.585,10597,0
2014-03-13,16:00:00,38.595,38.605,38.496,38.595,38352,0
2014-03-13,17:00:00,38.565,38.615,38.516,38.615,32202,0
2014-03-13,18:00:00,38.605,38.615,38.417,38.437,25214,0
2014-03-13,19:00:00,38.437,38.496,38.358,38.407,43198,0
2014-03-13,20:00:00,38.358,38.427,38.269,38.348,74839,0
2014-03-13,21:00:00,38.338,38.437,38.269,38.417,46470,0
2014-03-14,15:00:00,38.447,38.743,38.437,38.743,38411,0
2014-03-14,16:00:00,38.714,38.822,38.595,38.595,46579,0
2014-03-14,17:00:00,38.595,38.714,38.595,38.684,19177,0
2014-03-14,18:00:00,38.654,38.674,38.536,38.645,8079,0
2014-03-14,19:00:00,38.645,38.645,38.565,38.635,9963,0
2014-03-14,20:00:00,38.605,38.684,38.556,38.595,28365,0
2014-03-14,21:00:00,38.585,38.684,38.575,38.684,24227,0
2014-03-17,15:00:00,39.03,39.03,38.516,38.516,31729,0
2014-03-17,16:00:00,38.615,38.654,38.565,38.615,8233,0
2014-03-17,17:00:00,38.625,38.803,38.625,38.773,17146,0
2014-03-17,18:00:00,38.733,38.882,38.733,38.862,21534,0
2014-03-17,19:00:00,38.902,38.971,38.842,38.862,22651,0
2014-03-17,20:00:00,38.852,38.941,38.842,38.902,36229,0
2014-03-17,21:00:00,38.902,38.921,38.852,38.921,60060,0
2014-03-18,15:00:00,38.565,39.06,38.565,38.961,6240,0
2014-03-18,16:00:00,38.971,39.07,38.941,38.941,60427,0
2014-03-18,17:00:00,39.02,39.099,39.02,39.07,21537,0
2014-03-18,18:00:00,39.139,39.228,39.139,39.188,9199,0
2014-03-18,19:00:00,39.228,39.287,39.178,39.257,15277,0
2014-03-18,20:00:00,39.257,39.277,39.139,39.218,14033,0
2014-03-18,21:00:00,39.248,39.248,39.129,39.178,61124,0
2014-03-19,15:00:00,39.188,39.524,39,39,7014,0
2014-03-19,16:00:00,38.902,38.991,38.763,38.763,20962,0
2014-03-19,17:00:00,38.753,38.773,38.645,38.743,30548,0
2014-03-19,18:00:00,38.704,38.822,38.704,38.793,13552,0
2014-03-19,19:00:00,38.822,38.862,38.793,38.793,7861,0
2014-03-19,20:00:00,38.773,38.793,38.645,38.773,41625,0
2014-03-19,21:00:00,38.743,38.773,38.654,38.773,40108,0
2014-03-20,15:00:00,38.753,38.793,38.427,38.427,203753,0
2014-03-20,16:00:00,38.486,38.585,38.387,38.407,124216,0
2014-03-20,17:00:00,38.467,38.496,38.387,38.457,13662,0
2014-03-20,18:00:00,38.486,38.645,38.486,38.625,10020,0
2014-03-20,19:00:00,38.635,38.743,38.575,38.733,34030,0
2014-03-20,20:00:00,38.714,38.733,38.556,38.684,24828,0
2014-03-20,21:00:00,38.684,38.872,38.635,38.872,29960,0
2014-03-21,15:00:00,39.346,39.465,38.575,38.902,8327,0
2014-03-21,16:00:00,38.872,38.931,38.753,38.832,20080,0
2014-03-21,17:00:00,38.832,38.882,38.753,38.793,24808,0
2014-03-21,18:00:00,38.832,38.902,38.793,38.882,11603,0
2014-03-21,19:00:00,38.862,38.862,38.714,38.714,26211,0
2014-03-21,20:00:00,38.733,38.842,38.724,38.842,46614,0
2014-03-21,21:00:00,38.832,38.852,38.724,38.783,26932,0
2014-03-24,15:00:00,39.04,39.04,38.704,38.753,25810,0
2014-03-24,16:00:00,38.743,38.743,38.447,38.476,15078,0
2014-03-24,17:00:00,38.397,38.526,38.397,38.526,21651,0
2014-03-24,18:00:00,38.506,38.556,38.476,38.516,26125,0
2014-03-24,19:00:00,38.516,38.635,38.486,38.635,84585,0
2014-03-24,20:00:00,38.615,38.743,38.615,38.684,21089,0
2014-03-24,21:00:00,38.635,38.694,38.575,38.595,62011,0
2014-03-25,15:00:00,38.575,38.743,38.575,38.635,4429,0
2014-03-25,16:00:00,38.733,38.733,38.536,38.645,18231,0
2014-03-25,17:00:00,38.645,38.694,38.516,38.565,10333,0
2014-03-25,18:00:00,38.585,38.605,38.516,38.556,21597,0
2014-03-25,19:00:00,38.595,38.664,38.546,38.605,25130,0
2014-03-25,20:00:00,38.585,38.615,38.536,38.615,54182,0
2014-03-25,21:00:00,38.565,38.615,38.516,38.575,39549,0
2014-03-26,15:00:00,38.694,38.852,38.575,38.635,25257,0
2014-03-26,16:00:00,38.585,38.654,38.585,38.605,9636,0
2014-03-26,17:00:00,38.625,38.714,38.585,38.704,7019,0
2014-03-26,18:00:00,38.664,38.714,38.645,38.684,17648,0
2014-03-26,19:00:00,38.684,38.694,38.625,38.684,13540,0
2014-03-26,20:00:00,38.674,38.793,38.645,38.793,52942,0
2014-03-26,21:00:00,38.793,38.793,38.645,38.694,37256,0
2014-03-27,15:00:00,38.931,38.931,38.605,38.664,33974,0
2014-03-27,16:00:00,38.753,38.822,38.733,38.822,2438,0
2014-03-27,17:00:00,38.842,38.842,38.684,38.724,23404,0
2014-03-27,18:00:00,38.724,38.803,38.664,38.803,28121,0
2014-03-27,19:00:00,38.803,38.852,38.773,38.793,19323,0
2014-03-27,20:00:00,38.822,38.862,38.803,38.852,16749,0
2014-03-27,21:00:00,38.862,38.882,38.822,38.882,46082,0
2014-03-28,15:00:00,39.06,39.06,38.733,38.971,26241,0
2014-03-28,16:00:00,38.961,38.991,38.892,38.971,62315,0
2014-03-28,17:00:00,38.961,38.961,38.842,38.842,15122,0
2014-03-28,18:00:00,38.902,38.971,38.872,38.931,11553,0
2014-03-28,19:00:00,38.941,39.139,38.941,39.139,52876,0
2014-03-28,20:00:00,39.149,39.149,39.06,39.109,31518,0
2014-03-28,21:00:00,39.089,39.149,39.079,39.149,71964,0
2014-03-31,16:00:00,39.337,39.653,39.05,39.149,24984,0
2014-03-31,17:00:00,39.159,39.257,39.109,39.198,35805,0
2014-03-31,18:00:00,39.257,39.287,39.168,39.287,44671,0
2014-03-31,19:00:00,39.287,39.317,39.238,39.317,8597,0
2014-03-31,20:00:00,39.337,39.337,39.248,39.307,7312,0
2014-03-31,21:00:00,39.307,39.346,39.257,39.346,11535,0
2014-03-31,22:00:00,39.317,39.366,39.287,39.327,48387,0
2014-04-01,16:00:00,39.416,39.594,39.356,39.396,24319,0
2014-04-01,17:00:00,39.485,39.495,39.416,39.416,19113,0
2014-04-01,18:00:00,39.425,39.485,39.366,39.396,30143,0
2014-04-01,19:00:00,39.396,39.584,39.366,39.574,30656,0
2014-04-01,20:00:00,39.603,39.663,39.584,39.643,27400,0
2014-04-01,21:00:00,39.653,39.772,39.603,39.732,30907,0
2014-04-01,22:00:00,39.732,39.969,39.732,39.93,46889,0
2014-04-02,16:00:00,40.038,40.276,39.791,39.89,15128,0
2014-04-02,17:00:00,39.851,39.88,39.762,39.831,23525,0
2014-04-02,18:00:00,39.851,40.058,39.851,40.029,10294,0
2014-04-02,19:00:00,39.999,40.009,39.91,39.94,14872,0
2014-04-02,20:00:00,39.949,39.969,39.86,39.969,11552,0
2014-04-02,21:00:00,39.979,39.979,39.88,39.92,14118,0
2014-04-02,22:00:00,39.93,39.93,39.821,39.9,32525,0
2014-04-03,16:00:00,39.752,40.394,39.752,39.93,18154,0
2014-04-03,17:00:00,39.851,40.038,39.851,39.969,16786,0
2014-04-03,18:00:00,39.989,40.108,39.989,40.068,43449,0
2014-04-03,19:00:00,40.058,40.197,40.058,40.197,4761,0
2014-04-03,20:00:00,40.197,40.197,40.098,40.098,7983,0
2014-04-03,21:00:00,40.127,40.177,40.038,40.078,9647,0
2014-04-03,22:00:00,40.078,40.137,40.038,40.048,28124,0
2014-04-04,16:00:00,40.236,40.286,40.038,40.286,6825,0
2014-04-04,17:00:00,40.286,40.335,40.216,40.276,19564,0
2014-04-04,18:00:00,40.276,40.345,40.048,40.206,51668,0
2014-04-04,19:00:00,40.187,40.216,40.088,40.108,21069,0
2014-04-04,20:00:00,40.108,40.295,40.098,40.246,31180,0
2014-04-04,21:00:00,40.226,40.256,40.009,40.009,26625,0
2014-04-04,22:00:00,40.098,40.137,39.989,39.999,68576,0
2014-04-07,16:00:00,40.177,40.177,39.979,40.068,12142,0
2014-04-07,17:00:00,40.068,40.068,39.93,39.989,12071,0
2014-04-07,18:00:00,40.029,40.048,39.742,39.791,19438,0
2014-04-07,19:00:00,39.791,39.821,39.683,39.791,32931,0
2014-04-07,20:00:00,39.752,39.762,39.692,39.702,18191,0
2014-04-07,21:00:00,39.663,39.663,39.544,39.594,55587,0
2014-04-07,22:00:00,39.653,39.722,39.613,39.643,63428,0
2014-04-08,16:00:00,39.692,39.949,39.544,39.781,8149,0
2014-04-08,17:00:00,39.722,39.851,39.722,39.841,13585,0
2014-04-08,18:00:00,39.831,39.979,39.831,39.969,11407,0
2014-04-08,19:00:00,39.959,40.009,39.92,39.94,10505,0
2014-04-08,20:00:00,39.999,40.019,39.93,39.969,19852,0
2014-04-08,21:00:00,40.029,40.029,39.87,39.87,16760,0
2014-04-08,22:00:00,39.87,39.94,39.87,39.92,53813,0
2014-04-09,16:00:00,40.3,40.3,39.82,39.95,55549,0
2014-04-09,17:00:00,39.94,40.05,39.9,40,11191,0
2014-04-09,18:00:00,40,40.03,39.82,39.88,42326,0
2014-04-09,19:00:00,39.83,39.9,39.73,39.8,24404,0
2014-04-09,20:00:00,39.74,39.86,39.73,39.81,37155,0
2014-04-09,21:00:00,39.9,40.05,39.85,39.91,124165,0
2014-04-09,22:00:00,39.96,40.1,39.96,40,59376,0
2014-04-10,16:00:00,40.4,40.4,39.92,40.09,7974,0
2014-04-10,17:00:00,40.03,40.29,40.03,40.29,10997,0
2014-04-10,18:00:00,40.28,40.3,40.03,40.03,47759,0
2014-04-10,19:00:00,40,40.03,39.92,39.94,10165,0
2014-04-10,20:00:00,39.91,39.93,39.76,39.79,35780,0
2014-04-10,21:00:00,39.86,39.92,39.7,39.74,65843,0
2014-04-10,22:00:00,39.74,39.75,39.55,39.69,23492,0
2014-04-11,16:00:00,40.2,40.2,39.55,39.89,8719,0
2014-04-11,17:00:00,39.88,40.04,39.78,39.98,13658,0
2014-04-11,18:00:00,40.02,40.16,40.02,40.1,19336,0
2014-04-11,19:00:00,40.17,40.23,40.1,40.16,45845,0
2014-04-11,20:00:00,40.18,40.2,40.1,40.15,11298,0
2014-04-11,21:00:00,40.12,40.12,40.03,40.08,6280,0
2014-04-11,22:00:00,40.06,40.22,40.03,40.16,14532,0
2014-04-14,16:00:00,40.58,40.66,40.43,40.58,6761,0
2014-04-14,17:00:00,40.58,40.74,40.58,40.66,55100,0
2014-04-14,18:00:00,40.68,40.68,40.45,40.45,7764,0
2014-04-14,19:00:00,40.49,40.51,40.41,40.42,26100,0
2014-04-14,20:00:00,40.43,40.54,40.43,40.48,13474,0
2014-04-14,21:00:00,40.5,40.51,40.36,40.38,245920,0
2014-04-14,22:00:00,40.38,40.39,40.22,40.28,141201,0
2014-04-15,16:00:00,40.38,40.38,40.06,40.3,4254,0
2014-04-15,17:00:00,40.14,40.26,40.1,40.19,8187,0
2014-04-15,18:00:00,40.15,40.16,40.03,40.12,17789,0
2014-04-15,19:00:00,40.09,40.23,40.08,40.23,15506,0
2014-04-15,20:00:00,40.21,40.26,40.14,40.17,12301,0
2014-04-15,21:00:00,40.19,40.23,40.12,40.12,23046,0
2014-04-15,22:00:00,40.16,40.2,40.1,40.18,34021,0
2014-04-16,16:00:00,40.43,40.48,40.2,40.22,13629,0
2014-04-16,17:00:00,40.31,40.41,40.28,40.38,10734,0
2014-04-16,18:00:00,40.39,40.58,40.39,40.53,15035,0
2014-04-16,19:00:00,40.48,40.58,40.38,40.38,20544,0
2014-04-16,20:00:00,40.35,40.35,40.27,40.31,13463,0
2014-04-16,21:00:00,40.35,40.51,40.34,40.49,22044,0
2014-04-16,22:00:00,40.5,40.51,40.42,40.43,14026,0
2014-04-17,16:00:00,40.16,40.55,40.16,40.49,6312,0
2014-04-17,17:00:00,40.44,40.49,40.33,40.39,22572,0
2014-04-17,18:00:00,40.38,40.54,40.38,40.53,21625,0
2014-04-17,19:00:00,40.49,40.61,40.46,40.59,11441,0
2014-04-17,20:00:00,40.62,40.62,40.53,40.59,7145,0
2014-04-17,21:00:00,40.58,40.73,40.58,40.69,14047,0
2014-04-17,22:00:00,40.75,40.76,40.67,40.68,21424,0
2014-04-21,16:00:00,40.21,40.77,40.16,40.69,13067,0
2014-04-21,17:00:00,40.69,40.79,40.68,40.78,25881,0
2014-04-21,18:00:00,40.76,40.77,40.63,40.73,13951,0
2014-04-21,19:00:00,40.69,40.9,40.69,40.88,10978,0
2014-04-21,20:00:00,40.89,40.9,40.85,40.89,14333,0
2014-04-21,21:00:00,40.91,40.96,40.86,40.96,9831,0
2014-04-21,22:00:00,40.96,41.02,40.89,41.02,78740,0
2014-04-22,16:00:00,41.14,41.24,40.97,41.05,28290,0
2014-04-22,17:00:00,41.05,41.15,41.05,41.15,13666,0
2014-04-22,18:00:00,41.12,41.24,41.11,41.24,19527,0
2014-04-22,19:00:00,41.2,41.25,41.13,41.15,5716,0
2014-04-22,20:00:00,41.13,41.15,41.04,41.06,22613,0
2014-04-22,21:00:00,41.06,41.06,40.9,40.96,19002,0
2014-04-22,22:00:00,40.97,41.05,40.93,41.02,41591,0
2014-04-23,16:00:00,41.08,41.25,40.93,41.02,8857,0
2014-04-23,17:00:00,41.02,41.05,40.95,41.03,48649,0
2014-04-23,18:00:00,41.03,41.03,40.96,40.98,14354,0
2014-04-23,19:00:00,41,41.04,40.98,41,20562,0
2014-04-23,20:00:00,41.01,41.02,40.93,40.98,14516,0
2014-04-23,21:00:00,40.94,40.95,40.83,40.87,24469,0
2014-04-23,22:00:00,40.87,40.91,40.79,40.87,36580,0
2014-04-24,16:00:00,41.15,41.19,40.91,40.96,22516,0
2014-04-24,17:00:00,40.9,40.92,40.67,40.67,43393,0
2014-04-24,18:00:00,40.69,40.75,40.57,40.6,12686,0
2014-04-24,19:00:00,40.65,40.65,40.51,40.59,27389,0
2014-04-24,20:00:00,40.6,40.67,40.56,40.59,38371,0
2014-04-24,21:00:00,40.59,40.6,40.5,40.5,21081,0
2014-04-24,22:00:00,40.53,40.65,40.48,40.65,44552,0
2014-04-25,16:00:00,40.65,40.65,40.33,40.33,14102,0
2014-04-25,17:00:00,40.3,40.33,40.15,40.22,28421,0
2014-04-25,18:00:00,40.23,40.35,40.2,40.35,7759,0
2014-04-25,19:00:00,40.3,40.33,40.27,40.3,10084,0
2014-04-25,20:00:00,40.3,40.33,40.24,40.25,10419,0
2014-04-25,21:00:00,40.26,40.27,40.18,40.21,28537,0
2014-04-25,22:00:00,40.21,40.31,40.2,40.31,38465,0
2014-04-28,16:00:00,40.54,40.91,40.37,40.37,6050,0
2014-04-28,17:00:00,40.32,40.44,40.31,40.4,11868,0
2014-04-28,18:00:00,40.34,40.47,40.34,40.45,11858,0
2014-04-28,19:00:00,40.45,40.52,40.42,40.43,14997,0
2014-04-28,20:00:00,40.37,40.43,40.34,40.38,8573,0
2014-04-28,21:00:00,40.37,40.48,40.29,40.47,35892,0
2014-04-28,22:00:00,40.45,40.57,40.41,40.55,117389,0
2014-04-29,16:00:00,40.86,40.92,40.7,40.9,7412,0
2014-04-29,17:00:00,40.92,40.98,40.77,40.98,42341,0
2014-04-29,18:00:00,40.97,40.97,40.74,40.76,48637,0
2014-04-29,19:00:00,40.73,40.88,40.66,40.78,22325,0
2014-04-29,20:00:00,40.78,40.85,40.73,40.85,19781,0
2014-04-29,21:00:00,40.86,40.93,40.83,40.89,33063,0
2014-04-29,22:00:00,40.9,40.96,40.82,40.96,38082,0
2014-04-30,16:00:00,40.92,41.01,40.89,40.89,5808,0
2014-04-30,17:00:00,40.93,40.99,40.91,40.91,22247,0
2014-04-30,18:00:00,40.92,40.92,40.73,40.77,61396,0
2014-04-30,19:00:00,40.76,40.8,40.71,40.71,61053,0
2014-04-30,20:00:00,40.71,40.83,40.71,40.79,105304,0
2014-04-30,21:00:00,40.72,40.75,40.7,40.72,98285,0
2014-04-30,22:00:00,40.72,40.85,40.72,40.85,39196,0
2014-05-01,16:00:00,40.49,41.29,40.49,40.95,10337,0
2014-05-01,17:00:00,41.03,41.19,40.98,41.13,13406,0
2014-05-01,18:00:00,41.11,41.14,41.02,41.09,18351,0
2014-05-01,19:00:00,41.08,41.14,41.05,41.14,20967,0
2014-05-01,20:00:00,41.13,41.16,41.1,41.12,6893,0
2014-05-01,21:00:00,41.12,41.15,41.08,41.1,33311,0
2014-05-01,22:00:00,41.12,41.16,41.03,41.07,56724,0
2014-05-02,16:00:00,41.1,41.27,41.09,41.24,6630,0
2014-05-02,17:00:00,41.23,41.23,41.06,41.1,18336,0
2014-05-02,18:00:00,41.1,41.13,41.03,41.06,33597,0
2014-05-02,19:00:00,41.06,41.07,40.97,41.03,10650,0
2014-05-02,20:00:00,41.03,41.17,41.02,41.17,32625,0
2014-05-02,21:00:00,41.15,41.27,41.15,41.26,21066,0
2014-05-02,22:00:00,41.26,41.33,41.2,41.33,41624,0
2014-05-05,16:00:00,41.31,41.48,41.24,41.39,22094,0
2014-05-05,17:00:00,41.39,41.51,41.35,41.47,17452,0
2014-05-05,18:00:00,41.47,41.61,41.45,41.57,23594,0
2014-05-05,19:00:00,41.58,41.62,41.54,41.61,48676,0
2014-05-05,20:00:00,41.64,41.72,41.62,41.67,15510,0
2014-05-05,21:00:00,41.71,41.81,41.66,41.79,29408,0
2014-05-05,22:00:00,41.78,41.8,41.72,41.8,60203,0
2014-05-06,16:00:00,42,42,41.74,41.74,11732,0
2014-05-06,17:00:00,41.68,41.68,41.45,41.45,18749,0
2014-05-06,18:00:00,41.48,41.53,41.43,41.46,50744,0
2014-05-06,19:00:00,41.47,41.49,41.4,41.49,29604,0
2014-05-06,20:00:00,41.47,41.5,41.41,41.47,37158,0
2014-05-06,21:00:00,41.49,41.61,41.46,41.56,26041,0
2014-05-06,22:00:00,41.55,41.65,41.52,41.64,33477,0
2014-05-07,16:00:00,41.77,42,41.64,41.67,7824,0
2014-05-07,17:00:00,41.67,41.82,41.67,41.78,11322,0
2014-05-07,18:00:00,41.78,41.97,41.76,41.97,6377,0
2014-05-07,19:00:00,42.07,42.07,41.97,41.97,43493,0
2014-05-07,20:00:00,41.99,42.04,41.95,42.01,8752,0
2014-05-07,21:00:00,42.02,42.07,42,42.03,12796,0
2014-05-07,22:00:00,41.99,42.18,41.99,42.18,56689,0
