Date,Time,Open,High,Low,Close,Volume,OpenInt
2014-02-10,16:00:00,105.41,105.41,105.16,105.21,15300,0
2014-02-10,17:00:00,105.29,105.4,105.22,105.32,16311,0
2014-02-10,18:00:00,105.38,105.41,105.31,105.41,16142,0
2014-02-10,19:00:00,105.34,105.41,105.32,105.36,16403,0
2014-02-10,20:00:00,105.41,105.41,105.35,105.35,84098,0
2014-02-10,21:00:00,105.35,105.4,105.35,105.4,19147,0
2014-02-10,22:00:00,105.39,105.48,105.36,105.46,34262,0
2014-02-11,16:00:00,105.23,105.38,105.21,105.37,12756,0
2014-02-11,17:00:00,105.36,105.44,105.28,105.44,26929,0
2014-02-11,18:00:00,105.44,105.48,105.38,105.39,17037,0
2014-02-11,19:00:00,105.39,105.41,105.31,105.38,19904,0
2014-02-11,20:00:00,105.39,105.46,105.28,105.45,65840,0
2014-02-11,21:00:00,105.46,105.58,105.46,105.55,72217,0
2014-02-11,22:00:00,105.6,105.6,105.49,105.58,90888,0
2014-02-12,16:00:00,105.56,105.58,105.44,105.56,15316,0
2014-02-12,17:00:00,105.56,105.58,105.45,105.48,31509,0
2014-02-12,18:00:00,105.48,105.51,105.33,105.43,44628,0
2014-02-12,19:00:00,105.43,105.46,105.38,105.44,27946,0
2014-02-12,20:00:00,105.44,105.44,105.38,105.38,47399,0
2014-02-12,21:00:00,105.42,105.44,105.38,105.4,35028,0
2014-02-12,22:00:00,105.38,105.45,105.38,105.42,49808,0
2014-02-13,16:00:00,105.49,105.53,105.38,105.5,45891,0
2014-02-13,17:00:00,105.49,105.5,105.45,105.46,10971,0
2014-02-13,18:00:00,105.5,105.5,105.45,105.49,13540,0
2014-02-13,19:00:00,105.49,105.5,105.44,105.45,23021,0
2014-02-13,20:00:00,105.49,105.5,105.47,105.48,58800,0
2014-02-13,21:00:00,105.46,105.5,105.46,105.49,13902,0
2014-02-13,22:00:00,105.49,105.5,105.37,105.41,239487,0
2014-02-14,16:00:00,105.41,105.44,105.31,105.31,13902,0
2014-02-14,17:00:00,105.33,105.41,105.33,105.4,12857,0
2014-02-14,18:00:00,105.4,105.4,105.34,105.4,24944,0
2014-02-14,19:00:00,105.35,105.39,105.32,105.39,25589,0
2014-02-14,20:00:00,105.36,105.39,105.34,105.38,80393,0
2014-02-14,21:00:00,105.38,105.4,105.27,105.32,41944,0
2014-02-14,22:00:00,105.32,105.37,105.29,105.37,13890,0
2014-02-18,16:00:00,105.32,105.41,105.32,105.41,8485,0
2014-02-18,17:00:00,105.42,105.45,105.37,105.41,14189,0
2014-02-18,18:00:00,105.42,105.42,105.3,105.34,134289,0
2014-02-18,19:00:00,105.33,105.34,105.25,105.28,74202,0
2014-02-18,20:00:00,105.31,105.33,105.23,105.28,94874,0
2014-02-18,21:00:00,105.23,105.28,105.18,105.25,50225,0
2014-02-18,22:00:00,105.26,105.26,105.13,105.16,77165,0
2014-02-19,16:00:00,105.24,105.4,105.24,105.37,15409,0
2014-02-19,17:00:00,105.35,105.41,105.33,105.34,34851,0
2014-02-19,18:00:00,105.35,105.43,105.32,105.43,35130,0
2014-02-19,19:00:00,105.41,105.45,105.33,105.35,18301,0
2014-02-19,20:00:00,105.37,105.45,105.32,105.36,83409,0
2014-02-19,21:00:00,105.35,105.4,105.3,105.3,78680,0
2014-02-19,22:00:00,105.29,105.33,105.26,105.3,44897,0
2014-02-20,16:00:00,105.27,105.34,105.27,105.31,8525,0
2014-02-20,17:00:00,105.33,105.36,105.29,105.35,26754,0
2014-02-20,18:00:00,105.35,105.35,105.29,105.34,25458,0
2014-02-20,19:00:00,105.35,105.38,105.3,105.38,21081,0
2014-02-20,20:00:00,105.38,105.47,105.29,105.43,85787,0
2014-02-20,21:00:00,105.32,105.43,105.26,105.35,85838,0
2014-02-20,22:00:00,105.33,105.42,105.29,105.34,27813,0
2014-02-21,16:00:00,105.51,105.52,105.47,105.49,34145,0
2014-02-21,17:00:00,105.48,105.51,105.43,105.5,19365,0
2014-02-21,18:00:00,105.46,105.53,105.46,105.51,29902,0
2014-02-21,19:00:00,105.51,105.51,105.48,105.51,26825,0
2014-02-21,20:00:00,105.51,105.52,105.46,105.49,96719,0
2014-02-21,21:00:00,105.5,105.51,105.44,105.5,26077,0
2014-02-21,22:00:00,105.43,105.5,105.41,105.44,42021,0
2014-02-24,16:00:00,105.53,105.53,105.4,105.47,24083,0
2014-02-24,17:00:00,105.47,105.5,105.45,105.49,20854,0
2014-02-24,18:00:00,105.49,105.53,105.47,105.52,21727,0
2014-02-24,19:00:00,105.53,105.53,105.47,105.48,19273,0
2014-02-24,20:00:00,105.47,105.53,105.47,105.52,55480,0
2014-02-24,21:00:00,105.52,105.53,105.5,105.52,50679,0
2014-02-24,22:00:00,105.53,105.58,105.51,105.56,43819,0
2014-02-25,16:00:00,105.61,105.65,105.6,105.62,5896,0
2014-02-25,17:00:00,105.62,105.68,105.59,105.65,30984,0
2014-02-25,18:00:00,105.63,105.68,105.63,105.67,30578,0
2014-02-25,19:00:00,105.67,105.72,105.65,105.66,49034,0
2014-02-25,20:00:00,105.69,105.72,105.6,105.63,48606,0
2014-02-25,21:00:00,105.62,105.67,105.6,105.64,55215,0
2014-02-25,22:00:00,105.62,105.77,105.61,105.77,69689,0
2014-02-26,16:00:00,105.76,105.76,105.66,105.73,7984,0
2014-02-26,17:00:00,105.73,105.85,105.72,105.8,28958,0
2014-02-26,18:00:00,105.83,105.85,105.79,105.84,31612,0
2014-02-26,19:00:00,105.84,105.85,105.71,105.71,42415,0
2014-02-26,20:00:00,105.71,105.86,105.71,105.77,41797,0
2014-02-26,21:00:00,105.78,105.83,105.74,105.76,39591,0
2014-02-26,22:00:00,105.75,105.9,105.7,105.9,83608,0
2014-02-27,16:00:00,105.89,105.99,105.89,105.97,33595,0
2014-02-27,17:00:00,105.97,106.05,105.96,106.03,30674,0
2014-02-27,18:00:00,106.01,106.09,106.01,106.06,13615,0
2014-02-27,19:00:00,106.05,106.13,106.04,106.09,27362,0
2014-02-27,20:00:00,106.1,106.18,106.07,106.14,67079,0
2014-02-27,21:00:00,106.17,106.21,106.15,106.2,32463,0
2014-02-27,22:00:00,106.19,106.21,106.13,106.2,28839,0
2014-02-28,16:00:00,106.25,106.27,106.14,106.14,11062,0
2014-02-28,17:00:00,106.19,106.27,106.05,106.26,81886,0
2014-02-28,18:00:00,106.26,106.32,106.21,106.23,33437,0
2014-02-28,19:00:00,106.28,106.33,106.22,106.32,50115,0
2014-02-28,20:00:00,106.32,106.38,106.25,106.31,58738,0
2014-02-28,21:00:00,106.31,106.37,106.25,106.27,31844,0
2014-02-28,22:00:00,106.3,106.43,106.27,106.43,87534,0
2014-03-03,16:00:00,106.51,106.53,106.43,106.53,12319,0
2014-03-03,17:00:00,106.51,106.58,106.42,106.56,33622,0
2014-03-03,18:00:00,106.56,106.61,106.47,106.6,20154,0
2014-03-03,19:00:00,106.55,106.61,106.55,106.59,20427,0
2014-03-03,20:00:00,106.61,106.63,106.59,106.61,41814,0
2014-03-03,21:00:00,106.6,106.63,106.54,106.58,33859,0
2014-03-03,22:00:00,106.58,106.64,106.52,106.61,38403,0
2014-03-04,16:00:00,106.53,106.53,106.42,106.42,13786,0
2014-03-04,17:00:00,106.44,106.52,106.44,106.47,16450,0
2014-03-04,18:00:00,106.47,106.47,106.41,106.43,147886,0
2014-03-04,19:00:00,106.45,106.46,106.41,106.43,38466,0
2014-03-04,20:00:00,106.43,106.46,106.36,106.46,43388,0
2014-03-04,21:00:00,106.45,106.46,106.43,106.45,23587,0
2014-03-04,22:00:00,106.45,106.46,106.36,106.46,34805,0
2014-03-05,16:00:00,106.5,106.5,106.25,106.29,228885,0
2014-03-05,17:00:00,106.28,106.31,106.23,106.31,18870,0
2014-03-05,18:00:00,106.3,106.35,106.28,106.28,20853,0
2014-03-05,19:00:00,106.31,106.34,106.15,106.25,6475311,0
2014-03-05,20:00:00,106.32,106.32,106.2,106.26,66632,0
2014-03-05,21:00:00,106.26,106.28,106.2,106.21,31751,0
2014-03-05,22:00:00,106.25,106.32,106.22,106.27,34638,0
2014-03-06,16:00:00,106.18,106.18,106.04,106.11,30917,0
2014-03-06,17:00:00,106.11,106.24,106.08,106.23,33265,0
2014-03-06,18:00:00,106.22,106.23,106.09,106.11,32863,0
2014-03-06,19:00:00,106.2,106.23,106.11,106.19,21172,0
2014-03-06,20:00:00,106.22,106.25,106.17,106.24,262513,0
2014-03-06,21:00:00,106.21,106.25,106.14,106.17,75156,0
2014-03-06,22:00:00,106.14,106.2,106.11,106.13,70561,0
2014-03-07,16:00:00,106,106,105.83,105.84,31599,0
2014-03-07,17:00:00,105.82,105.82,105.64,105.7,88200,0
2014-03-07,18:00:00,105.7,105.74,105.7,105.71,22160,0
2014-03-07,19:00:00,105.72,105.8,105.64,105.8,57087,0
2014-03-07,20:00:00,105.8,105.8,105.64,105.67,99370,0
2014-03-07,21:00:00,105.76,105.81,105.65,105.66,38649,0
2014-03-07,22:00:00,105.68,105.71,105.59,105.61,78965,0
2014-03-10,15:00:00,105.71,105.71,105.61,105.64,29561,0
2014-03-10,16:00:00,105.63,105.73,105.61,105.73,47227,0
2014-03-10,17:00:00,105.73,105.76,105.65,105.71,24839,0
2014-03-10,18:00:00,105.7,105.8,105.66,105.8,28267,0
2014-03-10,19:00:00,105.78,105.8,105.71,105.8,88081,0
2014-03-10,20:00:00,105.77,105.8,105.75,105.79,18076,0
2014-03-10,21:00:00,105.78,105.83,105.76,105.83,31209,0
2014-03-11,15:00:00,105.76,105.82,105.76,105.79,7517,0
2014-03-11,16:00:00,105.79,105.81,105.74,105.77,11846,0
2014-03-11,17:00:00,105.78,105.83,105.76,105.83,25554,0
2014-03-11,18:00:00,105.83,105.91,105.6,105.91,20216,0
2014-03-11,19:00:00,105.75,105.91,105.71,105.88,16586,0
2014-03-11,20:00:00,105.88,105.92,105.79,105.92,43972,0
2014-03-11,21:00:00,105.91,106.03,105.85,105.92,51215,0
2014-03-12,15:00:00,106.11,106.11,106.04,106.05,7602,0
2014-03-12,16:00:00,106.07,106.14,106.06,106.13,12644,0
2014-03-12,17:00:00,106.14,106.17,106.08,106.14,41496,0
2014-03-12,18:00:00,106.19,106.23,106.13,106.23,27173,0
2014-03-12,19:00:00,106.22,106.28,106.22,106.27,32866,0
2014-03-12,20:00:00,106.25,106.28,106.23,106.24,28596,0
2014-03-12,21:00:00,106.24,106.28,106.18,106.21,39666,0
2014-03-13,15:00:00,106.3,106.3,106.18,106.18,17616,0
2014-03-13,16:00:00,106.28,106.28,106.18,106.19,14604,0
2014-03-13,17:00:00,106.23,106.42,106.18,106.29,18482,0
2014-03-13,18:00:00,106.36,106.47,106.3,106.33,47930,0
2014-03-13,19:00:00,106.39,106.47,106.33,106.47,44432,0
2014-03-13,20:00:00,106.44,106.49,106.43,106.45,27977,0
2014-03-13,21:00:00,106.45,106.5,106.4,106.44,50453,0
2014-03-14,15:00:00,106.51,106.57,106.4,106.57,15134,0
2014-03-14,16:00:00,106.57,106.57,106.46,106.49,47596,0
2014-03-14,17:00:00,106.52,106.56,106.49,106.54,14970,0
2014-03-14,18:00:00,106.53,106.54,106.49,106.54,9525,0
2014-03-14,19:00:00,106.5,106.54,106.5,106.51,51972,0
2014-03-14,20:00:00,106.51,106.54,106.48,106.48,37875,0
2014-03-14,21:00:00,106.49,106.54,106.4,106.48,42789,0
2014-03-17,15:00:00,106.61,106.65,106.53,106.64,36779,0
2014-03-17,16:00:00,106.63,106.67,106.6,106.67,43405,0
2014-03-17,17:00:00,106.67,106.68,106.63,106.68,24466,0
2014-03-17,18:00:00,106.67,106.67,106.61,106.63,8856,0
2014-03-17,19:00:00,106.63,106.67,106.61,106.61,57189,0
2014-03-17,20:00:00,106.68,106.68,106.6,106.64,30630,0
2014-03-17,21:00:00,106.66,106.7,106.61,106.7,59669,0
2014-03-18,15:00:00,106.56,106.61,106.52,106.59,7492,0
2014-03-18,16:00:00,106.6,106.63,106.54,106.56,23257,0
2014-03-18,17:00:00,106.6,106.6,106.51,106.58,10674,0
2014-03-18,18:00:00,106.57,106.6,106.5,106.59,22243,0
2014-03-18,19:00:00,106.58,106.6,106.5,106.51,50319,0
2014-03-18,20:00:00,106.56,106.6,106.5,106.58,21334,0
2014-03-18,21:00:00,106.57,106.62,106.49,106.62,28033,0
2014-03-19,15:00:00,106.6,106.6,106.45,106.56,9630,0
2014-03-19,16:00:00,106.53,106.57,106.48,106.57,44029,0
2014-03-19,17:00:00,106.51,106.57,106.47,106.57,7006,0
2014-03-19,18:00:00,106.49,106.57,106.46,106.57,30259,0
2014-03-19,19:00:00,106.57,106.57,106.44,106.44,94032,0
2014-03-19,20:00:00,106.43,106.43,106.09,106.15,41346,0
2014-03-19,21:00:00,106.2,106.27,106.14,106.14,60984,0
2014-03-20,15:00:00,106.21,106.21,106.09,106.15,36988,0
2014-03-20,16:00:00,106.13,106.15,106.08,106.14,34746,0
2014-03-20,17:00:00,106.15,106.21,106.14,106.18,22654,0
2014-03-20,18:00:00,106.18,106.18,106.15,106.16,10739,0
2014-03-20,19:00:00,106.18,106.18,106.16,106.17,87220,0
2014-03-20,20:00:00,106.18,106.21,106.17,106.17,30468,0
2014-03-20,21:00:00,106.19,106.2,106.13,106.13,39229,0
2014-03-21,15:00:00,106.19,106.27,106.13,106.16,24270,0
2014-03-21,16:00:00,106.18,106.2,106.09,106.18,21608,0
2014-03-21,17:00:00,106.13,106.21,106.13,106.18,18335,0
2014-03-21,18:00:00,106.21,106.21,106.13,106.19,23097,0
2014-03-21,19:00:00,106.17,106.21,106.13,106.13,102804,0
2014-03-21,20:00:00,106.13,106.2,106.13,106.13,18586,0
2014-03-21,21:00:00,106.18,106.25,106.18,106.21,29579,0
2014-03-24,15:00:00,106.12,106.2,106.12,106.14,6794,0
2014-03-24,16:00:00,106.13,106.15,106.09,106.13,11977,0
2014-03-24,17:00:00,106.13,106.14,106.1,106.1,18328,0
2014-03-24,18:00:00,106.1,106.14,106.1,106.1,40641,0
2014-03-24,19:00:00,106.12,106.14,106.1,106.12,62046,0
2014-03-24,20:00:00,106.15,106.15,106.09,106.09,37744,0
2014-03-24,21:00:00,106.14,106.16,106.09,106.1,39923,0
2014-03-25,15:00:00,106.07,106.07,105.98,106.07,6436,0
2014-03-25,16:00:00,106.04,106.07,105.99,106.07,22073,0
2014-03-25,17:00:00,106.05,106.11,106.03,106.11,19276,0
2014-03-25,18:00:00,106.09,106.09,105.94,106.03,105515,0
2014-03-25,19:00:00,105.96,106.11,105.94,106,74431,0
2014-03-25,20:00:00,105.98,106.06,105.92,105.93,64131,0
2014-03-25,21:00:00,105.96,106.06,105.93,105.96,57085,0
2014-03-26,15:00:00,106.13,106.13,106.08,106.11,4791,0
2014-03-26,16:00:00,106.13,106.22,106.11,106.16,14037,0
2014-03-26,17:00:00,106.21,106.22,106.11,106.12,9147,0
2014-03-26,18:00:00,106.19,106.22,106.12,106.21,9299,0
2014-03-26,19:00:00,106.19,106.24,106.19,106.23,27241,0
2014-03-26,20:00:00,106.22,106.26,106.16,106.25,26814,0
2014-03-26,21:00:00,106.18,106.32,106.18,106.3,33143,0
2014-03-27,15:00:00,106.27,106.34,106.24,106.29,5082,0
2014-03-27,16:00:00,106.3,106.34,106.24,106.32,20637,0
2014-03-27,17:00:00,106.3,106.49,106.3,106.45,28234,0
2014-03-27,18:00:00,106.49,106.5,106.45,106.48,11167,0
2014-03-27,19:00:00,106.49,106.54,106.47,106.5,63714,0
2014-03-27,20:00:00,106.51,106.52,106.48,106.5,16608,0
2014-03-27,21:00:00,106.49,106.54,106.48,106.53,35506,0
2014-03-28,15:00:00,106.58,106.58,106.44,106.51,11037,0
2014-03-28,16:00:00,106.48,106.53,106.44,106.52,21490,0
2014-03-28,17:00:00,106.52,106.53,106.45,106.45,12633,0
2014-03-28,18:00:00,106.47,106.51,106.45,106.47,14173,0
2014-03-28,19:00:00,106.46,106.47,106.45,106.46,53723,0
2014-03-28,20:00:00,106.46,106.48,106.37,106.48,28334,0
2014-03-28,21:00:00,106.46,106.51,106.4,106.48,30347,0
2014-03-31,16:00:00,106.56,106.56,106.4,106.5,28384,0
2014-03-31,17:00:00,106.46,106.5,106.39,106.4,22828,0
2014-03-31,18:00:00,106.41,106.47,106.39,106.44,13000,0
2014-03-31,19:00:00,106.46,106.49,106.45,106.45,5363,0
2014-03-31,20:00:00,106.45,106.51,106.45,106.49,62767,0
2014-03-31,21:00:00,106.49,106.5,106.46,106.48,26400,0
2014-03-31,22:00:00,106.49,106.56,106.47,106.54,38654,0
2014-04-01,16:00:00,106.39,106.5,106.37,106.38,14324,0
2014-04-01,17:00:00,106.38,106.43,106.32,106.34,62702,0
2014-04-01,18:00:00,106.33,106.42,106.3,106.41,53578,0
2014-04-01,19:00:00,106.36,106.44,106.33,106.33,40987,0
2014-04-01,20:00:00,106.33,106.41,106.33,106.35,35298,0
2014-04-01,21:00:00,106.35,106.38,106.32,106.35,34640,0
2014-04-01,22:00:00,106.36,106.37,106.32,106.33,38523,0
2014-04-02,16:00:00,106.4,106.4,106.31,106.37,8652,0
2014-04-02,17:00:00,106.37,106.37,106.27,106.27,38005,0
2014-04-02,18:00:00,106.28,106.29,106.25,106.26,39480,0
2014-04-02,19:00:00,106.26,106.3,106.24,106.25,52397,0
2014-04-02,20:00:00,106.26,106.26,106.24,106.24,92052,0
2014-04-02,21:00:00,106.23,106.24,106.18,106.21,58940,0
2014-04-02,22:00:00,106.19,106.29,106.18,106.23,50669,0
2014-04-03,16:00:00,106.35,106.37,106.31,106.31,3598,0
2014-04-03,17:00:00,106.28,106.37,106.27,106.32,12084,0
2014-04-03,18:00:00,106.31,106.37,106.31,106.37,15709,0
2014-04-03,19:00:00,106.38,106.39,106.33,106.39,12210,0
2014-04-03,20:00:00,106.39,106.39,106.35,106.37,58993,0
2014-04-03,21:00:00,106.37,106.37,106.34,106.35,14928,0
2014-04-03,22:00:00,106.35,106.36,106.31,106.36,34188,0
2014-04-04,16:00:00,106.46,106.57,106.45,106.47,32580,0
2014-04-04,17:00:00,106.49,106.55,106.49,106.54,21896,0
2014-04-04,18:00:00,106.53,106.63,106.51,106.59,28296,0
2014-04-04,19:00:00,106.63,106.69,106.59,106.68,10337,0
2014-04-04,20:00:00,106.69,106.75,106.59,106.74,84278,0
2014-04-04,21:00:00,106.7,106.76,106.7,106.74,16518,0
2014-04-04,22:00:00,106.72,106.77,106.66,106.71,40238,0
2014-04-07,16:00:00,106.71,106.71,106.58,106.69,10223,0
2014-04-07,17:00:00,106.69,106.75,106.67,106.71,27706,0
2014-04-07,18:00:00,106.74,106.82,106.68,106.8,33202,0
2014-04-07,19:00:00,106.8,106.84,106.72,106.81,54921,0
2014-04-07,20:00:00,106.83,106.83,106.77,106.77,61021,0
2014-04-07,21:00:00,106.82,106.82,106.77,106.81,22128,0
2014-04-07,22:00:00,106.79,106.89,106.75,106.89,42003,0
2014-04-08,16:00:00,106.83,106.87,106.75,106.82,20001,0
2014-04-08,17:00:00,106.83,106.87,106.76,106.83,20357,0
2014-04-08,18:00:00,106.85,106.86,106.79,106.85,23366,0
2014-04-08,19:00:00,106.81,106.86,106.81,106.82,22919,0
2014-04-08,20:00:00,106.87,106.9,106.82,106.9,140093,0
2014-04-08,21:00:00,106.86,106.9,106.83,106.86,91093,0
2014-04-08,22:00:00,106.86,106.96,106.82,106.92,104990,0
2014-04-09,16:00:00,106.89,106.91,106.84,106.86,6846,0
2014-04-09,17:00:00,106.86,106.88,106.78,106.88,10100,0
2014-04-09,18:00:00,106.87,106.88,106.79,106.81,165973,0
2014-04-09,19:00:00,106.87,106.87,106.76,106.79,64631,0
2014-04-09,20:00:00,106.84,106.84,106.78,106.79,56302,0
2014-04-09,21:00:00,106.79,106.89,106.77,106.87,77302,0
2014-04-09,22:00:00,106.87,106.87,106.76,106.82,50059,0
2014-04-10,16:00:00,106.85,107.03,106.84,106.97,51856,0
2014-04-10,17:00:00,107.02,107.07,107.01,107.07,16202,0
2014-04-10,18:00:00,107.06,107.18,107.04,107.11,27345,0
2014-04-10,19:00:00,107.15,107.16,107.08,107.09,21358,0
2014-04-10,20:00:00,107.12,107.24,107.09,107.18,85456,0
2014-04-10,21:00:00,107.15,107.18,107.06,107.07,41384,0
2014-04-10,22:00:00,107.16,107.22,107.08,107.21,46808,0
2014-04-11,16:00:00,107.32,107.46,107.32,107.44,9958,0
2014-04-11,17:00:00,107.32,107.39,107.26,107.34,11947,0
2014-04-11,18:00:00,107.26,107.34,107.26,107.34,17247,0
2014-04-11,19:00:00,107.34,107.5,107.33,107.48,103430,0
2014-04-11,20:00:00,107.48,107.54,107.45,107.49,140528,0
2014-04-11,21:00:00,107.5,107.56,107.46,107.52,189247,0
2014-04-11,22:00:00,107.52,107.59,107.52,107.54,196644,0
2014-04-14,16:00:00,107.55,107.55,107.4,107.51,17593,0
2014-04-14,17:00:00,107.52,107.52,107.44,107.49,16005,0
2014-04-14,18:00:00,107.47,107.49,107.37,107.39,22417,0
2014-04-14,19:00:00,107.38,107.46,107.38,107.46,20999,0
2014-04-14,20:00:00,107.45,107.46,107.4,107.42,103482,0
2014-04-14,21:00:00,107.46,107.46,107.4,107.4,28612,0
2014-04-14,22:00:00,107.4,107.46,107.4,107.43,45045,0
2014-04-15,16:00:00,107.39,107.45,107.38,107.4,10696,0
2014-04-15,17:00:00,107.4,107.51,107.39,107.44,62400,0
2014-04-15,18:00:00,107.52,107.55,107.44,107.55,38518,0
2014-04-15,19:00:00,107.49,107.56,107.49,107.55,18070,0
2014-04-15,20:00:00,107.54,107.57,107.52,107.53,30527,0
2014-04-15,21:00:00,107.53,107.6,107.37,107.39,47719,0
2014-04-15,22:00:00,107.41,107.56,107.4,107.56,44454,0
2014-04-16,16:00:00,107.38,107.49,107.38,107.4,14996,0
2014-04-16,17:00:00,107.41,107.51,107.37,107.43,21472,0
2014-04-16,18:00:00,107.43,107.52,107.41,107.49,20895,0
2014-04-16,19:00:00,107.46,107.55,107.44,107.55,35499,0
2014-04-16,20:00:00,107.55,107.61,107.53,107.6,39962,0
2014-04-16,21:00:00,107.59,107.6,107.53,107.55,21899,0
2014-04-16,22:00:00,107.54,107.59,107.49,107.52,25976,0
2014-04-17,16:00:00,107.51,107.61,107.49,107.6,4998,0
2014-04-17,17:00:00,107.57,107.57,107.39,107.45,31095,0
2014-04-17,18:00:00,107.44,107.51,107.42,107.42,16797,0
2014-04-17,19:00:00,107.44,107.45,107.39,107.4,26390,0
2014-04-17,20:00:00,107.41,107.41,107.34,107.36,71943,0
2014-04-17,21:00:00,107.36,107.41,107.33,107.39,26810,0
2014-04-17,22:00:00,107.4,107.47,107.23,107.24,350119,0
2014-04-21,16:00:00,107.56,107.56,107.41,107.47,10440,0
2014-04-21,17:00:00,107.41,107.45,107.34,107.38,30986,0
2014-04-21,18:00:00,107.44,107.44,107.38,107.39,12933,0
2014-04-21,19:00:00,107.39,107.39,107.36,107.38,17974,0
2014-04-21,20:00:00,107.39,107.39,107.31,107.32,56712,0
2014-04-21,21:00:00,107.38,107.39,107.35,107.36,23638,0
2014-04-21,22:00:00,107.36,107.46,107.36,107.45,28611,0
2014-04-22,16:00:00,107.44,107.49,107.4,107.43,15668,0
2014-04-22,17:00:00,107.4,107.48,107.37,107.43,29899,0
2014-04-22,18:00:00,107.43,107.46,107.38,107.39,60141,0
2014-04-22,19:00:00,107.4,107.45,107.39,107.41,29552,0
2014-04-22,20:00:00,107.43,107.44,107.42,107.44,87187,0
2014-04-22,21:00:00,107.44,107.46,107.43,107.46,34775,0
2014-04-22,22:00:00,107.46,107.54,107.46,107.48,68700,0
2014-04-23,16:00:00,107.47,107.61,107.44,107.59,7790,0
2014-04-23,17:00:00,107.61,107.61,107.49,107.54,33284,0
2014-04-23,18:00:00,107.54,107.54,107.47,107.54,50389,0
2014-04-23,19:00:00,107.5,107.54,107.5,107.52,13651,0
2014-04-23,20:00:00,107.54,107.54,107.5,107.54,48199,0
2014-04-23,21:00:00,107.54,107.62,107.54,107.61,21063,0
2014-04-23,22:00:00,107.62,107.62,107.52,107.56,40484,0
2014-04-24,16:00:00,107.58,107.6,107.42,107.6,13540,0
2014-04-24,17:00:00,107.59,107.61,107.53,107.58,17475,0
2014-04-24,18:00:00,107.55,107.62,107.53,107.55,15217,0
2014-04-24,19:00:00,107.53,107.62,107.53,107.62,12758,0
2014-04-24,20:00:00,107.62,107.63,107.57,107.63,86560,0
2014-04-24,21:00:00,107.63,107.71,107.62,107.71,25790,0
2014-04-24,22:00:00,107.69,107.71,107.56,107.69,44722,0
2014-04-25,16:00:00,107.83,107.83,107.67,107.77,8436,0
2014-04-25,17:00:00,107.76,107.79,107.75,107.79,23145,0
2014-04-25,18:00:00,107.83,107.83,107.61,107.67,47873,0
2014-04-25,19:00:00,107.75,107.83,107.64,107.74,45286,0
2014-04-25,20:00:00,107.75,107.83,107.75,107.81,81519,0
2014-04-25,21:00:00,107.8,107.84,107.79,107.83,42877,0
2014-04-25,22:00:00,107.83,107.86,107.81,107.84,46207,0
2014-04-28,16:00:00,107.85,107.86,107.79,107.79,9407,0
2014-04-28,17:00:00,107.81,107.84,107.65,107.65,16576,0
2014-04-28,18:00:00,107.72,107.75,107.65,107.7,19207,0
2014-04-28,19:00:00,107.69,107.77,107.65,107.7,13291,0
2014-04-28,20:00:00,107.72,107.83,107.69,107.74,64613,0
2014-04-28,21:00:00,107.76,107.83,107.74,107.77,22501,0
2014-04-28,22:00:00,107.75,107.87,107.63,107.82,36481,0
2014-04-29,16:00:00,107.82,107.82,107.66,107.7,83353,0
2014-04-29,17:00:00,107.69,107.7,107.59,107.67,32392,0
2014-04-29,18:00:00,107.67,107.73,107.65,107.72,11621,0
2014-04-29,19:00:00,107.72,107.73,107.68,107.68,12926,0
2014-04-29,20:00:00,107.72,107.73,107.66,107.72,58248,0
2014-04-29,21:00:00,107.72,107.72,107.64,107.7,23603,0
2014-04-29,22:00:00,107.7,107.73,107.67,107.73,35943,0
2014-04-30,16:00:00,107.69,107.9,107.69,107.72,8361,0
2014-04-30,17:00:00,107.72,107.81,107.72,107.81,13176,0
2014-04-30,18:00:00,107.81,107.83,107.75,107.78,28365,0
2014-04-30,19:00:00,107.78,107.83,107.77,107.82,11969,0
2014-04-30,20:00:00,107.82,107.83,107.77,107.79,54631,0
2014-04-30,21:00:00,107.79,107.84,107.78,107.84,34656,0
2014-04-30,22:00:00,107.81,107.87,107.77,107.87,48160,0
2014-05-01,16:00:00,107.8,107.89,107.73,107.84,18323,0
2014-05-01,17:00:00,107.77,107.91,107.77,107.89,21306,0
2014-05-01,18:00:00,107.87,107.95,107.87,107.91,15019,0
2014-05-01,19:00:00,107.93,108,107.91,107.92,18828,0
2014-05-01,20:00:00,107.95,108.04,107.91,108,100068,0
2014-05-01,21:00:00,108.05,108.05,107.92,108.02,104465,0
2014-05-01,22:00:00,108.02,108.06,107.97,108.05,60897,0
2014-05-02,16:00:00,108.03,108.03,107.72,107.72,35120,0
2014-05-02,17:00:00,107.74,108,107.73,107.97,57960,0
2014-05-02,18:00:00,107.97,107.97,107.86,107.89,23701,0
2014-05-02,19:00:00,107.9,107.99,107.89,107.98,35530,0
2014-05-02,20:00:00,107.99,108,107.95,108,40145,0
2014-05-02,21:00:00,107.98,108.04,107.95,108.02,62828,0
2014-05-02,22:00:00,108.03,108.04,107.94,107.95,23834,0
2014-05-05,16:00:00,107.89,108,107.89,107.96,5156,0
2014-05-05,17:00:00,107.88,107.96,107.87,107.95,25488,0
2014-05-05,18:00:00,107.9,107.96,107.9,107.95,11257,0
2014-05-05,19:00:00,107.91,107.95,107.91,107.93,9649,0
2014-05-05,20:00:00,107.96,107.97,107.91,107.97,44827,0
2014-05-05,21:00:00,107.95,107.97,107.93,107.97,20393,0
2014-05-05,22:00:00,107.93,108.01,107.92,108,57661,0
2014-05-06,16:00:00,108.06,108.06,107.92,108.01,7275,0
2014-05-06,17:00:00,108.01,108.06,107.96,108.05,10508,0
2014-05-06,18:00:00,108.05,108.07,108,108.05,19747,0
2014-05-06,19:00:00,108.05,108.1,108,108.07,33198,0
2014-05-06,20:00:00,108.1,108.12,108.05,108.08,136507,0
2014-05-06,21:00:00,108.01,108.12,107.97,108.12,27734,0
2014-05-06,22:00:00,108.06,108.13,108,108.13,38462,0
2014-05-07,16:00:00,108.15,108.15,108.05,108.05,17195,0
2014-05-07,17:00:00,108.08,108.17,108.06,108.16,38384,0
2014-05-07,18:00:00,108.1,108.17,108.09,108.14,20268,0
2014-05-07,19:00:00,108.14,108.15,108.12,108.15,13070,0
2014-05-07,20:00:00,108.15,108.2,108.15,108.19,58425,0
2014-05-07,21:00:00,108.19,108.21,108.18,108.2,16599,0
2014-05-07,22:00:00,108.19,108.22,108.15,108.15,47832,0
