Date,Time,Open,High,Low,Close,Volume,OpenInt
2014-02-10,16:00:00,70.12,70.26,70.06,70.06,8370,0
2014-02-10,17:00:00,70.13,70.24,70,70.05,109725,0
2014-02-10,18:00:00,70.11,70.11,70.06,70.1,18820,0
2014-02-10,19:00:00,70.1,70.24,69.95,69.95,52706,0
2014-02-10,20:00:00,69.96,70.1,69.96,70.08,2301,0
2014-02-10,21:00:00,70.1,70.1,69.95,69.95,10511,0
2014-02-10,22:00:00,69.95,70.01,69.89,69.92,47327,0
2014-02-11,16:00:00,70.2,70.31,70.17,70.31,3792,0
2014-02-11,17:00:00,70.26,70.41,70.13,70.39,52017,0
2014-02-11,18:00:00,70.25,70.25,69.96,70.16,6102,0
2014-02-11,19:00:00,70.11,70.17,70.06,70.07,8726,0
2014-02-11,20:00:00,70.11,70.14,69.96,70.14,35275,0
2014-02-11,21:00:00,70.1,70.21,70.04,70.07,7308,0
2014-02-11,22:00:00,70.21,70.21,70.01,70.2,14447,0
2014-02-12,16:00:00,70.63,70.66,70.44,70.55,5430,0
2014-02-12,17:00:00,70.57,71.2,70.57,71.2,14090,0
2014-02-12,18:00:00,71.2,71.26,71.1,71.24,12019,0
2014-02-12,19:00:00,71.14,71.21,71.11,71.18,28104,0
2014-02-12,20:00:00,71.24,71.25,71.16,71.25,2200,0
2014-02-12,21:00:00,71.22,71.22,71.06,71.06,10795,0
2014-02-12,22:00:00,71.08,71.1,70.98,70.98,36495,0
2014-02-13,16:00:00,70.79,70.98,70.66,70.86,2697,0
2014-02-13,17:00:00,70.99,71.07,70.86,71.07,20641,0
2014-02-13,18:00:00,71.05,71.24,71.04,71.07,24538,0
2014-02-13,19:00:00,71.11,71.46,71.07,71.46,14590,0
2014-02-13,20:00:00,71.42,71.48,71.3,71.34,24335,0
2014-02-13,21:00:00,71.4,71.46,71.32,71.44,16896,0
2014-02-13,22:00:00,71.4,71.5,71.36,71.42,7820,0
2014-02-14,16:00:00,72.27,72.39,72.1,72.24,14767,0
2014-02-14,17:00:00,72.23,72.26,72.06,72.06,11985,0
2014-02-14,18:00:00,72.08,72.13,72.07,72.11,6690,0
2014-02-14,19:00:00,72.01,72.06,72.01,72.05,2730,0
2014-02-14,20:00:00,72.09,72.1,71.83,71.88,7170,0
2014-02-14,21:00:00,71.74,71.86,71.74,71.76,7938,0
2014-02-14,22:00:00,71.93,71.93,71.68,71.82,5200,0
2014-02-18,16:00:00,71.92,71.95,71.76,71.84,14056,0
2014-02-18,17:00:00,71.86,72.13,71.78,71.89,58104,0
2014-02-18,18:00:00,71.95,72.08,71.91,71.91,14505,0
2014-02-18,19:00:00,71.98,72.08,71.93,71.94,5823,0
2014-02-18,20:00:00,72.01,72.01,71.93,72,10639,0
2014-02-18,21:00:00,71.91,71.92,71.77,71.82,24538,0
2014-02-18,22:00:00,71.8,71.91,71.72,71.73,24130,0
2014-02-19,16:00:00,72.02,72.1,71.96,72,6932,0
2014-02-19,17:00:00,72.04,72.11,72.04,72.11,20136,0
2014-02-19,18:00:00,72.11,72.13,71.9,71.97,14340,0
2014-02-19,19:00:00,71.78,71.79,71.63,71.79,3140,0
2014-02-19,20:00:00,71.78,71.91,71.76,71.8,3101,0
2014-02-19,21:00:00,71.71,71.84,71.61,71.83,5664,0
2014-02-19,22:00:00,71.67,71.69,71.35,71.43,13095,0
2014-02-20,16:00:00,71.83,71.93,71.7,71.76,23279,0
2014-02-20,17:00:00,71.76,72,71.65,71.82,15416,0
2014-02-20,18:00:00,71.82,71.88,71.7,71.73,28455,0
2014-02-20,19:00:00,71.73,71.91,71.66,71.84,17259,0
2014-02-20,20:00:00,71.87,71.91,71.75,71.83,18400,0
2014-02-20,21:00:00,71.8,71.91,71.76,71.83,9600,0
2014-02-20,22:00:00,71.81,71.95,71.76,71.84,11510,0
2014-02-21,16:00:00,72.2,72.24,72.19,72.24,32328,0
2014-02-21,17:00:00,72.3,72.3,72.15,72.29,10212,0
2014-02-21,18:00:00,72.04,72.25,72.04,72.22,4339,0
2014-02-21,19:00:00,72.21,72.3,72.14,72.29,16059,0
2014-02-21,20:00:00,72.24,72.43,72.24,72.42,5590,0
2014-02-21,21:00:00,72.28,72.35,72.21,72.27,3124,0
2014-02-21,22:00:00,72.34,72.34,72.2,72.2,5536,0
2014-02-24,16:00:00,72.34,72.38,72.33,72.35,1400,0
2014-02-24,17:00:00,72.26,72.56,72.25,72.5,16681,0
2014-02-24,18:00:00,72.46,72.58,72.34,72.57,14898,0
2014-02-24,19:00:00,72.57,72.62,72.46,72.49,14998,0
2014-02-24,20:00:00,72.53,72.66,72.52,72.6,9400,0
2014-02-24,21:00:00,72.5,72.54,72.39,72.45,13688,0
2014-02-24,22:00:00,72.42,72.45,72.23,72.45,17350,0
2014-02-25,16:00:00,71.87,71.89,71.78,71.78,9119,0
2014-02-25,17:00:00,71.85,71.99,71.78,71.9,9884,0
2014-02-25,18:00:00,71.9,72.11,71.83,71.96,47661,0
2014-02-25,19:00:00,71.96,72.03,71.8,71.91,11200,0
2014-02-25,20:00:00,71.9,71.97,71.74,71.81,5600,0
2014-02-25,21:00:00,71.75,71.82,71.71,71.72,13400,0
2014-02-25,22:00:00,71.76,71.8,71.48,71.7,38115,0
2014-02-26,16:00:00,71.55,71.57,71.36,71.39,7931,0
2014-02-26,17:00:00,71.33,71.52,71.06,71.14,12842,0
2014-02-26,18:00:00,71.06,71.19,70.93,71.09,14110,0
2014-02-26,19:00:00,71.31,71.61,71.21,71.5,4208,0
2014-02-26,20:00:00,71.36,71.44,71.3,71.3,3943,0
2014-02-26,21:00:00,71.36,71.42,71.26,71.26,6855,0
2014-02-26,22:00:00,71.28,71.36,71.2,71.22,9217,0
2014-02-27,16:00:00,72.42,72.42,72.14,72.25,8808,0
2014-02-27,17:00:00,72.22,72.75,72.2,72.52,24608,0
2014-02-27,18:00:00,72.55,72.55,72.22,72.23,11270,0
2014-02-27,19:00:00,72.22,72.5,72.22,72.49,6463,0
2014-02-27,20:00:00,72.48,72.48,72.36,72.36,1950,0
2014-02-27,21:00:00,72.43,72.44,72.33,72.44,2590,0
2014-02-27,22:00:00,72.38,72.4,72.36,72.38,7670,0
2014-02-28,16:00:00,72.74,72.79,72.6,72.77,5270,0
2014-02-28,17:00:00,72.7,72.8,72.66,72.8,9775,0
2014-02-28,18:00:00,72.68,72.74,72.68,72.7,1400,0
2014-02-28,19:00:00,72.54,72.82,72.46,72.58,29525,0
2014-02-28,20:00:00,72.64,72.64,72.57,72.57,12792,0
2014-02-28,21:00:00,72.51,72.52,72.42,72.45,4900,0
2014-02-28,22:00:00,72.45,72.52,72.41,72.5,2526,0
2014-03-03,16:00:00,72.86,72.88,72.7,72.86,13386,0
2014-03-03,17:00:00,72.86,73.07,72.86,72.97,7624,0
2014-03-03,18:00:00,72.96,73.06,72.79,72.95,5331,0
2014-03-03,19:00:00,72.83,73.1,72.83,73.1,17372,0
2014-03-03,20:00:00,73.04,73.13,73.01,73.13,11361,0
2014-03-03,21:00:00,73.1,73.2,73.05,73.1,11789,0
2014-03-03,22:00:00,73.1,73.17,73.07,73.07,8347,0
2014-03-04,16:00:00,73.33,73.73,73.27,73.6,13051,0
2014-03-04,17:00:00,73.54,74.14,73.54,74.13,48148,0
2014-03-04,18:00:00,74.15,74.49,74.08,74.4,29170,0
2014-03-04,19:00:00,74.39,74.63,74.22,74.37,29389,0
2014-03-04,20:00:00,74.36,74.51,74.21,74.39,27238,0
2014-03-04,21:00:00,74.46,74.51,74.35,74.39,25552,0
2014-03-04,22:00:00,74.49,74.58,74.37,74.48,20192,0
2014-03-05,16:00:00,75.44,75.58,75.37,75.56,40775,0
2014-03-05,17:00:00,75.57,75.57,75.1,75.55,49858,0
2014-03-05,18:00:00,75.56,75.65,75.41,75.5,39800,0
2014-03-05,19:00:00,75.36,75.65,75.2,75.45,33522,0
2014-03-05,20:00:00,75.39,75.45,75.35,75.42,8284,0
2014-03-05,21:00:00,75.35,75.39,75.24,75.34,38514,0
2014-03-05,22:00:00,75.28,75.4,75.25,75.34,37032,0
2014-03-06,16:00:00,76.24,76.46,76.19,76.2,18975,0
2014-03-06,17:00:00,76.16,76.16,75.59,75.8,46118,0
2014-03-06,18:00:00,75.87,76.08,75.87,76.03,11998,0
2014-03-06,19:00:00,75.94,76.1,75.9,76.08,24170,0
2014-03-06,20:00:00,76.22,76.31,75.97,76.09,29386,0
2014-03-06,21:00:00,76.1,76.23,76.05,76.17,21628,0
2014-03-06,22:00:00,76.21,76.3,76.13,76.28,198259,0
2014-03-07,16:00:00,75.53,75.91,75.45,75.5,18713,0
2014-03-07,17:00:00,75.6,75.9,75.53,75.8,21709,0
2014-03-07,18:00:00,75.8,76.04,75.73,75.87,13283,0
2014-03-07,19:00:00,75.86,76.02,75.8,76.02,13200,0
2014-03-07,20:00:00,76.15,76.19,76.02,76.1,9331,0
2014-03-07,21:00:00,76.06,76.28,76.06,76.16,9217,0
2014-03-07,22:00:00,76.11,76.26,76.11,76.21,8704,0
2014-03-10,15:00:00,75.67,75.71,75.55,75.7,5085,0
2014-03-10,16:00:00,75.6,75.76,75.5,75.65,27830,0
2014-03-10,17:00:00,75.6,75.62,75.6,75.62,9500,0
2014-03-10,18:00:00,75.73,75.73,75.51,75.58,6496,0
2014-03-10,19:00:00,75.66,75.66,75.53,75.53,1980,0
2014-03-10,20:00:00,75.74,75.86,75.71,75.78,6363,0
2014-03-10,21:00:00,75.84,75.86,75.66,75.76,13912,0
2014-03-11,15:00:00,75.89,76,75.89,75.9,6147,0
2014-03-11,16:00:00,75.91,75.94,75.7,75.71,13671,0
2014-03-11,17:00:00,75.71,75.77,74.42,74.42,36514,0
2014-03-11,18:00:00,74.7,75.09,74.7,75,26944,0
2014-03-11,19:00:00,75.17,75.32,75.15,75.18,15996,0
2014-03-11,20:00:00,75.32,75.32,75.07,75.08,3823,0
2014-03-11,21:00:00,75.06,75.17,75.06,75.08,22880,0
2014-03-12,15:00:00,75.01,75.32,75.01,75.24,9173,0
2014-03-12,16:00:00,75.22,75.59,75.2,75.59,25084,0
2014-03-12,17:00:00,75.59,75.6,75.36,75.36,11577,0
2014-03-12,18:00:00,75.48,75.91,75.48,75.91,12088,0
2014-03-12,19:00:00,75.89,75.89,75.57,75.64,23763,0
2014-03-12,20:00:00,75.67,75.68,75.61,75.68,4040,0
2014-03-12,21:00:00,75.68,75.8,75.63,75.76,14575,0
2014-03-13,15:00:00,75.56,75.58,75.51,75.58,5982,0
2014-03-13,16:00:00,75.52,75.72,75.5,75.56,16390,0
2014-03-13,17:00:00,75.5,75.8,75.5,75.8,17267,0
2014-03-13,18:00:00,75.77,75.89,75.54,75.89,4540,0
2014-03-13,19:00:00,76,76.1,75.82,75.82,9733,0
2014-03-13,20:00:00,75.74,75.8,75.7,75.8,9404,0
2014-03-13,21:00:00,75.84,75.84,75.7,75.7,3242,0
2014-03-14,15:00:00,76.46,76.78,76.11,76.11,15797,0
2014-03-14,16:00:00,76.09,76.16,75.42,75.69,29865,0
2014-03-14,17:00:00,75.83,75.9,74.8,74.8,38711,0
2014-03-14,18:00:00,75.3,75.39,75.16,75.34,7136,0
2014-03-14,19:00:00,75.36,75.44,75.26,75.35,7780,0
2014-03-14,20:00:00,75.39,75.52,75.29,75.29,8050,0
2014-03-14,21:00:00,75.35,75.54,75.3,75.43,11686,0
2014-03-17,15:00:00,75.1,75.39,75.1,75.3,15836,0
2014-03-17,16:00:00,75.24,75.52,75.13,75.5,13000,0
2014-03-17,17:00:00,75.16,75.4,75.05,75.28,29185,0
2014-03-17,18:00:00,75.17,75.68,75.17,75.58,16626,0
2014-03-17,19:00:00,75.64,75.64,75.51,75.58,1200,0
2014-03-17,20:00:00,75.48,75.48,75.2,75.3,8590,0
2014-03-17,21:00:00,75.35,75.35,75.2,75.34,32620,0
2014-03-18,15:00:00,74.54,74.54,74.2,74.2,23582,0
2014-03-18,16:00:00,74.21,74.51,74.16,74.34,25949,0
2014-03-18,17:00:00,74.33,74.88,74.33,74.61,27250,0
2014-03-18,18:00:00,74.62,75.26,74.62,75,19782,0
2014-03-18,19:00:00,74.88,74.9,74.62,74.73,5790,0
2014-03-18,20:00:00,74.85,75,74.85,74.97,10819,0
2014-03-18,21:00:00,74.93,74.93,74.73,74.73,5240,0
2014-03-19,15:00:00,75,75,74.94,74.98,8795,0
2014-03-19,16:00:00,74.96,74.97,74.4,74.79,19112,0
2014-03-19,17:00:00,74.79,74.79,74.58,74.76,15871,0
2014-03-19,18:00:00,74.64,74.73,74.6,74.73,14844,0
2014-03-19,19:00:00,74.86,74.97,74.73,74.97,11100,0
2014-03-19,20:00:00,74.8,74.8,74.47,74.69,18090,0
2014-03-19,21:00:00,74.54,74.69,74.44,74.44,9002,0
2014-03-20,15:00:00,73.24,73.59,73.1,73.48,38635,0
2014-03-20,16:00:00,73.56,74.37,73.49,73.98,28837,0
2014-03-20,17:00:00,74.09,75.25,74.09,74.91,25390,0
2014-03-20,18:00:00,74.98,75.15,74.95,75.02,3550,0
2014-03-20,19:00:00,75.21,75.21,74.69,74.69,4599,0
2014-03-20,20:00:00,74.76,74.93,74.74,74.89,2397,0
2014-03-20,21:00:00,75.15,75.29,75.02,75.13,38817,0
2014-03-21,15:00:00,77.33,77.46,76.7,76.8,34475,0
2014-03-21,16:00:00,76.95,77.04,76.76,76.99,16708,0
2014-03-21,17:00:00,76.9,76.99,76.8,76.85,21555,0
2014-03-21,18:00:00,76.85,76.97,76.84,76.88,4298,0
2014-03-21,19:00:00,76.85,77.17,76.83,76.9,33669,0
2014-03-21,20:00:00,76.95,77,76.8,76.89,7910,0
2014-03-21,21:00:00,76.98,77.4,76.94,77.27,33423,0
2014-03-24,15:00:00,77.55,77.64,77.37,77.49,38949,0
2014-03-24,16:00:00,77.38,77.38,76.82,76.91,39944,0
2014-03-24,17:00:00,77.07,77.1,76.3,76.54,28307,0
2014-03-24,18:00:00,76.7,77.43,76.6,77.33,26105,0
2014-03-24,19:00:00,77.36,77.48,77,77.38,30571,0
2014-03-24,20:00:00,77.39,77.57,77.39,77.56,13465,0
2014-03-24,21:00:00,77.43,77.59,77.39,77.53,18647,0
2014-03-25,15:00:00,76.51,76.86,76.43,76.83,27688,0
2014-03-25,16:00:00,76.8,76.95,76.5,76.64,25810,0
2014-03-25,17:00:00,76.51,76.71,76.51,76.57,8271,0
2014-03-25,18:00:00,76.7,77.06,76.7,76.94,100950,0
2014-03-25,19:00:00,76.92,77.05,76.88,76.92,82744,0
2014-03-25,20:00:00,76.92,76.95,76.8,76.87,17110,0
2014-03-25,21:00:00,76.87,77.03,76.86,77,29302,0
2014-03-26,15:00:00,76.37,76.46,75.82,76.46,20186,0
2014-03-26,16:00:00,76.39,76.41,75.81,76.03,7343,0
2014-03-26,17:00:00,76.14,76.42,75.97,76.34,12091,0
2014-03-26,18:00:00,76.33,76.34,75.98,76.08,16969,0
2014-03-26,19:00:00,76.1,76.1,75.9,75.94,4717,0
2014-03-26,20:00:00,75.93,76,75.79,75.92,6985,0
2014-03-26,21:00:00,75.9,76.27,75.83,76.25,15950,0
2014-03-27,15:00:00,74.46,74.92,74.44,74.9,23530,0
2014-03-27,16:00:00,74.96,75.03,74.56,74.83,64377,0
2014-03-27,17:00:00,74.91,74.91,74.22,74.34,31286,0
2014-03-27,18:00:00,74.35,74.36,73.68,74.04,37050,0
2014-03-27,19:00:00,74.18,74.21,73.9,73.9,12129,0
2014-03-27,20:00:00,73.91,74.06,73.74,73.74,27635,0
2014-03-27,21:00:00,73.79,74.02,73.77,73.92,22130,0
2014-03-28,15:00:00,74.93,75.1,74.92,75.1,10835,0
2014-03-28,16:00:00,75.23,75.39,75.12,75.29,19430,0
2014-03-28,17:00:00,75.11,75.34,75.1,75.34,3364,0
2014-03-28,18:00:00,75.26,75.4,75.26,75.4,1410,0
2014-03-28,19:00:00,75.38,75.55,75.38,75.48,4900,0
2014-03-28,20:00:00,75.36,75.53,75.35,75.53,9405,0
2014-03-28,21:00:00,75.53,75.6,75.43,75.43,19848,0
2014-03-31,16:00:00,75.65,75.89,75.64,75.89,5450,0
2014-03-31,17:00:00,75.86,75.86,75.62,75.76,9475,0
2014-03-31,18:00:00,75.5,75.69,75.3,75.63,7802,0
2014-03-31,19:00:00,75.74,75.75,75.3,75.75,15617,0
2014-03-31,20:00:00,75.64,75.73,75.56,75.6,7193,0
2014-03-31,21:00:00,75.47,75.47,75.47,75.47,300,0
2014-03-31,22:00:00,75.43,75.58,75.42,75.54,7988,0
2014-04-01,16:00:00,75.88,75.94,75.85,75.94,5992,0
2014-04-01,17:00:00,75.83,75.86,75.59,75.86,12347,0
2014-04-01,18:00:00,75.64,75.99,75.43,75.9,11410,0
2014-04-01,19:00:00,76.03,76.1,75.9,76.1,4745,0
2014-04-01,20:00:00,76.14,76.14,76.04,76.13,9139,0
2014-04-01,21:00:00,76.18,76.18,76.1,76.1,2312,0
2014-04-01,22:00:00,76.17,76.19,76,76,3176,0
2014-04-02,16:00:00,76.78,76.78,76.53,76.53,18044,0
2014-04-02,17:00:00,76.6,76.76,76.6,76.76,19084,0
2014-04-02,18:00:00,76.74,76.94,76.68,76.9,18319,0
2014-04-02,19:00:00,76.85,76.9,76.73,76.76,9584,0
2014-04-02,20:00:00,76.74,76.83,76.71,76.73,4470,0
2014-04-02,21:00:00,76.61,76.78,76.61,76.78,5799,0
2014-04-02,22:00:00,76.72,76.79,76.56,76.56,8737,0
2014-04-03,16:00:00,76.96,76.96,76.7,76.84,12706,0
2014-04-03,17:00:00,76.8,77.07,76.74,77.03,18163,0
2014-04-03,18:00:00,76.88,77.05,76.71,76.71,19436,0
2014-04-03,19:00:00,76.73,76.88,76.73,76.76,3014,0
2014-04-03,20:00:00,76.75,76.79,76.7,76.77,11523,0
2014-04-03,21:00:00,76.79,76.8,76.78,76.8,1700,0
2014-04-03,22:00:00,76.7,76.82,76.7,76.73,6514,0
2014-04-04,16:00:00,76.9,76.9,76.42,76.6,6999,0
2014-04-04,17:00:00,76.62,76.9,76.62,76.79,4254,0
2014-04-04,18:00:00,76.84,77.1,76.84,77.09,14086,0
2014-04-04,19:00:00,76.95,77.02,76.86,77.02,3400,0
2014-04-04,20:00:00,77.02,77.04,76.9,76.9,9875,0
2014-04-04,21:00:00,76.88,76.89,76.85,76.89,2516,0
2014-04-04,22:00:00,76.82,77.04,76.8,77.04,8825,0
2014-04-07,16:00:00,76.49,76.51,76.36,76.44,5306,0
2014-04-07,17:00:00,76.53,76.63,76.45,76.45,14361,0
2014-04-07,18:00:00,76.45,76.45,74.17,74.57,49762,0
2014-04-07,19:00:00,74.66,75.2,74.52,74.94,20221,0
2014-04-07,20:00:00,74.85,74.99,74.64,74.93,6291,0
2014-04-07,21:00:00,74.99,74.99,74.86,74.93,6627,0
2014-04-07,22:00:00,74.94,74.94,74.63,74.77,14379,0
2014-04-08,16:00:00,75.47,75.63,75.4,75.63,10076,0
2014-04-08,17:00:00,75.55,75.57,75.4,75.55,12673,0
2014-04-08,18:00:00,75.47,75.95,75.45,75.87,17846,0
2014-04-08,19:00:00,75.77,75.91,75.5,75.58,5419,0
2014-04-08,20:00:00,75.51,75.64,75.5,75.64,6500,0
2014-04-08,21:00:00,75.56,75.8,75.56,75.8,22395,0
2014-04-08,22:00:00,75.84,75.84,75.52,75.67,12016,0
2014-04-09,16:00:00,75.57,75.73,75.41,75.73,8990,0
2014-04-09,17:00:00,75.61,75.82,75.55,75.76,9415,0
2014-04-09,18:00:00,75.77,76.02,75.59,76.02,8916,0
2014-04-09,19:00:00,76.27,76.35,76.24,76.25,7408,0
2014-04-09,20:00:00,76.21,76.21,76.05,76.1,10835,0
2014-04-09,21:00:00,76.09,76.31,75.98,75.98,17646,0
2014-04-09,22:00:00,76.07,76.18,76.04,76.18,11626,0
2014-04-10,16:00:00,76.97,77.11,76.86,77.11,7121,0
2014-04-10,17:00:00,77.11,77.24,77.01,77.07,16922,0
2014-04-10,18:00:00,77.19,77.43,77.11,77.31,18526,0
2014-04-10,19:00:00,77.3,77.3,77.15,77.15,6152,0
2014-04-10,20:00:00,77.16,77.33,77.12,77.12,5198,0
2014-04-10,21:00:00,77.11,77.2,77.01,77.05,14714,0
2014-04-10,22:00:00,77.05,77.1,76.93,76.95,51207,0
2014-04-11,16:00:00,77.49,79.04,77.41,78.18,59157,0
2014-04-11,17:00:00,78.2,78.6,78.2,78.47,19467,0
2014-04-11,18:00:00,78.57,78.63,78.44,78.44,18372,0
2014-04-11,19:00:00,78.6,78.65,78.52,78.65,7862,0
2014-04-11,20:00:00,78.64,78.64,78.3,78.53,18299,0
2014-04-11,21:00:00,78.51,78.51,78.38,78.5,22216,0
2014-04-11,22:00:00,78.51,78.51,78.3,78.34,29303,0
2014-04-14,16:00:00,79.48,79.48,79.21,79.31,11698,0
2014-04-14,17:00:00,79.32,79.58,79.25,79.32,26467,0
2014-04-14,18:00:00,79.3,79.42,79.01,79.06,14956,0
2014-04-14,19:00:00,79.06,79.12,78.9,79.07,14084,0
2014-04-14,20:00:00,79.07,79.14,78.94,79.06,9890,0
2014-04-14,21:00:00,79.04,79.09,78.9,79.07,12502,0
2014-04-14,22:00:00,79.06,79.08,78.94,79.06,22966,0
2014-04-15,16:00:00,77.1,77.24,77,77.05,28048,0
2014-04-15,17:00:00,77.05,77.72,77.05,77.6,40098,0
2014-04-15,18:00:00,77.49,77.53,77.11,77.36,18700,0
2014-04-15,19:00:00,77.47,77.66,77.4,77.6,33078,0
2014-04-15,20:00:00,77.5,77.6,77.31,77.31,6620,0
2014-04-15,21:00:00,77.33,77.43,77.28,77.43,22037,0
2014-04-15,22:00:00,77.43,77.61,77.38,77.38,7946,0
2014-04-16,16:00:00,78,78.12,77.88,77.88,6875,0
2014-04-16,17:00:00,77.85,78.09,77.39,78.09,18378,0
2014-04-16,18:00:00,78.09,78.18,77.93,78.18,17086,0
2014-04-16,19:00:00,78.18,78.2,77.57,78.2,4787,0
2014-04-16,20:00:00,78.19,78.33,78.11,78.11,7173,0
2014-04-16,21:00:00,78.04,78.2,77.95,78.18,15457,0
2014-04-16,22:00:00,78.1,78.18,77.94,78.04,5522,0
2014-04-17,16:00:00,78.18,78.31,78.01,78.01,23445,0
2014-04-17,17:00:00,78,78.16,77.86,78.14,6992,0
2014-04-17,18:00:00,78.2,78.51,78.1,78.31,24495,0
2014-04-17,19:00:00,78.49,78.71,78.49,78.63,32739,0
2014-04-17,20:00:00,78.62,78.62,77.68,77.83,23076,0
2014-04-17,21:00:00,77.68,77.82,77.68,77.82,12482,0
2014-04-17,22:00:00,77.7,77.7,77.37,77.5,12520,0
2014-04-21,16:00:00,76.97,77.01,76.82,76.88,17736,0
2014-04-21,17:00:00,76.89,76.92,75,75.58,101833,0
2014-04-21,18:00:00,75.6,75.68,75.38,75.44,43521,0
2014-04-21,19:00:00,75.49,75.88,75.48,75.87,13892,0
2014-04-21,20:00:00,75.9,75.9,75.72,75.9,9706,0
2014-04-21,21:00:00,75.9,75.95,75.8,75.93,11017,0
2014-04-21,22:00:00,75.93,76.15,75.85,76.01,24106,0
2014-04-22,16:00:00,76.65,76.65,76.2,76.39,11564,0
2014-04-22,17:00:00,76.44,76.63,76.27,76.35,16672,0
2014-04-22,18:00:00,76.35,76.35,76.18,76.3,19272,0
2014-04-22,19:00:00,76.34,76.39,76.3,76.34,8832,0
2014-04-22,20:00:00,76.34,76.48,76.34,76.48,3599,0
2014-04-22,21:00:00,76.48,76.54,76.37,76.48,25465,0
2014-04-22,22:00:00,76.48,76.59,76.38,76.59,17600,0
2014-04-23,16:00:00,76.43,76.52,76.34,76.45,11431,0
2014-04-23,17:00:00,76.47,76.57,76.34,76.34,5424,0
2014-04-23,18:00:00,76.43,76.7,76.43,76.6,12053,0
2014-04-23,19:00:00,76.55,76.6,76.52,76.52,7404,0
2014-04-23,20:00:00,76.5,76.68,76.5,76.68,5400,0
2014-04-23,21:00:00,76.55,76.61,76.54,76.57,4545,0
2014-04-23,22:00:00,76.63,76.72,76.56,76.72,21874,0
2014-04-24,16:00:00,77.03,77.78,76.99,77.41,10606,0
2014-04-24,17:00:00,77.64,78.42,77.46,77.88,12948,0
2014-04-24,18:00:00,78,78.23,78,78.07,10168,0
2014-04-24,19:00:00,78.15,78.25,78.01,78.01,5300,0
2014-04-24,20:00:00,77.91,78.15,77.91,78.01,3500,0
2014-04-24,21:00:00,77.99,78.11,77.97,78.07,5456,0
2014-04-24,22:00:00,78.1,78.16,78,78,9732,0
2014-04-25,16:00:00,78.28,78.5,78.26,78.5,10086,0
2014-04-25,17:00:00,78.49,78.99,78.41,78.78,16431,0
2014-04-25,18:00:00,78.95,79.18,78.84,79.04,20473,0
2014-04-25,19:00:00,78.91,79.08,78.87,79.08,10670,0
2014-04-25,20:00:00,79.02,79.02,78.84,78.84,7157,0
2014-04-25,21:00:00,78.9,78.95,78.86,78.94,11855,0
2014-04-25,22:00:00,78.94,78.94,78.85,78.92,9699,0
2014-04-28,16:00:00,79,79,78.49,78.53,12030,0
2014-04-28,17:00:00,78.46,78.46,78.07,78.28,18742,0
2014-04-28,18:00:00,78.34,78.34,77.47,77.47,16497,0
2014-04-28,19:00:00,77.79,78.14,77.66,78.14,10585,0
2014-04-28,20:00:00,78.02,78.1,77.98,78.1,8420,0
2014-04-28,21:00:00,78.1,78.19,78.05,78.16,5230,0
2014-04-28,22:00:00,78.12,78.24,78.05,78.24,12795,0
2014-04-29,16:00:00,78.08,78.4,78,78.4,7988,0
2014-04-29,17:00:00,78.27,78.78,78.26,78.78,35169,0
2014-04-29,18:00:00,78.77,78.77,78.52,78.72,9004,0
2014-04-29,19:00:00,78.66,78.87,78.55,78.74,6716,0
2014-04-29,20:00:00,78.79,78.81,78.59,78.69,3847,0
2014-04-29,21:00:00,78.6,78.6,78.51,78.6,4943,0
2014-04-29,22:00:00,78.61,78.65,78.49,78.65,8592,0
2014-04-30,16:00:00,78.06,78.2,77.87,78.08,6140,0
2014-04-30,17:00:00,77.86,78.86,77.8,78.86,57071,0
2014-04-30,18:00:00,78.86,79.23,78.6,79.11,36785,0
2014-04-30,19:00:00,78.98,79.2,78.92,79.08,6116,0
2014-04-30,20:00:00,79.08,79.19,78.92,79.1,2948,0
2014-04-30,21:00:00,79.17,79.17,78.72,79.04,8208,0
2014-04-30,22:00:00,78.99,79.05,78.88,78.96,14679,0
2014-05-01,16:00:00,79.15,79.34,78.89,79.34,19449,0
2014-05-01,17:00:00,79.32,79.6,79.21,79.3,20085,0
2014-05-01,18:00:00,79.24,79.35,79.16,79.22,14684,0
2014-05-01,19:00:00,79.2,79.3,79.16,79.3,6567,0
2014-05-01,20:00:00,79.21,79.3,79.13,79.23,5290,0
2014-05-01,21:00:00,79.24,79.3,79.18,79.18,3430,0
2014-05-01,22:00:00,79.21,79.31,79.2,79.3,9207,0
2014-05-02,16:00:00,79.4,79.58,79.4,79.42,5517,0
2014-05-02,17:00:00,79.46,79.59,78.93,79.01,37300,0
2014-05-02,18:00:00,79.17,79.62,79.09,79.09,21312,0
2014-05-02,19:00:00,79.09,79.34,78.9,79.34,3832,0
2014-05-02,20:00:00,79.16,79.27,79.13,79.21,2400,0
2014-05-02,21:00:00,79.26,79.26,78.98,79.09,6942,0
2014-05-02,22:00:00,79.01,79.18,79.01,79.03,8343,0
2014-05-05,16:00:00,79.34,79.39,79.05,79.24,7198,0
2014-05-05,17:00:00,79.29,79.41,79.23,79.38,10395,0
2014-05-05,18:00:00,79.39,79.53,79.29,79.34,12520,0
2014-05-05,19:00:00,79.3,79.55,79.23,79.55,10175,0
2014-05-05,20:00:00,79.63,79.63,79.5,79.6,2740,0
2014-05-05,21:00:00,79.61,79.76,79.61,79.63,4496,0
2014-05-05,22:00:00,79.6,79.78,79.6,79.65,6437,0
2014-05-06,16:00:00,79.42,79.62,79.42,79.55,16226,0
2014-05-06,17:00:00,79.5,79.5,79.42,79.42,10100,0
2014-05-06,18:00:00,79.45,79.5,79.45,79.5,630,0
2014-05-06,19:00:00,79.64,80.05,79.58,79.95,23720,0
2014-05-06,20:00:00,79.71,79.86,79.71,79.79,2000,0
2014-05-06,21:00:00,79.84,79.84,79.66,79.68,2485,0
2014-05-06,22:00:00,79.68,79.76,79.58,79.72,8859,0
2014-05-07,16:00:00,78.71,78.71,78.3,78.33,21446,0
2014-05-07,17:00:00,78.35,78.62,78.26,78.27,92824,0
2014-05-07,18:00:00,78.24,78.33,77.5,77.7,177682,0
2014-05-07,19:00:00,77.69,77.85,77.44,77.77,24612,0
2014-05-07,20:00:00,77.64,77.8,77.57,77.76,7765,0
2014-05-07,21:00:00,77.76,77.89,77.66,77.72,4595,0
2014-05-07,22:00:00,77.81,77.81,77.63,77.72,12599,0
