Date,Time,Open,High,Low,Close,Volume,OpenInt
2014-02-10,16:00:00,31.12,31.24,31.07,31.11,1456348,0
2014-02-10,17:00:00,31.11,31.28,31.08,31.23,1661198,0
2014-02-10,18:00:00,31.23,31.29,31.09,31.12,1313735,0
2014-02-10,19:00:00,31.12,31.17,31.11,31.13,411459,0
2014-02-10,20:00:00,31.13,31.18,31.09,31.1,448212,0
2014-02-10,21:00:00,31.11,31.11,30.99,31.03,772622,0
2014-02-10,22:00:00,31.03,31.09,31,31.02,1297592,0
2014-02-11,16:00:00,30.95,30.99,30.76,30.85,1919035,0
2014-02-11,17:00:00,30.85,30.88,30.7,30.74,2260022,0
2014-02-11,18:00:00,30.75,30.75,30.49,30.51,2616125,0
2014-02-11,19:00:00,30.5,30.56,30.46,30.47,1120360,0
2014-02-11,20:00:00,30.47,30.47,30.31,30.39,1718139,0
2014-02-11,21:00:00,30.38,30.41,30.25,30.26,1716399,0
2014-02-11,22:00:00,30.25,30.36,30.17,30.32,3241996,0
2014-02-12,16:00:00,30.24,30.25,30.05,30.06,1607409,0
2014-02-12,17:00:00,30.06,30.35,30.04,30.3,2408253,0
2014-02-12,18:00:00,30.3,30.42,30.22,30.35,1401956,0
2014-02-12,19:00:00,30.35,30.39,30.24,30.28,979409,0
2014-02-12,20:00:00,30.27,30.3,30.18,30.24,865403,0
2014-02-12,21:00:00,30.24,30.4,30.21,30.37,1365640,0
2014-02-12,22:00:00,30.37,30.4,30.26,30.26,1738675,0
2014-02-13,16:00:00,30.71,30.71,30.45,30.49,1803896,0
2014-02-13,17:00:00,30.46,30.5,30.17,30.2,1870300,0
2014-02-13,18:00:00,30.2,30.25,30.1,30.17,1309213,0
2014-02-13,19:00:00,30.17,30.22,30.1,30.13,649720,0
2014-02-13,20:00:00,30.12,30.13,29.96,29.97,1339518,0
2014-02-13,21:00:00,29.97,30.03,29.92,29.94,1310469,0
2014-02-13,22:00:00,29.94,30,29.92,29.98,1721683,0
2014-02-14,16:00:00,30.02,30.09,29.91,29.95,1417658,0
2014-02-14,17:00:00,29.95,30.02,29.73,29.83,2302486,0
2014-02-14,18:00:00,29.83,29.85,29.75,29.79,2411866,0
2014-02-14,19:00:00,29.78,29.82,29.75,29.77,520958,0
2014-02-14,20:00:00,29.77,29.79,29.63,29.65,1279553,0
2014-02-14,21:00:00,29.65,29.66,29.54,29.57,1410851,0
2014-02-14,22:00:00,29.57,29.68,29.56,29.67,2053811,0
2014-02-18,16:00:00,29.6,29.69,29.51,29.64,1692224,0
2014-02-18,17:00:00,29.65,29.77,29.57,29.59,1854773,0
2014-02-18,18:00:00,29.59,29.62,29.5,29.58,1580179,0
2014-02-18,19:00:00,29.58,29.6,29.52,29.55,552546,0
2014-02-18,20:00:00,29.55,29.63,29.53,29.58,593730,0
2014-02-18,21:00:00,29.58,29.58,29.5,29.55,615025,0
2014-02-18,22:00:00,29.54,29.59,29.5,29.57,1144659,0
2014-02-19,16:00:00,29.74,29.77,29.52,29.52,1630869,0
2014-02-19,17:00:00,29.51,29.58,29.35,29.44,2243104,0
2014-02-19,18:00:00,29.44,29.63,29.42,29.63,976102,0
2014-02-19,19:00:00,29.63,29.8,29.6,29.69,2144295,0
2014-02-19,20:00:00,29.7,29.71,29.57,29.66,925985,0
2014-02-19,21:00:00,29.66,29.77,29.52,29.71,2052412,0
2014-02-19,22:00:00,29.7,30.03,29.68,29.98,3171521,0
2014-02-20,16:00:00,29.88,30.03,29.77,30,2190779,0
2014-02-20,17:00:00,30,30.1,29.69,29.75,2983840,0
2014-02-20,18:00:00,29.74,29.8,29.67,29.74,1078113,0
2014-02-20,19:00:00,29.73,29.75,29.56,29.61,984314,0
2014-02-20,20:00:00,29.6,29.62,29.56,29.59,557320,0
2014-02-20,21:00:00,29.59,29.66,29.53,29.55,818952,0
2014-02-20,22:00:00,29.55,29.6,29.48,29.6,1486870,0
2014-02-21,16:00:00,29.5,29.6,29.42,29.46,1195120,0
2014-02-21,17:00:00,29.47,29.57,29.39,29.42,1735557,0
2014-02-21,18:00:00,29.41,29.48,29.37,29.44,770840,0
2014-02-21,19:00:00,29.43,29.54,29.41,29.48,533125,0
2014-02-21,20:00:00,29.48,29.54,29.42,29.51,412132,0
2014-02-21,21:00:00,29.51,29.67,29.49,29.61,882011,0
2014-02-21,22:00:00,29.61,29.71,29.52,29.67,1755894,0
2014-02-24,16:00:00,29.55,29.58,29.18,29.21,2363091,0
2014-02-24,17:00:00,29.2,29.27,29.11,29.14,1974318,0
2014-02-24,18:00:00,29.14,29.18,28.96,28.99,1740455,0
2014-02-24,19:00:00,28.98,29.04,28.95,29.03,461845,0
2014-02-24,20:00:00,29.03,29.09,29,29.09,652456,0
2014-02-24,21:00:00,29.08,29.09,29.02,29.09,433740,0
2014-02-24,22:00:00,29.1,29.42,29.1,29.42,2485228,0
2014-02-25,16:00:00,29.31,29.55,29.24,29.5,1742195,0
2014-02-25,17:00:00,29.5,29.57,29.29,29.32,1883745,0
2014-02-25,18:00:00,29.31,29.38,29.14,29.32,1222900,0
2014-02-25,19:00:00,29.32,29.35,29.26,29.28,580320,0
2014-02-25,20:00:00,29.29,29.32,29.21,29.29,805284,0
2014-02-25,21:00:00,29.29,29.41,29.26,29.36,953024,0
2014-02-25,22:00:00,29.35,29.49,29.35,29.37,2097477,0
2014-02-26,16:00:00,29.28,29.47,29.21,29.43,1416006,0
2014-02-26,17:00:00,29.43,29.43,29.13,29.24,1920987,0
2014-02-26,18:00:00,29.25,29.28,29.14,29.23,825381,0
2014-02-26,19:00:00,29.24,29.24,29.15,29.2,520404,0
2014-02-26,20:00:00,29.2,29.29,29.16,29.27,509176,0
2014-02-26,21:00:00,29.27,29.53,29.24,29.41,1792271,0
2014-02-26,22:00:00,29.4,29.53,29.33,29.37,2146306,0
2014-02-27,16:00:00,29.46,29.52,29.3,29.42,856813,0
2014-02-27,17:00:00,29.42,29.5,29.29,29.33,1678788,0
2014-02-27,18:00:00,29.33,29.36,29.18,29.25,1305315,0
2014-02-27,19:00:00,29.25,29.31,29.21,29.24,628358,0
2014-02-27,20:00:00,29.24,29.25,29.06,29.12,856997,0
2014-02-27,21:00:00,29.11,29.23,29.08,29.17,816609,0
2014-02-27,22:00:00,29.17,29.21,29.05,29.05,1857030,0
2014-02-28,16:00:00,29.08,29.09,28.86,28.88,1608554,0
2014-02-28,17:00:00,28.89,28.89,28.7,28.75,2908209,0
2014-02-28,18:00:00,28.76,28.83,28.64,28.68,1250089,0
2014-02-28,19:00:00,28.67,28.71,28.66,28.69,745026,0
2014-02-28,20:00:00,28.68,28.74,28.65,28.72,1068287,0
2014-02-28,21:00:00,28.73,29.02,28.73,29,2811551,0
2014-02-28,22:00:00,29,29.3,28.88,28.94,5141332,0
2014-03-03,16:00:00,29.42,29.5,29.19,29.27,2875624,0
2014-03-03,17:00:00,29.25,29.48,29.17,29.3,2938090,0
2014-03-03,18:00:00,29.29,29.61,29.28,29.61,2134550,0
2014-03-03,19:00:00,29.61,29.7,29.45,29.48,2476497,0
2014-03-03,20:00:00,29.48,29.48,29.31,29.35,1124919,0
2014-03-03,21:00:00,29.33,29.45,29.25,29.33,1327105,0
2014-03-03,22:00:00,29.34,29.52,29.32,29.32,2117851,0
2014-03-04,16:00:00,28.74,28.75,28.59,28.61,2318164,0
2014-03-04,17:00:00,28.61,28.68,28.51,28.55,1914019,0
2014-03-04,18:00:00,28.55,28.61,28.52,28.56,1102451,0
2014-03-04,19:00:00,28.57,28.57,28.45,28.51,1068815,0
2014-03-04,20:00:00,28.5,28.61,28.45,28.56,1243654,0
2014-03-04,21:00:00,28.56,28.62,28.44,28.47,1181258,0
2014-03-04,22:00:00,28.47,28.48,28.36,28.47,2180763,0
2014-03-05,16:00:00,28.44,28.52,28.39,28.48,1669039,0
2014-03-05,17:00:00,28.48,28.52,28.35,28.42,1516855,0
2014-03-05,18:00:00,28.42,28.48,28.34,28.42,820359,0
2014-03-05,19:00:00,28.43,28.48,28.4,28.42,384259,0
2014-03-05,20:00:00,28.42,28.48,28.36,28.45,577739,0
2014-03-05,21:00:00,28.45,28.48,28.4,28.47,492279,0
2014-03-05,22:00:00,28.47,28.51,28.41,28.45,1358997,0
2014-03-06,16:00:00,28.29,28.3,28.17,28.19,1545950,0
2014-03-06,17:00:00,28.19,28.32,28.18,28.22,1386056,0
2014-03-06,18:00:00,28.22,28.25,28.2,28.2,471302,0
2014-03-06,19:00:00,28.2,28.22,28.18,28.2,554128,0
2014-03-06,20:00:00,28.2,28.38,28.19,28.37,1139135,0
2014-03-06,21:00:00,28.36,28.39,28.25,28.27,877708,0
2014-03-06,22:00:00,28.27,28.36,28.23,28.3,1505794,0
2014-03-07,16:00:00,28.07,28.38,28.07,28.29,2541316,0
2014-03-07,17:00:00,28.3,28.38,28.17,28.35,1882816,0
2014-03-07,18:00:00,28.35,28.52,28.3,28.31,2700524,0
2014-03-07,19:00:00,28.31,28.38,28.27,28.35,831628,0
2014-03-07,20:00:00,28.35,28.46,28.35,28.38,942985,0
2014-03-07,21:00:00,28.38,28.5,28.33,28.37,1341368,0
2014-03-07,22:00:00,28.36,28.45,28.29,28.29,2773497,0
2014-03-10,15:00:00,28.37,28.45,28.29,28.32,1334773,0
2014-03-10,16:00:00,28.32,28.63,28.32,28.57,2139786,0
2014-03-10,17:00:00,28.58,28.62,28.39,28.48,1245263,0
2014-03-10,18:00:00,28.49,28.51,28.35,28.37,934399,0
2014-03-10,19:00:00,28.37,28.49,28.36,28.46,615928,0
2014-03-10,20:00:00,28.47,28.5,28.37,28.38,856105,0
2014-03-10,21:00:00,28.39,28.45,28.28,28.29,1676748,0
2014-03-11,15:00:00,28.22,28.44,28.2,28.37,964568,0
2014-03-11,16:00:00,28.37,28.45,28.14,28.18,1347246,0
2014-03-11,17:00:00,28.18,28.39,28.16,28.38,848605,0
2014-03-11,18:00:00,28.38,28.53,28.36,28.45,1244703,0
2014-03-11,19:00:00,28.46,28.57,28.42,28.42,920202,0
2014-03-11,20:00:00,28.42,28.62,28.4,28.61,1072891,0
2014-03-11,21:00:00,28.61,28.72,28.56,28.6,3260855,0
2014-03-12,15:00:00,28.86,29,28.77,28.87,2580006,0
2014-03-12,16:00:00,28.88,28.9,28.66,28.67,2130522,0
2014-03-12,17:00:00,28.67,28.72,28.55,28.69,1976364,0
2014-03-12,18:00:00,28.7,28.73,28.6,28.6,573377,0
2014-03-12,19:00:00,28.61,28.74,28.61,28.66,485299,0
2014-03-12,20:00:00,28.65,28.7,28.6,28.69,1063438,0
2014-03-12,21:00:00,28.69,28.73,28.56,28.57,1880009,0
2014-03-13,15:00:00,28.4,28.5,28.35,28.47,1108799,0
2014-03-13,16:00:00,28.47,28.69,28.44,28.68,1575108,0
2014-03-13,17:00:00,28.68,28.81,28.61,28.8,1813062,0
2014-03-13,18:00:00,28.79,29.07,28.77,29.05,2656324,0
2014-03-13,19:00:00,29.06,29.24,29.01,29.1,3096118,0
2014-03-13,20:00:00,29.09,29.27,29.06,29.23,3436099,0
2014-03-13,21:00:00,29.22,29.37,29.15,29.2,3632531,0
2014-03-14,15:00:00,29.32,29.34,29.05,29.26,2077000,0
2014-03-14,16:00:00,29.25,29.29,29.02,29.27,2596285,0
2014-03-14,17:00:00,29.27,29.42,29.04,29.1,3513792,0
2014-03-14,18:00:00,29.09,29.29,29.08,29.15,1782533,0
2014-03-14,19:00:00,29.14,29.31,29.12,29.24,814375,0
2014-03-14,20:00:00,29.24,29.41,29.21,29.41,1268482,0
2014-03-14,21:00:00,29.4,29.44,29.27,29.37,2632166,0
2014-03-17,15:00:00,29.08,29.1,28.78,28.83,1984225,0
2014-03-17,16:00:00,28.83,28.97,28.7,28.93,3057230,0
2014-03-17,17:00:00,28.94,29.02,28.84,28.87,1491740,0
2014-03-17,18:00:00,28.87,28.91,28.77,28.83,1208709,0
2014-03-17,19:00:00,28.83,28.9,28.8,28.85,851870,0
2014-03-17,20:00:00,28.84,28.87,28.74,28.8,875064,0
2014-03-17,21:00:00,28.8,28.91,28.75,28.85,2908233,0
2014-03-18,15:00:00,28.73,28.79,28.55,28.58,1757991,0
2014-03-18,16:00:00,28.58,28.63,28.4,28.56,2763634,0
2014-03-18,17:00:00,28.56,28.57,28.43,28.46,1371783,0
2014-03-18,18:00:00,28.45,28.54,28.43,28.49,550826,0
2014-03-18,19:00:00,28.49,28.51,28.36,28.41,1005431,0
2014-03-18,20:00:00,28.4,28.43,28.35,28.39,522920,0
2014-03-18,21:00:00,28.38,28.46,28.38,28.43,1329076,0
2014-03-19,15:00:00,28.42,28.5,28.36,28.37,1069541,0
2014-03-19,16:00:00,28.37,28.44,28.34,28.41,1222766,0
2014-03-19,17:00:00,28.4,28.46,28.38,28.45,589464,0
2014-03-19,18:00:00,28.44,28.47,28.39,28.39,928873,0
2014-03-19,19:00:00,28.4,28.41,28.36,28.37,512682,0
2014-03-19,20:00:00,28.39,28.69,28.39,28.55,4240834,0
2014-03-19,21:00:00,28.55,29.09,28.55,28.75,5141282,0
2014-03-20,15:00:00,28.86,28.96,28.77,28.85,1705825,0
2014-03-20,16:00:00,28.85,28.91,28.54,28.63,1868008,0
2014-03-20,17:00:00,28.62,28.71,28.57,28.57,1105363,0
2014-03-20,18:00:00,28.58,28.61,28.37,28.4,1333222,0
2014-03-20,19:00:00,28.4,28.45,28.36,28.4,817461,0
2014-03-20,20:00:00,28.39,28.43,28.35,28.43,512128,0
2014-03-20,21:00:00,28.43,28.52,28.39,28.41,1615831,0
2014-03-21,15:00:00,28.17,28.18,28.02,28.17,2051981,0
2014-03-21,16:00:00,28.16,28.29,28.13,28.15,1788693,0
2014-03-21,17:00:00,28.14,28.18,28.07,28.15,1327264,0
2014-03-21,18:00:00,28.15,28.25,28.12,28.24,763718,0
2014-03-21,19:00:00,28.24,28.46,28.22,28.44,1304796,0
2014-03-21,20:00:00,28.44,28.63,28.39,28.48,1961149,0
2014-03-21,21:00:00,28.49,28.67,28.47,28.62,2400700,0
2014-03-24,15:00:00,28.43,28.62,28.35,28.59,1264734,0
2014-03-24,16:00:00,28.59,28.94,28.59,28.91,2835562,0
2014-03-24,17:00:00,28.91,29.06,28.91,28.98,2122261,0
2014-03-24,18:00:00,28.99,29.1,28.93,29.04,1353410,0
2014-03-24,19:00:00,29.03,29.03,28.85,28.85,1015162,0
2014-03-24,20:00:00,28.86,28.92,28.76,28.85,1181462,0
2014-03-24,21:00:00,28.84,28.94,28.69,28.85,2537209,0
2014-03-25,15:00:00,28.56,28.56,28.44,28.5,1671018,0
2014-03-25,16:00:00,28.5,28.78,28.38,28.75,2931207,0
2014-03-25,17:00:00,28.75,28.87,28.63,28.79,1613294,0
2014-03-25,18:00:00,28.8,28.9,28.65,28.67,1259061,0
2014-03-25,19:00:00,28.68,28.71,28.51,28.58,1204622,0
2014-03-25,20:00:00,28.57,28.64,28.51,28.61,1021951,0
2014-03-25,21:00:00,28.62,28.63,28.51,28.57,1562769,0
2014-03-26,15:00:00,28.35,28.43,28.27,28.4,1301327,0
2014-03-26,16:00:00,28.4,28.53,28.33,28.52,2353196,0
2014-03-26,17:00:00,28.52,28.54,28.38,28.46,1513396,0
2014-03-26,18:00:00,28.45,28.55,28.43,28.44,1069019,0
2014-03-26,19:00:00,28.43,28.82,28.43,28.72,3425148,0
2014-03-26,20:00:00,28.71,28.85,28.65,28.67,1902131,0
2014-03-26,21:00:00,28.66,29,28.65,29,2802865,0
2014-03-27,15:00:00,29.06,29.32,29.01,29.15,2452003,0
2014-03-27,16:00:00,29.15,29.2,28.88,28.96,3863769,0
2014-03-27,17:00:00,28.96,29.28,28.94,29.18,1721576,0
2014-03-27,18:00:00,29.17,29.29,29.07,29.1,1335785,0
2014-03-27,19:00:00,29.11,29.18,29,29.14,806893,0
2014-03-27,20:00:00,29.13,29.22,29.07,29.13,1191304,0
2014-03-27,21:00:00,29.14,29.21,29.02,29.11,2162444,0
2014-03-28,15:00:00,28.93,28.96,28.65,28.68,2033034,0
2014-03-28,16:00:00,28.67,28.69,28.54,28.56,1985329,0
2014-03-28,17:00:00,28.55,28.72,28.55,28.64,1262548,0
2014-03-28,18:00:00,28.63,28.69,28.61,28.68,660153,0
2014-03-28,19:00:00,28.68,28.8,28.67,28.78,1258183,0
2014-03-28,20:00:00,28.78,28.99,28.78,28.88,1745602,0
2014-03-28,21:00:00,28.87,28.96,28.83,28.83,1896673,0
2014-03-31,16:00:00,28.47,28.48,28.33,28.35,2097534,0
2014-03-31,17:00:00,28.35,28.43,28.3,28.38,2205380,0
2014-03-31,18:00:00,28.38,28.52,28.38,28.42,1345236,0
2014-03-31,19:00:00,28.42,28.43,28.27,28.31,1421971,0
2014-03-31,20:00:00,28.31,28.46,28.3,28.43,917892,0
2014-03-31,21:00:00,28.43,28.43,28.31,28.33,677905,0
2014-03-31,22:00:00,28.34,28.39,28.29,28.35,1849601,0
2014-04-01,16:00:00,28.17,28.19,28.05,28.07,1434633,0
2014-04-01,17:00:00,28.07,28.15,27.98,28.11,2273939,0
2014-04-01,18:00:00,28.12,28.18,28.09,28.17,649401,0
2014-04-01,19:00:00,28.17,28.22,28.11,28.14,538725,0
2014-04-01,20:00:00,28.15,28.19,28.09,28.1,339151,0
2014-04-01,21:00:00,28.09,28.1,28.05,28.05,335102,0
2014-04-01,22:00:00,28.04,28.08,27.95,27.98,1990167,0
2014-04-02,16:00:00,27.9,28.01,27.88,27.97,1359253,0
2014-04-02,17:00:00,27.97,27.97,27.81,27.82,1883003,0
2014-04-02,18:00:00,27.82,27.89,27.8,27.83,1310901,0
2014-04-02,19:00:00,27.82,27.87,27.78,27.83,479614,0
2014-04-02,20:00:00,27.82,27.95,27.82,27.91,641514,0
2014-04-02,21:00:00,27.91,27.93,27.85,27.85,619443,0
2014-04-02,22:00:00,27.85,27.86,27.72,27.8,1554398,0
2014-04-03,16:00:00,27.71,27.79,27.69,27.73,1024601,0
2014-04-03,17:00:00,27.72,27.9,27.7,27.82,1516755,0
2014-04-03,18:00:00,27.82,27.92,27.81,27.9,792585,0
2014-04-03,19:00:00,27.9,27.97,27.85,27.95,962475,0
2014-04-03,20:00:00,27.95,27.95,27.83,27.89,709049,0
2014-04-03,21:00:00,27.89,28.03,27.87,27.94,1056366,0
2014-04-03,22:00:00,27.94,27.95,27.79,27.86,1833506,0
2014-04-04,16:00:00,27.58,27.85,27.54,27.75,1773933,0
2014-04-04,17:00:00,27.77,27.77,27.59,27.75,2347940,0
2014-04-04,18:00:00,27.75,28.13,27.75,28.04,3049849,0
2014-04-04,19:00:00,28.05,28.33,28.04,28.3,2514113,0
2014-04-04,20:00:00,28.29,28.38,28.2,28.35,1750003,0
2014-04-04,21:00:00,28.36,28.61,28.31,28.46,2775193,0
2014-04-04,22:00:00,28.47,28.58,28.37,28.51,2564205,0
2014-04-07,16:00:00,28.66,28.88,28.62,28.65,2389179,0
2014-04-07,17:00:00,28.64,28.89,28.57,28.84,2392242,0
2014-04-07,18:00:00,28.84,29.02,28.76,29,1925555,0
2014-04-07,19:00:00,29.01,29.14,28.96,29.02,1995980,0
2014-04-07,20:00:00,29.03,29.21,29.01,29.18,1120810,0
2014-04-07,21:00:00,29.19,29.26,28.99,29.04,1748621,0
2014-04-07,22:00:00,29.04,29.16,28.91,29.14,2261814,0
2014-04-08,16:00:00,29.18,29.24,29.01,29.19,1698954,0
2014-04-08,17:00:00,29.19,29.38,29.04,29.09,2420587,0
2014-04-08,18:00:00,29.08,29.08,28.87,28.93,1616228,0
2014-04-08,19:00:00,28.93,29.01,28.89,29,890119,0
2014-04-08,20:00:00,29,29.01,28.81,28.86,801389,0
2014-04-08,21:00:00,28.84,29.06,28.84,28.97,1349552,0
2014-04-08,22:00:00,28.97,29.02,28.85,28.9,1208775,0
2014-04-09,16:00:00,28.76,28.9,28.72,28.84,1055309,0
2014-04-09,17:00:00,28.84,28.92,28.7,28.82,1221166,0
2014-04-09,18:00:00,28.83,28.86,28.71,28.73,711156,0
2014-04-09,19:00:00,28.73,28.76,28.63,28.68,945641,0
2014-04-09,20:00:00,28.68,28.73,28.65,28.7,720454,0
2014-04-09,21:00:00,28.71,28.71,28.35,28.45,3013247,0
2014-04-09,22:00:00,28.45,28.47,28.27,28.27,1484000,0
2014-04-10,16:00:00,28.29,28.44,28.26,28.4,1234811,0
2014-04-10,17:00:00,28.39,28.6,28.33,28.59,1278307,0
2014-04-10,18:00:00,28.6,28.8,28.6,28.79,1911304,0
2014-04-10,19:00:00,28.79,29.11,28.76,29.09,1840338,0
2014-04-10,20:00:00,29.09,29.26,29.03,29.09,1728325,0
2014-04-10,21:00:00,29.1,29.32,29.02,29.28,1487397,0
2014-04-10,22:00:00,29.29,29.55,29.28,29.47,3857529,0
2014-04-11,16:00:00,29.8,29.9,29.54,29.62,3758102,0
2014-04-11,17:00:00,29.63,29.9,29.43,29.49,2846798,0
2014-04-11,18:00:00,29.5,29.71,29.39,29.64,1963401,0
2014-04-11,19:00:00,29.64,29.73,29.56,29.66,1037335,0
2014-04-11,20:00:00,29.66,29.87,29.66,29.84,1254560,0
2014-04-11,21:00:00,29.83,30.07,29.75,29.95,2389209,0
2014-04-11,22:00:00,29.94,30.04,29.78,30.01,2809617,0
2014-04-14,16:00:00,29.54,29.78,29.5,29.75,1750188,0
2014-04-14,17:00:00,29.76,29.8,29.42,29.43,2429342,0
2014-04-14,18:00:00,29.44,29.55,29.42,29.54,1078993,0
2014-04-14,19:00:00,29.54,29.56,29.4,29.45,805173,0
2014-04-14,20:00:00,29.45,29.64,29.45,29.64,973379,0
2014-04-14,21:00:00,29.64,29.79,29.58,29.78,1066359,0
2014-04-14,22:00:00,29.78,30.03,29.5,29.54,2754768,0
2014-04-15,16:00:00,29.39,29.46,29.1,29.16,2469286,0
2014-04-15,17:00:00,29.16,29.65,29.11,29.59,3189908,0
2014-04-15,18:00:00,29.6,29.83,29.48,29.76,2587366,0
2014-04-15,19:00:00,29.77,29.96,29.77,29.94,1645043,0
2014-04-15,20:00:00,29.95,30,29.52,29.54,2260297,0
2014-04-15,21:00:00,29.54,29.56,29.18,29.29,2476445,0
2014-04-15,22:00:00,29.28,29.36,29.08,29.13,2503796,0
2014-04-16,16:00:00,28.74,28.95,28.67,28.86,1770634,0
2014-04-16,17:00:00,28.85,28.97,28.79,28.94,1250168,0
2014-04-16,18:00:00,28.94,28.99,28.73,28.74,990615,0
2014-04-16,19:00:00,28.74,28.78,28.63,28.78,1231478,0
2014-04-16,20:00:00,28.79,28.85,28.69,28.72,696683,0
2014-04-16,21:00:00,28.71,28.83,28.61,28.64,1205555,0
2014-04-16,22:00:00,28.64,28.69,28.51,28.52,1579783,0
2014-04-17,16:00:00,28.59,28.69,28.5,28.61,1243610,0
2014-04-17,17:00:00,28.61,28.66,28.43,28.46,1897201,0
2014-04-17,18:00:00,28.46,28.57,28.42,28.52,986859,0
2014-04-17,19:00:00,28.52,28.56,28.43,28.44,585267,0
2014-04-17,20:00:00,28.44,28.45,28.29,28.32,1071706,0
2014-04-17,21:00:00,28.33,28.39,28.3,28.37,796145,0
2014-04-17,22:00:00,28.37,28.41,28.28,28.38,768340,0
2014-04-21,16:00:00,28.41,28.45,28.3,28.32,886831,0
2014-04-21,17:00:00,28.31,28.49,28.25,28.41,1549393,0
2014-04-21,18:00:00,28.41,28.44,28.3,28.3,775289,0
2014-04-21,19:00:00,28.31,28.36,28.28,28.31,428027,0
2014-04-21,20:00:00,28.31,28.33,28.26,28.26,309019,0
2014-04-21,21:00:00,28.26,28.28,28.22,28.24,464055,0
2014-04-21,22:00:00,28.24,28.31,28.22,28.24,946986,0
2014-04-22,16:00:00,28.18,28.2,28.05,28.05,1398337,0
2014-04-22,17:00:00,28.05,28.08,27.96,27.98,1296382,0
2014-04-22,18:00:00,27.97,27.97,27.89,27.94,938060,0
2014-04-22,19:00:00,27.93,27.93,27.85,27.87,595702,0
2014-04-22,20:00:00,27.86,27.9,27.83,27.85,992838,0
2014-04-22,21:00:00,27.85,27.89,27.83,27.88,621667,0
2014-04-22,22:00:00,27.88,28,27.87,28,1385041,0
2014-04-23,16:00:00,28.02,28.1,27.98,28.05,1173546,0
2014-04-23,17:00:00,28.06,28.16,27.98,28.03,1568088,0
2014-04-23,18:00:00,28.03,28.12,28.01,28.02,634621,0
2014-04-23,19:00:00,28.02,28.09,28.01,28.03,501507,0
2014-04-23,20:00:00,28.03,28.1,28.02,28.07,382476,0
2014-04-23,21:00:00,28.07,28.14,28.06,28.08,534467,0
2014-04-23,22:00:00,28.08,28.11,28.04,28.1,933373,0
2014-04-24,16:00:00,27.82,28.23,27.82,28.1,1946740,0
2014-04-24,17:00:00,28.11,28.27,28,28.06,1549960,0
2014-04-24,18:00:00,28.06,28.08,27.86,27.92,1174575,0
2014-04-24,19:00:00,27.92,27.96,27.88,27.89,712964,0
2014-04-24,20:00:00,27.89,28.11,27.88,28.1,715757,0
2014-04-24,21:00:00,28.1,28.11,27.99,28.03,547305,0
2014-04-24,22:00:00,28.02,28.04,27.96,27.99,949307,0
2014-04-25,16:00:00,28.19,28.32,28.15,28.3,1521646,0
2014-04-25,17:00:00,28.3,28.46,28.2,28.44,1561572,0
2014-04-25,18:00:00,28.44,28.52,28.3,28.34,1626345,0
2014-04-25,19:00:00,28.35,28.41,28.3,28.4,576017,0
2014-04-25,20:00:00,28.39,28.49,28.39,28.44,874696,0
2014-04-25,21:00:00,28.44,28.58,28.42,28.51,1362638,0
2014-04-25,22:00:00,28.51,28.53,28.37,28.45,1449051,0
2014-04-28,16:00:00,28.22,28.42,28.16,28.25,1440896,0
2014-04-28,17:00:00,28.25,28.29,28.03,28.18,2202980,0
2014-04-28,18:00:00,28.17,28.5,28.13,28.49,1513120,0
2014-04-28,19:00:00,28.5,28.52,28.39,28.48,778240,0
2014-04-28,20:00:00,28.49,28.86,28.49,28.72,2284323,0
2014-04-28,21:00:00,28.72,28.8,28.46,28.54,1381324,0
2014-04-28,22:00:00,28.53,28.54,28.16,28.26,2355697,0
2014-04-29,16:00:00,28.08,28.13,27.95,28.02,1585667,0
2014-04-29,17:00:00,28.02,28.22,27.98,28.07,1612851,0
2014-04-29,18:00:00,28.08,28.14,27.98,28.02,675133,0
2014-04-29,19:00:00,28.02,28.05,27.93,27.95,612103,0
2014-04-29,20:00:00,27.94,28.04,27.94,27.96,624978,0
2014-04-29,21:00:00,27.95,28,27.95,27.99,381560,0
2014-04-29,22:00:00,27.99,28.03,27.96,28.02,1216824,0
2014-04-30,16:00:00,28.11,28.17,28.02,28.12,1330518,0
2014-04-30,17:00:00,28.12,28.18,27.91,27.97,1465661,0
2014-04-30,18:00:00,27.96,28.06,27.96,28,434084,0
2014-04-30,19:00:00,27.99,28,27.93,27.93,311839,0
2014-04-30,20:00:00,27.94,27.97,27.91,27.96,423043,0
2014-04-30,21:00:00,27.97,28.05,27.79,27.84,1784790,0
2014-04-30,22:00:00,27.84,27.98,27.81,27.83,1696709,0
2014-05-01,16:00:00,27.86,27.93,27.78,27.9,1052506,0
2014-05-01,17:00:00,27.89,28.01,27.77,27.81,1291072,0
2014-05-01,18:00:00,27.8,27.84,27.69,27.79,1026824,0
2014-05-01,19:00:00,27.79,27.82,27.73,27.78,644710,0
2014-05-01,20:00:00,27.78,27.94,27.75,27.91,830247,0
2014-05-01,21:00:00,27.91,27.96,27.82,27.89,647555,0
2014-05-01,22:00:00,27.89,27.94,27.82,27.83,921303,0
2014-05-02,16:00:00,27.84,27.91,27.66,27.74,1188127,0
2014-05-02,17:00:00,27.73,27.94,27.6,27.87,1792932,0
2014-05-02,18:00:00,27.88,27.92,27.76,27.78,1026150,0
2014-05-02,19:00:00,27.79,27.84,27.77,27.8,444812,0
2014-05-02,20:00:00,27.8,27.94,27.79,27.93,489122,0
2014-05-02,21:00:00,27.93,28,27.88,27.92,752712,0
2014-05-02,22:00:00,27.92,27.97,27.84,27.9,1368539,0
2014-05-05,16:00:00,28.2,28.34,28.1,28.1,1695425,0
2014-05-05,17:00:00,28.1,28.16,27.86,27.91,1889349,0
2014-05-05,18:00:00,27.92,27.96,27.82,27.87,808045,0
2014-05-05,19:00:00,27.87,27.93,27.85,27.93,333126,0
2014-05-05,20:00:00,27.93,27.96,27.89,27.9,410417,0
2014-05-05,21:00:00,27.89,27.9,27.76,27.8,625148,0
2014-05-05,22:00:00,27.8,27.85,27.79,27.81,852959,0
2014-05-06,16:00:00,27.93,28.07,27.93,27.99,813160,0
2014-05-06,17:00:00,27.97,28.07,27.89,28.06,1158135,0
2014-05-06,18:00:00,28.06,28.1,27.97,27.98,752492,0
2014-05-06,19:00:00,27.98,28.08,27.97,28.03,268977,0
2014-05-06,20:00:00,28.03,28.22,28.03,28.21,933855,0
2014-05-06,21:00:00,28.22,28.27,28.18,28.23,1043655,0
2014-05-06,22:00:00,28.24,28.3,28.15,28.27,1585002,0
2014-05-07,16:00:00,28.09,28.25,28.01,28.24,1260188,0
2014-05-07,17:00:00,28.24,28.52,28.13,28.3,2246005,0
2014-05-07,18:00:00,28.3,28.36,28,28.06,1344963,0
2014-05-07,19:00:00,28.06,28.2,28.03,28.18,735423,0
2014-05-07,20:00:00,28.19,28.24,28.08,28.24,906343,0
2014-05-07,21:00:00,28.25,28.26,28.03,28.07,636225,0
2014-05-07,22:00:00,28.07,28.16,27.93,27.96,1300607,0
