Date,Time,Open,High,Low,Close,Volume,OpenInt
2014-02-10,16:00:00,21.4481,21.4481,21.2586,21.2586,11191,0
2014-02-10,17:00:00,21.2885,21.2885,21.2486,21.2685,1303,0
2014-02-10,18:00:00,21.2785,21.3583,21.2785,21.3284,2606,0
2014-02-10,19:00:00,21.3284,21.3483,21.2785,21.2785,7814,0
2014-02-10,20:00:00,21.2885,21.3084,21.2685,21.3084,2707,0
2014-02-10,21:00:00,21.3084,21.3783,21.3084,21.3683,14360,0
2014-02-10,22:00:00,21.3483,21.3683,21.2386,21.2985,166080,0
2014-02-11,16:00:00,21.2685,21.4581,21.2685,21.4381,23898,0
2014-02-11,17:00:00,21.4381,21.498,21.4182,21.488,3514,0
2014-02-11,18:00:00,21.5279,21.5678,21.5179,21.5678,1905,0
2014-02-11,19:00:00,21.5578,21.5878,21.5279,21.5778,8535,0
2014-02-11,20:00:00,21.5878,21.6376,21.5878,21.6277,6227,0
2014-02-11,21:00:00,21.6277,21.6277,21.6077,21.6077,7368,0
2014-02-11,22:00:00,21.6077,21.6376,21.5479,21.6376,16793,0
2014-02-12,16:00:00,21.7873,21.7873,21.7274,21.7773,18152,0
2014-02-12,17:00:00,21.7574,21.7673,21.6376,21.6376,26643,0
2014-02-12,18:00:00,21.6975,21.7075,21.6676,21.6676,10490,0
2014-02-12,19:00:00,21.6376,21.6875,21.6376,21.6476,2316,0
2014-02-12,20:00:00,21.6476,21.7574,21.6476,21.7574,5388,0
2014-02-12,21:00:00,21.7274,21.7374,21.6177,21.6177,7993,0
2014-02-12,22:00:00,21.6476,21.7274,21.6376,21.6376,8592,0
2014-02-13,16:00:00,21.498,21.6077,21.498,21.5279,2709,0
2014-02-13,17:00:00,21.6177,21.6775,21.6177,21.6775,5964,0
2014-02-13,18:00:00,21.6676,21.6775,21.6576,21.6775,5137,0
2014-02-13,19:00:00,21.6476,21.6576,21.5878,21.6476,9019,0
2014-02-13,20:00:00,21.6476,21.7274,21.6476,21.7274,2313,0
2014-02-13,21:00:00,21.7574,21.7574,21.6476,21.7274,59286,0
2014-02-13,22:00:00,21.7274,21.7574,21.6775,21.7174,8006,0
2014-02-14,16:00:00,21.5878,21.7474,21.5878,21.7374,1946,0
2014-02-14,17:00:00,21.7474,21.8072,21.7474,21.7973,5425,0
2014-02-14,18:00:00,21.7973,21.8172,21.7773,21.8072,4046,0
2014-02-14,19:00:00,21.8172,21.8571,21.8172,21.8571,3074,0
2014-02-14,20:00:00,21.8571,21.887,21.8571,21.887,1804,0
2014-02-14,21:00:00,21.8771,21.897,21.8372,21.8671,6824,0
2014-02-14,22:00:00,21.8172,21.8571,21.8172,21.8571,3296,0
2014-02-18,16:00:00,21.907,21.907,21.7873,21.7973,12255,0
2014-02-18,17:00:00,21.7973,21.8471,21.7873,21.8471,60438,0
2014-02-18,18:00:00,21.8172,21.8372,21.7574,21.7973,15252,0
2014-02-18,19:00:00,21.8072,21.8372,21.7973,21.8072,1303,0
2014-02-18,20:00:00,21.8372,21.8671,21.8372,21.8671,7255,0
2014-02-18,21:00:00,21.8671,21.8671,21.8471,21.8571,4862,0
2014-02-18,22:00:00,21.8471,21.8771,21.8272,21.8571,9898,0
2014-02-19,16:00:00,21.7574,21.7574,21.6576,21.6576,18414,0
2014-02-19,17:00:00,21.6576,21.7374,21.6476,21.6975,8496,0
2014-02-19,18:00:00,21.7174,21.7174,21.6775,21.6975,7292,0
2014-02-19,19:00:00,21.6576,21.6576,21.5878,21.6177,14147,0
2014-02-19,20:00:00,21.5977,21.6077,21.5977,21.6077,4126,0
2014-02-19,21:00:00,21.5379,21.5578,21.5179,21.5179,4582,0
2014-02-19,22:00:00,21.5079,21.5179,21.4082,21.4681,47013,0
2014-02-20,16:00:00,21.5578,21.5578,21.3384,21.3783,4110,0
2014-02-20,17:00:00,21.4281,21.5479,21.4281,21.5479,2901,0
2014-02-20,18:00:00,21.5279,21.5778,21.5279,21.5479,5006,0
2014-02-20,19:00:00,21.5279,21.5878,21.5079,21.5878,4923,0
2014-02-20,20:00:00,21.5878,21.5977,21.5678,21.5878,2622,0
2014-02-20,21:00:00,21.498,21.6177,21.498,21.6077,3321,0
2014-02-20,22:00:00,21.5977,21.6177,21.5678,21.5678,8392,0
2014-02-21,16:00:00,21.7574,21.7574,21.6177,21.7474,2666,0
2014-02-21,17:00:00,21.7673,21.8272,21.7274,21.7773,5113,0
2014-02-21,18:00:00,21.6875,21.7474,21.6775,21.7075,4064,0
2014-02-21,19:00:00,21.7374,21.7374,21.6875,21.6875,2757,0
2014-02-21,20:00:00,21.7274,21.7574,21.7174,21.7274,4295,0
2014-02-21,21:00:00,21.7274,21.7574,21.7274,21.7574,1103,0
2014-02-21,22:00:00,21.7474,21.7673,21.7075,21.7274,13773,0
2014-02-24,16:00:00,21.6576,21.8471,21.6576,21.8471,1180,0
2014-02-24,17:00:00,21.8272,21.8771,21.7174,21.8771,685529,0
2014-02-24,18:00:00,21.917,21.9469,21.887,21.9469,19745,0
2014-02-24,19:00:00,21.917,21.9369,21.887,21.887,5384,0
2014-02-24,20:00:00,21.907,21.917,21.887,21.887,7268,0
2014-02-24,21:00:00,21.887,21.887,21.7873,21.8272,7387,0
2014-02-24,22:00:00,21.8272,21.8471,21.7075,21.7075,16197,0
2014-02-25,16:00:00,21.7274,21.7274,21.6177,21.6177,25861,0
2014-02-25,17:00:00,21.5977,21.6476,21.5977,21.6077,7413,0
2014-02-25,18:00:00,21.6277,21.7574,21.6277,21.7574,12455,0
2014-02-25,19:00:00,21.6975,21.6975,21.6775,21.6775,3320,0
2014-02-25,20:00:00,21.6775,21.6875,21.6775,21.6875,3508,0
2014-02-25,21:00:00,21.6676,21.6676,21.6277,21.6376,3709,0
2014-02-25,22:00:00,21.6277,21.6775,21.6077,21.6077,25455,0
2014-02-26,16:00:00,21.6077,21.6077,21.6077,21.6077,5332,0
2014-02-26,17:00:00,21.6476,21.6775,21.6077,21.6476,5133,0
2014-02-26,18:00:00,21.6975,21.6975,21.6676,21.6676,11733,0
2014-02-26,19:00:00,21.6676,21.6775,21.6676,21.6775,1455,0
2014-02-26,20:00:00,21.6676,21.7075,21.6576,21.7075,15668,0
2014-02-26,21:00:00,21.6975,21.6975,21.6277,21.6277,6390,0
2014-02-26,22:00:00,21.6476,21.7374,21.6476,21.7174,53295,0
2014-02-27,16:00:00,21.6177,21.6476,21.4581,21.6476,15711,0
2014-02-27,17:00:00,21.5778,21.6875,21.5778,21.6476,7834,0
2014-02-27,18:00:00,21.6376,21.7474,21.6277,21.7474,16072,0
2014-02-27,19:00:00,21.6775,21.7374,21.6775,21.7274,14254,0
2014-02-27,20:00:00,21.7174,21.8671,21.7174,21.8372,31422,0
2014-02-27,21:00:00,21.8471,21.8471,21.7773,21.7973,42289,0
2014-02-27,22:00:00,21.7973,21.907,21.7873,21.8072,36454,0
2014-02-28,16:00:00,21.917,22.1564,21.8471,22.0367,36454,0
2014-02-28,17:00:00,22.0367,22.1763,22.0367,22.1464,52701,0
2014-02-28,18:00:00,22.1464,22.1464,22.0466,22.1265,7418,0
2014-02-28,19:00:00,22.0766,22.1963,22.0766,22.1364,9555,0
2014-02-28,20:00:00,22.1963,22.2362,22.1963,22.2162,3308,0
2014-02-28,21:00:00,22.2063,22.2362,22.1165,22.1165,2867,0
2014-02-28,22:00:00,22.0766,22.1464,22.0067,22.1065,34681,0
2014-03-03,16:00:00,21.6975,21.8372,21.5179,21.8372,16858,0
2014-03-03,17:00:00,21.7973,21.8272,21.7574,21.7873,10564,0
2014-03-03,18:00:00,21.8072,21.8072,21.7474,21.7474,18764,0
2014-03-03,19:00:00,21.6975,21.7474,21.6576,21.6875,19768,0
2014-03-03,20:00:00,21.7075,21.7574,21.6975,21.7574,1930,0
2014-03-03,21:00:00,21.7574,21.7873,21.7574,21.7873,1313,0
2014-03-03,22:00:00,21.7773,21.7873,21.7374,21.7873,5921,0
2014-03-04,16:00:00,22.1664,22.2761,22.1664,22.2162,9960,0
2014-03-04,17:00:00,22.2362,22.2462,22.2063,22.2063,8510,0
2014-03-04,18:00:00,22.2262,22.2761,22.1963,22.2262,22666,0
2014-03-04,19:00:00,22.2661,22.306,22.2362,22.2362,32265,0
2014-03-04,20:00:00,22.2761,22.2761,22.2362,22.2362,5139,0
2014-03-04,21:00:00,22.2561,22.2561,22.2362,22.2561,1504,0
2014-03-04,22:00:00,22.2462,22.306,22.1963,22.1963,30364,0
2014-03-05,16:00:00,22.1963,22.1963,21.917,22.1863,7607,0
2014-03-05,17:00:00,22.1963,22.1963,22.1963,22.1963,1955,0
2014-03-05,18:00:00,22.1863,22.1863,22.1564,22.1763,2810,0
2014-03-05,19:00:00,22.1863,22.1963,22.1863,22.1963,5752,0
2014-03-05,20:00:00,22.2063,22.2063,22.2063,22.2063,902,0
2014-03-05,21:00:00,22.2162,22.2362,22.2063,22.2362,952,0
2014-03-05,22:00:00,22.2561,22.2561,22.1464,22.2561,8986,0
2014-03-06,16:00:00,22.4856,22.5953,22.4457,22.4557,26932,0
2014-03-06,17:00:00,22.4457,22.4756,22.3958,22.4357,16626,0
2014-03-06,18:00:00,22.3958,22.4357,22.3559,22.3559,9650,0
2014-03-06,19:00:00,22.3559,22.3659,22.336,22.3459,3605,0
2014-03-06,20:00:00,22.3559,22.3559,22.2362,22.2362,13937,0
2014-03-06,21:00:00,22.2462,22.316,22.2462,22.316,7602,0
2014-03-06,22:00:00,22.306,22.3559,22.306,22.3459,9792,0
2014-03-07,16:00:00,22.4557,22.4557,22.2262,22.2262,5094,0
2014-03-07,17:00:00,22.1863,22.2661,22.1863,22.2661,1203,0
2014-03-07,18:00:00,22.1863,22.1863,22.0965,22.1165,1318,0
2014-03-07,19:00:00,22.1863,22.1963,22.1564,22.1564,1396,0
2014-03-07,20:00:00,22.1165,22.1165,22.0766,22.1165,7383,0
2014-03-07,21:00:00,22.1165,22.1863,22.1165,22.1165,28193,0
2014-03-07,22:00:00,22.1364,22.1963,22.1364,22.1464,6207,0
2014-03-10,15:00:00,22.0267,22.1265,22.0267,22.0865,12798,0
2014-03-10,16:00:00,22.0766,22.0766,22.0067,22.0067,11361,0
2014-03-10,17:00:00,21.9868,22.1065,21.9768,21.9968,5401,0
2014-03-10,18:00:00,21.9968,22.0965,21.9968,22.0566,10255,0
2014-03-10,19:00:00,22.0666,22.1265,22.0267,22.0566,2328,0
2014-03-10,20:00:00,22.0566,22.0965,22.0466,22.0466,27682,0
2014-03-10,21:00:00,22.0466,22.1863,22.0466,22.1165,13013,0
2014-03-11,15:00:00,22.1863,22.1863,22.1564,22.1664,1253,0
2014-03-11,16:00:00,22.1763,22.2362,22.1763,22.2362,4482,0
2014-03-11,17:00:00,22.2561,22.2561,22.2561,22.2561,401,0
2014-03-11,18:00:00,22.2262,22.2262,22.0865,22.1564,283705,0
2014-03-11,19:00:00,22.0865,22.1664,22.0865,22.1464,101620,0
2014-03-11,20:00:00,22.1763,22.1763,22.0566,22.0865,178830,0
2014-03-11,21:00:00,22.0167,22.0566,21.9968,21.9968,551,0
2014-03-12,15:00:00,21.7274,21.8272,21.5778,21.6277,20105,0
2014-03-12,16:00:00,21.6875,21.7374,21.6875,21.6975,1268,0
2014-03-12,17:00:00,21.7474,21.8471,21.7374,21.7873,4867,0
2014-03-12,18:00:00,21.7873,21.7873,21.7873,21.7873,3609,0
2014-03-12,19:00:00,21.7873,21.7873,21.7873,21.7873,451,0
2014-03-12,20:00:00,21.7873,21.7973,21.7673,21.7973,21251,0
2014-03-12,21:00:00,21.7873,21.8372,21.7474,21.8072,22421,0
2014-03-13,15:00:00,21.7773,21.7773,21.7673,21.7673,857,0
2014-03-13,16:00:00,21.8172,21.8272,21.6975,21.6975,3909,0
2014-03-13,17:00:00,21.7075,21.7075,21.5977,21.6376,7400,0
2014-03-13,18:00:00,21.6277,21.6277,21.3783,21.4182,29023,0
2014-03-13,19:00:00,21.3982,21.4681,21.3583,21.4082,25859,0
2014-03-13,20:00:00,21.4182,21.4182,21.3483,21.3683,13723,0
2014-03-13,21:00:00,21.3683,21.4681,21.3284,21.4681,55301,0
2014-03-14,15:00:00,21.3084,21.5479,21.3084,21.5379,6520,0
2014-03-14,16:00:00,21.5379,21.6376,21.498,21.5479,8924,0
2014-03-14,17:00:00,21.5379,21.6376,21.478,21.6376,5011,0
2014-03-14,18:00:00,21.6476,21.6476,21.6277,21.6376,3809,0
2014-03-14,19:00:00,21.6177,21.6177,21.498,21.5578,33861,0
2014-03-14,20:00:00,21.5578,21.5878,21.5079,21.5479,6402,0
2014-03-14,21:00:00,21.5079,21.8471,21.488,21.5479,23243,0
2014-03-17,15:00:00,21.7274,21.7274,21.6676,21.6676,2199,0
2014-03-17,16:00:00,21.7274,21.7274,21.6476,21.6476,1774,0
2014-03-17,17:00:00,21.6177,21.6177,21.6177,21.6177,1047,0
2014-03-17,18:00:00,21.6177,21.6975,21.6177,21.6775,6983,0
2014-03-17,19:00:00,21.6576,21.6875,21.6177,21.6875,1328,0
2014-03-17,20:00:00,21.6476,21.6476,21.6476,21.6476,200,0
2014-03-17,21:00:00,21.6576,21.6875,21.6476,21.6775,7368,0
2014-03-18,15:00:00,21.5479,21.6975,21.5479,21.6875,7052,0
2014-03-18,16:00:00,21.8172,21.8172,21.8072,21.8072,1269,0
2014-03-18,17:00:00,21.8771,21.897,21.8671,21.8671,2822,0
2014-03-18,18:00:00,21.897,21.897,21.8471,21.8571,2307,0
2014-03-18,19:00:00,21.887,21.897,21.8471,21.897,3007,0
2014-03-18,20:00:00,21.897,21.897,21.8571,21.897,3458,0
2014-03-18,21:00:00,21.8571,21.8771,21.8272,21.8272,20814,0
2014-03-19,15:00:00,21.7973,21.8272,21.7973,21.8272,715,0
2014-03-19,16:00:00,21.8372,21.8571,21.7973,21.7973,2830,0
2014-03-19,17:00:00,21.8272,21.8272,21.7075,21.7075,1223,0
2014-03-19,18:00:00,21.7773,21.7773,21.7174,21.7174,1865,0
2014-03-19,19:00:00,21.8072,21.8072,21.7574,21.7574,747,0
2014-03-19,20:00:00,21.7574,21.7873,21.6975,21.7673,995,0
2014-03-19,21:00:00,21.6975,21.6975,21.5279,21.6077,68706,0
2014-03-20,15:00:00,21.3583,21.4581,21.3384,21.3583,14756,0
2014-03-20,16:00:00,21.3683,21.5279,21.3683,21.488,8114,0
2014-03-20,17:00:00,21.478,21.478,21.478,21.478,1552,0
2014-03-20,18:00:00,21.478,21.5379,21.478,21.5279,4834,0
2014-03-20,19:00:00,21.5279,21.5279,21.5279,21.5279,802,0
2014-03-20,20:00:00,21.5379,21.5379,21.5379,21.5379,1203,0
2014-03-20,21:00:00,21.5179,21.5179,21.4281,21.5079,8223,0
2014-03-21,15:00:00,21.7673,21.7873,21.7673,21.7873,1704,0
2014-03-21,16:00:00,21.6476,21.7474,21.6476,21.7075,16782,0
2014-03-21,17:00:00,21.7973,21.8072,21.7973,21.8072,2566,0
2014-03-21,18:00:00,21.8172,21.8172,21.6875,21.7374,18981,0
2014-03-21,19:00:00,21.7574,21.7574,21.6775,21.6775,3734,0
2014-03-21,20:00:00,21.6875,21.6875,21.6277,21.6576,4891,0
2014-03-21,21:00:00,21.5778,21.6177,21.5778,21.6177,728,0
2014-03-24,15:00:00,21.5179,21.5179,21.5179,21.5179,601,0
2014-03-24,16:00:00,21.4581,21.498,21.3882,21.4481,7949,0
2014-03-24,17:00:00,21.4481,21.478,21.3483,21.478,5466,0
2014-03-24,18:00:00,21.4281,21.498,21.4182,21.488,2094,0
2014-03-24,19:00:00,21.4481,21.498,21.4381,21.478,36974,0
2014-03-24,20:00:00,21.498,21.498,21.498,21.498,4988,0
2014-03-24,21:00:00,21.4681,21.488,21.4481,21.488,15033,0
2014-03-25,15:00:00,21.52,21.55,21.52,21.55,1202,0
2014-03-25,16:00:00,21.62,21.69,21.6,21.69,3140,0
2014-03-25,17:00:00,21.62,21.63,21.57,21.57,6083,0
2014-03-25,18:00:00,21.58,21.62,21.54,21.62,3016,0
2014-03-25,19:00:00,21.59,21.67,21.59,21.67,6525,0
2014-03-25,20:00:00,21.66,21.66,21.64,21.64,6874,0
2014-03-25,21:00:00,21.64,21.65,21.59,21.59,15081,0
2014-03-26,15:00:00,21.78,21.81,21.6,21.7,6628,0
2014-03-26,16:00:00,21.66,21.68,21.56,21.58,10415,0
2014-03-26,17:00:00,21.58,21.62,21.53,21.54,9985,0
2014-03-26,18:00:00,21.54,21.54,21.5,21.52,6500,0
2014-03-26,19:00:00,21.52,21.52,21.44,21.44,2661,0
2014-03-26,20:00:00,21.43,21.44,21.42,21.44,3216,0
2014-03-26,21:00:00,21.45,21.48,21.41,21.41,5630,0
2014-03-27,15:00:00,21.33,21.39,21.33,21.39,415,0
2014-03-27,16:00:00,21.39,21.51,21.39,21.45,12014,0
2014-03-27,17:00:00,21.46,21.46,21.41,21.43,3289,0
2014-03-27,18:00:00,21.41,21.44,21.41,21.44,15200,0
2014-03-27,19:00:00,21.48,21.49,21.44,21.44,1700,0
2014-03-27,20:00:00,21.47,21.47,21.47,21.47,856,0
2014-03-27,21:00:00,21.42,21.47,21.42,21.43,6040,0
2014-03-28,15:00:00,21.71,21.72,21.64,21.67,2100,0
2014-03-28,16:00:00,21.69,21.83,21.69,21.82,5725,0
2014-03-28,17:00:00,21.81,21.84,21.77,21.78,10554,0
2014-03-28,18:00:00,21.78,21.84,21.78,21.8,2000,0
2014-03-28,19:00:00,21.79,21.8,21.75,21.77,2536,0
2014-03-28,20:00:00,21.76,21.76,21.72,21.74,8605,0
2014-03-28,21:00:00,21.74,21.77,21.73,21.77,3806,0
2014-03-31,16:00:00,21.96,21.96,21.96,21.96,200,0
2014-03-31,17:00:00,21.93,21.99,21.91,21.91,37268,0
2014-03-31,18:00:00,21.94,21.95,21.85,21.88,55751,0
2014-03-31,19:00:00,21.88,21.94,21.87,21.91,54709,0
2014-03-31,20:00:00,21.9,21.91,21.85,21.85,54367,0
2014-03-31,21:00:00,21.85,21.86,21.85,21.85,29800,0
2014-03-31,22:00:00,21.85,21.87,21.84,21.85,80200,0
2014-04-01,16:00:00,22.04,22.04,21.85,21.98,13704,0
2014-04-01,17:00:00,21.99,22.02,21.96,21.96,18918,0
2014-04-01,18:00:00,21.96,21.97,21.94,21.97,12196,0
2014-04-01,19:00:00,21.94,21.98,21.94,21.97,5900,0
2014-04-01,20:00:00,21.97,21.98,21.95,21.97,5300,0
2014-04-01,21:00:00,21.97,22.02,21.96,22.02,7147,0
2014-04-01,22:00:00,22.03,22.09,22.03,22.09,6066,0
2014-04-02,16:00:00,22.21,22.27,22.21,22.23,8055,0
2014-04-02,17:00:00,22.22,22.31,22.2,22.25,60825,0
2014-04-02,18:00:00,22.24,22.26,22.24,22.26,10400,0
2014-04-02,19:00:00,22.3,22.3,22.3,22.3,960,0
2014-04-02,20:00:00,22.27,22.27,22.21,22.21,2280,0
2014-04-02,21:00:00,22.22,22.24,22.22,22.23,1400,0
2014-04-02,22:00:00,22.27,22.33,22.27,22.31,17874,0
2014-04-03,16:00:00,22.29,22.29,22.29,22.29,465,0
2014-04-03,17:00:00,22.28,22.28,22.21,22.21,2155,0
2014-04-03,18:00:00,22.25,22.25,22.14,22.16,7333,0
2014-04-03,19:00:00,22.19,22.19,22.13,22.13,9464,0
2014-04-03,20:00:00,22.13,22.18,22.13,22.18,1100,0
2014-04-03,21:00:00,22.14,22.16,22.12,22.12,7538,0
2014-04-03,22:00:00,22.15,22.21,22.15,22.2,3406,0
2014-04-04,16:00:00,22.31,22.31,22.31,22.31,222,0
2014-04-04,17:00:00,22.32,22.38,22.29,22.3,4040,0
2014-04-04,18:00:00,22.31,22.31,22.2,22.2,4050,0
2014-04-04,19:00:00,22.1,22.16,22.07,22.07,1330,0
2014-04-04,20:00:00,22.07,22.13,22.06,22.07,4510,0
2014-04-04,21:00:00,22.09,22.09,22.05,22.07,400,0
2014-04-04,22:00:00,22.07,22.11,22.07,22.11,6159,0
2014-04-07,16:00:00,22,22.01,21.88,21.88,44260,0
2014-04-07,17:00:00,21.94,21.95,21.88,21.9,19895,0
2014-04-07,18:00:00,21.87,21.87,21.82,21.82,8380,0
2014-04-07,19:00:00,21.79,21.79,21.76,21.76,4759,0
2014-04-07,20:00:00,21.76,21.78,21.74,21.74,4136,0
2014-04-07,21:00:00,21.71,21.77,21.7,21.77,8183,0
2014-04-07,22:00:00,21.79,21.84,21.78,21.79,12411,0
2014-04-08,16:00:00,21.8,21.85,21.79,21.81,33905,0
2014-04-08,17:00:00,21.8,21.8,21.7,21.74,4005,0
2014-04-08,18:00:00,21.82,21.86,21.77,21.77,78546,0
2014-04-08,19:00:00,21.8,21.81,21.77,21.81,3922,0
2014-04-08,20:00:00,21.78,21.89,21.78,21.89,46354,0
2014-04-08,21:00:00,21.88,21.88,21.79,21.8,30885,0
2014-04-08,22:00:00,21.84,21.86,21.82,21.86,4920,0
2014-04-09,16:00:00,21.86,21.9,21.86,21.9,2877,0
2014-04-09,18:00:00,21.85,21.9,21.85,21.9,1500,0
2014-04-09,19:00:00,21.93,21.93,21.93,21.93,535,0
2014-04-09,20:00:00,21.92,21.92,21.92,21.92,745,0
2014-04-09,21:00:00,22,22,21.97,21.97,989,0
2014-04-09,22:00:00,21.93,22.07,21.93,22.07,11313,0
2014-04-10,16:00:00,21.99,22.01,21.93,21.93,11007,0
2014-04-10,17:00:00,21.95,21.99,21.92,21.92,18827,0
2014-04-10,18:00:00,21.92,21.92,21.88,21.88,2400,0
2014-04-10,19:00:00,21.88,21.88,21.84,21.84,700,0
2014-04-10,20:00:00,21.78,21.79,21.72,21.72,6330,0
2014-04-10,21:00:00,21.77,21.77,21.76,21.76,300,0
2014-04-10,22:00:00,21.64,21.73,21.64,21.66,4982,0
2014-04-11,16:00:00,21.51,21.64,21.5,21.55,8443,0
2014-04-11,17:00:00,21.54,21.64,21.52,21.64,8618,0
2014-04-11,18:00:00,21.7,21.7,21.6,21.61,7390,0
2014-04-11,19:00:00,21.64,21.65,21.63,21.65,4100,0
2014-04-11,20:00:00,21.65,21.65,21.59,21.59,6700,0
2014-04-11,21:00:00,21.6,21.6,21.52,21.55,4381,0
2014-04-11,22:00:00,21.54,21.59,21.54,21.57,11382,0
2014-04-14,16:00:00,21.5,21.52,21.45,21.45,22246,0
2014-04-14,17:00:00,21.46,21.46,21.42,21.42,1805,0
2014-04-14,18:00:00,21.51,21.51,21.46,21.46,7865,0
2014-04-14,19:00:00,21.45,21.48,21.45,21.48,2567,0
2014-04-14,20:00:00,21.49,21.5,21.45,21.49,3012,0
2014-04-14,21:00:00,21.4,21.4,21.37,21.39,15456,0
2014-04-14,22:00:00,21.39,21.44,21.29,21.41,19462,0
2014-04-15,16:00:00,21.29,21.35,21.29,21.35,2518,0
2014-04-15,17:00:00,21.25,21.33,21.2,21.23,18218,0
2014-04-15,18:00:00,21.19,21.21,21.13,21.13,68480,0
2014-04-15,19:00:00,21.13,21.13,21.1,21.12,16018,0
2014-04-15,20:00:00,21.09,21.19,21.09,21.16,8500,0
2014-04-15,21:00:00,21.23,21.29,21.21,21.29,1250,0
2014-04-15,22:00:00,21.28,21.36,21.28,21.33,4151,0
2014-04-16,16:00:00,21.53,21.53,21.53,21.53,525,0
2014-04-16,17:00:00,21.6,21.6,21.6,21.6,400,0
2014-04-16,18:00:00,21.71,21.71,21.71,21.71,475,0
2014-04-16,19:00:00,21.75,21.75,21.75,21.75,297,0
2014-04-16,20:00:00,21.65,21.67,21.64,21.67,4954,0
2014-04-16,21:00:00,21.67,21.73,21.67,21.73,940,0
2014-04-16,22:00:00,21.71,21.71,21.69,21.71,1953,0
2014-04-17,16:00:00,21.76,21.77,21.76,21.76,1160,0
2014-04-17,17:00:00,21.77,21.79,21.77,21.77,8016,0
2014-04-17,19:00:00,21.78,21.81,21.78,21.81,2246,0
2014-04-17,20:00:00,21.83,21.87,21.83,21.87,5350,0
2014-04-17,21:00:00,21.89,21.89,21.89,21.89,632,0
2014-04-17,22:00:00,21.92,21.95,21.92,21.94,4654,0
2014-04-21,16:00:00,21.93,21.93,21.82,21.82,5982,0
2014-04-21,17:00:00,21.81,21.84,21.77,21.77,3329,0
2014-04-21,18:00:00,21.82,21.86,21.82,21.84,2900,0
2014-04-21,19:00:00,21.83,21.85,21.83,21.85,1950,0
2014-04-21,20:00:00,21.85,21.85,21.85,21.85,200,0
2014-04-21,21:00:00,21.85,21.95,21.85,21.95,2220,0
2014-04-21,22:00:00,21.95,21.97,21.94,21.97,7033,0
2014-04-22,16:00:00,21.88,21.96,21.88,21.96,2867,0
2014-04-22,17:00:00,21.94,21.94,21.9,21.9,1174,0
2014-04-22,18:00:00,21.92,21.93,21.92,21.93,230,0
2014-04-22,19:00:00,21.93,21.95,21.93,21.95,2000,0
2014-04-22,20:00:00,21.94,21.95,21.94,21.95,1300,0
2014-04-22,21:00:00,21.94,21.96,21.93,21.94,1960,0
2014-04-22,22:00:00,21.97,21.97,21.91,21.93,17000,0
2014-04-23,16:00:00,21.86,21.86,21.86,21.86,500,0
2014-04-23,17:00:00,21.93,21.93,21.92,21.93,2114,0
2014-04-23,18:00:00,21.92,21.92,21.91,21.92,850,0
2014-04-23,19:00:00,21.9,21.93,21.9,21.92,1900,0
2014-04-23,21:00:00,21.91,21.91,21.88,21.89,3601,0
2014-04-23,22:00:00,21.89,21.92,21.89,21.92,2600,0
2014-04-24,16:00:00,21.91,21.91,21.81,21.81,1570,0
2014-04-24,17:00:00,21.8,21.8,21.77,21.77,600,0
2014-04-24,18:00:00,21.84,21.93,21.84,21.9,15118,0
2014-04-24,19:00:00,21.87,21.9,21.87,21.88,2340,0
2014-04-24,20:00:00,21.87,21.87,21.82,21.82,1460,0
2014-04-24,21:00:00,21.81,21.81,21.81,21.81,200,0
2014-04-24,22:00:00,21.8,21.82,21.75,21.75,5374,0
2014-04-25,16:00:00,21.67,21.67,21.63,21.63,4350,0
2014-04-25,17:00:00,21.6,21.6,21.57,21.57,525,0
2014-04-25,18:00:00,21.56,21.58,21.51,21.58,13755,0
2014-04-25,19:00:00,21.62,21.62,21.62,21.62,2772,0
2014-04-25,20:00:00,21.56,21.56,21.5,21.5,1750,0
2014-04-25,21:00:00,21.49,21.53,21.48,21.53,7804,0
2014-04-25,22:00:00,21.49,21.53,21.49,21.5,644,0
2014-04-28,16:00:00,21.5,21.54,21.5,21.54,316,0
2014-04-28,17:00:00,21.48,21.61,21.48,21.58,3123,0
2014-04-28,18:00:00,21.55,21.55,21.55,21.55,1352,0
2014-04-28,19:00:00,21.48,21.48,21.48,21.48,2150,0
2014-04-28,20:00:00,21.43,21.43,21.35,21.37,650,0
2014-04-28,21:00:00,21.4,21.49,21.4,21.49,1700,0
2014-04-28,22:00:00,21.46,21.51,21.46,21.48,9336,0
2014-04-29,16:00:00,21.66,21.66,21.66,21.66,280,0
2014-04-29,17:00:00,21.65,21.67,21.63,21.67,2091,0
2014-04-29,18:00:00,21.65,21.67,21.65,21.65,8908,0
2014-04-29,19:00:00,21.65,21.69,21.65,21.69,752,0
2014-04-29,20:00:00,21.65,21.68,21.65,21.68,500,0
2014-04-29,21:00:00,21.65,21.66,21.65,21.66,2413,0
2014-04-29,22:00:00,21.63,21.67,21.63,21.65,14025,0
2014-04-30,16:00:00,21.48,21.58,21.47,21.58,2722,0
2014-04-30,17:00:00,21.56,21.58,21.56,21.58,2539,0
2014-04-30,18:00:00,21.62,21.62,21.58,21.58,550,0
2014-04-30,19:00:00,21.61,21.61,21.59,21.59,200,0
2014-04-30,20:00:00,21.6,21.6,21.58,21.58,5314,0
2014-04-30,21:00:00,21.62,21.67,21.61,21.67,4862,0
2014-04-30,22:00:00,21.65,21.69,21.64,21.64,3701,0
2014-05-01,16:00:00,21.65,21.65,21.65,21.65,1200,0
2014-05-01,17:00:00,21.76,21.76,21.76,21.76,1957,0
2014-05-01,18:00:00,21.78,21.84,21.76,21.84,3043,0
2014-05-01,19:00:00,21.92,21.92,21.92,21.92,300,0
2014-05-01,20:00:00,21.92,21.92,21.86,21.86,465,0
2014-05-01,21:00:00,21.86,21.86,21.76,21.76,1031,0
2014-05-01,22:00:00,21.74,21.79,21.71,21.76,63046,0
2014-05-02,17:00:00,21.95,22.03,21.95,21.98,3300,0
2014-05-02,18:00:00,22,22,21.95,21.95,920,0
2014-05-02,19:00:00,21.95,21.95,21.91,21.91,2300,0
2014-05-02,20:00:00,21.88,21.88,21.88,21.88,5200,0
2014-05-02,22:00:00,21.91,21.93,21.85,21.92,12921,0
2014-05-05,16:00:00,21.88,21.88,21.65,21.78,4845,0
2014-05-05,17:00:00,21.81,21.85,21.78,21.85,1200,0
2014-05-05,18:00:00,21.9,21.93,21.87,21.93,3000,0
2014-05-05,19:00:00,21.93,21.93,21.93,21.93,300,0
2014-05-05,20:00:00,21.89,21.89,21.87,21.87,1000,0
2014-05-05,22:00:00,21.92,21.92,21.88,21.89,10192,0
2014-05-06,17:00:00,21.85,21.89,21.83,21.89,1413,0
2014-05-06,19:00:00,21.86,21.88,21.86,21.88,2335,0
2014-05-06,20:00:00,21.88,21.88,21.86,21.86,200,0
2014-05-06,21:00:00,21.85,21.85,21.81,21.81,1457,0
2014-05-06,22:00:00,21.81,21.83,21.81,21.82,5029,0
2014-05-07,16:00:00,21.69,21.69,21.69,21.69,300,0
2014-05-07,17:00:00,21.69,21.72,21.64,21.7,3214,0
2014-05-07,18:00:00,21.69,21.72,21.68,21.72,3440,0
2014-05-07,19:00:00,21.76,21.76,21.72,21.76,335,0
2014-05-07,20:00:00,21.77,21.77,21.71,21.71,3680,0
2014-05-07,21:00:00,21.75,21.78,21.75,21.77,1500,0
2014-05-07,22:00:00,21.78,21.8,21.75,21.76,2441,0
