Date,Time,Open,High,Low,Close,Volume,OpenInt
2014-02-10,16:00:00,43.96,44.25,43.7,44.25,5322,0
2014-02-10,17:00:00,44.15,44.42,43.43,44.42,5532,0
2014-02-10,21:00:00,44.18,44.18,44.18,44.18,1700,0
2014-02-10,22:00:00,43.38,43.94,43.38,43.94,6617,0
2014-02-11,16:00:00,43.94,43.94,43.94,43.94,300,0
2014-02-11,17:00:00,43.94,44.43,43.94,44.4,2600,0
2014-02-11,18:00:00,44.57,44.57,44,44,1680,0
2014-02-11,19:00:00,44.04,44.07,44.04,44.07,1800,0
2014-02-11,22:00:00,43.72,44.13,43.65,44.13,3906,0
2014-02-12,16:00:00,43.56,43.56,43.56,43.56,600,0
2014-02-12,18:00:00,43.99,44.06,43.99,44.06,800,0
2014-02-12,19:00:00,44.5,44.5,44.35,44.35,13000,0
2014-02-12,22:00:00,43.6,44.13,43.35,43.35,4188,0
2014-02-13,17:00:00,43.2,43.2,43.2,43.2,224,0
2014-02-13,18:00:00,43.43,43.43,42.28,42.28,1600,0
2014-02-13,21:00:00,43.84,43.84,43.84,43.84,312,0
2014-02-13,22:00:00,43.88,43.88,43.59,43.59,2842,0
2014-02-14,19:00:00,43.69,43.69,43.69,43.69,400,0
2014-02-14,20:00:00,44,44,44,44,700,0
2014-02-14,21:00:00,43.97,43.97,43.97,43.97,400,0
2014-02-14,22:00:00,43.69,43.69,43.41,43.41,2034,0
2014-02-18,16:00:00,43.9,43.9,43.41,43.45,2840,0
2014-02-18,18:00:00,43.79,43.79,43.79,43.79,200,0
2014-02-18,19:00:00,43.59,43.59,43.5,43.5,700,0
2014-02-18,20:00:00,43.49,44.3,43.49,44.16,8797,0
2014-02-18,21:00:00,44,44.24,43.84,43.89,5100,0
2014-02-18,22:00:00,43.9,44.54,43.9,44.54,7817,0
2014-02-19,16:00:00,43.99,44,43.99,44,800,0
2014-02-19,17:00:00,44.18,45.52,44.14,44.72,4565,0
2014-02-19,18:00:00,44.58,44.93,44.21,44.32,3200,0
2014-02-19,19:00:00,44.22,44.41,44,44.02,2893,0
2014-02-19,21:00:00,44.35,44.35,43.89,44.04,7934,0
2014-02-19,22:00:00,44,44,43.71,43.71,2607,0
2014-02-20,16:00:00,44.46,44.46,44.21,44.3,2400,0
2014-02-20,17:00:00,43.9,44.52,43.9,44.5,2200,0
2014-02-20,18:00:00,44.41,44.41,44.41,44.41,700,0
2014-02-20,19:00:00,44.11,44.41,44.1,44.41,3000,0
2014-02-20,20:00:00,44.56,44.6,44.12,44.6,1839,0
2014-02-20,21:00:00,44.33,44.6,44.33,44.6,2248,0
2014-02-20,22:00:00,44.6,44.8,43.84,44.64,3498,0
2014-02-21,16:00:00,44.86,44.86,44.59,44.69,3200,0
2014-02-21,17:00:00,44.66,45.92,44.66,45.92,2056,0
2014-02-21,18:00:00,45.38,45.7,45.22,45.4,5338,0
2014-02-21,19:00:00,45.22,45.98,45.19,45.52,3445,0
2014-02-21,20:00:00,45.6,45.61,45.3,45.37,3560,0
2014-02-21,21:00:00,45.38,45.68,45.27,45.52,7109,0
2014-02-21,22:00:00,45.4,45.7,45.04,45.34,11755,0
2014-02-24,16:00:00,44.99,45.82,44.99,45.5,6200,0
2014-02-24,17:00:00,45.7,45.7,45.3,45.52,5300,0
2014-02-24,18:00:00,45.37,45.71,45.37,45.55,2598,0
2014-02-24,19:00:00,45.65,46.02,45.65,46.02,3200,0
2014-02-24,20:00:00,45.88,45.88,45.88,45.88,800,0
2014-02-24,21:00:00,46.2,46.26,45.98,46,3800,0
2014-02-24,22:00:00,45.88,46.45,45.54,46.08,20642,0
2014-02-25,16:00:00,45.9,46.5,45.9,46.5,5870,0
2014-02-25,17:00:00,46.3,46.46,46.15,46.3,4281,0
2014-02-25,18:00:00,46.3,46.6,46.2,46.55,1100,0
2014-02-25,19:00:00,46.16,46.6,46.16,46.3,3200,0
2014-02-25,20:00:00,46.27,46.5,46.26,46.5,6700,0
2014-02-25,22:00:00,46.37,46.5,45.9,46.08,8640,0
2014-02-26,16:00:00,46.6,46.9,46.1,46.55,4662,0
2014-02-26,17:00:00,46.36,46.86,46.36,46.76,5098,0
2014-02-26,18:00:00,46.8,46.84,46.41,46.84,1300,0
2014-02-26,19:00:00,46.84,47,46.84,47,400,0
2014-02-26,20:00:00,46.9,47.4,46.8,46.85,4800,0
2014-02-26,21:00:00,46.84,46.84,46.42,46.7,1600,0
2014-02-26,22:00:00,46.66,47.06,46.66,47.06,6420,0
2014-02-27,16:00:00,47.1,47.4,47.1,47.4,847,0
2014-02-27,17:00:00,47.4,47.9,47.15,47.56,2700,0
2014-02-27,18:00:00,47.4,47.46,47.4,47.46,900,0
2014-02-27,19:00:00,47.3,47.65,47.3,47.4,4400,0
2014-02-27,21:00:00,47.42,47.42,47.42,47.42,2400,0
2014-02-27,22:00:00,47.86,48.68,47.8,48.21,11903,0
2014-02-28,16:00:00,48.21,48.63,47.7,48.32,4400,0
2014-02-28,17:00:00,48.35,48.88,48.35,48.88,900,0
2014-02-28,18:00:00,48.7,48.8,48.42,48.7,3400,0
2014-02-28,19:00:00,48.94,49.2,48.6,49.04,7067,0
2014-02-28,20:00:00,49.48,49.48,49.2,49.2,400,0
2014-02-28,21:00:00,49.25,49.69,49,49.25,3100,0
2014-02-28,22:00:00,48.89,49.63,48.78,48.91,5482,0
2014-03-03,16:00:00,48.6,48.8,47.71,48.2,5602,0
2014-03-03,17:00:00,48.41,49.36,48.3,48.8,4384,0
2014-03-03,18:00:00,49.36,49.36,48.62,48.74,5403,0
2014-03-03,19:00:00,49.28,50.05,49.07,50.05,3500,0
2014-03-03,20:00:00,50,50.19,50,50.19,1700,0
2014-03-03,21:00:00,50.56,50.56,49.95,50.15,2896,0
2014-03-03,22:00:00,50.66,50.81,50.66,50.81,2972,0
2014-03-04,16:00:00,51.94,53.05,51.8,53.05,2500,0
2014-03-04,17:00:00,53.65,54.18,53.41,54.18,4000,0
2014-03-04,18:00:00,54,54.3,53.86,54.3,3400,0
2014-03-04,19:00:00,53.8,54.4,53.8,54.4,1831,0
2014-03-04,20:00:00,54.09,54.5,54.09,54.5,2062,0
2014-03-04,21:00:00,54.49,54.6,54.49,54.6,3858,0
2014-03-04,22:00:00,54,55,54,54.43,23884,0
2014-03-05,16:00:00,53.59,53.93,52.24,53.05,2060,0
2014-03-05,17:00:00,52.98,53.85,52.97,53.51,3700,0
2014-03-05,18:00:00,53.7,53.8,53.51,53.51,1500,0
2014-03-05,22:00:00,53,53.9,53,53.42,8616,0
2014-03-06,16:00:00,52.9,53.9,52.9,53.9,1330,0
2014-03-06,17:00:00,52.99,54.2,52.99,53.24,2700,0
2014-03-06,19:00:00,53.8,53.8,53.43,53.51,2564,0
2014-03-06,21:00:00,53.06,53.06,53.06,53.06,1365,0
2014-03-06,22:00:00,53.16,53.45,53.1,53.45,2406,0
2014-03-07,16:00:00,53.53,53.53,53.53,53.53,1000,0
2014-03-07,17:00:00,53.5,53.5,53.5,53.5,200,0
2014-03-07,18:00:00,53.1,53.1,53.1,53.1,300,0
2014-03-07,19:00:00,53.49,53.49,53.19,53.19,500,0
2014-03-07,20:00:00,52.62,52.77,52.62,52.77,700,0
2014-03-07,21:00:00,52.45,52.45,52.45,52.45,382,0
2014-03-07,22:00:00,53.11,53.7,52.61,53.27,8700,0
2014-03-10,16:00:00,53.42,53.42,52.6,52.9,4071,0
2014-03-10,17:00:00,52.7,53.2,52.7,52.88,7998,0
2014-03-10,18:00:00,53.05,53.08,52.6,52.6,4500,0
2014-03-10,19:00:00,53.01,53.1,52.72,53.1,2474,0
2014-03-10,20:00:00,53,53.03,53,53.01,700,0
2014-03-10,21:00:00,53,53.78,52.73,53.7,6643,0
2014-03-11,15:00:00,52.3,53.04,52.3,52.4,1300,0
2014-03-11,16:00:00,52.55,53.1,52.55,52.95,7450,0
2014-03-11,17:00:00,53.31,53.31,52.6,52.6,1316,0
2014-03-11,18:00:00,52.2,52.22,49.62,51,5700,0
2014-03-11,19:00:00,51.3,51.3,50.3,50.89,1800,0
2014-03-11,20:00:00,50.89,50.89,50.7,50.7,1600,0
2014-03-11,21:00:00,50.22,51,50.22,50.39,3643,0
2014-03-12,15:00:00,50.5,50.6,48.76,49.5,4226,0
2014-03-12,16:00:00,50.78,50.78,49,49.06,1400,0
2014-03-12,17:00:00,49.55,49.55,49.4,49.4,1300,0
2014-03-12,19:00:00,49,49.21,48.05,48.05,4394,0
2014-03-12,20:00:00,47.65,47.91,47.49,47.6,2607,0
2014-03-12,21:00:00,47.8,49.61,47.3,48.87,10530,0
2014-03-13,15:00:00,48.41,49.29,48.4,48.88,5526,0
2014-03-13,16:00:00,49.33,50.3,49.33,50.2,5901,0
2014-03-13,18:00:00,49.9,50.1,49.13,49.5,4200,0
2014-03-13,19:00:00,49,49.58,48.8,49.39,3900,0
2014-03-13,20:00:00,49.6,49.6,49.04,49.49,4400,0
2014-03-13,21:00:00,49.32,50,48.61,49.89,13830,0
2014-03-14,15:00:00,49.95,49.95,49.73,49.8,4396,0
2014-03-14,16:00:00,50,50,50,50,400,0
2014-03-14,17:00:00,50.2,50.29,49.59,49.74,2747,0
2014-03-14,18:00:00,49.72,50.1,49.72,50.08,1500,0
2014-03-14,20:00:00,49.51,50.47,49.51,50.18,1000,0
2014-03-14,21:00:00,49.25,49.88,49.25,49.87,4664,0
2014-03-17,15:00:00,50.2,50.2,49.3,49.8,1800,0
2014-03-17,16:00:00,49.14,50.63,49.14,50.63,3433,0
2014-03-17,17:00:00,49.45,49.97,49.03,49.8,3220,0
2014-03-17,18:00:00,49.55,49.85,49.2,49.58,3200,0
2014-03-17,19:00:00,49.6,49.85,49.44,49.61,2300,0
2014-03-17,20:00:00,49.68,49.7,49.3,49.65,4200,0
2014-03-17,21:00:00,49.99,50.48,49.4,50.04,9206,0
2014-03-18,15:00:00,49.7,50.09,49.7,50.09,3300,0
2014-03-18,16:00:00,50.2,50.3,50.09,50.09,3100,0
2014-03-18,19:00:00,50.2,50.2,50.2,50.2,1000,0
2014-03-18,20:00:00,50,50.52,50,50.1,2800,0
2014-03-18,21:00:00,50.01,50.47,49.97,50.41,4478,0
2014-03-19,15:00:00,49.88,49.88,49.88,49.88,1200,0
2014-03-19,17:00:00,49.92,50.2,49.92,50,3594,0
2014-03-19,19:00:00,50,50,50,50,100,0
2014-03-19,20:00:00,49.57,50.05,49.57,49.99,1600,0
2014-03-19,21:00:00,50,50.08,49.6,49.74,3963,0
2014-03-20,15:00:00,49.91,49.91,49.39,49.41,1000,0
2014-03-20,16:00:00,49.92,50,49.65,49.7,1900,0
2014-03-20,17:00:00,50.36,50.36,50.36,50.36,100,0
2014-03-20,18:00:00,49.9,50.48,49.5,50.3,2900,0
2014-03-20,19:00:00,50.26,50.29,50.22,50.29,1100,0
2014-03-20,20:00:00,50.32,50.67,49.63,50.1,17945,0
2014-03-20,21:00:00,49.81,50.05,49.5,49.7,6026,0
2014-03-21,15:00:00,50.22,50.49,50.22,50.41,1500,0
2014-03-21,16:00:00,50.43,50.64,50.24,50.52,4305,0
2014-03-21,17:00:00,50.61,50.61,50.61,50.61,600,0
2014-03-21,19:00:00,50.5,51.05,50.4,51,2800,0
2014-03-21,20:00:00,51,51,51,51,900,0
2014-03-21,21:00:00,51.48,52.98,50.56,51.98,22501,0
2014-03-24,15:00:00,52,52,52,52,2386,0
2014-03-24,16:00:00,50.96,51.5,50.96,51.3,3695,0
2014-03-24,17:00:00,51.48,51.48,51.48,51.48,4403,0
2014-03-24,21:00:00,51.98,51.98,51.01,51.46,8542,0
2014-03-25,15:00:00,51.6,51.8,51.41,51.6,2300,0
2014-03-25,16:00:00,51.76,51.76,51.76,51.76,700,0
2014-03-25,18:00:00,51.77,51.77,51.63,51.63,1000,0
2014-03-25,19:00:00,51.63,51.79,51.25,51.43,2347,0
2014-03-25,20:00:00,51.3,51.75,51.3,51.52,3900,0
2014-03-25,21:00:00,51.36,51.83,51.25,51.83,3758,0
2014-03-26,15:00:00,52.8,52.96,52.5,52.79,1100,0
2014-03-26,18:00:00,52.93,52.93,52.93,52.93,100,0
2014-03-26,19:00:00,52.5,52.98,51.5,51.8,3200,0
2014-03-26,20:00:00,51.8,52.03,51.61,51.61,1900,0
2014-03-26,21:00:00,51.9,51.9,50.5,51.33,12508,0
2014-03-27,15:00:00,51.75,51.9,51.32,51.32,6500,0
2014-03-27,16:00:00,51.16,51.5,51.16,51.4,2470,0
2014-03-27,17:00:00,51.43,51.44,50.66,50.66,2400,0
2014-03-27,18:00:00,50.96,51.36,50.96,51.26,1900,0
2014-03-27,19:00:00,51.53,51.53,51.13,51.2,2092,0
2014-03-27,20:00:00,51.45,51.64,51.23,51.31,2400,0
2014-03-27,21:00:00,51.25,51.5,51.05,51.05,5812,0
2014-03-28,15:00:00,50.88,50.88,49.11,50.47,3330,0
2014-03-28,16:00:00,50.75,50.75,49.02,49.02,4600,0
2014-03-28,17:00:00,48.02,49.23,46.56,47.01,7600,0
2014-03-28,18:00:00,47.55,48.55,47,47.99,6690,0
2014-03-28,19:00:00,48,48.8,48,48.8,1200,0
2014-03-28,20:00:00,48.4,48.95,48.4,48.95,1100,0
2014-03-28,21:00:00,49,49.02,48.59,48.91,5608,0
2014-03-31,16:00:00,49.61,49.73,49.55,49.6,4200,0
2014-03-31,17:00:00,50.16,50.16,49.51,49.6,4198,0
2014-03-31,18:00:00,50.25,50.25,49.48,50.08,2800,0
2014-03-31,19:00:00,49.55,50.28,49.55,50.28,4500,0
2014-03-31,22:00:00,50.28,50.28,49.46,49.69,10883,0
2014-04-01,16:00:00,49.99,50.24,49.67,49.7,7356,0
2014-04-01,17:00:00,50.06,50.06,49.93,49.99,1900,0
2014-04-01,19:00:00,49.61,50.25,49.61,50.25,600,0
2014-04-01,20:00:00,49.75,49.75,49.75,49.75,1220,0
2014-04-01,21:00:00,50.3,50.6,50.2,50.29,1700,0
2014-04-01,22:00:00,50.14,50.54,49.99,50.54,11061,0
2014-04-02,16:00:00,50.34,50.34,50.34,50.34,300,0
2014-04-02,17:00:00,50.46,50.93,50.46,50.93,1700,0
2014-04-02,18:00:00,50.91,50.91,50.91,50.91,400,0
2014-04-02,19:00:00,50.89,50.89,50.61,50.61,1700,0
2014-04-02,21:00:00,50.21,50.42,50.16,50.42,1200,0
2014-04-02,22:00:00,50.36,50.9,50.12,50.12,5133,0
2014-04-03,18:00:00,50.15,50.15,50.15,50.15,1700,0
2014-04-03,20:00:00,50.06,50.21,49.87,50.2,3200,0
2014-04-03,21:00:00,50.01,50.2,49.58,50.2,1800,0
2014-04-03,22:00:00,50.19,50.29,49.5,49.5,13754,0
2014-04-04,16:00:00,49.68,49.68,49,49,3018,0
2014-04-04,17:00:00,49.65,49.68,48.61,49,8192,0
2014-04-04,18:00:00,48.8,48.8,48.8,48.8,500,0
2014-04-04,19:00:00,48.4,48.61,48.4,48.6,600,0
2014-04-04,20:00:00,48.61,48.8,48.5,48.79,1811,0
2014-04-04,21:00:00,48.33,48.33,48.02,48.2,2000,0
2014-04-04,22:00:00,48.23,48.23,47.71,48.01,7095,0
2014-04-07,16:00:00,47.68,47.75,47.6,47.75,2200,0
2014-04-07,17:00:00,47.72,47.72,47.25,47.55,900,0
2014-04-07,18:00:00,46.91,47.69,46.81,47.69,7385,0
2014-04-07,19:00:00,47.26,47.4,46.9,47.31,1100,0
2014-04-07,20:00:00,47.16,47.16,46.82,47.08,1800,0
2014-04-07,21:00:00,46.95,47.41,46.15,47.2,10584,0
2014-04-07,22:00:00,46.92,47.44,46.3,47.33,10490,0
2014-04-08,16:00:00,47.35,47.91,47.35,47.49,8728,0
2014-04-08,21:00:00,47.48,47.8,47.4,47.7,3300,0
2014-04-08,22:00:00,48.01,48.24,48.01,48.04,8141,0
2014-04-09,18:00:00,48.45,48.98,48.45,48.98,6574,0
2014-04-09,20:00:00,49.08,49.43,48.61,48.8,2908,0
2014-04-09,21:00:00,49,49.2,48.43,48.7,4100,0
2014-04-09,22:00:00,49.06,49.18,48.59,48.62,8801,0
2014-04-10,16:00:00,48.44,48.44,47.9,47.94,1200,0
2014-04-10,17:00:00,48.5,48.6,47.67,48.5,3268,0
2014-04-10,18:00:00,48.34,48.71,48,48.35,4199,0
2014-04-10,19:00:00,48.33,48.33,47.2,47.2,600,0
2014-04-10,20:00:00,48.3,48.3,47.36,47.8,3100,0
2014-04-10,21:00:00,47.75,48.06,47.16,47.16,900,0
2014-04-10,22:00:00,47.5,47.5,46.52,46.73,6944,0
2014-04-11,16:00:00,46.5,46.5,46.5,46.5,7770,0
2014-04-11,17:00:00,46.12,46.64,46.12,46.2,1800,0
2014-04-11,18:00:00,46.22,46.65,45.95,46.23,2400,0
2014-04-11,19:00:00,46.2,46.5,45.86,46.5,900,0
2014-04-11,20:00:00,46.3,46.3,44.67,45.44,7020,0
2014-04-11,21:00:00,45.5,45.73,45.07,45.07,1200,0
2014-04-11,22:00:00,45.6,45.95,45.32,45.95,3363,0
2014-04-14,16:00:00,46.81,46.81,46.41,46.41,5200,0
2014-04-14,17:00:00,46.61,46.98,46.2,46.98,8900,0
2014-04-14,18:00:00,46.45,46.5,46.45,46.5,7901,0
2014-04-14,19:00:00,46.43,46.43,46.43,46.43,2700,0
2014-04-14,20:00:00,45.91,46.4,45.71,46.15,5400,0
2014-04-14,21:00:00,46.06,46.11,45.58,45.7,10771,0
2014-04-14,22:00:00,45.61,46.61,45.6,46.57,14061,0
2014-04-15,16:00:00,46.35,46.41,45.25,46.2,2638,0
2014-04-15,17:00:00,46.06,46.4,44.96,45.25,7474,0
2014-04-15,18:00:00,44.78,46.2,44.07,45.5,5237,0
2014-04-15,19:00:00,45.2,45.2,44.15,44.61,2300,0
2014-04-15,20:00:00,44.7,45.22,44.7,44.81,1700,0
2014-04-15,21:00:00,44.85,45.7,44.85,45.5,2600,0
2014-04-15,22:00:00,45.5,45.6,45.14,45.47,3356,0
2014-04-16,16:00:00,46.11,46.11,45.1,45.6,1600,0
2014-04-16,17:00:00,45.6,45.95,45.6,45.81,2100,0
2014-04-16,18:00:00,45.55,45.55,45.17,45.22,914,0
2014-04-16,19:00:00,44.95,45.55,44.95,45.2,500,0
2014-04-16,20:00:00,45.21,45.5,45.21,45.3,800,0
2014-04-16,21:00:00,45.59,45.6,45.03,45.03,2724,0
2014-04-16,22:00:00,45.11,45.34,44.91,45.34,4788,0
2014-04-17,16:00:00,45.5,45.5,44.51,44.51,2500,0
2014-04-17,17:00:00,44.25,45.19,44.25,45.03,2200,0
2014-04-17,18:00:00,45.4,45.5,45.4,45.5,1400,0
2014-04-17,20:00:00,45.51,45.6,44.94,45.3,2707,0
2014-04-17,21:00:00,45.6,45.6,45.1,45.4,3500,0
2014-04-17,22:00:00,45.4,45.6,45.2,45.5,2716,0
2014-04-21,16:00:00,45.74,45.74,45.74,45.74,800,0
2014-04-21,17:00:00,46.35,46.35,45.58,45.9,4988,0
2014-04-21,18:00:00,45.57,45.7,45.21,45.7,8321,0
2014-04-21,19:00:00,45.54,46.18,45.5,45.9,5755,0
2014-04-21,20:00:00,45.52,46.47,45.52,45.63,5100,0
2014-04-21,21:00:00,46.02,47.4,45.98,46.32,9200,0
2014-04-21,22:00:00,46.12,46.56,46.12,46.19,12976,0
2014-04-22,16:00:00,46.1,46.1,46.1,46.1,900,0
2014-04-22,18:00:00,45.99,46.15,45.88,46.15,1100,0
2014-04-22,19:00:00,46.36,46.82,46.2,46.3,2928,0
2014-04-22,20:00:00,46.78,47.11,46.43,46.85,4530,0
2014-04-22,21:00:00,46.82,46.98,46.31,46.76,3900,0
2014-04-22,22:00:00,46.87,47.1,46.18,46.89,5754,0
2014-04-23,16:00:00,46.56,47.77,46.56,47.32,3446,0
2014-04-23,17:00:00,47.2,47.66,47.19,47.66,2020,0
2014-04-23,18:00:00,47.25,47.5,47.11,47.3,2550,0
2014-04-23,19:00:00,47.39,47.45,47,47.45,1675,0
2014-04-23,20:00:00,47.22,47.42,47.2,47.31,2200,0
2014-04-23,21:00:00,47.25,47.44,47.15,47.43,1800,0
2014-04-23,22:00:00,47.3,47.53,46.94,46.94,5506,0
2014-04-24,16:00:00,47.41,47.5,47.21,47.5,3800,0
2014-04-24,17:00:00,47.74,47.8,47.2,47.21,2800,0
2014-04-24,18:00:00,47.46,47.51,47.23,47.25,3200,0
2014-04-24,19:00:00,47.5,47.5,47.5,47.5,1100,0
2014-04-24,20:00:00,47.45,47.5,46.92,46.92,3400,0
2014-04-24,21:00:00,46.99,46.99,46.99,46.99,4437,0
2014-04-24,22:00:00,46.97,47.06,46.97,46.98,4465,0
2014-04-25,16:00:00,47,47,46.47,46.79,2499,0
2014-04-25,17:00:00,46.4,46.6,45.8,46.2,3818,0
2014-04-25,18:00:00,46.04,46.1,45.76,45.82,1300,0
2014-04-25,19:00:00,46.29,46.29,45.75,45.75,412,0
2014-04-25,20:00:00,45.85,45.85,45.85,45.85,400,0
2014-04-25,21:00:00,45.8,45.81,45.75,45.75,1018,0
2014-04-25,22:00:00,45.5,45.91,44.9,45.61,5378,0
2014-04-28,16:00:00,45.94,46.9,45.94,46.21,2800,0
2014-04-28,17:00:00,46.99,46.99,46.36,46.36,1600,0
2014-04-28,19:00:00,46.3,46.85,46.3,46.37,300,0
2014-04-28,20:00:00,46.06,46.18,45.76,46,2300,0
2014-04-28,21:00:00,46.17,46.17,46.17,46.17,3344,0
2014-04-28,22:00:00,46.7,46.7,46.01,46.01,4258,0
2014-04-29,16:00:00,46.25,46.25,46.01,46.01,5123,0
2014-04-29,17:00:00,45.98,45.98,45.1,45.1,2639,0
2014-04-29,18:00:00,45.38,46.14,45.36,45.36,2700,0
2014-04-29,19:00:00,45.4,45.85,45.4,45.79,6300,0
2014-04-29,21:00:00,45.56,45.8,45.46,45.65,4300,0
2014-04-29,22:00:00,45.5,45.8,45.5,45.8,3468,0
2014-04-30,16:00:00,45.2,45.37,45.2,45.37,500,0
2014-04-30,17:00:00,45.6,45.6,45.31,45.4,1500,0
2014-04-30,20:00:00,45.5,45.5,45.06,45.27,2345,0
2014-04-30,21:00:00,45.36,45.51,45.24,45.26,1793,0
2014-04-30,22:00:00,45.16,45.33,44.28,44.3,11202,0
2014-05-01,16:00:00,44.42,44.46,43.63,44.42,4500,0
2014-05-01,17:00:00,43.44,43.82,43.05,43.05,1800,0
2014-05-01,18:00:00,43.5,44,43.46,43.46,2300,0
2014-05-01,19:00:00,43.46,43.46,43.35,43.35,900,0
2014-05-01,20:00:00,43.02,43.2,42.2,42.2,4200,0
2014-05-01,21:00:00,42.01,42.01,41.78,41.78,2087,0
2014-05-01,22:00:00,41.2,41.4,40.79,41.02,10604,0
2014-05-02,16:00:00,41.03,41.03,41.03,41.03,8532,0
2014-05-02,17:00:00,40.84,41.2,39.1,39.5,12646,0
2014-05-02,18:00:00,39.03,39.5,39.02,39.48,11100,0
2014-05-02,19:00:00,39.51,39.63,39.51,39.63,3900,0
2014-05-02,20:00:00,39.75,39.75,39.1,39.14,5169,0
2014-05-02,21:00:00,39,39.49,38.46,38.46,9051,0
2014-05-02,22:00:00,38.8,38.93,38.34,38.7,11888,0
2014-05-05,16:00:00,40.9,40.9,39.09,39.09,2400,0
2014-05-05,17:00:00,39.88,39.99,39.65,39.99,1100,0
2014-05-05,18:00:00,39.91,40.04,39.55,39.58,2400,0
2014-05-05,19:00:00,39.57,39.57,39.37,39.37,500,0
2014-05-05,20:00:00,39.25,39.8,38.7,39.8,3507,0
2014-05-05,21:00:00,39.33,39.33,38.85,38.85,700,0
2014-05-05,22:00:00,38.51,39.51,38.51,38.61,8011,0
2014-05-06,16:00:00,40.3,40.3,40.3,40.3,900,0
2014-05-06,17:00:00,40.31,40.47,39.65,40.42,1300,0
2014-05-06,18:00:00,40.3,42.51,40.3,41.99,3500,0
2014-05-06,19:00:00,41.85,42.6,41.85,42.6,2400,0
2014-05-06,20:00:00,42.98,43.65,42.9,43.5,2900,0
2014-05-06,21:00:00,43.66,43.66,42.75,42.75,2000,0
2014-05-06,22:00:00,42.87,44.4,42.83,43.03,21409,0
2014-05-07,16:00:00,41.6,41.6,39.9,39.9,8060,0
2014-05-07,17:00:00,39.93,41.2,39.92,41.02,5500,0
2014-05-07,18:00:00,40.5,41.38,40.5,41.38,6000,0
2014-05-07,19:00:00,41.15,41.15,41.05,41.05,2000,0
2014-05-07,20:00:00,41.5,41.88,41.5,41.5,2400,0
2014-05-07,21:00:00,41.88,42,41.5,42,2400,0
2014-05-07,22:00:00,42,42.01,41.38,41.68,14806,0
