Date,Time,Open,High,Low,Close,Volume,OpenInt
2014-02-10,16:00:00,178.911,179.05,178.552,178.941,11564432,0
2014-02-10,17:00:00,178.931,179,178.433,178.592,11117254,0
2014-02-10,18:00:00,178.592,178.98,178.423,178.871,8471701,0
2014-02-10,19:00:00,178.871,178.931,178.741,178.871,5232781,0
2014-02-10,20:00:00,178.871,178.99,178.732,178.921,4163850,0
2014-02-10,21:00:00,178.931,179.279,178.901,179.15,7464708,0
2014-02-10,22:00:00,179.16,179.229,178.961,179.219,50846019,0
2014-02-11,16:00:00,179.369,179.936,179.269,179.687,10293141,0
2014-02-11,17:00:00,179.687,180.115,179.588,179.966,15123929,0
2014-02-11,18:00:00,179.966,180.713,179.946,180.673,16549037,0
2014-02-11,19:00:00,180.683,180.802,180.504,180.782,8214286,0
2014-02-11,20:00:00,180.782,181.211,180.782,181.011,11050562,0
2014-02-11,21:00:00,181.002,181.41,180.932,181.37,10259007,0
2014-02-11,22:00:00,181.37,181.639,181.081,181.181,54908487,0
2014-02-12,16:00:00,181.42,182.007,181.41,181.967,13524773,0
2014-02-12,17:00:00,181.977,182.027,181.121,181.26,18602540,0
2014-02-12,18:00:00,181.26,181.519,180.912,181.111,11345729,0
2014-02-12,19:00:00,181.111,181.44,181.021,181.35,6812824,0
2014-02-12,20:00:00,181.35,181.599,181.25,181.44,7156632,0
2014-02-12,21:00:00,181.45,181.539,180.962,181.081,8470854,0
2014-02-12,22:00:00,181.081,181.36,180.982,181.27,14977345,0
2014-02-13,16:00:00,180.036,180.812,180.036,180.753,13917826,0
2014-02-13,17:00:00,180.743,181.639,180.663,181.539,15931730,0
2014-02-13,18:00:00,181.539,181.848,181.41,181.649,11217165,0
2014-02-13,19:00:00,181.649,181.858,181.509,181.788,6203157,0
2014-02-13,20:00:00,181.788,182.276,181.748,182.276,9074783,0
2014-02-13,21:00:00,182.266,182.395,182.067,182.326,10900701,0
2014-02-13,22:00:00,182.326,182.375,182.146,182.256,20437193,0
2014-02-14,16:00:00,182.037,182.425,181.868,182.326,10793892,0
2014-02-14,17:00:00,182.326,182.973,182.087,182.694,15259694,0
2014-02-14,18:00:00,182.684,182.933,182.614,182.804,7772091,0
2014-02-14,19:00:00,182.804,182.923,182.724,182.853,6457105,0
2014-02-14,20:00:00,182.853,183.262,182.804,183.222,6879327,0
2014-02-14,21:00:00,183.212,183.55,183.192,183.481,8677893,0
2014-02-14,22:00:00,183.481,183.501,183.112,183.212,19128004,0
2014-02-18,16:00:00,183.381,183.65,183.092,183.232,11897120,0
2014-02-18,17:00:00,183.232,183.471,182.843,183.391,14269199,0
2014-02-18,18:00:00,183.391,183.68,183.311,183.411,8428786,0
2014-02-18,19:00:00,183.411,183.64,183.371,183.54,5250869,0
2014-02-18,20:00:00,183.54,183.59,183.301,183.431,5330770,0
2014-02-18,21:00:00,183.431,183.67,183.431,183.54,5926110,0
2014-02-18,22:00:00,183.54,183.66,183.391,183.431,14142745,0
2014-02-19,16:00:00,182.953,183.65,182.833,183.64,9842825,0
2014-02-19,17:00:00,183.64,184.138,183.431,183.859,17455936,0
2014-02-19,18:00:00,183.869,183.939,183.301,183.301,11519089,0
2014-02-19,19:00:00,183.301,183.381,182.764,183.072,15931374,0
2014-02-19,20:00:00,183.072,183.461,183.043,183.192,7062453,0
2014-02-19,21:00:00,183.192,183.6,182.853,183.052,14857970,0
2014-02-19,22:00:00,183.052,183.142,182.067,182.216,27698656,0
2014-02-20,16:00:00,182.465,182.833,182.047,182.156,11359461,0
2014-02-20,17:00:00,182.137,183.062,181.798,182.893,19566397,0
2014-02-20,18:00:00,182.903,183.132,182.734,182.943,9828357,0
2014-02-20,19:00:00,182.943,183.471,182.893,183.331,8540378,0
2014-02-20,20:00:00,183.341,183.461,183.301,183.401,5064948,0
2014-02-20,21:00:00,183.401,183.56,183.172,183.53,7990356,0
2014-02-20,22:00:00,183.53,183.71,183.232,183.291,19749430,0
2014-02-21,16:00:00,183.68,183.909,183.351,183.779,10987878,0
2014-02-21,17:00:00,183.779,184.008,183.431,183.939,15676844,0
2014-02-21,18:00:00,183.939,184.078,183.72,183.859,8730149,0
2014-02-21,19:00:00,183.869,183.958,183.55,183.729,5832999,0
2014-02-21,20:00:00,183.72,183.899,183.56,183.65,4979222,0
2014-02-21,21:00:00,183.65,183.69,183.142,183.341,10866840,0
2014-02-21,22:00:00,183.341,183.63,182.993,183.082,36286372,0
2014-02-24,16:00:00,183.471,184.635,183.391,184.546,15340977,0
2014-02-24,17:00:00,184.566,184.874,184.347,184.735,14216095,0
2014-02-24,18:00:00,184.745,185.293,184.645,185.233,11121361,0
2014-02-24,19:00:00,185.233,185.322,185.093,185.123,5463074,0
2014-02-24,20:00:00,185.113,185.183,184.914,184.934,4744337,0
2014-02-24,21:00:00,184.934,185.153,184.894,184.894,6320158,0
2014-02-24,22:00:00,184.904,184.904,183.988,184.098,43855242,0
2014-02-25,16:00:00,184.217,184.446,183.471,183.65,12643051,0
2014-02-25,17:00:00,183.63,184.287,183.421,184.187,16711874,0
2014-02-25,18:00:00,184.187,184.775,184.008,184.217,13845292,0
2014-02-25,19:00:00,184.207,184.387,184.088,184.317,8613870,0
2014-02-25,20:00:00,184.317,184.576,184.207,184.277,6204056,0
2014-02-25,21:00:00,184.277,184.387,183.929,184.088,9375958,0
2014-02-25,22:00:00,184.088,184.098,183.67,184.028,51851590,0
2014-02-26,16:00:00,184.297,184.536,183.729,183.819,10119112,0
2014-02-26,17:00:00,183.829,184.785,183.819,184.436,17070317,0
2014-02-26,18:00:00,184.436,184.765,184.297,184.446,8511572,0
2014-02-26,19:00:00,184.436,184.715,184.426,184.556,4943460,0
2014-02-26,20:00:00,184.566,184.685,184.277,184.347,7327721,0
2014-02-26,21:00:00,184.347,184.446,183.52,183.919,15417301,0
2014-02-26,22:00:00,183.919,184.108,183.54,184.038,22602539,0
2014-02-27,16:00:00,183.779,184.237,183.56,183.879,9677452,0
2014-02-27,17:00:00,183.879,184.277,183.61,184.158,15354123,0
2014-02-27,18:00:00,184.158,184.635,184.058,184.416,12026793,0
2014-02-27,19:00:00,184.416,184.546,184.197,184.446,5923083,0
2014-02-27,20:00:00,184.436,184.994,184.397,184.835,9901692,0
2014-02-27,21:00:00,184.835,184.934,184.466,184.665,8351207,0
2014-02-27,22:00:00,184.665,185.054,184.506,185.004,21071860,0
2014-02-28,16:00:00,184.974,185.641,184.924,185.571,11588526,0
2014-02-28,17:00:00,185.571,186.139,185.561,185.99,17127652,0
2014-02-28,18:00:00,185.98,186.328,185.741,186.219,12069627,0
2014-02-28,19:00:00,186.219,186.298,186.109,186.189,7078139,0
2014-02-28,20:00:00,186.179,186.308,185.999,186.039,8577505,0
2014-02-28,21:00:00,186.039,186.049,185.133,185.203,16997633,0
2014-02-28,22:00:00,185.213,185.591,184.237,185.472,79435453,0
2014-03-03,16:00:00,183.879,184.596,183.6,184.337,19681752,0
2014-03-03,17:00:00,184.357,184.635,183.66,184.247,26193992,0
2014-03-03,18:00:00,184.257,184.287,183.242,183.242,18867338,0
2014-03-03,19:00:00,183.252,183.729,182.943,183.66,20031578,0
2014-03-03,20:00:00,183.65,184.197,183.63,184.078,10736337,0
2014-03-03,21:00:00,184.078,184.406,183.749,184.138,11649285,0
2014-03-03,22:00:00,184.118,184.168,183.52,184.168,32983188,0
2014-03-04,16:00:00,185.93,186.467,185.93,186.388,21780929,0
2014-03-04,17:00:00,186.398,186.696,186.159,186.587,24719292,0
2014-03-04,18:00:00,186.577,186.686,186.398,186.557,13384539,0
2014-03-04,19:00:00,186.557,186.876,186.517,186.726,12473298,0
2014-03-04,20:00:00,186.726,186.896,186.388,186.557,17368866,0
2014-03-04,21:00:00,186.557,186.915,186.328,186.816,13812939,0
2014-03-04,22:00:00,186.826,187.154,186.756,186.756,82270564,0
2014-03-05,16:00:00,186.896,187.075,186.627,186.786,11440848,0
2014-03-05,17:00:00,186.776,187.174,186.627,186.965,13115881,0
2014-03-05,18:00:00,186.975,187.244,186.766,186.965,9945398,0
2014-03-05,19:00:00,186.965,187.025,186.756,186.955,4986725,0
2014-03-05,20:00:00,186.955,187.174,186.756,186.856,6512606,0
2014-03-05,21:00:00,186.866,187.045,186.776,186.826,7115679,0
2014-03-05,22:00:00,186.826,186.995,186.667,186.925,18128935,0
2014-03-06,16:00:00,187.383,187.782,187.324,187.732,10269611,0
2014-03-06,17:00:00,187.732,187.752,187.284,187.642,12642059,0
2014-03-06,18:00:00,187.632,187.692,187.503,187.672,5490814,0
2014-03-06,19:00:00,187.682,187.772,187.622,187.692,4942735,0
2014-03-06,20:00:00,187.682,187.732,187.105,187.144,9461734,0
2014-03-06,21:00:00,187.144,187.523,187.065,187.433,9304008,0
2014-03-06,22:00:00,187.443,187.592,187.164,187.353,12899302,0
2014-03-07,16:00:00,188.04,188.13,187.075,187.353,16917038,0
2014-03-07,17:00:00,187.353,187.792,187.085,187.194,15315555,0
2014-03-07,18:00:00,187.204,187.373,186.607,187.314,16492851,0
2014-03-07,19:00:00,187.314,187.423,187.095,187.204,6422404,0
2014-03-07,20:00:00,187.204,187.234,186.846,187.095,6462001,0
2014-03-07,21:00:00,187.095,187.264,186.716,187.134,9325228,0
2014-03-07,22:00:00,187.144,187.433,186.866,187.433,116742113,0
2014-03-10,15:00:00,187.115,187.393,186.876,187.284,9526037,0
2014-03-10,16:00:00,187.284,187.314,186.258,186.428,14847949,0
2014-03-10,17:00:00,186.428,187.045,186.308,186.736,10055724,0
2014-03-10,18:00:00,186.726,187.174,186.657,187.134,6572809,0
2014-03-10,19:00:00,187.134,187.164,186.726,186.796,5841486,0
2014-03-10,20:00:00,186.786,187.125,186.696,187.075,5157671,0
2014-03-10,21:00:00,187.075,187.403,186.856,187.334,12968387,0
2014-03-11,15:00:00,187.612,187.652,186.856,187.105,9085165,0
2014-03-11,16:00:00,187.115,187.881,186.836,187.762,12816970,0
2014-03-11,17:00:00,187.772,187.821,187.015,187.115,8898152,0
2014-03-11,18:00:00,187.105,187.154,186.577,186.846,11440492,0
2014-03-11,19:00:00,186.836,186.955,186.447,186.925,8820899,0
2014-03-11,20:00:00,186.915,187.005,186.288,186.328,10451440,0
2014-03-11,21:00:00,186.328,186.477,185.98,186.408,22016296,0
2014-03-12,15:00:00,185.502,185.8,185.084,185.472,18621797,0
2014-03-12,16:00:00,185.472,186.189,185.412,186.139,18965480,0
2014-03-12,17:00:00,186.139,186.527,185.98,186.059,11068447,0
2014-03-12,18:00:00,186.059,186.378,185.94,186.348,7667850,0
2014-03-12,19:00:00,186.348,186.358,185.93,186.179,5110624,0
2014-03-12,20:00:00,186.179,186.388,186.049,186.099,7089955,0
2014-03-12,21:00:00,186.099,186.507,185.95,186.457,20508003,0
2014-03-13,15:00:00,187.015,187.164,186.676,186.776,9074698,0
2014-03-13,16:00:00,186.776,186.896,186.079,186.099,13340552,0
2014-03-13,17:00:00,186.109,186.328,185.671,185.721,13834421,0
2014-03-13,18:00:00,185.731,185.81,184.825,184.904,20936054,0
2014-03-13,19:00:00,184.904,185.024,184.247,184.775,23504308,0
2014-03-13,20:00:00,184.775,184.845,184.178,184.337,16268361,0
2014-03-13,21:00:00,184.337,184.556,183.849,184.367,34454462,0
2014-03-14,15:00:00,183.988,184.894,183.978,184.247,18270855,0
2014-03-14,16:00:00,184.257,184.984,184.148,184.207,18773903,0
2014-03-14,17:00:00,184.207,184.904,183.72,184.735,27003887,0
2014-03-14,18:00:00,184.745,184.805,184.108,184.586,19538565,0
2014-03-14,19:00:00,184.586,184.665,184.068,184.307,10187849,0
2014-03-14,20:00:00,184.297,184.367,183.749,183.779,10705739,0
2014-03-14,21:00:00,183.779,184.168,183.63,183.849,110069095,0
2014-03-17,15:00:00,184.775,185.721,184.695,185.561,17952385,0
2014-03-17,16:00:00,185.561,185.95,185.123,185.233,22024974,0
2014-03-17,17:00:00,185.233,185.522,184.984,185.432,10846788,0
2014-03-17,18:00:00,185.442,185.77,185.322,185.551,8840351,0
2014-03-17,19:00:00,185.561,185.651,185.332,185.532,6028221,0
2014-03-17,20:00:00,185.522,185.84,185.412,185.661,6325020,0
2014-03-17,21:00:00,185.661,185.8,185.313,185.512,18982147,0
2014-03-18,15:00:00,185.89,186.447,185.691,186.348,13049233,0
2014-03-18,16:00:00,186.358,186.915,186.209,186.398,19231491,0
2014-03-18,17:00:00,186.408,186.836,186.368,186.736,11102313,0
2014-03-18,18:00:00,186.746,186.856,186.457,186.637,7034988,0
2014-03-18,19:00:00,186.637,187.065,186.567,186.915,7921529,0
2014-03-18,20:00:00,186.925,187.085,186.826,186.995,6251610,0
2014-03-18,21:00:00,186.985,187.015,186.726,186.836,14125601,0
2014-03-19,15:00:00,186.876,187.075,186.617,187.015,7448834,0
2014-03-19,16:00:00,187.025,187.115,186.806,186.896,9334546,0
2014-03-19,17:00:00,186.905,187.005,186.726,186.806,4573342,0
2014-03-19,18:00:00,186.796,186.975,186.716,186.965,6239782,0
2014-03-19,19:00:00,186.965,187.065,186.886,187.035,6587756,0
2014-03-19,20:00:00,187.035,187.055,185.96,186.447,35315345,0
2014-03-19,21:00:00,186.447,186.487,184.655,185.84,889241432,0
2014-03-20,15:00:00,185.432,185.731,185.103,185.472,12583138,0
2014-03-20,16:00:00,185.462,186.497,185.263,186.179,21536054,0
2014-03-20,17:00:00,186.179,186.378,185.91,186.358,11512919,0
2014-03-20,18:00:00,186.358,186.985,186.228,186.886,11992979,0
2014-03-20,19:00:00,186.935,187.045,186.736,186.945,7767016,0
2014-03-20,20:00:00,186.945,187.065,186.836,186.846,6602101,0
2014-03-20,21:00:00,186.836,186.945,186.507,186.925,21930861,0
2014-03-21,15:00:00,187.72,188.17,187.67,187.71,24148614,0
2014-03-21,16:00:00,187.71,187.82,187.29,187.77,18223361,0
2014-03-21,17:00:00,187.78,188.02,187.65,187.76,9872665,0
2014-03-21,18:00:00,187.76,187.87,187.43,187.47,7125270,0
2014-03-21,19:00:00,187.47,187.51,186.72,186.81,13802921,0
2014-03-21,20:00:00,186.81,186.97,186.17,186.65,16548491,0
2014-03-21,21:00:00,186.65,186.7,186.03,186.2,55892702,0
2014-03-24,15:00:00,186.82,187.07,186.19,186.3,13189668,0
2014-03-24,16:00:00,186.3,186.31,185.16,185.25,21719603,0
2014-03-24,17:00:00,185.24,185.24,184.73,184.99,17121457,0
2014-03-24,18:00:00,184.99,185.18,184.62,184.84,12606415,0
2014-03-24,19:00:00,184.84,185.44,184.83,185.41,9731168,0
2014-03-24,20:00:00,185.41,185.73,185.2,185.46,12868226,0
2014-03-24,21:00:00,185.47,185.95,185.16,185.43,19269855,0
2014-03-25,15:00:00,186.37,186.76,186.36,186.58,12049106,0
2014-03-25,16:00:00,186.59,186.94,185.65,185.76,20968770,0
2014-03-25,17:00:00,185.75,186.14,185.34,185.63,13881576,0
2014-03-25,18:00:00,185.63,186.07,185.27,185.97,10677949,0
2014-03-25,19:00:00,185.97,186.54,185.88,186.34,9651940,0
2014-03-25,20:00:00,186.33,186.56,186.1,186.2,7760726,0
2014-03-25,21:00:00,186.2,186.55,186.14,186.31,16262009,0
2014-03-26,15:00:00,187.03,187.34,186.8,186.9,12579160,0
2014-03-26,16:00:00,186.89,187.14,186.48,186.54,14222731,0
2014-03-26,17:00:00,186.52,186.98,186.42,186.7,8682534,0
2014-03-26,18:00:00,186.7,186.81,186.39,186.77,9233350,0
2014-03-26,19:00:00,186.76,186.79,185.54,185.88,15450794,0
2014-03-26,20:00:00,185.88,186.07,185.42,186.02,15141581,0
2014-03-26,21:00:00,186.02,186.09,184.93,185.68,21193644,0
2014-03-27,15:00:00,184.77,184.94,183.9,184.48,18886415,0
2014-03-27,16:00:00,184.47,185.34,184.32,185.03,25416737,0
2014-03-27,17:00:00,185.07,185.17,184.04,184.37,22036977,0
2014-03-27,18:00:00,184.37,184.88,184.03,184.58,11125485,0
2014-03-27,19:00:00,184.58,184.94,184.36,184.51,11613179,0
2014-03-27,20:00:00,184.52,184.73,184.24,184.47,10584754,0
2014-03-27,21:00:00,184.47,184.88,184.27,184.58,63505563,0
2014-03-28,15:00:00,185.11,186.04,185.05,185.99,14171994,0
2014-03-28,16:00:00,185.98,186.42,185.91,186.35,16176082,0
2014-03-28,17:00:00,186.36,186.39,185.83,186.12,10397742,0
2014-03-28,18:00:00,186.11,186.22,185.93,185.99,5629134,0
2014-03-28,19:00:00,185.99,186.02,185.57,185.67,8622031,0
2014-03-28,20:00:00,185.67,185.67,185,185.37,13953924,0
2014-03-28,21:00:00,185.37,185.5,185.09,185.49,166177355,0
2014-03-31,16:00:00,186.65,187.09,186.6,187.01,16553240,0
2014-03-31,17:00:00,187.02,187.18,186.77,186.93,13339563,0
2014-03-31,18:00:00,186.93,186.94,186.47,186.79,8558643,0
2014-03-31,19:00:00,186.8,187.3,186.79,187.17,8433279,0
2014-03-31,20:00:00,187.17,187.23,186.69,186.78,6714862,0
2014-03-31,21:00:00,186.77,187.15,186.76,187.05,6093147,0
2014-03-31,22:00:00,187.06,187.24,186.89,187.01,17738381,0
2014-04-01,16:00:00,187.62,188,187.53,187.95,13986138,0
2014-04-01,17:00:00,187.95,188.23,187.69,187.8,14580647,0
2014-04-01,18:00:00,187.8,187.89,187.58,187.6,9385864,0
2014-04-01,19:00:00,187.6,187.81,187.45,187.69,6987602,0
2014-04-01,20:00:00,187.69,187.88,187.51,187.86,6006331,0
2014-04-01,21:00:00,187.86,188.04,187.82,188,5685082,0
2014-04-01,22:00:00,188.01,188.36,187.9,188.25,16076559,0
2014-04-02,16:00:00,188.5,188.59,188.14,188.28,10413283,0
2014-04-02,17:00:00,188.28,188.83,188.28,188.78,12102105,0
2014-04-02,18:00:00,188.77,188.87,188.56,188.8,7847808,0
2014-04-02,19:00:00,188.8,188.9,188.63,188.77,5478586,0
2014-04-02,20:00:00,188.78,188.79,188.34,188.49,7565213,0
2014-04-02,21:00:00,188.48,188.68,188.4,188.68,7480720,0
2014-04-02,22:00:00,188.68,189.13,188.64,188.88,13128807,0
2014-04-03,16:00:00,189.17,189.22,188.86,189.12,7876025,0
2014-04-03,17:00:00,189.12,189.19,188.51,188.79,12742709,0
2014-04-03,18:00:00,188.78,188.81,188.44,188.51,9401026,0
2014-04-03,19:00:00,188.51,188.66,188.26,188.35,7800965,0
2014-04-03,20:00:00,188.35,188.76,188.32,188.54,6605884,0
2014-04-03,21:00:00,188.54,188.62,188.05,188.39,9682479,0
2014-04-03,22:00:00,188.39,188.86,188.35,188.63,18215745,0
2014-04-04,16:00:00,189.64,189.7,188.66,188.98,15818529,0
2014-04-04,17:00:00,188.98,189.55,188.97,189.05,20604737,0
2014-04-04,18:00:00,189.05,189.06,187.72,188.02,22109508,0
2014-04-04,19:00:00,188.03,188.04,187.02,187.17,19051985,0
2014-04-04,20:00:00,187.17,187.49,186.86,186.96,16668702,0
2014-04-04,21:00:00,186.96,187.1,186.1,186.59,20333773,0
2014-04-04,22:00:00,186.58,186.89,186.2,186.4,99999677,0
2014-04-07,16:00:00,185.9,186.05,185.22,186,17061860,0
2014-04-07,17:00:00,186.01,186.26,185.17,185.33,18758093,0
2014-04-07,18:00:00,185.33,185.95,184.78,184.79,15117886,0
2014-04-07,19:00:00,184.79,184.94,184.38,184.76,15891699,0
2014-04-07,20:00:00,184.75,184.79,184.14,184.21,13265412,0
2014-04-07,21:00:00,184.22,184.86,183.96,184.69,17507416,0
2014-04-07,22:00:00,184.69,185.11,184.3,184.34,26456941,0
2014-04-08,16:00:00,184.21,184.76,184.06,184.2,15520173,0
2014-04-08,17:00:00,184.2,184.68,183.59,184.54,25208301,0
2014-04-08,18:00:00,184.54,185.2,184.54,185.02,17980314,0
2014-04-08,19:00:00,185.01,185.17,184.77,184.79,8073195,0
2014-04-08,20:00:00,184.78,185.4,184.78,185.29,8744969,0
2014-04-08,21:00:00,185.28,185.32,184.62,184.91,11472943,0
2014-04-08,22:00:00,184.9,185.28,184.69,185.1,16861083,0
2014-04-09,16:00:00,185.6,185.7,185.11,185.31,10990691,0
2014-04-09,17:00:00,185.31,185.77,185.07,185.37,13610212,0
2014-04-09,18:00:00,185.37,185.74,185.24,185.67,7369725,0
2014-04-09,19:00:00,185.67,186,185.59,185.83,7239130,0
2014-04-09,20:00:00,185.83,185.95,185.69,185.75,4744557,0
2014-04-09,21:00:00,185.75,186.9,185.75,186.58,22564583,0
2014-04-09,22:00:00,186.58,187.15,186.52,187.09,18319568,0
2014-04-10,16:00:00,187.09,187.17,186.59,186.77,11086721,0
2014-04-10,17:00:00,186.77,186.95,186.06,186.06,16072527,0
2014-04-10,18:00:00,186.06,186.06,185.38,185.44,16873026,0
2014-04-10,19:00:00,185.43,185.54,184.4,184.41,18571782,0
2014-04-10,20:00:00,184.41,184.66,183.86,184.42,16931284,0
2014-04-10,21:00:00,184.42,184.66,183.68,183.78,16147908,0
2014-04-10,22:00:00,183.78,183.81,182.93,183.15,40860324,0
2014-04-11,16:00:00,182.17,182.98,181.86,182.69,23794195,0
2014-04-11,17:00:00,182.69,183.33,181.83,183.12,28539059,0
2014-04-11,18:00:00,183.11,183.42,182.45,182.63,18316195,0
2014-04-11,19:00:00,182.64,182.92,182.37,182.59,9502084,0
2014-04-11,20:00:00,182.6,182.61,181.95,182.04,11079246,0
2014-04-11,21:00:00,182.05,182.32,181.31,181.73,17328656,0
2014-04-11,22:00:00,181.73,182.21,181.42,181.51,48511107,0
2014-04-14,16:00:00,182.93,183.03,182.19,182.28,15552967,0
2014-04-14,17:00:00,182.29,183.29,182.13,183.25,18679040,0
2014-04-14,18:00:00,183.24,183.3,182.86,182.94,11449646,0
2014-04-14,19:00:00,182.94,183.37,182.84,183.21,6792346,0
2014-04-14,20:00:00,183.21,183.23,182.63,182.63,9225327,0
2014-04-14,21:00:00,182.64,182.84,182.16,182.23,11132643,0
2014-04-14,22:00:00,182.23,183.05,181.44,182.94,56630710,0
2014-04-15,16:00:00,183.32,184.29,183.15,184.1,15903677,0
2014-04-15,17:00:00,184.09,184.25,182.58,182.76,27524439,0
2014-04-15,18:00:00,182.76,183.16,182.04,182.25,22757816,0
2014-04-15,19:00:00,182.25,182.25,181.62,181.67,14327212,0
2014-04-15,20:00:00,181.66,183,181.51,182.93,15899931,0
2014-04-15,21:00:00,182.94,184.05,182.88,183.73,20267344,0
2014-04-15,22:00:00,183.73,184.33,183.49,184.2,23587042,0
2014-04-16,16:00:00,185.47,185.66,184.78,185.07,13016358,0
2014-04-16,17:00:00,185.07,185.29,184.68,184.81,14707404,0
2014-04-16,18:00:00,184.8,185.46,184.65,185.42,10183332,0
2014-04-16,19:00:00,185.42,185.78,185.29,185.3,13368091,0
2014-04-16,20:00:00,185.29,185.58,185.06,185.51,8029713,0
2014-04-16,21:00:00,185.52,185.84,185.14,185.78,10286261,0
2014-04-16,22:00:00,185.77,186.14,185.59,186.13,19327857,0
2014-04-17,16:00:00,185.88,186.18,185.56,185.83,11463397,0
2014-04-17,17:00:00,185.82,186.42,185.65,186.3,14534888,0
2014-04-17,18:00:00,186.31,186.45,185.96,186.14,8903702,0
2014-04-17,19:00:00,186.13,186.41,186,186.37,7573906,0
2014-04-17,20:00:00,186.38,186.86,186.34,186.76,8262205,0
2014-04-17,21:00:00,186.75,186.83,186.53,186.61,7330002,0
2014-04-17,22:00:00,186.62,186.91,186.39,186.39,14128313,0
2014-04-21,16:00:00,186.44,186.84,186.34,186.77,7528116,0
2014-04-21,17:00:00,186.77,187,186.21,186.45,12310462,0
2014-04-21,18:00:00,186.45,186.86,186.38,186.83,6782941,0
2014-04-21,19:00:00,186.82,186.91,186.66,186.8,4670466,0
2014-04-21,20:00:00,186.8,186.97,186.7,186.97,4472759,0
2014-04-21,21:00:00,186.98,187.1,186.9,187.06,6849086,0
2014-04-21,22:00:00,187.06,187.08,186.79,187.04,13940229,0
2014-04-22,16:00:00,187.23,187.67,187.13,187.66,11927289,0
2014-04-22,17:00:00,187.66,187.95,187.57,187.93,15630292,0
2014-04-22,18:00:00,187.92,188.18,187.9,188.06,10707894,0
2014-04-22,19:00:00,188.06,188.34,188.04,188.27,7882098,0
2014-04-22,20:00:00,188.27,188.4,188.18,188.32,5980349,0
2014-04-22,21:00:00,188.31,188.4,188.19,188.22,5120458,0
2014-04-22,22:00:00,188.23,188.27,187.81,187.89,16433356,0
2014-04-23,16:00:00,187.81,187.92,187.49,187.64,8124923,0
2014-04-23,17:00:00,187.64,187.9,187.3,187.73,15312648,0
2014-04-23,18:00:00,187.72,187.82,187.41,187.77,8415310,0
2014-04-23,19:00:00,187.76,187.79,187.51,187.71,5264031,0
2014-04-23,20:00:00,187.71,187.78,187.46,187.57,5928727,0
2014-04-23,21:00:00,187.57,187.61,187.37,187.53,8151320,0
2014-04-23,22:00:00,187.53,187.67,187.44,187.45,14617766,0
2014-04-24,16:00:00,188.37,188.39,187.06,187.48,18651067,0
2014-04-24,17:00:00,187.47,187.82,186.93,187.64,19751227,0
2014-04-24,18:00:00,187.64,188.3,187.53,188.09,11497498,0
2014-04-24,19:00:00,188.08,188.24,187.95,188.17,6502648,0
2014-04-24,20:00:00,188.17,188.22,187.46,187.5,11447428,0
2014-04-24,21:00:00,187.5,187.86,187.44,187.75,8741703,0
2014-04-24,22:00:00,187.74,187.96,187.67,187.83,10984461,0
2014-04-25,16:00:00,187.21,187.33,186.73,186.83,14804139,0
2014-04-25,17:00:00,186.82,187.12,186.29,186.34,24720098,0
2014-04-25,18:00:00,186.34,186.81,186.06,186.66,19350129,0
2014-04-25,19:00:00,186.66,186.83,186.44,186.52,7149681,0
2014-04-25,20:00:00,186.52,186.52,186.17,186.36,10403541,0
2014-04-25,21:00:00,186.36,186.4,185.87,186.12,11594201,0
2014-04-25,22:00:00,186.12,186.59,186.03,186.29,17171288,0
2014-04-28,16:00:00,187.05,187.23,186.4,186.96,17123295,0
2014-04-28,17:00:00,186.98,187.69,186.84,187.2,19953283,0
2014-04-28,18:00:00,187.2,187.39,186.14,186.18,18874334,0
2014-04-28,19:00:00,186.18,186.49,186.08,186.2,14302558,0
2014-04-28,20:00:00,186.19,186.2,184.98,185.43,23752053,0
2014-04-28,21:00:00,185.42,186.28,185.15,186.04,18584957,0
2014-04-28,22:00:00,186.03,187.28,186.01,186.88,130266656,0
2014-04-29,16:00:00,187.48,187.97,187.35,187.71,12895334,0
2014-04-29,17:00:00,187.7,187.86,187.08,187.54,19150184,0
2014-04-29,18:00:00,187.53,187.84,187.34,187.72,9317598,0
2014-04-29,19:00:00,187.72,188.04,187.63,187.96,7218164,0
2014-04-29,20:00:00,187.96,187.99,187.66,187.94,7545137,0
2014-04-29,21:00:00,187.94,187.97,187.77,187.82,5186345,0
2014-04-29,22:00:00,187.82,187.93,187.68,187.75,13160631,0
2014-04-30,16:00:00,187.44,187.71,187.22,187.39,14793129,0
2014-04-30,17:00:00,187.39,188.1,187.18,187.9,14789631,0
2014-04-30,18:00:00,187.9,187.95,187.58,187.81,8321304,0
2014-04-30,19:00:00,187.81,188.03,187.8,188.01,4320697,0
2014-04-30,20:00:00,188.01,188.1,187.88,187.9,5059323,0
2014-04-30,21:00:00,187.91,188.5,187.63,188.32,20257722,0
2014-04-30,22:00:00,188.32,188.45,187.85,188.31,51802289,0
2014-05-01,16:00:00,188.22,188.53,188,188.15,10981633,0
2014-05-01,17:00:00,188.16,188.56,187.73,188.44,18165607,0
2014-05-01,18:00:00,188.45,188.84,188.32,188.47,11977090,0
2014-05-01,19:00:00,188.47,188.69,188.4,188.53,7483335,0
2014-05-01,20:00:00,188.53,188.63,188,188.08,10421693,0
2014-05-01,21:00:00,188.08,188.39,187.92,188.13,10314303,0
2014-05-01,22:00:00,188.13,188.36,187.96,188.33,19901356,0
2014-05-02,16:00:00,188.31,188.93,188.09,188.69,14192745,0
2014-05-02,17:00:00,188.69,189.14,187.98,188.21,22533477,0
2014-05-02,18:00:00,188.21,188.6,188.05,188.5,11554872,0
2014-05-02,19:00:00,188.5,188.54,188.3,188.44,4986022,0
2014-05-02,20:00:00,188.44,188.53,188,188.02,6829967,0
2014-05-02,21:00:00,188,188.21,187.78,188.06,8999329,0
2014-05-02,22:00:00,188.06,188.33,187.89,188.06,13411921,0
2014-05-05,16:00:00,187.14,187.4,186.62,187.39,14110978,0
2014-05-05,17:00:00,187.4,188.21,187.22,188.06,18627983,0
2014-05-05,18:00:00,188.05,188.37,187.91,188.22,10325390,0
2014-05-05,19:00:00,188.23,188.27,187.99,188.02,4321305,0
2014-05-05,20:00:00,188.02,188.14,187.9,188.11,4578363,0
2014-05-05,21:00:00,188.11,188.55,188.11,188.44,6078521,0
2014-05-05,22:00:00,188.45,188.49,188.28,188.42,15600978,0
2014-05-06,16:00:00,188,188.03,187.51,187.87,10659823,0
2014-05-06,17:00:00,187.87,188.13,187.54,187.56,11946745,0
2014-05-06,18:00:00,187.56,187.87,187.43,187.84,6738909,0
2014-05-06,19:00:00,187.83,187.87,187.5,187.67,3852035,0
2014-05-06,20:00:00,187.66,187.7,187,187.03,10161819,0
2014-05-06,21:00:00,187.04,187.18,186.82,186.96,10559004,0
2014-05-06,22:00:00,186.96,187.25,186.74,186.78,18796604,0
2014-05-07,16:00:00,187.43,187.69,186.91,186.96,13395958,0
2014-05-07,17:00:00,186.96,187.33,186.01,186.75,27556694,0
2014-05-07,18:00:00,186.75,187.75,186.57,187.53,16636735,0
2014-05-07,19:00:00,187.53,187.66,187.07,187.11,7875959,0
2014-05-07,20:00:00,187.11,187.48,186.92,186.94,8005871,0
2014-05-07,21:00:00,186.94,187.62,186.88,187.5,8408172,0
2014-05-07,22:00:00,187.5,187.97,187.21,187.88,19722754,0
