Date,Time,Open,High,Low,Close,Volume,OpenInt
2014-02-10,16:00:00,5.7,5.78,5.6,5.61,9416,0
2014-02-10,17:00:00,5.51,5.66,5.51,5.66,2200,0
2014-02-10,18:00:00,5.6,5.6,5.5,5.58,15416,0
2014-02-10,19:00:00,5.52,5.53,5.52,5.53,512,0
2014-02-10,20:00:00,5.53,5.58,5.53,5.58,2344,0
2014-02-10,21:00:00,5.59,5.66,5.57,5.57,2825,0
2014-02-10,22:00:00,5.66,5.66,5.55,5.55,3940,0
2014-02-11,17:00:00,5.53,5.53,5.5,5.5,3000,0
2014-02-11,18:00:00,5.53,5.58,5.53,5.58,4850,0
2014-02-11,19:00:00,5.57,5.65,5.57,5.59,1750,0
2014-02-11,20:00:00,5.65,5.66,5.53,5.62,3225,0
2014-02-11,21:00:00,5.62,5.62,5.62,5.62,175,0
2014-02-11,22:00:00,5.62,5.63,5.46,5.61,22110,0
2014-02-12,16:00:00,6,6,5.46,5.46,6000,0
2014-02-12,17:00:00,5.54,5.54,5.54,5.54,300,0
2014-02-12,18:00:00,5.6,5.61,5.56,5.61,500,0
2014-02-12,19:00:00,5.62,5.69,5.56,5.56,1700,0
2014-02-12,21:00:00,5.66,5.66,5.65,5.65,1300,0
2014-02-12,22:00:00,5.66,5.85,5.66,5.85,3400,0
2014-02-13,16:00:00,5.68,5.88,5.68,5.88,3850,0
2014-02-13,17:00:00,5.65,5.65,5.62,5.65,2808,0
2014-02-13,18:00:00,5.83,5.83,5.78,5.83,2158,0
2014-02-13,19:00:00,5.83,5.83,5.79,5.79,500,0
2014-02-13,20:00:00,5.78,5.78,5.78,5.78,700,0
2014-02-13,21:00:00,5.7,5.81,5.7,5.7,3900,0
2014-02-13,22:00:00,5.65,5.82,5.65,5.82,1524,0
2014-02-14,16:00:00,5.6,5.76,5.5,5.5,5950,0
2014-02-14,17:00:00,5.77,5.77,5.77,5.77,250,0
2014-02-14,18:00:00,5.51,5.8,5.51,5.79,871,0
2014-02-14,19:00:00,5.55,5.65,5.51,5.55,6400,0
2014-02-14,20:00:00,5.76,5.76,5.6,5.6,1900,0
2014-02-14,21:00:00,5.75,5.75,5.75,5.75,400,0
2014-02-14,22:00:00,5.69,5.69,5.55,5.55,1450,0
2014-02-18,16:00:00,5.78,5.78,5.77,5.77,532,0
2014-02-18,17:00:00,5.63,5.63,5.63,5.63,9975,0
2014-02-18,18:00:00,5.77,5.83,5.77,5.81,4707,0
2014-02-18,19:00:00,5.79,5.8,5.71,5.71,1392,0
2014-02-18,21:00:00,5.8,5.8,5.8,5.8,1200,0
2014-02-18,22:00:00,5.71,5.91,5.5,5.76,12499,0
2014-02-19,16:00:00,5.67,5.73,5.67,5.73,9200,0
2014-02-19,17:00:00,5.75,5.78,5.75,5.75,4500,0
2014-02-19,18:00:00,5.75,5.75,5.56,5.69,12200,0
2014-02-19,19:00:00,5.69,5.69,5.62,5.62,2100,0
2014-02-19,20:00:00,5.64,5.66,5.62,5.66,6000,0
2014-02-19,21:00:00,5.7,5.7,5.7,5.7,2500,0
2014-02-19,22:00:00,5.68,5.69,5.66,5.66,1000,0
2014-02-20,16:00:00,5.77,5.77,5.77,5.77,425,0
2014-02-20,17:00:00,5.78,5.78,5.71,5.71,700,0
2014-02-20,19:00:00,5.66,5.78,5.65,5.78,3125,0
2014-02-20,20:00:00,5.74,5.79,5.68,5.68,4400,0
2014-02-20,21:00:00,5.68,5.7,5.6,5.6,8000,0
2014-02-20,22:00:00,5.64,5.64,5.61,5.61,3488,0
2014-02-21,16:00:00,5.65,5.65,5.65,5.65,7000,0
2014-02-21,17:00:00,5.69,5.69,5.69,5.69,200,0
2014-02-21,18:00:00,5.57,5.57,5.57,5.57,600,0
2014-02-21,19:00:00,5.62,5.64,5.62,5.64,700,0
2014-02-21,20:00:00,5.54,5.62,5.35,5.52,7867,0
2014-02-21,21:00:00,5.7,5.71,5.5,5.5,3120,0
2014-02-21,22:00:00,5.5,5.6,5.5,5.6,13625,0
2014-02-24,16:00:00,5.48,5.48,5.46,5.46,500,0
2014-02-24,17:00:00,5.52,5.52,5.52,5.52,200,0
2014-02-24,19:00:00,5.69,5.69,5.63,5.63,400,0
2014-02-24,20:00:00,5.56,5.56,5.56,5.56,200,0
2014-02-24,22:00:00,5.59,5.59,5.51,5.58,2988,0
2014-02-25,17:00:00,5.52,5.52,5.32,5.45,11910,0
2014-02-25,18:00:00,5.42,5.42,5.4,5.4,1575,0
2014-02-25,19:00:00,5.45,5.46,5.4,5.46,10159,0
2014-02-25,20:00:00,5.46,5.53,5.45,5.52,4830,0
2014-02-25,21:00:00,5.45,5.56,5.45,5.56,550,0
2014-02-25,22:00:00,5.57,5.57,5.45,5.45,562,0
2014-02-26,16:00:00,5.5,5.5,5.44,5.44,802,0
2014-02-26,18:00:00,5.46,5.46,5.46,5.46,3000,0
2014-02-26,19:00:00,5.46,5.48,5.46,5.46,2900,0
2014-02-26,20:00:00,5.58,5.6,5.58,5.6,800,0
2014-02-26,22:00:00,5.46,5.59,5.46,5.5,4550,0
2014-02-27,16:00:00,5.6,5.6,5.6,5.6,202,0
2014-02-27,17:00:00,5.46,5.58,5.46,5.46,9000,0
2014-02-27,19:00:00,5.46,5.46,5.46,5.46,1000,0
2014-02-27,20:00:00,5.47,5.58,5.47,5.48,1100,0
2014-02-27,21:00:00,5.48,5.57,5.47,5.47,5600,0
2014-02-27,22:00:00,5.58,5.58,5.58,5.58,100,0
2014-02-28,17:00:00,5.54,5.54,5.54,5.54,1300,0
2014-02-28,18:00:00,5.55,5.55,5.55,5.55,900,0
2014-02-28,19:00:00,5.54,5.54,5.54,5.54,200,0
2014-02-28,20:00:00,5.54,5.54,5.47,5.47,593,0
2014-02-28,21:00:00,5.5,5.5,5.5,5.5,1500,0
2014-02-28,22:00:00,5.52,5.52,5.46,5.46,2600,0
2014-03-03,16:00:00,5.24,5.24,4.5,4.8,20822,0
2014-03-03,17:00:00,4.71,4.79,4.66,4.79,17987,0
2014-03-03,18:00:00,4.8,5.25,4.79,5,30322,0
2014-03-03,19:00:00,5,5.25,5,5.25,4553,0
2014-03-03,20:00:00,5.25,5.25,5.25,5.25,500,0
2014-03-03,21:00:00,5.25,5.25,5.14,5.19,2500,0
2014-03-03,22:00:00,5.25,5.35,5.17,5.24,3900,0
2014-03-04,16:00:00,5.17,5.17,5.12,5.12,2600,0
2014-03-04,18:00:00,5.13,5.13,5.13,5.13,1000,0
2014-03-04,19:00:00,5.24,5.24,5.15,5.2,500,0
2014-03-04,21:00:00,5.24,5.24,5.15,5.19,1392,0
2014-03-04,22:00:00,5.23,5.23,5.14,5.18,3326,0
2014-03-05,16:00:00,4.95,5.2,4.95,5.13,2204,0
2014-03-05,17:00:00,5.13,5.13,5.13,5.13,900,0
2014-03-05,18:00:00,5.12,5.47,5.12,5.47,1632,0
2014-03-05,19:00:00,5.13,5.45,5.13,5.45,1100,0
2014-03-05,21:00:00,5.38,5.38,5.38,5.38,549,0
2014-03-05,22:00:00,5.43,5.43,5.11,5.11,200,0
2014-03-06,17:00:00,5.17,5.17,5.17,5.17,1600,0
2014-03-06,18:00:00,5.34,5.34,5.17,5.17,868,0
2014-03-06,20:00:00,5.19,5.29,5.19,5.22,5915,0
2014-03-06,21:00:00,5.48,5.48,5.25,5.26,300,0
2014-03-06,22:00:00,5.22,5.27,5.21,5.21,5818,0
2014-03-07,19:00:00,5.25,5.25,5.23,5.23,1800,0
2014-03-07,20:00:00,5.46,5.46,5.46,5.46,1400,0
2014-03-07,22:00:00,5.26,5.26,5.24,5.24,400,0
2014-03-10,17:00:00,5.22,5.27,5.22,5.25,997,0
2014-03-10,19:00:00,5.27,5.45,5.27,5.45,550,0
2014-03-10,20:00:00,5.3,5.3,5.3,5.3,448,0
2014-03-10,21:00:00,5.3,5.47,5.3,5.3,5822,0
2014-03-11,15:00:00,5.31,5.31,5.3,5.3,350,0
2014-03-11,16:00:00,5.31,5.31,5.31,5.31,125,0
2014-03-11,19:00:00,5.53,5.53,5.53,5.53,200,0
2014-03-11,20:00:00,5.55,5.55,5.5,5.5,2043,0
2014-03-11,21:00:00,5.53,5.53,5.33,5.33,800,0
2014-03-12,15:00:00,5.32,5.32,5.3,5.3,550,0
2014-03-12,16:00:00,5.3,5.31,5.3,5.3,6917,0
2014-03-12,17:00:00,5.3,5.3,5.3,5.3,475,0
2014-03-12,18:00:00,5.33,5.55,5.3,5.3,8594,0
2014-03-12,19:00:00,5.52,5.52,5.52,5.52,300,0
2014-03-12,20:00:00,5.52,5.52,5.52,5.52,2800,0
2014-03-12,21:00:00,5.56,5.56,5.56,5.56,200,0
2014-03-13,17:00:00,5.34,5.34,5.33,5.33,645,0
2014-03-13,18:00:00,5.56,5.56,5.56,5.56,100,0
2014-03-13,19:00:00,5.57,5.57,5.5,5.5,2200,0
2014-03-13,20:00:00,5.5,5.5,5.5,5.5,460,0
2014-03-13,21:00:00,5.48,5.5,5.34,5.34,5110,0
2014-03-14,15:00:00,5.47,5.47,5.38,5.38,900,0
2014-03-14,17:00:00,5.39,5.41,5.39,5.41,1500,0
2014-03-14,18:00:00,5.41,5.41,5.41,5.41,248,0
2014-03-14,21:00:00,5.47,5.47,5.47,5.47,3400,0
2014-03-17,15:00:00,5.38,5.38,5.35,5.35,1200,0
2014-03-17,17:00:00,5.38,5.44,5.35,5.44,3600,0
2014-03-17,18:00:00,5.49,5.49,5.42,5.42,1900,0
2014-03-17,19:00:00,5.38,5.48,5.38,5.48,400,0
2014-03-17,20:00:00,5.5,5.5,5.5,5.5,597,0
2014-03-17,21:00:00,5.35,5.35,5.35,5.35,100,0
2014-03-18,15:00:00,5.49,5.49,5.38,5.38,1389,0
2014-03-18,16:00:00,5.42,5.45,5.42,5.45,9389,0
2014-03-18,17:00:00,5.5,5.5,5.5,5.5,1298,0
2014-03-18,20:00:00,5.45,5.47,5.45,5.45,1200,0
2014-03-18,21:00:00,5.43,5.48,5.43,5.48,12300,0
2014-03-19,15:00:00,5.53,5.55,5.52,5.55,3030,0
2014-03-19,17:00:00,5.6,5.65,5.6,5.65,2338,0
2014-03-19,18:00:00,5.65,5.65,5.65,5.65,300,0
2014-03-19,19:00:00,5.69,5.74,5.69,5.74,1745,0
2014-03-19,20:00:00,5.73,5.74,5.71,5.74,900,0
2014-03-19,21:00:00,5.61,5.7,5.6,5.6,6362,0
2014-03-20,15:00:00,5.72,5.72,5.72,5.72,4400,0
2014-03-20,17:00:00,5.7,5.7,5.7,5.7,700,0
2014-03-20,18:00:00,5.7,5.75,5.7,5.75,3900,0
2014-03-20,21:00:00,5.75,5.75,5.74,5.74,1200,0
2014-03-21,15:00:00,5.7,5.7,5.55,5.55,4520,0
2014-03-21,16:00:00,5.54,5.54,5.54,5.54,3250,0
2014-03-21,17:00:00,5.69,5.69,5.69,5.69,2500,0
2014-03-21,21:00:00,5.7,5.75,5.7,5.74,1500,0
2014-03-24,16:00:00,5.65,5.65,5.65,5.65,800,0
2014-03-24,17:00:00,5.5,5.51,5.35,5.35,12590,0
2014-03-24,18:00:00,5.35,5.35,4.95,5.2,14554,0
2014-03-24,19:00:00,5.2,5.22,5.18,5.18,5330,0
2014-03-24,20:00:00,5.25,5.3,5.15,5.18,7100,0
2014-03-24,21:00:00,5.21,5.6,5.21,5.27,65443,0
2014-03-25,15:00:00,5.26,5.67,5.06,5.65,47889,0
2014-03-25,16:00:00,5.65,5.69,5.46,5.48,15297,0
2014-03-25,17:00:00,5.48,5.54,5.24,5.5,24404,0
2014-03-25,18:00:00,5.5,5.5,5.49,5.49,900,0
2014-03-25,19:00:00,5.46,5.53,5.45,5.5,1000,0
2014-03-25,20:00:00,5.53,5.72,5.5,5.68,43045,0
2014-03-25,21:00:00,5.69,5.7,5.33,5.6,65165,0
2014-03-26,15:00:00,5.3,5.52,5.24,5.24,800,0
2014-03-26,16:00:00,5.34,5.45,5.32,5.4,10200,0
2014-03-26,17:00:00,5.34,5.57,5.26,5.57,31597,0
2014-03-26,18:00:00,5.52,5.53,5.36,5.45,29400,0
2014-03-26,20:00:00,5.39,5.4,5.35,5.36,2300,0
2014-03-26,21:00:00,5.35,5.72,5.32,5.58,56468,0
2014-03-27,15:00:00,5.6,5.6,5.49,5.49,4398,0
2014-03-27,16:00:00,5.51,5.57,5.51,5.57,300,0
2014-03-27,17:00:00,5.61,5.64,5.49,5.5,15215,0
2014-03-27,18:00:00,5.45,5.45,5.4,5.4,2200,0
2014-03-27,19:00:00,5.37,5.43,5.36,5.4,2200,0
2014-03-27,20:00:00,5.39,5.39,5.2,5.33,11700,0
2014-03-27,21:00:00,5.25,5.39,5.25,5.28,3800,0
2014-03-28,19:00:00,5.3,5.3,5.02,5.16,15602,0
2014-03-28,20:00:00,5.15,5.28,5.15,5.27,1800,0
2014-03-28,21:00:00,5.2,5.33,5.2,5.27,4402,0
2014-03-31,16:00:00,5.5,5.5,5.2,5.28,1000,0
2014-03-31,17:00:00,5.33,5.34,5.15,5.15,10300,0
2014-03-31,18:00:00,5.19,5.19,5.14,5.18,400,0
2014-03-31,19:00:00,5.2,5.44,5.2,5.36,10400,0
2014-03-31,20:00:00,5.36,5.36,5.1,5.1,3500,0
2014-03-31,21:00:00,5.1,5.3,4.51,4.74,39645,0
2014-03-31,22:00:00,4.59,4.7,4.5,4.5,14972,0
2014-04-01,16:00:00,4.5,4.5,4.37,4.37,5100,0
2014-04-01,17:00:00,4.26,4.46,4.26,4.46,11384,0
2014-04-01,18:00:00,4.4,4.54,4.4,4.46,3900,0
2014-04-01,19:00:00,4.44,4.47,4.31,4.45,4795,0
2014-04-01,20:00:00,4.45,4.45,4.23,4.23,4820,0
2014-04-01,21:00:00,4.37,4.37,4.37,4.37,1100,0
2014-04-01,22:00:00,4.38,4.4,4.27,4.28,2800,0
2014-04-02,16:00:00,4.3,4.49,4.29,4.3,6120,0
2014-04-02,17:00:00,4.31,4.31,4.31,4.31,100,0
2014-04-02,18:00:00,4.31,4.31,4.31,4.31,500,0
2014-04-02,19:00:00,4.32,4.52,4.32,4.52,500,0
2014-04-02,20:00:00,4.48,4.48,4.48,4.48,300,0
2014-04-02,22:00:00,4.36,4.36,4.35,4.35,1000,0
2014-04-03,16:00:00,4.3,4.38,4.3,4.33,3000,0
2014-04-03,17:00:00,4.25,4.25,4.25,4.25,600,0
2014-04-03,18:00:00,4.2,4.2,4.13,4.14,800,0
2014-04-03,19:00:00,4.13,4.25,3.7,3.75,29121,0
2014-04-03,20:00:00,3.92,3.98,3.48,3.84,64627,0
2014-04-03,21:00:00,3.87,3.9,3.52,3.65,14052,0
2014-04-03,22:00:00,3.74,3.78,3.65,3.75,7449,0
2014-04-04,16:00:00,3.75,3.88,3.75,3.75,3600,0
2014-04-04,17:00:00,3.75,3.75,3.75,3.75,100,0
2014-04-04,18:00:00,3.82,3.82,3.62,3.63,9172,0
2014-04-04,19:00:00,3.63,3.63,3.57,3.57,4376,0
2014-04-04,20:00:00,3.45,3.54,3.2,3.54,16902,0
2014-04-04,21:00:00,3.47,3.54,3.47,3.54,1400,0
2014-04-04,22:00:00,3.54,3.54,3.46,3.46,9400,0
2014-04-07,16:00:00,3.25,3.58,3.25,3.56,10140,0
2014-04-07,17:00:00,3.5,3.54,3.5,3.54,200,0
2014-04-07,18:00:00,3.58,3.62,3.58,3.62,3802,0
2014-04-07,19:00:00,3.67,3.71,3.67,3.7,3600,0
2014-04-07,20:00:00,3.71,3.71,3.57,3.58,3700,0
2014-04-07,22:00:00,3.54,3.54,3.5,3.51,672,0
2014-04-08,17:00:00,3.44,3.44,3.39,3.4,1600,0
2014-04-08,18:00:00,3.49,3.49,3.49,3.49,400,0
2014-04-08,19:00:00,3.37,3.39,3.37,3.39,1350,0
2014-04-08,22:00:00,3.43,3.43,3.42,3.42,300,0
2014-04-09,18:00:00,3.37,3.41,3.37,3.41,976,0
2014-04-09,20:00:00,3.43,3.43,3.4,3.4,10760,0
2014-04-09,21:00:00,3.46,3.46,3.46,3.46,200,0
2014-04-09,22:00:00,3.46,3.57,3.46,3.57,12388,0
2014-04-10,16:00:00,3.43,3.43,3.43,3.43,340,0
2014-04-10,17:00:00,3.39,3.39,3.39,3.39,100,0
2014-04-10,18:00:00,3.52,3.61,3.38,3.61,2880,0
2014-04-10,20:00:00,3.6,3.6,3.6,3.6,5700,0
2014-04-10,21:00:00,3.45,3.45,3.45,3.45,300,0
2014-04-11,16:00:00,3.47,3.47,3.45,3.45,2440,0
2014-04-11,18:00:00,3.46,3.48,3.46,3.48,1175,0
2014-04-11,19:00:00,3.56,3.57,3.56,3.57,250,0
2014-04-11,21:00:00,3.46,3.46,3.42,3.46,9560,0
2014-04-11,22:00:00,3.44,3.63,3.44,3.63,2383,0
2014-04-14,16:00:00,3.75,3.81,3.75,3.8,5574,0
2014-04-14,17:00:00,3.78,3.78,3.6,3.6,2140,0
2014-04-14,19:00:00,3.81,3.88,3.81,3.83,2632,0
2014-04-14,20:00:00,3.88,3.92,3.86,3.92,3600,0
2014-04-14,21:00:00,3.9,3.92,3.85,3.85,2688,0
2014-04-14,22:00:00,3.85,3.97,3.85,3.97,700,0
2014-04-15,16:00:00,4,4.27,3.98,3.98,2811,0
2014-04-15,17:00:00,4.27,4.27,4.27,4.27,190,0
2014-04-15,18:00:00,3.98,4.27,3.98,4.05,4495,0
2014-04-15,19:00:00,4.26,4.26,4.06,4.06,4036,0
2014-04-15,20:00:00,4.11,4.14,3.98,4.09,6901,0
2014-04-15,21:00:00,4.13,4.13,4.13,4.13,200,0
2014-04-15,22:00:00,4.06,4.28,4.06,4.16,4520,0
2014-04-16,16:00:00,4.29,4.32,4.2,4.2,5372,0
2014-04-16,17:00:00,4.31,4.32,4.16,4.32,600,0
2014-04-16,18:00:00,4.17,4.38,4.17,4.38,1230,0
2014-04-16,19:00:00,4.43,4.66,4.38,4.45,15345,0
2014-04-16,20:00:00,4.44,4.45,4.41,4.41,6000,0
2014-04-16,22:00:00,4.4,4.4,4.4,4.4,100,0
2014-04-17,16:00:00,4.5,4.5,4.5,4.5,5506,0
2014-04-17,17:00:00,4.39,4.39,4.33,4.33,380,0
2014-04-17,18:00:00,4.33,4.33,4.14,4.23,1498,0
2014-04-17,19:00:00,4.07,4.15,4.07,4.14,3600,0
2014-04-17,20:00:00,4.06,4.06,4.06,4.06,250,0
2014-04-17,21:00:00,4.24,4.24,4.24,4.24,100,0
2014-04-17,22:00:00,4.19,4.39,4.19,4.39,380,0
2014-04-21,16:00:00,4,4,3.79,3.79,4340,0
2014-04-21,17:00:00,3.75,4.14,3.61,4.02,13469,0
2014-04-21,18:00:00,4.05,4.08,3.81,4.03,22204,0
2014-04-21,19:00:00,3.99,4,3.99,4,900,0
2014-04-21,20:00:00,3.99,3.99,3.98,3.98,400,0
2014-04-21,21:00:00,3.98,3.98,3.94,3.95,1116,0
2014-04-21,22:00:00,3.8,3.87,3.67,3.76,2350,0
2014-04-22,17:00:00,3.71,3.77,3.71,3.77,422,0
2014-04-22,18:00:00,3.8,3.8,3.8,3.8,200,0
2014-04-22,19:00:00,3.83,4.1,3.83,4,700,0
2014-04-22,20:00:00,3.99,4.08,3.99,4.06,1800,0
2014-04-23,19:00:00,3.85,3.87,3.85,3.87,700,0
2014-04-23,21:00:00,4.14,4.14,4.11,4.11,8000,0
2014-04-24,16:00:00,4.03,4.03,4.03,4.03,200,0
2014-04-24,22:00:00,4.05,4.05,4.04,4.04,300,0
2014-04-25,20:00:00,3.99,3.99,3.99,3.99,1400,0
2014-04-25,21:00:00,3.9,3.99,3.9,3.99,4060,0
2014-04-25,22:00:00,3.94,4.01,3.91,4.01,1600,0
2014-04-28,18:00:00,4.01,4.06,4.01,4.06,200,0
2014-04-28,19:00:00,4.06,4.06,4.06,4.06,251,0
2014-04-28,20:00:00,4,4.1,3.8,4.1,3100,0
2014-04-28,22:00:00,3.83,3.83,3.83,3.83,100,0
2014-04-30,18:00:00,3.85,3.86,3.85,3.86,1100,0
2014-04-30,19:00:00,3.95,3.95,3.95,3.95,1000,0
2014-04-30,22:00:00,3.99,3.99,3.99,3.99,100,0
2014-05-01,16:00:00,4.03,4.03,4.03,4.03,740,0
2014-05-01,17:00:00,4.16,4.16,4.16,4.16,200,0
2014-05-01,18:00:00,4.14,4.14,4.14,4.14,240,0
2014-05-01,20:00:00,4,4,4,4,220,0
2014-05-01,21:00:00,4.05,4.05,4.05,4.05,500,0
2014-05-02,17:00:00,4.34,4.58,4.3,4.55,3640,0
2014-05-02,18:00:00,4.36,4.58,4.36,4.55,2200,0
2014-05-02,20:00:00,4.51,4.51,4.5,4.5,1900,0
2014-05-02,22:00:00,4.49,4.49,4.3,4.31,1462,0
2014-05-05,17:00:00,4.35,4.35,4.35,4.35,600,0
2014-05-05,18:00:00,4.4,4.4,4.34,4.34,800,0
2014-05-05,19:00:00,4.32,4.32,4.05,4.05,484,0
2014-05-05,20:00:00,4.05,4.07,4.05,4.07,300,0
2014-05-05,21:00:00,4.06,4.06,4.05,4.05,455,0
2014-05-05,22:00:00,4.05,4.06,4.02,4.05,2500,0
2014-05-06,19:00:00,4.18,4.19,4.16,4.18,1600,0
2014-05-06,20:00:00,4.04,4.04,4.04,4.04,100,0
2014-05-06,21:00:00,4,4,4,4,2000,0
2014-05-07,16:00:00,4.2,4.2,4.2,4.2,300,0
