Date,Time,Open,High,Low,Close,Volume,OpenInt
2014-02-10,17:00:00,28.45,28.45,28.45,28.45,100,0
2014-02-10,18:00:00,28.44,28.44,28.44,28.44,800,0
2014-02-11,19:00:00,28.61,28.61,28.61,28.61,1000,0
2014-02-11,20:00:00,28.57,28.6,28.56,28.6,400,0
2014-02-12,18:00:00,28.73,28.73,28.73,28.73,1400,0
2014-02-12,21:00:00,28.72,28.72,28.72,28.72,100,0
2014-02-13,16:00:00,28.49,28.49,28.49,28.49,216,0
2014-02-13,20:00:00,28.51,28.51,28.51,28.51,200,0
2014-02-14,16:00:00,28.55,28.55,28.54,28.54,5200,0
2014-02-14,17:00:00,28.6,28.6,28.6,28.6,400,0
2014-02-14,18:00:00,28.64,28.64,28.64,28.64,345,0
2014-02-14,19:00:00,28.57,28.57,28.57,28.57,100,0
2014-02-14,21:00:00,28.59,28.59,28.59,28.59,440,0
2014-02-14,22:00:00,28.55,28.55,28.55,28.55,700,0
2014-02-18,16:00:00,28.5,28.51,28.48,28.51,3900,0
2014-02-18,18:00:00,28.42,28.44,28.42,28.44,1400,0
2014-02-19,17:00:00,28.4,28.4,28.4,28.4,4200,0
2014-02-19,22:00:00,28.56,28.56,28.55,28.55,3640,0
2014-02-21,22:00:00,28.51,28.51,28.51,28.51,500,0
2014-02-24,19:00:00,28.58,28.59,28.58,28.59,400,0
2014-02-24,20:00:00,28.6,28.61,28.59,28.61,2500,0
2014-02-24,22:00:00,28.57,28.57,28.57,28.57,300,0
2014-02-25,16:00:00,28.33,28.33,28.33,28.33,3066,0
2014-02-25,17:00:00,28.38,28.38,28.38,28.38,2000,0
2014-02-25,22:00:00,28.32,28.32,28.32,28.32,700,0
2014-02-26,17:00:00,28.3,28.3,28.3,28.3,780,0
2014-02-26,20:00:00,28.26,28.29,28.26,28.29,500,0
2014-02-26,21:00:00,28.2,28.2,28.2,28.2,400,0
2014-02-28,22:00:00,28.09,28.09,28.09,28.09,1500,0
2014-03-03,19:00:00,27.9,27.9,27.9,27.9,100,0
2014-03-03,22:00:00,27.9,27.9,27.9,27.9,1000,0
2014-03-04,16:00:00,28.1,28.1,28.1,28.1,200,0
2014-03-04,19:00:00,28.1,28.1,28.1,28.1,300,0
2014-03-05,19:00:00,28.15,28.15,28.15,28.15,500,0
2014-03-06,16:00:00,28.44,28.44,28.41,28.41,500,0
2014-03-06,22:00:00,28.43,28.45,28.43,28.45,400,0
2014-03-07,22:00:00,28.6,28.6,28.6,28.6,200,0
2014-03-11,19:00:00,28.59,28.59,28.59,28.59,250,0
2014-03-11,21:00:00,28.51,28.51,28.51,28.51,200,0
2014-03-12,16:00:00,28.33,28.33,28.33,28.33,200,0
2014-03-12,21:00:00,28.28,28.3,28.28,28.3,200,0
2014-03-13,17:00:00,28.11,28.11,28.11,28.11,756,0
2014-03-13,18:00:00,28,28.02,28,28.02,200,0
2014-03-13,21:00:00,27.95,27.95,27.95,27.95,100,0
2014-03-14,15:00:00,27.72,27.88,27.72,27.88,490,0
2014-03-14,17:00:00,27.87,27.87,27.87,27.87,440,0
2014-03-14,18:00:00,27.94,27.94,27.94,27.94,112,0
2014-03-17,15:00:00,28.15,28.15,28.05,28.06,400,0
2014-03-17,16:00:00,28.07,28.07,28.03,28.03,700,0
2014-03-17,17:00:00,28.07,28.08,28.06,28.08,600,0
2014-03-17,18:00:00,28.11,28.12,28.11,28.12,700,0
2014-03-17,19:00:00,28.12,28.12,28.04,28.04,1000,0
2014-03-17,20:00:00,28.05,28.1,28.05,28.08,1500,0
2014-03-17,21:00:00,28.1,28.11,28.09,28.11,1400,0
2014-03-18,15:00:00,28.27,28.27,28.14,28.18,700,0
2014-03-18,16:00:00,28.16,28.18,28.12,28.12,1500,0
2014-03-18,17:00:00,28.11,28.12,28.09,28.09,1400,0
2014-03-18,18:00:00,28.12,28.12,28.05,28.06,1500,0
2014-03-18,21:00:00,28.08,28.08,28.08,28.08,100,0
2014-03-19,15:00:00,28.03,28.04,28.03,28.04,300,0
2014-03-19,16:00:00,28.07,28.09,28.06,28.09,800,0
2014-03-19,17:00:00,28.1,28.1,28.08,28.1,700,0
2014-03-19,18:00:00,28.11,28.17,28.11,28.17,1100,0
2014-03-19,19:00:00,28.17,28.2,28.16,28.18,1200,0
2014-03-19,20:00:00,28.19,28.3,28.19,28.27,900,0
2014-03-19,21:00:00,28.21,28.24,28.21,28.22,700,0
2014-03-20,15:00:00,28.34,28.34,28.3,28.32,3175,0
2014-03-20,16:00:00,28.37,28.37,28.27,28.27,700,0
2014-03-20,17:00:00,28.25,28.26,28.23,28.23,700,0
2014-03-20,18:00:00,28.27,28.27,28.26,28.26,400,0
2014-03-20,19:00:00,28.27,28.3,28.27,28.29,500,0
2014-03-20,20:00:00,28.29,28.31,28.28,28.31,800,0
2014-03-20,21:00:00,28.31,28.35,28.25,28.35,2300,0
2014-03-21,19:00:00,28.09,28.1,28.09,28.1,4300,0
2014-03-24,17:00:00,27.81,27.81,27.81,27.81,200,0
2014-03-24,18:00:00,27.83,27.84,27.76,27.76,1200,0
2014-03-24,19:00:00,27.78,27.83,27.78,27.83,1400,0
2014-03-24,20:00:00,27.82,27.82,27.79,27.8,1000,0
2014-03-24,21:00:00,27.8,27.81,27.78,27.78,1200,0
2014-03-25,16:00:00,27.96,27.96,27.96,27.96,200,0
2014-03-25,21:00:00,27.91,27.93,27.83,27.85,5800,0
2014-03-26,15:00:00,27.99,27.99,27.88,27.88,1600,0
2014-03-26,16:00:00,27.87,27.9,27.84,27.84,3100,0
2014-03-26,17:00:00,27.85,27.89,27.85,27.89,3200,0
2014-03-26,18:00:00,27.89,27.89,27.81,27.81,4800,0
2014-03-26,19:00:00,27.8,27.8,27.67,27.71,6000,0
2014-03-26,20:00:00,27.7,27.71,27.67,27.67,5200,0
2014-03-26,21:00:00,27.68,27.75,27.65,27.75,15300,0
2014-03-27,15:00:00,27.65,27.66,27.59,27.64,1000,0
2014-03-27,16:00:00,27.64,27.7,27.64,27.67,1200,0
2014-03-27,17:00:00,27.67,27.67,27.54,27.54,1700,0
2014-03-27,18:00:00,27.55,27.56,27.5,27.5,1600,0
2014-03-27,19:00:00,27.52,27.56,27.47,27.47,1600,0
2014-03-27,20:00:00,27.46,27.55,27.46,27.53,2250,0
2014-03-27,21:00:00,27.59,27.6,27.58,27.58,1200,0
2014-03-28,15:00:00,27.65,27.65,27.65,27.65,100,0
2014-03-28,16:00:00,27.64,27.66,27.62,27.66,1300,0
2014-03-28,17:00:00,27.66,27.75,27.66,27.75,1900,0
2014-03-28,18:00:00,27.76,27.76,27.72,27.73,1800,0
2014-03-28,19:00:00,27.71,27.71,27.69,27.69,1800,0
2014-03-28,20:00:00,27.69,27.69,27.64,27.65,1600,0
2014-03-28,21:00:00,27.66,27.68,27.66,27.68,1736,0
2014-03-31,16:00:00,27.96,27.96,27.81,27.81,960,0
2014-03-31,17:00:00,27.85,27.95,27.83,27.83,5600,0
2014-03-31,18:00:00,27.82,27.82,27.81,27.81,1500,0
2014-03-31,19:00:00,27.8,27.81,27.79,27.79,1400,0
2014-03-31,20:00:00,27.78,27.78,27.77,27.77,1700,0
2014-03-31,21:00:00,27.78,27.82,27.77,27.78,2100,0
2014-03-31,22:00:00,27.8,27.8,27.78,27.8,2300,0
2014-04-01,16:00:00,27.91,27.91,27.85,27.88,1200,0
2014-04-01,17:00:00,27.89,27.95,27.89,27.94,1500,0
2014-04-01,18:00:00,27.94,27.94,27.9,27.91,1300,0
2014-04-01,19:00:00,27.9,27.92,27.87,27.9,1700,0
2014-04-01,20:00:00,27.9,27.92,27.89,27.91,1600,0
2014-04-01,21:00:00,27.93,27.95,27.91,27.94,2300,0
2014-04-01,22:00:00,27.93,27.97,27.92,27.97,1500,0
2014-04-02,16:00:00,28.15,28.18,28.12,28.18,700,0
2014-04-02,17:00:00,28.18,28.2,28.17,28.18,1000,0
2014-04-02,18:00:00,28.21,28.21,28.18,28.19,1400,0
2014-04-02,19:00:00,28.18,28.21,28.18,28.18,1300,0
2014-04-02,20:00:00,28.16,28.17,28.15,28.15,2000,0
2014-04-02,21:00:00,28.16,28.18,28.15,28.15,1800,0
2014-04-02,22:00:00,28.19,28.2,28.17,28.17,1100,0
2014-04-03,16:00:00,27.95,28.08,27.95,28.05,800,0
2014-04-03,17:00:00,28.04,28.04,27.97,27.98,1525,0
2014-04-03,18:00:00,27.98,28.01,27.95,27.95,1900,0
2014-04-03,19:00:00,27.97,27.97,27.94,27.95,1000,0
2014-04-03,20:00:00,27.95,27.98,27.95,27.97,2200,0
2014-04-03,21:00:00,27.96,28,27.96,28,1800,0
2014-04-03,22:00:00,28,28.01,27.99,27.99,1500,0
2014-04-04,16:00:00,28.2,28.2,28,28,500,0
2014-04-04,17:00:00,27.97,27.98,27.92,27.92,700,0
2014-04-04,18:00:00,27.88,27.88,27.81,27.81,1000,0
2014-04-04,19:00:00,27.83,27.86,27.83,27.83,900,0
2014-04-04,20:00:00,27.87,27.91,27.87,27.91,400,0
2014-04-04,21:00:00,27.92,27.92,27.88,27.88,1000,0
2014-04-04,22:00:00,27.88,27.89,27.87,27.88,1000,0
2014-04-07,16:00:00,27.82,27.82,27.72,27.75,460,0
2014-04-07,17:00:00,27.77,27.77,27.7,27.7,700,0
2014-04-07,18:00:00,27.7,27.7,27.62,27.62,700,0
2014-04-07,19:00:00,27.62,27.69,27.62,27.69,800,0
2014-04-07,20:00:00,27.7,27.7,27.66,27.66,500,0
2014-04-07,21:00:00,27.66,27.68,27.64,27.67,1100,0
2014-04-07,22:00:00,27.68,27.69,27.66,27.66,2629,0
2014-04-08,16:00:00,27.68,27.72,27.68,27.72,300,0
2014-04-08,17:00:00,27.74,27.78,27.74,27.74,1500,0
2014-04-08,18:00:00,27.74,27.76,27.69,27.69,1300,0
2014-04-08,19:00:00,27.7,27.7,27.67,27.67,2000,0
2014-04-08,20:00:00,27.62,27.62,27.62,27.62,400,0
2014-04-08,21:00:00,27.61,27.61,27.56,27.58,1875,0
2014-04-08,22:00:00,27.59,27.6,27.57,27.6,2400,0
2014-04-09,16:00:00,27.85,27.85,27.72,27.72,300,0
2014-04-09,17:00:00,27.72,27.72,27.7,27.7,200,0
2014-04-09,18:00:00,27.69,27.69,27.67,27.67,600,0
2014-04-09,19:00:00,27.7,27.7,27.68,27.68,400,0
2014-04-09,20:00:00,27.71,27.71,27.7,27.71,365,0
2014-04-09,21:00:00,27.73,27.73,27.65,27.67,700,0
2014-04-09,22:00:00,27.75,27.79,27.75,27.78,700,0
2014-04-10,16:00:00,27.62,27.63,27.6,27.63,1330,0
2014-04-10,17:00:00,27.64,27.64,27.57,27.57,200,0
2014-04-10,18:00:00,27.52,27.56,27.49,27.49,18600,0
2014-04-10,19:00:00,27.46,27.49,27.45,27.49,600,0
2014-04-10,20:00:00,27.41,27.44,27.41,27.44,400,0
2014-04-10,21:00:00,27.4,27.42,27.4,27.42,200,0
2014-04-10,22:00:00,27.37,27.46,27.37,27.46,1075,0
2014-04-11,16:00:00,27.42,27.42,27.32,27.32,300,0
2014-04-11,17:00:00,27.37,27.4,27.33,27.4,400,0
2014-04-11,18:00:00,27.4,27.4,27.38,27.38,600,0
2014-04-11,19:00:00,27.37,27.38,27.37,27.37,400,0
2014-04-11,20:00:00,27.37,27.37,27.37,27.37,300,0
2014-04-11,21:00:00,27.33,27.33,27.28,27.28,400,0
2014-04-11,22:00:00,27.29,27.29,27.26,27.29,600,0
2014-04-14,16:00:00,27,27.3,27,27.29,600,0
2014-04-14,17:00:00,27.33,27.33,27.33,27.33,100,0
2014-04-14,18:00:00,27.3,27.3,27.28,27.28,400,0
2014-04-14,19:00:00,27.29,27.3,27.29,27.3,300,0
2014-04-14,20:00:00,27.29,27.3,27.29,27.3,2280,0
2014-04-14,21:00:00,27.27,27.29,27.27,27.28,300,0
2014-04-14,22:00:00,27.26,27.3,27.26,27.3,500,0
2014-04-15,16:00:00,27.4,27.4,27.3,27.36,400,0
2014-04-15,17:00:00,27.37,27.37,27.25,27.25,700,0
2014-04-15,18:00:00,27.21,27.21,27.04,27.16,600,0
2014-04-15,19:00:00,27.2,27.2,27.15,27.15,400,0
2014-04-15,20:00:00,27.12,27.23,27.12,27.23,400,0
2014-04-15,21:00:00,27.26,27.26,27.17,27.17,500,0
2014-04-15,22:00:00,27.23,27.25,27.22,27.22,600,0
2014-04-16,16:00:00,27.31,27.31,27.28,27.28,200,0
2014-04-16,17:00:00,27.3,27.31,27.28,27.28,600,0
2014-04-16,18:00:00,27.26,27.26,27.22,27.22,300,0
2014-04-16,19:00:00,27.22,27.22,27.2,27.21,500,0
2014-04-16,20:00:00,27.22,27.22,27.19,27.19,300,0
2014-04-16,21:00:00,27.2,27.2,27.15,27.17,500,0
2014-04-16,22:00:00,27.14,27.14,27.11,27.11,400,0
2014-04-17,16:00:00,27.21,27.21,27.12,27.12,300,0
2014-04-17,17:00:00,27.14,27.27,27.14,27.24,800,0
2014-04-17,18:00:00,27.26,27.28,27.26,27.26,300,0
2014-04-17,19:00:00,27.31,27.4,27.31,27.4,800,0
2014-04-17,20:00:00,27.38,27.46,27.38,27.46,1400,0
2014-04-17,21:00:00,27.52,27.52,27.48,27.48,600,0
2014-04-17,22:00:00,27.45,27.48,27.45,27.48,713,0
2014-04-21,16:00:00,27.31,27.31,27.28,27.28,300,0
2014-04-21,17:00:00,27.28,27.28,27.26,27.26,300,0
2014-04-21,18:00:00,27.27,27.28,27.27,27.28,500,0
2014-04-21,19:00:00,27.3,27.33,27.3,27.33,600,0
2014-04-21,20:00:00,27.37,27.37,27.37,27.37,300,0
2014-04-21,21:00:00,27.39,27.43,27.39,27.43,400,0
2014-04-21,22:00:00,27.43,27.43,27.41,27.41,400,0
2014-04-22,16:00:00,27.64,27.64,27.49,27.49,300,0
2014-04-22,17:00:00,27.5,27.53,27.5,27.5,500,0
2014-04-22,18:00:00,27.49,27.51,27.44,27.44,400,0
2014-04-22,19:00:00,27.41,27.43,27.41,27.43,200,0
2014-04-22,20:00:00,27.42,27.42,27.4,27.4,400,0
2014-04-22,21:00:00,27.36,27.37,27.36,27.37,500,0
2014-04-22,22:00:00,27.36,27.36,27.33,27.34,500,0
2014-04-23,16:00:00,27.24,27.24,27.24,27.24,100,0
2014-04-23,17:00:00,27.23,27.25,27.23,27.25,300,0
2014-04-23,18:00:00,27.23,27.23,27.17,27.19,400,0
2014-04-23,19:00:00,27.2,27.21,27.19,27.2,500,0
2014-04-23,20:00:00,27.2,27.23,27.19,27.22,400,0
2014-04-23,21:00:00,27.2,27.2,27.18,27.19,500,0
2014-04-23,22:00:00,27.16,27.18,27.16,27.18,400,0
2014-04-24,16:00:00,27.31,27.31,27.31,27.31,200,0
2014-04-25,17:00:00,27.03,27.03,27.02,27.02,1300,0
2014-04-28,16:00:00,27.15,27.15,27.15,27.15,100,0
2014-04-28,17:00:00,27.2,27.28,27.2,27.25,500,0
2014-04-28,18:00:00,27.26,27.27,27.26,27.26,500,0
2014-04-28,19:00:00,27.26,27.26,27.24,27.24,300,0
2014-04-28,20:00:00,27.23,27.23,27.15,27.15,600,0
2014-04-28,21:00:00,27.14,27.16,27.14,27.16,200,0
2014-04-28,22:00:00,27.19,27.25,27.18,27.25,1740,0
2014-04-29,16:00:00,27.34,27.37,27.34,27.37,300,0
2014-04-29,17:00:00,27.4,27.4,27.33,27.33,300,0
2014-04-29,18:00:00,27.3,27.3,27.27,27.29,700,0
2014-04-29,19:00:00,27.3,27.3,27.27,27.27,300,0
2014-04-29,20:00:00,27.25,27.29,27.24,27.29,500,0
2014-04-29,21:00:00,27.28,27.28,27.21,27.21,200,0
2014-04-29,22:00:00,27.25,27.25,27.22,27.22,700,0
2014-04-30,16:00:00,27.36,27.36,27.32,27.32,200,0
2014-04-30,17:00:00,27.26,27.26,27.23,27.23,500,0
2014-04-30,18:00:00,27.18,27.18,27.15,27.15,300,0
2014-04-30,19:00:00,27.15,27.15,27.15,27.15,300,0
2014-04-30,20:00:00,27.15,27.21,27.15,27.21,500,0
2014-04-30,21:00:00,27.26,27.26,27.16,27.16,400,0
2014-04-30,22:00:00,27.16,27.18,27.16,27.16,600,0
2014-05-01,16:00:00,27.14,27.14,27.13,27.13,200,0
2014-05-01,17:00:00,27.15,27.15,26.98,26.98,500,0
2014-05-01,18:00:00,26.87,26.95,26.87,26.95,400,0
2014-05-01,19:00:00,26.94,26.94,26.89,26.89,400,0
2014-05-01,20:00:00,26.88,26.88,26.86,26.86,400,0
2014-05-01,21:00:00,26.83,26.86,26.83,26.83,600,0
2014-05-01,22:00:00,26.85,26.86,26.85,26.86,500,0
2014-05-02,16:00:00,27.16,27.16,26.98,26.98,300,0
2014-05-02,17:00:00,27.01,27.02,26.72,26.72,1000,0
2014-05-02,18:00:00,26.79,26.79,26.74,26.77,400,0
2014-05-02,19:00:00,26.73,26.73,26.7,26.7,400,0
2014-05-02,20:00:00,26.7,26.7,26.63,26.63,400,0
2014-05-02,21:00:00,26.68,26.7,26.68,26.69,700,0
2014-05-02,22:00:00,26.7,26.7,26.7,26.7,300,0
2014-05-05,16:00:00,26.66,26.7,26.66,26.7,300,0
2014-05-05,17:00:00,26.72,26.8,26.72,26.8,1450,0
2014-05-05,18:00:00,26.8,26.81,26.8,26.81,400,0
2014-05-05,19:00:00,26.8,26.8,26.8,26.8,300,0
2014-05-05,20:00:00,26.8,26.82,26.8,26.82,600,0
2014-05-05,21:00:00,26.82,26.84,26.82,26.84,400,0
2014-05-05,22:00:00,26.84,26.86,26.84,26.84,500,0
2014-05-06,16:00:00,26.84,26.84,26.8,26.8,600,0
2014-05-06,17:00:00,26.8,26.84,26.8,26.8,1600,0
2014-05-06,18:00:00,26.78,26.8,26.77,26.77,900,0
2014-05-06,19:00:00,26.78,26.8,26.77,26.8,400,0
2014-05-06,20:00:00,26.81,26.81,26.72,26.72,500,0
2014-05-06,21:00:00,26.71,26.72,26.71,26.71,600,0
2014-05-06,22:00:00,26.75,26.75,26.73,26.74,500,0
2014-05-07,16:00:00,26.81,26.81,26.81,26.81,800,0
2014-05-07,17:00:00,26.8,26.81,26.72,26.8,800,0
2014-05-07,18:00:00,26.8,26.81,26.76,26.77,500,0
2014-05-07,19:00:00,26.76,26.76,26.75,26.76,500,0
2014-05-07,20:00:00,26.75,26.76,26.74,26.76,500,0
2014-05-07,21:00:00,26.74,26.79,26.74,26.79,400,0
2014-05-07,22:00:00,26.8,26.82,26.8,26.81,500,0
