Date,Time,Open,High,Low,Close,Volume,OpenInt
2014-02-10,16:00:00,20.8292,20.8292,20.6225,20.6225,5096,0
2014-02-10,17:00:00,20.5831,20.5831,20.5831,20.5831,2540,0
2014-02-10,18:00:00,20.6815,20.6914,20.6717,20.6717,1778,0
2014-02-10,21:00:00,20.6815,20.7012,20.6717,20.6717,2623,0
2014-02-10,22:00:00,20.7012,20.7012,20.652,20.652,1371,0
2014-02-11,16:00:00,20.7603,20.7603,20.6914,20.6914,610,0
2014-02-11,18:00:00,20.7505,20.7505,20.7505,20.7505,203,0
2014-02-11,19:00:00,20.7603,20.78,20.7603,20.78,305,0
2014-02-11,20:00:00,20.78,20.78,20.7603,20.7603,1930,0
2014-02-11,21:00:00,20.7603,20.7603,20.7012,20.7012,1727,0
2014-02-11,22:00:00,20.7701,20.7701,20.7505,20.7505,1016,0
2014-02-12,22:00:00,20.8194,20.8686,20.8194,20.8686,681,0
2014-02-13,16:00:00,20.8981,20.9572,20.8981,20.9572,55397,0
2014-02-13,17:00:00,20.9572,21.0064,20.9572,20.9867,27913,0
2014-02-13,18:00:00,20.9965,20.9965,20.9965,20.9965,610,0
2014-02-13,19:00:00,20.9572,20.9769,20.9572,20.9769,508,0
2014-02-13,20:00:00,20.9769,20.9769,20.9769,20.9769,7071,0
2014-02-13,21:00:00,20.9473,20.9473,20.9473,20.9473,254,0
2014-02-14,16:00:00,20.9965,21.0064,20.967,20.967,711,0
2014-02-14,17:00:00,20.967,20.967,20.967,20.967,1764,0
2014-02-14,19:00:00,20.8883,20.8883,20.8883,20.8883,3626,0
2014-02-14,20:00:00,20.8883,20.8883,20.8883,20.8883,1371,0
2014-02-14,21:00:00,20.9572,20.9572,20.9276,20.9276,1290,0
2014-02-18,17:00:00,21.0064,21.0064,21.0064,21.0064,660,0
2014-02-18,19:00:00,20.9572,20.967,20.9473,20.967,3566,0
2014-02-18,20:00:00,20.9276,20.9276,20.9276,20.9276,406,0
2014-02-18,21:00:00,20.9867,20.9867,20.9867,20.9867,1649,0
2014-02-18,22:00:00,20.9473,20.9473,20.9473,20.9473,762,0
2014-02-19,19:00:00,20.9079,20.9079,20.9079,20.9079,813,0
2014-02-19,20:00:00,20.8883,20.8883,20.8883,20.8883,447,0
2014-02-20,16:00:00,20.8194,20.8194,20.7406,20.7406,2337,0
2014-02-20,18:00:00,20.7505,20.7505,20.7505,20.7505,508,0
2014-02-20,19:00:00,20.7406,20.7406,20.7406,20.7406,2387,0
2014-02-20,20:00:00,20.7209,20.7209,20.6815,20.6815,914,0
2014-02-20,21:00:00,20.6815,20.7111,20.6815,20.7111,2032,0
2014-02-20,22:00:00,20.6815,20.7111,20.6815,20.7111,1458,0
2014-02-21,16:00:00,20.7308,20.7308,20.6914,20.6914,958,0
2014-02-21,17:00:00,20.6815,20.6815,20.6815,20.6815,102,0
2014-02-21,18:00:00,20.6717,20.6717,20.6717,20.6717,813,0
2014-02-21,19:00:00,20.6323,20.6323,20.6323,20.6323,356,0
2014-02-21,20:00:00,20.6914,20.6914,20.6914,20.6914,254,0
2014-02-21,21:00:00,20.7209,20.7209,20.7209,20.7209,102,0
2014-02-21,22:00:00,20.6815,20.7111,20.6815,20.7111,1254,0
2014-02-24,16:00:00,20.6914,20.6914,20.6126,20.6126,305,0
2014-02-24,17:00:00,20.5831,20.6717,20.5831,20.6717,9052,0
2014-02-24,18:00:00,20.6717,20.6717,20.6717,20.6717,356,0
2014-02-24,19:00:00,20.7012,20.7012,20.7012,20.7012,305,0
2014-02-24,21:00:00,20.7012,20.7012,20.6914,20.6914,244,0
2014-02-25,16:00:00,20.8095,20.8883,20.7012,20.7111,1930,0
2014-02-25,17:00:00,20.7308,20.7406,20.6914,20.7012,968,0
2014-02-25,18:00:00,20.7111,20.7209,20.7111,20.7209,508,0
2014-02-25,19:00:00,20.7406,20.7406,20.7209,20.7209,945,0
2014-02-25,20:00:00,20.7209,20.7209,20.6619,20.6815,11429,0
2014-02-25,21:00:00,20.6815,20.6815,20.6717,20.6815,737,0
2014-02-26,16:00:00,20.7209,20.7209,20.7209,20.7209,102,0
2014-02-26,17:00:00,20.6914,20.7012,20.6914,20.7012,508,0
2014-02-26,19:00:00,20.6914,20.6914,20.6914,20.6914,1646,0
2014-02-26,20:00:00,20.6717,20.6717,20.6717,20.6717,914,0
2014-02-27,16:00:00,20.8489,20.8489,20.8489,20.8489,102,0
2014-02-27,17:00:00,20.8391,20.8391,20.8292,20.8292,3564,0
2014-02-27,18:00:00,20.8391,20.8489,20.8391,20.8391,860,0
2014-02-28,16:00:00,20.78,20.78,20.78,20.78,2164,0
2014-02-28,18:00:00,20.7406,20.7505,20.7111,20.7111,5283,0
2014-02-28,20:00:00,20.7406,20.7406,20.7406,20.7406,203,0
2014-02-28,21:00:00,20.7111,20.7111,20.7111,20.7111,1632,0
2014-02-28,22:00:00,20.7406,20.7406,20.7406,20.7406,371,0
2014-03-03,17:00:00,20.652,20.652,20.652,20.652,254,0
2014-03-03,21:00:00,20.7505,20.7603,20.7111,20.7111,3376,0
2014-03-03,22:00:00,20.7505,20.7701,20.7505,20.7701,522,0
2014-03-04,17:00:00,20.8095,20.8784,20.8095,20.8587,3881,0
2014-03-04,18:00:00,20.8587,20.8883,20.8587,20.8883,3937,0
2014-03-04,19:00:00,20.8095,20.8587,20.8095,20.8587,457,0
2014-03-04,21:00:00,20.8587,20.8784,20.8587,20.8784,5648,0
2014-03-04,22:00:00,20.8784,20.8883,20.8784,20.8784,7959,0
2014-03-05,16:00:00,20.967,20.967,20.8587,20.8686,637,0
2014-03-05,17:00:00,20.8784,20.8784,20.8686,20.8686,2540,0
2014-03-05,19:00:00,20.9178,20.9178,20.9178,20.9178,305,0
2014-03-05,20:00:00,20.9276,20.9276,20.9276,20.9276,3556,0
2014-03-05,21:00:00,20.8981,20.9079,20.8981,20.8981,10768,0
2014-03-05,22:00:00,20.8981,20.8981,20.8784,20.8784,3962,0
2014-03-06,17:00:00,20.9079,20.9079,20.8981,20.8981,2844,0
2014-03-06,18:00:00,20.9178,20.9178,20.9178,20.9178,406,0
2014-03-06,19:00:00,20.8883,20.8981,20.8883,20.8883,3220,0
2014-03-06,20:00:00,20.8784,20.8784,20.8784,20.8784,4436,0
2014-03-06,21:00:00,20.9079,20.9079,20.9079,20.9079,365,0
2014-03-06,22:00:00,20.9079,20.9079,20.8391,20.8883,12220,0
2014-03-07,16:00:00,20.9276,20.9276,20.9276,20.9276,254,0
2014-03-07,18:00:00,20.8883,20.8883,20.8686,20.8686,790,0
2014-03-07,20:00:00,20.8686,20.8686,20.8587,20.8587,1928,0
2014-03-07,21:00:00,20.8489,20.8587,20.8391,20.8587,2180,0
2014-03-07,22:00:00,20.8981,20.8981,20.8686,20.8686,2235,0
2014-03-10,15:00:00,20.967,20.967,20.8784,20.8784,686,0
2014-03-10,16:00:00,20.8784,20.8784,20.8095,20.8095,2337,0
2014-03-10,19:00:00,20.8784,20.8784,20.8784,20.8784,508,0
2014-03-10,20:00:00,20.8489,20.8489,20.8095,20.8194,1117,0
2014-03-11,17:00:00,20.8292,20.8391,20.8292,20.8391,3119,0
2014-03-11,18:00:00,20.8292,20.8292,20.8292,20.8292,356,0
2014-03-11,19:00:00,20.8587,20.8686,20.8095,20.8095,1249,0
2014-03-11,20:00:00,20.8883,20.8883,20.8784,20.8784,2057,0
2014-03-11,21:00:00,20.8784,20.8784,20.8784,20.8784,295,0
2014-03-12,15:00:00,20.87,20.87,20.82,20.82,2700,0
2014-03-12,16:00:00,20.77,20.77,20.75,20.77,3120,0
2014-03-12,21:00:00,20.84,20.86,20.84,20.86,4784,0
2014-03-13,15:00:00,20.86,20.88,20.85,20.85,10250,0
2014-03-13,16:00:00,20.88,20.88,20.88,20.88,1000,0
2014-03-13,17:00:00,20.89,20.9,20.89,20.9,1840,0
2014-03-13,18:00:00,20.85,20.85,20.85,20.85,3436,0
2014-03-13,19:00:00,20.81,20.81,20.79,20.79,1100,0
2014-03-13,21:00:00,20.79,20.84,20.79,20.84,2729,0
2014-03-14,16:00:00,20.97,20.97,20.97,20.97,246,0
2014-03-14,17:00:00,20.95,20.97,20.95,20.97,969,0
2014-03-14,19:00:00,20.96,20.96,20.96,20.96,480,0
2014-03-14,20:00:00,20.98,20.98,20.97,20.97,2754,0
2014-03-14,21:00:00,20.98,20.98,20.98,20.98,250,0
2014-03-17,17:00:00,21.03,21.03,20.97,21.03,3204,0
2014-03-17,18:00:00,21.04,21.08,21.01,21.08,1736,0
2014-03-17,19:00:00,21.1,21.1,21.1,21.1,1500,0
2014-03-17,21:00:00,21.08,21.09,21.08,21.08,7482,0
2014-03-18,15:00:00,21.28,21.28,21.28,21.28,2000,0
2014-03-18,16:00:00,21.11,21.11,21.11,21.11,477,0
2014-03-18,18:00:00,21.08,21.08,21.08,21.08,1122,0
2014-03-18,19:00:00,21.2,21.2,21.2,21.2,2502,0
2014-03-18,20:00:00,21.13,21.14,21.13,21.14,703,0
2014-03-18,21:00:00,21.18,21.18,21.18,21.18,2194,0
2014-03-19,16:00:00,21.08,21.08,21.01,21.02,714,0
2014-03-19,17:00:00,20.98,20.98,20.98,20.98,135,0
2014-03-19,18:00:00,20.95,20.99,20.93,20.97,4916,0
2014-03-19,19:00:00,21,21,21,21,1410,0
2014-03-19,21:00:00,20.96,20.96,20.96,20.96,2700,0
2014-03-20,15:00:00,20.9,21.08,20.9,20.9,1448,0
2014-03-20,16:00:00,20.86,20.89,20.86,20.89,2900,0
2014-03-20,17:00:00,20.85,20.85,20.85,20.85,1077,0
2014-03-20,18:00:00,20.81,20.91,20.81,20.89,1650,0
2014-03-20,19:00:00,20.84,20.92,20.84,20.9,1725,0
2014-03-20,20:00:00,20.92,20.94,20.92,20.94,3050,0
2014-03-20,21:00:00,20.93,20.94,20.93,20.94,2310,0
2014-03-21,15:00:00,20.95,20.95,20.95,20.95,387,0
2014-03-21,16:00:00,20.94,20.94,20.88,20.91,1507,0
2014-03-21,17:00:00,20.94,20.95,20.94,20.95,500,0
2014-03-21,18:00:00,20.93,20.94,20.93,20.94,765,0
2014-03-21,19:00:00,20.88,20.92,20.88,20.91,453,0
2014-03-21,20:00:00,20.89,20.9,20.89,20.9,471,0
2014-03-24,15:00:00,20.82,20.94,20.82,20.83,3696,0
2014-03-24,16:00:00,20.81,20.84,20.8,20.8,5200,0
2014-03-24,17:00:00,20.8,20.82,20.75,20.75,1822,0
2014-03-24,18:00:00,20.82,20.82,20.73,20.73,4500,0
2014-03-24,19:00:00,20.74,20.8,20.74,20.77,2900,0
2014-03-24,20:00:00,20.8,20.8,20.79,20.8,3200,0
2014-03-24,21:00:00,20.79,20.84,20.78,20.8,5242,0
2014-03-26,19:00:00,20.87,20.87,20.86,20.86,4504,0
2014-03-26,20:00:00,20.85,20.89,20.85,20.89,3068,0
2014-03-26,21:00:00,20.88,20.89,20.88,20.88,2100,0
2014-03-27,15:00:00,20.93,20.93,20.78,20.78,1279,0
2014-03-27,17:00:00,20.86,20.86,20.8,20.8,2311,0
2014-03-27,19:00:00,20.88,20.88,20.88,20.88,240,0
2014-03-27,20:00:00,20.88,20.89,20.88,20.89,4204,0
2014-03-27,21:00:00,20.84,20.88,20.84,20.88,367,0
2014-03-28,15:00:00,20.97,20.97,20.89,20.89,300,0
2014-03-28,18:00:00,20.95,20.95,20.95,20.95,550,0
2014-03-28,19:00:00,20.96,20.97,20.96,20.97,1400,0
2014-03-28,20:00:00,20.97,20.97,20.97,20.97,3620,0
2014-03-28,21:00:00,20.97,20.97,20.97,20.97,500,0
2014-03-31,17:00:00,21.05,21.08,21.05,21.08,1200,0
2014-03-31,18:00:00,21.01,21.01,21.01,21.01,171,0
2014-03-31,21:00:00,21.11,21.12,21.05,21.05,1953,0
2014-03-31,22:00:00,21.12,21.12,21.06,21.11,3900,0
2014-04-01,16:00:00,21.17,21.24,21.12,21.24,500,0
2014-04-01,18:00:00,21.18,21.18,21.18,21.18,200,0
2014-04-01,19:00:00,21.21,21.21,21.21,21.21,1009,0
2014-04-01,21:00:00,21.26,21.26,21.26,21.26,650,0
2014-04-02,16:00:00,21.36,21.36,21.36,21.36,119,0
2014-04-02,18:00:00,21.35,21.41,21.34,21.34,3088,0
2014-04-02,22:00:00,21.37,21.37,21.37,21.37,2207,0
2014-04-03,18:00:00,21.44,21.44,21.44,21.44,100,0
2014-04-03,19:00:00,21.47,21.47,21.47,21.47,357,0
2014-04-03,20:00:00,21.46,21.46,21.44,21.45,1204,0
2014-04-03,21:00:00,21.39,21.45,21.39,21.4,5597,0
2014-04-03,22:00:00,21.43,21.44,21.4,21.43,5478,0
2014-04-04,17:00:00,21.51,21.51,21.45,21.45,4920,0
2014-04-04,18:00:00,21.45,21.45,21.37,21.37,1700,0
2014-04-04,19:00:00,21.44,21.44,21.37,21.37,7004,0
2014-04-04,20:00:00,21.41,21.41,21.41,21.41,200,0
2014-04-04,21:00:00,21.4,21.4,21.4,21.4,200,0
2014-04-07,16:00:00,21.3,21.33,21.3,21.33,462,0
2014-04-07,17:00:00,21.32,21.33,21.32,21.33,1553,0
2014-04-07,18:00:00,21.32,21.35,21.27,21.27,3930,0
2014-04-07,19:00:00,21.3,21.3,21.24,21.24,760,0
2014-04-07,22:00:00,21.28,21.28,21.21,21.21,860,0
2014-04-08,18:00:00,21.29,21.29,21.29,21.29,4741,0
2014-04-08,19:00:00,21.29,21.31,21.29,21.29,1789,0
2014-04-08,21:00:00,21.26,21.26,21.26,21.26,120,0
2014-04-09,16:00:00,21.43,21.43,21.26,21.26,1300,0
2014-04-09,17:00:00,21.32,21.32,21.32,21.32,450,0
2014-04-09,18:00:00,21.26,21.27,21.21,21.21,782,0
2014-04-09,20:00:00,21.26,21.26,21.26,21.26,4010,0
2014-04-09,21:00:00,21.32,21.32,21.32,21.32,500,0
2014-04-10,16:00:00,21.2,21.2,21.2,21.2,232,0
2014-04-10,19:00:00,21.3,21.3,21.3,21.3,470,0
2014-04-10,21:00:00,21.2,21.2,21.2,21.2,469,0
2014-04-10,22:00:00,21.17,21.18,21.13,21.16,3295,0
2014-04-11,18:00:00,21.21,21.24,21.2,21.24,3820,0
2014-04-11,19:00:00,21.26,21.26,21.25,21.26,2469,0
2014-04-11,20:00:00,21.26,21.26,21.26,21.26,1118,0
2014-04-11,21:00:00,21.3,21.33,21.23,21.26,1904,0
2014-04-11,22:00:00,21.28,21.28,21.28,21.28,150,0
2014-04-14,16:00:00,21.42,21.42,21.42,21.42,625,0
2014-04-14,17:00:00,21.43,21.43,21.43,21.43,100,0
2014-04-14,19:00:00,21.39,21.4,21.39,21.4,333,0
2014-04-14,20:00:00,21.34,21.41,21.34,21.35,7385,0
2014-04-14,21:00:00,21.38,21.4,21.38,21.4,1000,0
2014-04-14,22:00:00,21.39,21.39,21.37,21.37,1990,0
2014-04-15,16:00:00,21.33,21.33,21.28,21.28,550,0
2014-04-15,17:00:00,21.25,21.36,21.25,21.3,2143,0
2014-04-15,19:00:00,21.33,21.33,21.32,21.32,2720,0
2014-04-15,20:00:00,21.28,21.29,21.28,21.29,1000,0
2014-04-15,21:00:00,21.33,21.33,21.28,21.28,300,0
2014-04-16,16:00:00,21.39,21.39,21.37,21.37,899,0
2014-04-16,17:00:00,21.32,21.32,21.32,21.32,100,0
2014-04-16,18:00:00,21.41,21.41,21.34,21.34,1400,0
2014-04-16,20:00:00,21.36,21.36,21.36,21.36,300,0
2014-04-16,21:00:00,21.42,21.42,21.42,21.42,600,0
2014-04-16,22:00:00,21.42,21.43,21.42,21.43,1000,0
2014-04-17,17:00:00,21.37,21.37,21.37,21.37,259,0
2014-04-17,18:00:00,21.46,21.46,21.46,21.46,1200,0
2014-04-17,19:00:00,21.42,21.47,21.42,21.47,800,0
2014-04-17,20:00:00,21.5,21.5,21.5,21.5,900,0
2014-04-17,21:00:00,21.52,21.53,21.52,21.53,1975,0
2014-04-17,22:00:00,21.55,21.55,21.55,21.55,500,0
2014-04-21,16:00:00,21.58,21.58,21.48,21.48,200,0
2014-04-21,17:00:00,21.51,21.52,21.5,21.5,750,0
2014-04-21,18:00:00,21.51,21.51,21.5,21.5,2906,0
2014-04-21,20:00:00,21.56,21.56,21.56,21.56,1204,0
2014-04-21,21:00:00,21.49,21.55,21.49,21.54,1682,0
2014-04-21,22:00:00,21.56,21.57,21.5,21.57,1635,0
2014-04-22,17:00:00,21.61,21.61,21.61,21.61,700,0
2014-04-22,18:00:00,21.64,21.66,21.63,21.66,750,0
2014-04-22,19:00:00,21.67,21.67,21.65,21.65,9598,0
2014-04-22,20:00:00,21.59,21.63,21.59,21.62,745,0
2014-04-22,21:00:00,21.62,21.62,21.62,21.62,450,0
2014-04-23,16:00:00,21.67,21.67,21.65,21.65,1300,0
2014-04-23,18:00:00,21.63,21.63,21.63,21.63,1100,0
2014-04-23,19:00:00,21.57,21.62,21.57,21.62,2396,0
2014-04-23,20:00:00,21.62,21.62,21.62,21.62,500,0
2014-04-23,21:00:00,21.57,21.57,21.57,21.57,575,0
2014-04-23,22:00:00,21.58,21.59,21.55,21.59,2600,0
2014-04-24,16:00:00,21.76,21.76,21.59,21.62,1800,0
2014-04-24,18:00:00,21.56,21.56,21.54,21.54,1217,0
2014-04-24,20:00:00,21.56,21.56,21.56,21.56,1700,0
2014-04-24,21:00:00,21.53,21.53,21.53,21.53,900,0
2014-04-24,22:00:00,21.53,21.53,21.53,21.53,836,0
2014-04-25,16:00:00,21.61,21.61,21.54,21.54,1873,0
2014-04-25,17:00:00,21.45,21.46,21.43,21.46,1585,0
2014-04-25,19:00:00,21.37,21.45,21.37,21.45,492,0
2014-04-25,20:00:00,21.38,21.38,21.38,21.38,500,0
2014-04-28,16:00:00,21.49,21.49,21.49,21.49,477,0
2014-04-28,17:00:00,21.49,21.49,21.44,21.44,2600,0
2014-04-28,18:00:00,21.49,21.49,21.49,21.49,117,0
2014-04-28,21:00:00,21.39,21.42,21.39,21.42,1345,0
2014-04-29,20:00:00,21.62,21.62,21.61,21.61,6530,0
2014-04-29,22:00:00,21.63,21.64,21.63,21.63,1419,0
2014-04-30,16:00:00,21.57,21.59,21.57,21.59,300,0
2014-04-30,17:00:00,21.68,21.68,21.62,21.62,600,0
2014-04-30,18:00:00,21.58,21.61,21.54,21.54,872,0
2014-04-30,19:00:00,21.53,21.62,21.53,21.62,500,0
2014-04-30,20:00:00,21.53,21.55,21.53,21.55,500,0
2014-04-30,21:00:00,21.51,21.51,21.51,21.51,200,0
2014-04-30,22:00:00,21.54,21.58,21.54,21.58,700,0
2014-05-01,16:00:00,21.66,21.66,21.66,21.66,400,0
2014-05-01,17:00:00,21.72,21.72,21.72,21.72,3900,0
2014-05-01,19:00:00,21.71,21.71,21.71,21.71,1500,0
2014-05-01,20:00:00,21.71,21.71,21.71,21.71,200,0
2014-05-01,21:00:00,21.72,21.72,21.72,21.72,1725,0
2014-05-02,16:00:00,21.78,21.78,21.73,21.73,2540,0
2014-05-02,18:00:00,21.66,21.75,21.66,21.75,2051,0
2014-05-02,19:00:00,21.73,21.73,21.71,21.71,352,0
2014-05-02,20:00:00,21.73,21.73,21.73,21.73,377,0
2014-05-02,22:00:00,21.77,21.78,21.77,21.78,782,0
2014-05-05,19:00:00,21.82,21.82,21.82,21.82,400,0
2014-05-05,21:00:00,21.89,21.9,21.89,21.9,200,0
2014-05-05,22:00:00,21.9,21.9,21.87,21.89,9120,0
2014-05-06,16:00:00,22,22,21.93,21.93,1820,0
2014-05-06,17:00:00,21.94,21.94,21.82,21.82,2400,0
2014-05-06,19:00:00,21.83,21.83,21.83,21.83,1500,0
2014-05-06,20:00:00,21.84,21.84,21.82,21.83,1900,0
2014-05-06,22:00:00,21.85,21.86,21.83,21.83,1300,0
2014-05-07,17:00:00,21.92,21.92,21.83,21.85,6800,0
2014-05-07,18:00:00,21.86,21.86,21.86,21.86,1580,0
2014-05-07,19:00:00,21.97,21.97,21.97,21.97,160,0
2014-05-07,21:00:00,21.98,21.98,21.93,21.97,7482,0
2014-05-07,22:00:00,21.99,21.99,21.99,21.99,1325,0
